su_id,std_dem,avg_plan_c,std_plan_c,avg_prof_c,std_prof_c,dis2river,land cover,dis2faults,avg_slope,std_slope,lithology,medi_aspec
0,143.8192291,32.32949448,21.73935318,11.72904205,7.527767181,4971.789453,3,30148.30326,31.23323059,15.47849083,4,285.2324524
1,150.1190796,27.00826263,19.15826607,10.81885147,6.785203457,4760.630301,3,29911,27.35665131,11.88359737,4,80.72740173
2,109.8439789,32.10876846,19.67995262,11.69256306,7.274673939,1308.083683,3,20959.62272,3.703094721,1.629564524,4,160.453064
3,64.79692078,40.05632019,20.9215641,6.940104961,4.396070957,1905.818801,3,36144.69467,16.01828003,8.278945923,4,82.87498474
4,93.66719055,25.1929493,17.53468704,7.40464735,4.656611919,1897.017067,3,19044.98698,20.14637184,8.58480835,4,199.9575195
5,126.7181854,31.40426636,17.83374786,9.640555382,6.467624187,1928.994287,3,19665.1333,14.76232052,6.393988132,4,118.5596161
6,95.83695221,28.06453323,16.9070816,7.620847225,4.61678791,1945.820999,3,35798.1715,20.59461212,11.32539272,4,201.3105621
7,94.77622986,33.03836441,19.61949348,6.285434246,3.838666916,1817.076306,3,35205.83765,39.38154602,3.866689682,4,162.2553253
8,185.9053955,45.11018372,29.61445045,10.31729031,6.224960804,3035.824659,1,27813.85273,10.88130665,5.478413105,4,231.1873932
9,120.9929352,38.096035,24.06220436,8.331147194,5.191996098,2287.641655,1,28844.78895,15.85898495,8.533387184,4,280.1755066
10,105.3364868,27.41621017,16.79843712,7.331809521,4.618421078,1537.860712,3,34750.99476,37.0796051,3.412791252,4,184.8703766
11,158.0274811,27.10004044,16.39559364,9.94948864,5.638145447,1504.34757,3,30994.44278,22.35705185,4.649684429,4,182.5335693
12,165.4588165,27.47857666,24.74190712,9.618068695,5.546988964,2384.730829,3,21128.84533,29.09237289,9.76274395,2,274.0078125
13,193.1092072,42.78687668,25.75037003,9.661260605,5.821934223,2703.263802,1,27789.05992,24.80465317,5.07073164,4,69.08917236
14,160.3321075,37.05710983,24.37864494,9.255263329,5.203418255,2323.602881,1,28204.0887,18.01047707,7.879785061,4,290.2248535
15,120.5252304,30.24926567,18.24898148,9.22791481,5.414415836,1618.302017,3,18554.96036,22.68739891,4.894983768,4,171.6341248
16,186.7686462,38.11770248,24.75287247,12.76166153,7.217241764,2470.125086,1,28037.76407,28.37929726,5.541128635,4,282.8627319
17,170.2185516,25.85144043,16.88910675,7.502137661,4.382236004,2278.587989,3,11592.58663,24.07734871,7.328941345,4,260.2563477
18,156.3912811,25.87277794,15.88473034,7.974520683,4.586760998,1421.193951,3,30746.57079,20.12108231,4.002396107,4,180.6030884
19,105.8103561,34.84814835,21.95709419,11.15978336,6.296708584,684.851235,3,6005.052494,11.34423447,4.682877064,4,28.02572823
20,115.8378372,26.18314743,18.14086151,6.655327797,4.011105537,3.285197643,3,22366.73085,24.97272491,1.348362088,4,155.0452576
21,56.98048401,27.33820343,16.56908035,5.557305813,3.242562056,2153.182731,3,1957.502357,11.50376892,5.832913399,2,47.20259857
22,155.7531281,25.81140709,21.48185921,10.39949703,6.121882915,1891.929782,3,20888.00154,29.67121887,11.24184608,2,70.12051392
23,79.19263458,35.68645859,18.70230103,9.963079453,5.590190411,4346.196518,3,13777.83504,12.45315552,4.245816708,2,236.9501038
24,166.7542877,31.07639885,24.27118301,8.81566143,5.178508282,2455.576527,1,32973.12457,23.55723763,7.908652306,4,30.7276783
25,152.0541229,28.88567924,20.39811897,9.523658752,5.875006676,2134.92199,1,33258.13944,26.0714035,7.605521679,4,40.07289124
26,194.0388031,31.9127655,23.51322746,9.205336571,5.632684708,2552.757529,1,28027.41616,24.56120491,8.455842972,4,163.256134
27,86.79953003,25.73325157,14.981534,6.933638096,4.218116283,1379.031072,3,15638.11168,17.28527641,3.902939796,4,230.3145447
28,79.48858643,29.39354134,18.44291496,8.832310677,5.202129364,4244.031014,3,14037.85826,28.81520653,8.188833237,2,274.3353271
29,148.3613129,24.78115654,14.64515209,10.54650593,5.828095436,1538.36441,3,30281.76184,8.20085907,5.006290913,4,171.2538452
30,125.0486145,36.80594254,21.21556664,10.14381599,5.82227087,3638.148491,3,14830.65806,18.99295616,9.160476685,2,113.4166946
31,115.2532349,23.31863785,16.0335083,6.957940102,4.119303226,4115.138263,3,1749.373005,21.61987114,7.47498703,4,273.9005127
32,88.70565796,32.31752014,17.60017967,7.554308414,4.175132751,1147.751305,3,15924.80601,15.62595177,3.463587284,4,175.8059998
33,129.4803772,31.28815079,18.16020966,9.609327316,6.254811287,2287.234005,3,11286.23595,24.86182213,10.17134857,4,124.9920197
34,134.2960968,38.26288223,27.11536789,6.916093349,4.068044662,4299.208516,3,26991.03253,18.09157181,7.455394268,4,97.27500153
35,111.6045837,27.75902748,14.32960701,7.602847099,4.179621696,4662.741348,3,982.6932604,22.28531837,7.669290543,4,233.6678772
36,100.0235825,31.50605011,19.47928047,11.29317188,6.918811321,3742.205887,3,263.0031439,26.93321419,9.533839226,2,93.28924561
37,111.6506729,24.91392136,16.82762909,8.447540283,4.96671772,4233.463443,3,11171.47741,25.61670494,6.277131557,4,266.7107544
38,300.8843689,26.66825294,16.78469849,9.624865532,5.499042511,5702.546303,1,26572.94989,27.17679787,8.614926338,4,144.84758
39,87.92455292,31.53730965,17.07994652,8.442415237,4.969909191,2775.283868,3,34513.81464,11.43985653,3.020502329,4,147.8042603
40,82.5587616,23.55484962,16.76306534,6.165541172,3.412692785,1154.506449,3,23710.45859,12.60148048,5.009885311,4,161.5650482
41,126.134407,33.18986511,18.92317963,7.119968414,5.491181374,3367.901845,3,10191.85473,24.77032471,9.540192604,4,109.3105087
42,75.73846436,28.52159882,16.07746506,9.092359543,4.750811577,4735.412663,3,13407.91774,22.4458,7.84759,2,211.4812012
43,92.86761475,31.32423592,17.77200699,8.9719944,4.659557819,3059.07416,3,34833.86112,9.271424294,3.133006334,4,203.4545746
44,93.77348328,27.55321503,17.17645073,8.673191071,5.102166653,1483.481778,3,18198.37156,15.32945538,1.048675537,4,194.4981537
45,110.4107819,33.73043823,17.36953354,8.879116058,4.811069965,1852.923698,3,8443.496063,13.21332169,4.730514526,4,135
46,124.5808258,29.926651,15.94876003,8.196016312,5.082277298,3565.772106,3,10415.25416,30.68465042,8.369059563,4,170.5376892
47,128.7784729,36.91184616,15.17619896,12.17989635,6.369234562,3801.009971,3,10696.21599,32.22410202,10.41986847,4,141.2540283
48,209.3923035,42.65008926,29.81812096,9.153585434,5.800280571,156.3687142,1,31417.22397,32.82627106,7.47822237,4,18.88434219
49,98.37927246,29.56389236,19.13336563,8.596114159,5.425306797,902.5460098,3,16265.79122,10.21274281,6.659792423,4,177.0891724
50,133.9967499,26.79388428,16.34592056,8.55102253,5.607753277,2702.389676,3,10742.40077,24.6042347,8.880768776,4,242.3364868
51,85.16014099,29.50057411,19.68652916,9.746264458,5.993262768,4007.154227,3,11.53733791,25.10136604,9.251524925,2,236.2106323
52,91.97706604,27.42649078,16.92795372,7.724749565,4.72255373,4664.038014,3,652.2543555,18.45087051,6.791991711,4,85.38543701
53,91.89141846,26.49977303,19.83866119,8.429428101,4.981837273,3258.066078,3,26884.93688,20.69505501,11.07667637,4,249.4492188
54,124.6830139,32.12825775,22.41971207,6.995584488,3.948149204,3792.746474,3,9813.645778,22.4458,7.84759,4,69.49781036
55,77.28308868,33.07094574,18.62425804,12.65673351,7.438427448,1142.592976,3,14782.31979,23.84796524,7.507228374,4,139.2891541
56,177.1427917,24.30335426,15.78084183,8.987960815,5.068245888,4917.808838,3,26942.78613,11.26623154,3.417539358,4,185.1944275
57,145.3311768,21.44290924,16.37449265,8.673409462,5.448592186,2111.003025,3,28106.40406,23.66925049,9.754473686,2,204.3937378
58,90.87420654,31.1919632,15.35532665,8.263043404,5.308862209,1100.009091,3,17524.79325,6.234362125,1.310726881,4,201.0375061
59,62.5400238,26.90339088,18.42804146,6.525727749,3.709812403,1033.201421,3,17021.83372,5.546748638,0,4,193.3924866
60,158.3899536,39.8055687,27.82452011,9.191963196,4.803416252,231.0006389,1,6387.187767,25.90673065,6.544682503,4,324.2298889
61,178.9660034,27.59184837,16.76586723,8.537853241,4.948862076,4912.085295,3,12521.94293,25.41773987,8.056653976,4,69.94390869
62,139.9073486,24.79052162,15.87265968,9.598605156,6.264278889,5821.988646,3,26399.72122,27.97800255,9.751589775,4,119.6573715
63,202.9883423,33.88791275,23.65384102,10.33923531,6.804828644,2133.852219,1,26593.64831,30.88916779,9.572460175,4,45.56726456
64,164.5128479,27.02451515,17.32572365,10.27552032,6.254649162,1673.788812,3,26918.28577,29.50379753,9.296065331,4,164.6498718
65,72.41709137,26.36078453,14.8710413,4.561475277,2.515487194,2119.127613,3,35362.22815,9.68370533,4.603124142,4,235.8855286
66,136.3320313,34.08525085,26.32361031,8.291056633,5.049093723,3707.11324,3,9494.871503,27.24051094,8.611447334,4,20.86674118
67,84.3788147,23.41649246,15.05935478,6.506073952,3.744141102,778.6412212,3,3315.57976,11.02648544,5.658416271,2,255.1413879
68,119.3286591,36.25616074,25.5128231,9.959079742,6.074436188,291.1358319,3,6906.862951,30.40765762,9.045956612,4,37.63221359
69,109.8555679,25.09502602,17.03516769,7.655399323,5.735906124,2349.190217,3,34177.9275,22.72426033,4.894042015,4,83.21102905
70,117.0562515,51.03692245,27.77436256,9.103190422,4.912471771,550.32774,3,6121.986239,9.581443787,3.861568689,4,285.5725403
71,121.3303299,33.36299133,21.78778648,11.12672424,6.029846191,569.9848954,3,6060.630318,25.96974182,10.26893711,4,58.38528061
72,109.6634293,26.03717422,15.71166801,10.42798328,6.012253761,392.7564725,3,32946.56082,25.28521538,11.59494591,4,250.3426208
73,136.4106598,25.29348946,18.854105,10.40172577,7.694170952,216.6383314,3,32494.21683,26.62379456,13.88431454,4,98.88970947
74,96.4556427,27.61161423,14.61003971,7.463063717,4.716786385,3223.562639,3,35042.40212,16.49271202,5.921865463,4,270
75,182.1725159,31.12422371,19.83813667,10.98371983,6.293057442,1054.270997,3,34437.75586,18.21294785,8.835934639,4,191.0115356
76,306.6229553,29.02290154,19.01863861,9.607786179,6.323638916,5945.053984,1,26316.38024,29.29297447,11.57902145,4,283.5429077
77,122.9245071,23.46538353,15.16201591,6.682460785,3.906805992,6019.66663,3,26274.952,19.02446938,5.531046867,4,233.6993408
78,106.984169,23.01398087,16.99666214,9.288444519,6.301068306,1403.890286,3,31649.70982,26.78896141,9.757192612,4,244.1129761
79,91.04705811,28.26333427,15.08631229,7.084762096,4.183811665,1877.578281,3,28656.02638,30.39387131,0,4,147.5288086
80,112.5362778,30.11827087,18.35364532,7.035766602,4.653869629,1061.121031,3,5131.468464,18.34065247,6.873064518,4,90.71826172
81,237.3141632,40.61722183,29.21971893,9.694842339,6.272309303,4292.745516,3,31204.26213,32.45392227,10.33576965,4,41.58484268
82,305.0558167,27.81975365,19.5546093,9.089362144,5.582078934,1008.865503,1,30791.94655,34.5565033,7.491809368,4,84.83459473
83,108.0363007,25.07785797,14.87220573,8.026303291,4.855256557,2384.536779,3,6422.971799,2.904096842,1.758535385,4,171.8699036
84,199.1573334,29.95281601,22.77504539,8.822288513,6.219925404,3910.432637,3,31527.84992,30.07084465,9.296579361,4,42.05355072
85,224.7584839,33.6084671,27.55167198,9.447179794,6.105820656,127.1694912,1,31867.34178,35.57154083,6.983015537,4,333.9354858
86,109.5849838,22.85611153,17.16804886,9.333200455,5.281703949,1394.522685,3,29770.55139,8.68099308,3.349163055,4,248.9624939
87,20.71170235,47.26740646,25.28835106,6.947467327,4.182708263,304.7934367,3,3797.611814,15.97583008,5.283969879,2,111.1398239
88,101.7665329,29.56690216,21.18101501,13.20006561,8.048876762,193.4617047,1,34561.71033,29.0715065,6.14761734,4,283.8406982
89,79.62722778,27.21192169,16.36432076,5.125796795,3.135604382,3879.985891,3,7920.821128,17.40218544,4.241493225,5,69.93427277
90,74.97216034,33.43922806,22.38192177,9.323833466,5.52879858,2728.765104,3,3941.307646,20.63475418,7.071737289,4,71.56504822
91,94.58184814,39.90515518,26.34502602,9.82694149,6.302763939,2678.830946,3,3973.805176,20.29678345,9.297553062,4,287.6881409
92,81.52155304,34.32253265,21.36791611,10.90771961,6.705739021,2181.331071,3,4473.250795,26.34523582,9.061626434,4,77.23927307
93,78.90570068,33.00707626,20.57692337,10.0324955,5.438946247,1611.572779,3,5044.413731,24.13159943,9.085377693,4,274.3445129
94,22.70328712,59.4430275,21.44627953,11.15341187,7.578658104,2268.914301,3,15941.59816,19.32099915,0,2,326.5138245
95,173.0715332,27.42867661,22.78557587,8.411327362,5.07029295,1429.139916,3,16103.30197,28.26083374,9.125898361,2,44.04515839
96,184.117157,24.67195892,18.38061905,8.44943428,5.329836369,3940.239865,3,31435.40595,33.78282928,7.969290257,4,45.67942429
97,176.3882141,30.7462635,21.69283676,9.918733597,6.310320377,3537.173398,3,31866.37422,26.95192337,9.59920311,4,271.9480896
98,134.1207275,32.54543686,17.93344688,13.27522373,7.666372299,5415.456294,1,26508.10256,23.55355072,8.795225143,4,265.6800232
99,129.0170898,26.73579979,16.86162376,7.148807049,4.135630608,950.0393508,3,29743.416,18.66567039,8.185591698,4,219.0531311
100,169.417099,38.40623093,25.41475868,6.879371643,3.764400959,4441.421548,3,8483.978657,19.69594193,5.650076389,5,51.75357437
101,52.55243301,41.85737991,28.89023209,8.904336929,5.212188721,2924.762169,3,3764.863918,21.56859207,6.295257568,4,296.8219604
102,126.435791,29.10983086,18.38911819,8.604235649,4.924359798,2607.36748,3,9306.751517,20.64414978,6.720097542,4,305.1341858
103,197.4072723,30.07162666,16.57691383,10.62582016,5.856990814,626.5182691,3,18257.30927,29.09690857,9.128497124,2,169.6951599
104,170.6766968,31.9114666,19.08359528,11.4947567,7.179129601,171.8398789,3,17658.02891,28.0165062,8.969958305,2,159.3994446
105,190.2140503,21.35254669,13.49795818,7.746554375,4.635184765,1271.30409,3,33429.03042,25.4892025,7.117698193,4,204.0998535
106,94.59480286,26.93727875,16.76813889,8.122354507,4.719946861,1161.12556,3,14305.67771,24.40589714,7.38218689,4,227.9207153
107,137.1790771,28.24531746,16.35476685,7.965254307,4.627008438,4008.84474,3,9016.434224,25.24843788,6.897834778,5,76.26247406
108,65.74300385,26.24870872,15.0121603,6.243777752,4.181238174,2693.038592,3,1412.42585,11.52996349,3.743164301,2,235.1198425
109,172.3597565,30.09295845,17.82210922,10.55109596,6.459806919,713.5416787,1,29551.35644,27.48873138,11.35602188,4,288.328064
110,94.2647171,34.19015503,23.69281387,9.828630447,5.597598553,799.3550406,3,31790.88458,23.11308479,8.420814514,4,73.90235901
111,148.8817139,26.83260345,17.43007088,9.434589386,5.5784688,817.3446858,3,32523.90131,8.994112968,2.303294182,4,20.11817932
112,79.30862427,32.5754776,18.59915543,8.753790855,4.847413063,816.9368885,3,17965.67027,10.72660828,5.731791019,4,158.5323486
113,105.1362534,25.68634224,15.9393177,6.575158596,3.911439419,996.7514728,3,3081.057603,17.50257683,6.686427116,2,237.5288086
114,114.4221039,33.12195587,18.27144051,9.303894043,5.58798933,3477.229095,3,3062.269193,21.77702141,7.313014984,4,90.34370422
115,151.4146423,22.68777466,16.0520134,8.673957825,5.579025269,1889.285957,3,20048.90905,31.39960289,8.146267891,2,254.6798401
116,153.2918854,26.19037628,18.60855103,9.683572769,6.493775368,2934.221633,3,21874.2355,30.16692543,9.52567482,2,68.50747681
117,112.5363235,31.79150963,18.70335579,10.15691566,6.008912563,535.1140092,3,32105.48857,25.49012756,10.05437851,4,148.6452179
118,86.95779419,36.10658646,17.77413368,6.424025059,3.801329136,2324.944418,3,34877.73583,13.92318058,7.754049301,4,141.7376404
119,28.84272003,35.76585388,17.34597206,13.50732327,5.836740494,2704.039868,3,1358.117079,9.364877701,3.001481056,2,236.5993042
120,105.7092361,29.39369011,19.00389481,6.887831211,3.934888124,3216.361435,3,831.6775245,10.70260334,4.119465351,2,295.9743958
121,115.5138855,28.53495979,18.86782074,7.711728096,4.402851105,4437.475103,3,23505.11231,19.95213509,3.650728226,2,88.96530914
122,104.0633545,28.67790604,23.41112328,7.774136066,5.238593102,4112.947995,3,22391.25518,22.74521637,8.722659111,2,276.7661743
123,114.1127396,28.45927811,15.77327824,9.80702877,6.237284184,1374.38791,3,12982.04786,24.40885925,9.743351936,4,245.9776917
124,20.40982246,32.20167923,16.98670006,5.57438755,3.184113026,3081.765684,3,7117.465813,3.231215,1.20691061,5,121.7174683
125,113.1185913,27.2613163,15.30120182,5.702105999,3.441586018,2365.330258,3,6405.036038,11.99107933,5.749697208,2,219.5596619
126,67.41098022,33.71231079,19.57564163,9.588285446,6.726147175,903.70488,3,7483.487184,18.01263809,10.78675079,4,69.10223389
127,150.1026917,28.16400337,18.09953117,9.226915359,6.095038414,1032.454247,3,16873.37536,27.05993271,10.9738369,2,240.4612122
128,129.4743195,49.7390976,28.79847145,10.22270584,6.269743443,76.16447772,1,34231.37903,30.54421043,7.551999569,4,324.7617798
129,94.06790924,31.00782013,17.52638054,11.76156425,6.432602406,1213.350175,3,13507.7758,26.73007202,11.73343945,4,113.7777252
130,92.94697571,50.93469238,29.38771439,10.68025684,6.827579498,55.40940702,1,32151.07935,28.1517067,6.485490799,4,22.42042542
131,100.4265747,34.34806824,25.57527161,8.858660698,5.205738068,1150.148871,1,27777.68042,29.04972458,8.171615601,4,314.2747803
132,265.2172852,32.25696945,20.16998291,11.77270317,8.941572189,2127.532408,1,28253.07375,17.24321556,8.093083382,4,315
133,226.7737122,29.56919861,16.3524189,14.9424696,8.358208656,3654.371742,3,28741.25344,40.63120651,14.43915558,4,197.1519318
134,110.2576904,29.54554367,19.80607033,12.70627117,8.500607491,123.7361265,1,33820.07885,34.86146545,10.716012,4,315.868042
135,125.1239014,44.5043602,29.02092934,12.65297127,7.196964741,217.9094763,1,33418.00221,29.39193344,7.859973431,4,327.8042603
136,56.41872025,29.52280426,19.05366898,9.321364403,5.244927883,1346.380099,3,7927.518193,19.92376709,9.496846199,4,219.8302917
137,142.15242,30.33991814,16.31647682,10.23099613,5.340333462,3111.735915,3,10059.88168,26.87570763,7.822112083,4,169.2004852
138,158.1183777,25.82920265,20.84409332,9.131482124,5.862668514,3566.078942,3,21608.95293,25.54346275,9.596589088,2,83.79655457
139,87.46576691,23.46281052,18.49700165,8.943081856,5.768275738,2992.543128,8,30622.80811,29.09914207,10.25110149,4,241.886795
140,112.3174515,36.99773788,26.86899757,8.879042625,5.460913181,51.41614578,1,33277.46272,28.10869217,8.225308418,4,43.02506638
141,131.8915253,37.1434021,24.57675743,10.353508,7.547986507,3627.785029,3,2661.062903,31.50145912,18.37532425,4,70.61548615
142,103.2644882,28.19087982,19.11752701,9.663765907,5.906957626,3673.672054,1,27851.46283,27.77383995,7.596943855,4,126.7807922
143,148.2958069,30.7128334,17.97007561,13.95262432,7.884986401,3023.809377,3,14845.33785,33.07323074,12.75987816,2,129.0428772
144,92.08972931,33.80060196,17.06825829,11.28623772,6.005647659,658.2556088,3,35084.81905,20.99370384,10.83465481,4,113.7494965
145,326.1296692,32.03612518,22.75117874,11.26731873,7.022320271,1163.231068,1,30994.85618,33.11724472,9.86083889,4,282.9946289
146,248.7931976,20.24512482,18.51733017,8.098977089,4.649523258,751.1423952,1,31312.81543,34.78170013,7.038806438,4,312.5389099
147,100.9554901,28.90291595,20.11042404,8.103874207,5.686506748,3125.912405,3,25739.30094,20.74022865,11.52160645,4,112.3431702
148,88.38008118,43.25817871,26.31263351,9.942256927,6.384384632,2039.065246,3,24428.92762,32.50154877,10.77898407,4,18.51750946
149,255.2808075,28.34597778,15.74229336,10.24966145,5.366800785,4258.435613,3,11576.79483,25.6834507,8.53567791,4,191.5751953
150,187.7023163,45.14526749,29.84728813,9.260979652,5.540479183,336.31712,1,32237.30844,32.39421844,9.568867683,4,335.265686
151,40.12976074,34.78263474,19.39720726,11.09380531,7.883646488,1093.486822,3,36177.85645,25.75188255,14.04457092,4,253.6499023
152,91.52439117,48.61401749,27.65908432,10.87290668,6.152342319,2927.106642,3,25315.05033,27.31450462,12.02862167,4,307.7249756
153,55.55712509,32.03915787,20.79728127,9.072732925,5.227221489,737.9034138,3,17590.28575,6.383554459,3.554704905,4,147.5288086
154,65.12128448,25.17100525,17.33493233,6.852293015,3.785496473,794.9037349,3,15245.70343,16.78985977,6.327964306,4,195.0176086
155,196.8053284,25.71228981,16.98142815,9.214811325,5.617858887,971.9849553,3,18369.13974,30.51027107,7.784342766,2,268.0032349
156,113.4932327,33.44591904,18.23352242,10.41217232,5.365047932,1826.399413,3,19375.61471,27.98356628,9.48020649,2,148.897171
157,163.79216,36.36383438,21.61445236,9.63425827,5.71626091,1335.479621,1,34168.9943,21.6325016,11.88581848,4,85.97173309
158,148.1751099,23.34712601,16.51798439,9.725663185,6.169519424,4218.942446,3,29819.70947,30.30993652,9.859164238,4,202.2758942
159,131.8266602,25.68108559,19.28078651,11.63471699,6.90524292,587.4872639,3,31618.04867,23.50875092,12.18089485,4,192.9223785
160,91.92943573,51.43770981,26.54595947,6.438946247,3.201358557,748.8880604,3,4860.971352,14.19920158,5.275951385,2,72.90693665
161,194.8238525,55.6188736,27.14220428,9.551912308,5.279070854,94.78254915,3,6496.154072,25.24383545,7.843016624,4,315
162,124.3900757,27.10793114,20.81578636,8.670996666,4.882972717,4752.436719,3,22881.17058,22.52250862,8.469964981,2,83.18412781
163,43.42511368,41.50142288,20.52976036,16.22900581,9.695850372,1157.64892,3,36435.77393,27.58432198,15.94520092,4,91.77404785
164,44.85793686,33.09711075,21.90537071,8.178017616,5.636970043,207.6153437,3,21785.36392,20.84761238,9.327832222,4,144.4920959
165,88.00537109,52.73014832,29.7761097,9.999447823,6.375330448,344.2670649,3,21680.55559,21.94393349,10.74048901,4,338.1986084
166,68.91455841,33.92186737,18.31383324,8.868814468,4.6859622,728.3504628,3,16833.94069,5.337098122,2.809020042,4,167.0053864
167,77.10124969,33.88302994,16.95766449,10.99151611,5.881323338,2802.887374,3,1212.235308,21.80275154,9.407662392,2,142.8871918
168,153.0349426,26.97167587,20.44911385,9.064923286,5.666065693,2262.637822,3,15280.87112,25.93634987,7.753505707,2,297.1126099
169,122.3976822,37.66264725,29.13424492,9.011835098,5.036309242,184.4362399,1,33568.06811,26.8198185,8.381105423,4,328.5330811
170,155.0572662,24.93904877,14.0460844,9.107804298,5.142332077,2380.280978,3,28952.52232,24.74799347,5.911259651,4,204.8874207
171,286.1941833,25.80129242,14.24129677,10.29399014,6.840370655,1827.60789,3,27633.82053,24.81958008,8.871037483,4,156.2051239
172,15.88396263,39.5428009,20.64444733,5.930487633,3.525491476,232.2771098,8,21108.69328,9.763554573,4.85314846,4,51.91122818
173,113.5516434,37.60360336,20.98102188,9.726577759,5.39858532,2745.071319,3,9785.94909,22.98580742,9.217003822,4,78.23171234
174,141.7253265,30.49643707,24.28817749,7.935100079,4.898451328,471.1280174,1,33628.17856,29.56284714,7.654182434,4,38.88449478
175,51.80385208,26.93394661,18.42350197,10.48936653,7.02398634,4884.655341,3,26551.22167,19.40544128,7.222556114,4,240.5397949
176,167.5547333,25.36677742,17.62088394,9.781207085,6.557850838,295.4197134,3,27286.3926,31.89909363,9.886556625,4,96.39658356
177,100.2784729,28.14304352,17.71505165,9.230067253,4.976919174,764.4295894,3,20048.56292,19.33708954,9.552981377,4,180
178,159.3773804,31.11221695,17.30908585,9.599040985,5.904624939,2148.149846,3,11966.99827,26.97229195,10.35842705,4,138.0664825
179,158.2442322,31.91760826,18.91417313,11.14942169,7.048223019,4332.266921,3,12781.91809,25.91148758,8.598793983,4,78.69006348
180,50.62225723,34.27806091,18.4784832,9.24864006,4.613699913,4050.593362,3,13404.88902,23.82156181,7.394066811,4,231.0449219
181,137.2306976,30.73741913,25.61280441,9.82199192,6.06912756,592.122124,1,32320.6793,33.46891785,12.16760826,4,308.7653503
182,376.7194214,45.55549622,27.58340073,10.19794369,5.96592474,1187.246841,1,30411.50317,31.74850845,8.924535751,4,51.3989563
183,99.09464264,31.63853455,18.73512268,9.906193733,5.941524029,86.99452427,3,30048.20889,24.61861038,9.076734543,4,114.8293457
184,115.0614777,28.48781586,17.64732742,10.33517742,5.368902683,4695.515846,3,26407.02141,26.72605324,9.899608612,4,121.2255783
185,179.9911346,29.41627312,17.38038445,9.061475754,6.034730434,3204.595311,3,30714.88424,30.17052078,14.2322216,4,219.235672
186,169.6568298,26.8942585,16.97019768,10.27483082,6.895657539,2091.943225,3,31233.70186,28.45668411,11.02612019,4,82.32552338
187,63.94655991,31.49230194,19.62079239,10.43046761,6.117432594,697.8802757,3,14870.25298,20.75095367,12.94886017,4,173.6598053
188,103.5970764,25.49677849,16.09051514,6.877836704,3.858606577,3843.090063,3,9562.58836,4.873816013,1.288406968,4,124.4812469
189,186.7469177,25.50005341,15.14135075,9.421790123,5.710387707,2031.963025,3,8762.126211,27.33449173,9.021625519,4,247.9755859
190,110.7437286,30.10480118,18.09838676,10.39805984,6.377623558,1712.64479,3,29213.86963,29.78595543,9.770709991,4,131.0273132
191,188.3763428,30.82779884,18.36029053,13.1838932,7.699408054,556.8897924,1,27289.99732,31.86738205,10.41871834,4,282.5056458
192,122.9001846,29.83172798,22.29224205,13.45838451,8.389446259,435.8462583,3,34424.10567,27.68836021,14.69661808,4,177.5342407
193,87.32380676,24.77817917,15.74429321,7.949576378,4.630310059,708.8568657,3,22831.10922,15.93052673,6.933442116,4,172.476181
194,36.16606522,31.53977776,23.13544083,9.411219597,5.794101238,484.7265409,8,20648.09373,16.48947334,11.37990189,4,196.5803833
195,8.489064217,44.4076004,20.84697151,5.740052223,4.212519646,555.3048682,3,17170.30171,6.073416233,2.444525003,4,164.5971985
196,65.48215485,35.01291275,18.06992149,8.646393776,4.659497738,1376.300813,3,5248.161525,19.69351006,7.129824638,4,204.7174377
197,108.2755432,33.11659622,17.67490387,10.59176731,5.87412262,3946.731097,3,13962.66956,28.03515625,9.437245369,2,206.6462097
198,97.37811279,29.98549271,18.52918816,10.30201244,5.471508503,3899.781183,1,26782.45433,27.39881516,7.570159912,4,193.2524719
199,104.0550613,30.38524818,19.8972702,10.43345165,6.39563942,4229.587072,1,26664.94586,27.76073837,10.46374416,4,181.8087463
200,92.20324707,39.39912415,30.37044525,8.952567101,5.323338509,5110.212369,1,26075.56237,25.79034233,10.92448139,4,331.8214111
201,170.1411591,21.79669571,14.75776196,7.804913521,4.283142567,1535.818706,3,33194.12027,27.93376541,7.031459808,4,234.6887817
202,90.14595032,32.96195602,17.95707703,10.78620338,5.786466599,801.8265536,3,18812.80163,16.79606628,10.78027153,4,154.7222748
203,74.39561462,56.29053497,27.97735023,12.73313999,6.094554424,335.7755684,3,18062.13031,28.78119087,8.781417847,4,325.2440796
204,19.43849945,37.60297775,19.45799255,5.479606628,2.542294025,130.387157,3,3981.870688,10.84217644,3.680276394,2,133.4936066
205,78.31169128,27.61313248,17.96344948,8.710215569,6.366253853,1908.540537,3,2133.436485,20.96309471,8.845704079,2,92.84500122
206,122.9440079,30.89678764,19.89579773,9.331986427,5.693776608,4237.700508,3,2375.380824,22.26927567,9.062259674,4,97.69605255
207,143.9712219,32.73707962,23.82363701,9.162449837,5.212021351,3488.453082,3,3154.834443,24.32728958,9.711153984,4,69.11842346
208,139.3158875,25.00152588,15.93113995,6.324392319,3.433100224,5529.819939,3,25609.68742,20.89608192,6.771542072,4,75.00492096
209,184.1380005,27.71542168,17.91251564,9.524842262,6.010926247,2161.619679,3,25947.38747,27.57567978,9.149131775,4,207.1811218
210,89.76371002,29.2603817,15.75441456,6.294948578,3.778165817,1528.564204,3,36110.86719,15.48744869,5.715586185,4,118.3007584
211,146.3704987,44.1428566,28.06223106,10.75853348,6.746237755,41.4858539,1,32740.40355,30.95559883,9.231164932,4,54.29330826
212,102.2773666,22.21430588,18.70247841,9.794410706,6.247833252,1049.652819,3,29348.11114,27.32445335,11.16362858,4,184.7579041
213,119.8430405,27.94130707,14.0583477,6.724046707,4.403864861,1900.53332,3,28489.45996,26.51961708,2.547321796,4,210.3236084
214,80.65381622,43.56052017,26.25961113,9.621224403,5.427005291,347.0639426,3,17383.15998,26.19692612,10.6171217,4,25.55641174
215,178.8081665,33.69333649,18.79084015,12.83595657,7.768807411,3999.15835,3,11730.26929,30.18168449,10.96190643,4,143.7197418
216,120.8890457,27.5315876,16.25420952,9.633910179,5.949641705,3590.877137,1,28068.86951,30.13891602,7.924551487,4,232.8444214
217,105.1448441,41.56830978,24.79374504,9.847803116,6.891336441,266.04815,3,34308.6606,23.99288559,12.9991827,4,310.7578125
218,41.05383682,48.55624008,27.81788254,11.33302975,5.386124134,436.640596,3,17594.37148,26.67770576,8.132908821,4,173.9163971
219,44.01895523,51.20914459,28.92987823,9.037432671,4.875153065,309.7514049,3,16902.2729,19.40743828,8.542469025,4,28.61045837
220,187.5498962,28.22065544,20.03399277,9.185077667,5.559687138,1127.58576,3,17278.57659,26.26554108,7.79789114,4,69.88423157
221,83.59502411,31.00967216,21.086483,5.611254692,3.103801012,563.6380249,3,4673.307373,15.16405964,5.61211729,2,49.88180542
222,105.9720688,47.36221695,25.89689636,6.378719807,3.679503918,498.8794478,3,4592.923839,13.28467083,5.597919464,2,37.50414276
223,137.3913269,36.81825256,27.27802086,9.157178879,5.468728542,4083.205675,3,2574.34829,22.99423599,8.663625717,4,275.2422485
224,136.6302032,28.08253479,17.16244698,8.050278664,4.444380283,3175.695632,3,25562.76591,22.31183624,6.797079563,4,193.0500183
225,122.7688522,21.61028671,13.40032864,7.835793972,4.17466116,2715.602881,3,34064.45701,21.95933342,6.899236202,4,96.58194733
226,118.5265121,28.15506935,19.4851265,11.16089344,7.204999924,544.8170608,3,35175.61136,32.23037338,13.8619976,4,147.9074097
227,59.37770462,49.76758194,28.24802589,8.541205406,4.845366001,171.3979661,3,16108.34298,18.39623451,7.888930798,4,29.62374878
228,203.7243347,30.10969353,15.84708309,9.857522011,5.128912449,4018.602723,3,11353.90649,26.6507988,8.410206795,4,135.2628174
229,58.42232132,33.26702499,22.48137665,10.94007206,7.776603222,807.3693979,1,34353.62187,29.80792427,9.405437469,4,80.3624649
230,116.4834747,29.75344086,16.80339813,9.565823555,5.554177284,3607.208241,1,27300.75699,27.16700554,8.078303337,4,181.2875061
231,140.7801819,27.23342896,14.98158169,8.17854023,4.447034836,5218.586445,3,25931.2611,23.76939392,8.210342407,4,165.7499695
232,111.3076096,24.24517059,14.45743465,6.127460957,3.440698385,4499.239567,3,26174.59649,21.60399628,6.1991539,4,120.2998428
233,239.5072479,30.26821709,17.1620121,10.60537815,6.449063301,2292.919843,3,27516.20799,29.46583939,11.61469269,4,188.7271729
234,13.93693733,41.48681259,17.56620789,9.248895645,3.560400963,3133.255451,3,34358.134,15.67656326,8.585429192,4,214.3803406
235,125.7435989,26.61726379,15.55047226,5.588111401,3.169453382,3923.072448,3,7954.850124,15.36066055,6.483145714,5,63.69954681
236,218.8462677,27.83629036,16.99317169,9.859101295,6.412889004,6657.378575,1,25612.16001,29.02500534,9.400934219,4,270.7848206
237,90.94107819,21.63415718,14.24651623,5.687610149,3.529602289,362.8512033,3,33489.86779,19.8850975,6.438967705,4,264.972229
238,44.67563629,26.66344261,22.25406265,12.60553646,7.008877277,439.562038,3,31168.45593,24.57198524,13.74108791,4,187.7556763
239,82.049263,23.41823769,18.33725166,7.803349495,4.681384563,633.3195061,3,30699.63813,16.6486721,8.322112083,4,181.5603333
240,70.85044861,33.39117813,18.16932297,9.265504837,4.645032406,1689.200626,3,23982.30578,23.977211,8.409869194,4,40.23635864
241,122.8114853,26.41080475,18.00094986,8.616711617,5.541210175,3063.571724,3,25041.58705,22.39826393,9.65298748,4,131.3661346
242,48.87388992,23.44020653,12.5676403,5.435256481,3.497656345,2610.438345,3,6642.2432,9.488285065,3.150663137,4,233.3387604
243,100.9155426,31.40636635,18.55641365,11.12045288,6.586269855,4520.182258,3,1229.273196,24.35360718,10.86410713,4,175.2363586
244,100.1501923,23.32895088,13.88182354,6.109119415,3.618217468,2989.577648,3,34750.05397,18.1088562,5.101579666,4,235.440155
245,159.230545,50.80319977,28.45326996,10.34244156,6.049512863,168.9837358,3,31974.1233,29.66465569,8.928390503,4,58.05524445
246,119.1534042,45.87483978,28.48239136,10.93562508,6.466349125,39.16846352,3,30744.64864,30.72820091,8.197675705,4,296.288269
247,95.47945404,24.56417084,15.81271648,7.079454899,3.928857088,2661.910955,3,27250.52078,21.05459213,7.367732048,4,233.8243103
248,91.19650269,27.87393761,15.19466496,5.161962509,3.148603201,2217.848067,3,6298.523344,14.49778461,8.532833099,2,220.2363586
249,65.88049316,34.66918945,19.15394783,11.72852421,6.272339344,4089.527095,3,136.9067794,22.91046524,10.37351418,2,147.4824829
250,125.0145416,28.2998085,18.51729393,8.891234398,5.054073811,3676.990032,1,27613.71126,29.06811333,7.477654934,4,252.5528107
251,54.82193375,66.23876953,22.40672302,14.1282568,9.032561302,238.7964922,3,31188.69699,30.29086685,10.745121,4,339.1714478
252,106.3069916,37.24684525,27.46577454,9.316606522,5.170170784,3002.832553,3,24592.9101,23.93007278,9.619402885,4,308.4421997
253,82.3582077,34.00789261,24.69672394,7.946796417,4.624204636,54.83085314,3,21196.18837,19.77008057,11.11834431,4,34.51373291
254,176.1060638,29.62437057,20.86491966,9.006341934,5.948867798,694.4077487,3,17842.43741,24.46563148,8.324603081,4,47.38594437
255,36.28316116,27.51764679,20.17634773,9.945687294,4.907984734,603.9364893,3,15210.16832,20.76095581,10.93286419,4,183.2704773
256,127.0940704,54.8016243,27.31788826,9.109989166,4.695982933,528.1156197,3,15959.88054,19.48621559,7.53398037,4,327.3080139
257,177.1446381,29.08279991,17.04828453,10.55655575,6.131939411,3666.251369,3,10967.30724,28.94807625,8.988668442,4,209.3577576
258,157.0091553,24.39805794,16.5951252,11.6925745,6.050999641,3287.490997,3,14200.60862,32.10090256,10.89674759,2,164.744873
259,106.1328735,48.12499619,23.23629189,17.73875999,8.842804909,3807.21743,3,28858.7044,36.11376953,13.43852043,4,294.3104858
260,19.13733864,35.41403198,18.73280716,9.71673584,4.915952206,418.3951283,3,19401.95642,11.3278389,7.406872272,4,166.361618
261,108.0194855,29.66812325,21.20750427,7.407938004,4.417409897,270.5105029,3,18172.9959,23.74585915,6.109613419,4,70.46334839
262,99.8898468,28.74782372,18.96509361,11.01062107,6.898903847,714.7283432,3,13987.76027,25.26846313,10.37997913,4,203.5145569
263,25.33480644,20.99870491,8.682134628,6.863398075,4.225983143,4642.104205,3,687.1492604,18.63242912,9.726941109,4,209.9315186
264,150.7334747,33.65877533,20.18876457,10.49916649,5.742146015,349.6974278,3,6226.530112,26.22818947,8.77736187,4,83.99923706
265,70.0432663,35.17612457,16.69937325,11.8109827,6.174405098,3376.378834,3,10438.50679,27.0153904,8.573104858,4,125.8376541
266,78.20948792,40.70493317,25.55620956,9.855664253,4.962769985,100.6323787,3,20756.68825,19.93280411,8.511583328,4,288.4349365
267,81.8556366,24.90622902,15.16565704,9.299509048,5.851769447,3711.7933,3,10828.92141,29.48303413,6.502775669,4,235.1246643
268,207.2990265,28.1244545,16.91022491,9.636786461,6.085617065,2212.273175,3,28155.255,27.51763916,9.709431648,4,251.5650482
269,119.7350464,28.96155357,16.36996841,10.89374256,6.28053093,3867.996284,1,26625.92657,27.89317322,8.760100365,4,151.301712
270,37.86138153,34.5602951,15.83492184,9.473093987,5.01364851,375.7489782,3,32541.60447,21.56494331,9.403166771,4,229.0450439
271,70.77611542,27.16308594,13.68733406,6.696306705,3.920859098,886.472737,3,32933.98896,22.60223961,4.75600481,4,260.3400879
272,86.07299042,36.27415085,19.4585743,16.37256622,8.093935966,480.6406702,3,36068.50891,33.14427567,13.80101967,4,246.9684448
273,147.6081238,29.53620338,21.00944519,8.431143761,5.195467949,579.3332463,3,30919.67505,25.06605721,7.396303654,4,277.8417053
274,66.11896515,49.7538147,27.76449394,11.02774429,6.171056747,1051.99318,3,22864.4623,24.85022926,9.299488068,4,34.87532806
275,37.2729454,54.18746567,26.34864998,9.314576149,5.478480339,287.2145558,3,15364.00258,17.93995857,8.754730225,4,151.5541382
276,47.41046143,24.55230522,17.60916519,6.826461315,4.226529121,2340.098817,3,1682.757303,16.50611115,5.860836506,2,266.423645
277,101.2948151,28.29086494,16.80240631,8.542152405,4.849010468,3086.545177,3,921.1940691,24.25568771,8.943720818,2,240.1161194
278,174.2130432,32.87000275,15.26165009,11.09739494,5.861443996,1864.790816,3,8891.012118,24.7739048,8.586906433,4,169.5395508
279,122.6023102,27.48464966,18.02987099,9.115005493,5.353178501,2420.089776,3,33445.84585,24.47616768,9.309318542,4,106.6069794
280,91.00926971,28.55109787,16.38843155,7.621018887,4.668131351,2905.270957,3,34036.62565,18.49565887,6.592850685,4,252.1213074
281,68.79485321,35.16358566,22.79261398,7.150438309,4.276041985,1250.21133,3,35847.07765,14.89773369,6.696488857,4,67.47943115
282,106.8257828,38.08898544,17.73532104,17.67191124,10.81586552,618.4879547,3,36106.36312,29.80933952,17.27526665,4,92.009552
283,49.87543106,27.79873848,20.81714058,7.685614109,3.949412346,815.1377645,3,22146.17338,25.26921844,6.982167244,4,292.380127
284,88.01609802,27.89762688,17.81110191,9.086578369,5.433837414,811.5240523,3,12889.97138,20.72935677,9.963378906,4,211.4669189
285,137.3386536,25.40457916,14.68311024,10.11724663,5.491821289,3869.672337,3,11949.48357,32.1134491,7.511225224,4,231.9173584
286,148.0747833,24.72717857,17.94047737,12.20624352,8.131237984,762.4960871,1,33994.07377,31.78165436,9.941500664,4,273.2787476
287,250.6424561,37.91084671,29.3008976,8.70158577,5.017283916,882.9484541,1,31229.4568,33.5877533,6.402669907,4,298.7797852
288,34.65567017,53.09007645,25.62260437,8.761076927,4.509037971,5125.069115,3,26200.88971,17.87949562,9.194019318,4,63.33000946
289,113.4682083,24.77717018,13.6328373,7.156541348,4.254127979,6564.888335,3,25766.6457,21.83776093,6.120105743,4,217.3331909
290,175.8730316,24.97366524,16.42916298,11.98700809,8.067193031,3264.146838,3,28366.91412,32.80402756,13.79537201,4,231.9092102
291,83.22688293,33.85587692,23.28443718,9.943493843,6.027899265,3087.222517,3,26897.58213,27.40364075,9.909523964,4,280.5973511
292,108.4384003,42.86965561,29.22768784,8.962809563,4.993674278,71.34476761,3,18615.4999,23.60426331,7.697949409,4,313.1812439
293,164.6664886,38.04790115,29.30468178,8.676374435,5.312935352,552.0835921,3,18101.13151,23.9425354,7.95552206,4,51.36714554
294,94.28858185,55.14430618,27.86439133,8.654945374,4.95911932,207.7911304,3,14872.91551,18.88403893,6.928256512,4,80.83765411
295,107.9222794,39.81940842,27.57499504,7.761413574,4.823406219,40.99397259,3,14395.80604,22.64719391,7.046278954,4,38.57125092
296,95.48804474,30.23477936,18.72577095,9.035180092,5.373592377,5705.547146,3,25995.25441,24.27078056,8.834085464,4,228.3018646
297,98.45954895,24.48288918,17.26322746,8.512631416,5.412446976,404.5231078,3,32081.08558,25.56093216,9.221346855,4,259.6377258
298,46.41117096,36.99092865,20.80098152,14.23399162,7.998803139,376.0829942,3,32438.72339,26.28900528,12.79292488,4,315
299,78.83851624,29.0028019,17.89431763,8.227957726,4.980500698,2723.263928,3,34672.60719,19.52492523,7.34700346,4,294.4439697
300,123.2657928,47.96136093,28.17243958,9.655262947,5.21541357,23.7085672,3,30294.271,28.33704948,8.327367783,4,50.94686127
301,107.2320251,38.538517,24.53103447,10.5019989,5.918972969,999.0449101,1,29115.19431,26.05638695,10.05627537,4,328.1725464
302,94.56272888,47.76673508,29.27358437,8.821288109,4.946362019,138.6701506,3,20194.14898,23.03905678,8.683712006,4,30.22544861
303,95.88758087,26.5103302,19.57901192,6.913325787,3.982645988,4968.418315,3,1493.504489,20.16943932,6.666996956,4,246.0054932
304,122.0841446,36.94923019,19.88747787,13.5425396,7.936905861,3366.600054,1,27948.17472,31.43247414,12.57791328,4,97.79685974
305,31.17638779,60.74219513,26.70540428,8.458817482,4.221588135,196.3355226,3,19374.56144,15.26651382,7.115692139,4,343.0724792
306,121.3173447,25.59933853,14.4920826,8.933821678,5.027131081,2666.888958,3,10286.95976,24.94865417,7.434943676,4,207.4342346
307,44.2091217,43.52104568,15.29429436,16.21762657,9.848836899,4426.250418,3,469.9231361,26.34242249,13.18417358,4,126.359436
308,59.40127182,40.7012291,15.76926517,8.442799568,5.593095303,4751.570463,3,815.2201364,17.22063065,9.467597961,4,250.7960205
309,162.0535583,30.05244446,16.1600914,10.40235806,5.743649006,3769.509473,3,12802.76033,25.50357056,9.098577499,4,91.74291992
310,109.5572662,38.31752777,22.16758728,11.05964279,6.232957363,455.4866997,1,32837.48954,26.25629997,9.092618942,4,96.16557312
311,143.8517303,26.87911606,15.68129826,9.195014,5.121617317,6717.010908,3,25522.76126,28.21520615,8.952672005,4,168.9675293
312,180.910553,21.02468491,15.13868523,7.68117857,5.223628998,3402.723875,3,30412.0192,26.71836662,7.235869408,4,86.15733337
313,124.542305,25.94955826,18.44149208,10.69880009,6.147628307,227.1919323,3,31598.26399,27.7426815,10.58792686,4,84.80557251
314,155.2261658,29.75187683,22.02687073,8.824367523,5.644009113,148.5515075,3,29911.703,27.50619507,7.698979378,4,54.46232224
315,107.8595428,53.85036087,28.40208435,10.69411659,6.373418808,1593.610937,3,28370.54286,26.43800163,7.718384743,4,308.7365112
316,101.6616135,34.82983398,24.30858231,8.792589188,5.152723789,1975.132399,3,27835.67524,20.73185539,8.920619965,8,55.9974823
317,89.81079102,30.16886902,19.96512604,11.13793945,6.73911953,3700.92199,3,13812.72069,27.89555168,9.101902962,4,287.2717285
318,158.2187195,28.84984398,16.15040588,10.07589912,6.088471413,1347.80127,3,18427.00494,30.45802116,8.223210335,2,257.4711914
319,188.6931152,27.47916031,17.22736931,10.41192818,6.472815037,2119.112121,3,33330.60486,27.69511604,9.231181145,4,121.827446
320,99.23588562,28.1568718,22.40828133,8.723370552,5.820320129,2593.314504,3,26603.96744,26.00199509,11.51418686,4,249.5504456
321,36.52080154,44.4478569,19.35961533,12.17491055,7.080518246,881.9412585,3,22362.97891,18.14663887,9.407361984,4,108.8625031
322,95.13660431,28.83492088,22.06213951,8.20344162,5.347628117,515.9623005,3,15600.24825,22.88350296,7.064752102,4,68.00886536
323,169.8361053,50.1885643,25.56714821,9.908867836,5.571350574,388.9726793,3,7104.738492,23.78575897,8.98108387,4,46.09365845
324,93.69776154,28.96837234,17.81563759,11.65793419,6.549126625,3372.775839,3,13357.2168,31.61462212,10.60171413,4,237.5747681
325,108.5163193,29.12894249,18.48080444,9.818955421,6.421865463,4086.641112,1,26551.74626,29.10912895,7.964771748,4,64.65382385
326,93.0160675,30.11227417,21.5361042,15.02819824,8.040931702,144.8670923,3,35743.08936,35.95106888,15.17588902,4,147.0970459
327,176.5177155,45.51013947,28.54034042,9.073148727,5.021878242,794.4989038,3,17558.51432,22.70557404,7.877783298,4,319.6199341
328,82.13711548,40.309021,26.41383171,7.51536417,4.191915035,4786.979352,3,892.7063579,17.81422424,6.219595909,4,275.3233643
329,7.913281918,47.89553833,20.31559753,7.482569218,3.831439972,1243.777342,3,7982.937575,8.14256382,5.354382038,4,190.222168
330,116.8229675,31.6051178,16.98394012,12.22363281,7.56047821,3898.793291,1,26882.53428,31.06308746,9.581726074,4,269.1046143
331,149.3634796,28.81010246,18.69338226,7.88301897,4.549705982,1058.781337,3,19145.75864,20.50502968,8.363351822,4,258.1579285
332,142.3478088,31.20938683,18.6802597,11.90728188,7.067947865,104.186518,3,6754.212909,26.95943642,10.65450478,4,81.25383759
333,105.924736,32.44631958,16.31210709,9.161149025,5.081188202,3923.543221,3,26738.95941,24.72585869,6.816411972,4,187.8417053
334,96.23825836,29.71984482,20.58820915,10.69339085,6.746797562,4483.130942,1,26393.11112,30.01852036,9.566285133,4,38.95590973
335,121.0066757,46.57222748,26.02510834,10.82828617,6.711379528,1184.593533,1,32756.76365,28.63119888,9.732215881,4,334.7988892
336,131.9199982,27.12010956,17.96879578,12.52266502,6.838991165,3114.532197,3,13729.92218,33.09597015,13.13671398,4,161.3843079
337,107.8854752,30.23955536,20.19917107,11.10268211,7.391307831,1.650706197,1,34914.28734,30.2202816,12.94552708,4,315
338,115.2472153,35.55851364,24.42809677,9.010386467,6.11453104,500.7998411,3,35226.32656,22.43146706,11.80082607,4,304.1499023
339,97.13074493,31.26895905,15.14683819,8.582143784,4.727364063,4259.091651,3,8454.136006,20.90694809,7.168123722,5,133.4507141
340,32.93982315,38.07311249,22.05978394,10.85332203,6.912815571,1969.431205,3,4638.669399,19.29548836,9.515931129,4,278.9726257
341,149.9015961,36.90328979,26.87795067,8.631318092,5.098891258,5741.006086,1,25567.20996,26.92017746,8.568294525,4,44.08056259
342,176.3615112,24.7530365,17.19521332,9.936698914,6.637031555,277.0548945,3,26575.12767,31.8466835,10.15900421,4,257.8223877
343,105.5562973,28.9043026,14.95681858,8.504261971,4.348620892,2455.143639,3,34159.51084,19.45222473,7.331182957,4,220.9143829
344,67.75305176,32.34576416,16.85113144,8.537063599,5.345908642,1878.272086,3,5980.539077,17.74274635,8.270618439,2,221.5861206
345,28.96129417,43.47363281,15.95354939,14.87727642,7.279500961,1102.755754,3,7860.582614,22.24059868,9.941908836,4,29.49142838
346,176.0606079,21.17194366,12.93577003,7.808743954,4.489962101,1843.865686,3,8688.491361,28.15360069,8.311834335,4,247.5500793
347,96.16307068,41.38513565,26.44482613,11.24161911,6.192306519,1567.574162,1,34368.4307,30.74912453,9.531710625,4,58.51579666
348,79.86582947,45.88960648,29.71166611,11.67232132,7.282371998,974.3275066,1,34565.61783,28.80589485,9.186231613,4,332.7918701
349,91.3728714,30.64383125,13.60072803,10.66310978,5.596279621,1934.831777,3,29036.92552,28.60080719,8.595962524,4,240.729248
350,127.067131,28.48822594,18.08406258,10.79197407,6.32478857,1593.36966,3,28193.07693,28.34809113,10.4832077,4,119.9315109
351,53.06671524,27.07311058,18.61830521,9.245130539,5.106041431,5056.799155,3,25924.17762,25.88064003,10.30715275,4,114.9325714
352,184.4368134,31.13141441,21.80384636,6.565089703,3.90149498,3985.014014,3,8657.858746,19.82657051,7.237136364,4,60.52410889
353,45.28931046,31.42856216,15.39158916,4.182113171,2.750004768,3282.312479,3,7328.97371,8.842458725,5.953352928,5,85.68244934
354,134.7259369,31.7859726,17.29780006,10.03081799,6.650653839,3016.777129,3,3591.433566,22.26291847,9.162685394,4,99.3711853
355,70.09024811,30.60399055,17.12701225,7.460440159,4.136271954,1365.988261,3,5241.151886,20.9210701,5.957009792,4,295.559967
356,21.32589149,43.04849243,16.77903175,11.23997211,6.198072433,1140.749617,3,7933.51364,16.82746696,8.91234684,4,90
357,89.26153564,25.08240318,15.47094059,8.401674271,5.233689308,4261.516287,1,26311.01125,27.14250946,7.135971069,4,159.9864349
358,115.6472702,24.86216354,19.78021622,9.185951233,6.346272469,5424.613201,1,25619.54893,31.40499878,7.614696026,4,306.7536621
359,113.699646,24.61253929,12.97428036,8.883821487,4.904258251,6718.917967,3,25501.30185,30.48356628,8.638781548,4,216.8019409
360,40.95817184,36.36744308,17.99799919,11.70266819,5.94331646,2185.204693,3,4430.23962,19.64660454,9.886484146,4,92.04026031
361,12.84246922,45.78845978,19.25043488,10.46146107,8.011852264,1380.283668,3,34438.15395,9.35614109,3.930942535,4,93.46303558
362,95.81347656,25.34595108,18.29552841,10.89300346,6.310124397,4866.871543,1,25997.61445,29.09182167,8.937275887,4,162.9509583
363,80.38941193,25.53896141,18.47261047,7.126791477,4.338829041,212.3959232,3,21128.90664,20.61170197,6.678575993,4,67.55725098
364,7.873432159,31.99403572,17.56083679,2.90117836,1.576695561,2909.452149,3,6985.256657,4.834534645,1.857462645,5,96.4178009
365,132.9967041,29.19936943,17.91790771,10.53742123,5.754094601,3266.858063,3,12066.93644,27.9562664,10.44451332,4,160.2271423
366,45.27113342,32.47740936,19.0658989,10.41579151,5.44504118,1568.874643,3,34139.07434,23.0277977,9.956673622,4,130.7955475
367,92.29805756,29.22931671,17.73322105,8.974815369,6.521352291,958.4966342,3,35258.58806,20.11089325,10.47498512,4,95.29187012
368,108.8910828,25.82761192,19.07148552,8.470499039,5.181324005,2108.19892,3,23413.20108,22.48274803,8.248002052,4,99.90418243
369,129.1164703,39.62683105,29.11199951,8.598080635,4.452308655,486.0538263,3,19032.28535,24.92888069,7.626072407,4,328.1725464
370,162.5431061,40.59320831,27.00488663,7.24496603,3.979389191,1193.57457,3,16886.11599,19.27056313,6.924310684,4,304.1596985
371,105.6231232,35.1959877,22.32513237,9.116551399,5.16297245,460.5560246,3,16159.26267,22.87799263,7.80913496,4,62.47477341
372,40.20359802,32.4601593,19.03895378,8.437634468,4.4278965,2318.869495,3,1669.673437,16.97507858,8.929016113,2,179.1448975
373,130.5088043,28.88614464,17.27108192,11.58106232,6.323976994,747.1126253,3,26534.96292,32.32089615,9.970111847,4,170.0958252
374,68.68785095,38.18339157,25.29468727,7.785363197,4.712109566,1830.372178,3,22473.44237,17.62907982,7.884556293,4,291.8013916
375,80.63717651,34.63527679,21.50873566,8.139338493,4.870481491,2106.466877,3,22947.98943,17.4654026,6.794270992,4,81.35559082
376,201.0788879,30.04813194,17.68424034,10.57797527,5.795497417,142.8186299,3,6653.048702,27.21943283,9.482585907,4,107.1027298
377,100.9414978,25.17414856,16.77811241,11.18085194,6.359299183,1864.622821,3,18876.33227,32.92955017,8.981925964,2,183.4549866
378,225.372818,27.20933723,15.43008137,9.203714371,5.93070364,2438.419853,3,19712.15281,30.03842926,9.761610031,2,250.7314301
379,53.01469421,27.59607506,17.30994797,5.612107754,3.586025238,942.1836902,3,21571.87027,13.67903614,5.722033501,4,92.97422791
380,133.7672119,22.30288887,15.33635807,8.738482475,5.963608265,1473.363642,3,8411.736377,27.4011116,9.87909317,4,236.9832306
381,196.587265,31.94659615,23.94139099,10.08636475,6.262718201,2439.94374,1,33040.67147,27.80233002,8.439031601,4,43.74080276
382,132.8319855,29.52167892,16.49365807,9.825277328,5.694742203,2527.501314,1,33052.46191,26.38186455,8.460986137,4,116.257782
383,137.8257599,40.7279892,26.75600243,9.889594078,5.88898468,2624.137426,1,33232.22267,26.26039696,9.307359695,4,316.1237183
384,68.60877991,28.01320839,16.97343063,8.018383026,4.263915062,860.747369,3,13134.20372,18.47747803,10.64137268,4,210.9637451
385,76.15998077,27.79116249,16.20400238,4.950936317,2.981646538,3368.633935,3,7468.823714,11.47383881,6.190368176,5,72.96003723
386,105.3541031,25.01712036,19.25559235,9.930546761,6.665659904,1646.907511,1,34183.43739,30.47364616,7.505138874,4,112.4126892
387,122.4684982,33.68805695,27.89627266,8.128727913,4.94397068,2013.351139,1,33745.00101,26.70427132,7.582210064,4,330.9454041
388,122.9876404,27.07774734,17.83198738,10.73548126,5.808969498,834.6339182,3,32847.72192,30.6082859,9.385201454,4,119.9136505
389,167.9142456,30.04450798,16.09813881,10.39245129,5.274326324,869.3748939,3,30007.70818,29.14034271,7.840295792,4,123.310524
390,16.46641541,35.34081268,10.84698105,9.526614189,2.713785648,2836.659931,3,27869.14429,29.89245796,5.566414356,4,206.7691345
391,168.5002289,24.26415634,17.06612015,7.720223904,4.851614952,892.6789694,3,28892.21437,25.14056396,8.152843475,4,250.9743958
392,95.00219727,26.62719536,15.14962101,7.253613949,4.378211021,1369.825243,3,5199.288553,19.80533981,7.38525486,4,256.9081116
393,54.14471817,60.99633026,21.87370491,10.45200253,5.736824036,550.9875163,3,33822.38251,19.61619949,9.623912811,4,120.3236084
394,82.95348358,31.83284378,18.3411274,6.824571133,3.792523384,1259.282562,3,34040.71524,14.9987793,6.9318223,4,172.9987335
395,22.37110138,36.82584381,20.8249073,8.065773964,4.119836807,381.7851803,3,13643.47381,17.19964409,5.107988358,4,67.06790161
396,72.81845856,29.16780281,17.59243584,9.916828156,6.041399479,1223.440633,3,2781.633438,22.08333015,10.28855228,2,169.4389954
397,86.07816315,28.90166092,17.58623886,8.112509727,4.645875454,3000.187228,3,966.1175303,19.8792057,10.13201714,2,208.3007507
398,194.3239746,48.44989777,27.08973694,10.66155148,6.124090195,314.731691,3,6570.891177,26.48980522,9.106383324,4,55.19150162
399,38.76753616,26.0978775,25.54357338,13.04486275,6.324158669,476.112502,3,16695.75151,23.52920723,10.2955265,2,18.67866516
400,176.8722076,26.46224403,16.89870453,9.641655922,5.877589703,130.7079207,3,17809.79027,30.79136848,8.059988976,2,265.9969482
401,123.5713043,24.05511093,15.63441086,8.910279274,5.181984425,1078.046443,3,28633.76185,28.56076241,8.344295502,4,166.0649414
402,204.3539581,27.21736908,16.36701584,8.787674904,4.809791088,6584.209636,3,25680.87754,24.00870705,8.790408134,4,181.789917
403,156.647934,28.68310928,16.97912979,13.26837635,8.285505295,2312.040136,3,30682.50761,31.57669258,14.26232433,4,125.2156448
404,166.1652527,37.12860107,25.75821686,11.29947472,6.736618996,2332.972979,1,30346.65638,33.84666061,12.91823006,4,27.19666481
405,114.3997192,23.03164101,17.24487686,10.30675697,7.033172131,1109.295574,3,31076.42588,29.6333828,11.28280258,4,224.0977783
406,60.19005203,27.45332718,14.82560349,6.31250906,4.00868845,2012.895769,3,6125.226969,14.56650066,7.064247131,2,231.0090027
407,89.56122589,25.49689484,24.82317924,6.697440624,4.503627777,3555.402393,3,3101.265792,25.81802559,8.397431374,4,31.44992256
408,47.33055115,28.08901405,21.23146057,8.842827797,5.341359138,4.973790024,3,17072.15017,21.82201385,9.321224213,2,227.02388
409,205.1251526,20.3549366,13.77253723,8.290436745,5.854424953,2662.176005,3,19676.9936,30.38199806,9.961912155,2,271.8329468
410,46.62326813,29.73349571,18.79834175,11.31232357,7.238260269,176.2827001,3,29545.63499,22.68991852,11.09457684,4,112.8905487
411,88.08960724,33.39249802,17.49254608,9.477661133,5.894144535,4171.220868,1,26459.90649,26.1855526,7.725011826,4,272.675415
412,12.43538952,45.67018127,18.42794037,11.29486847,4.443937778,6186.770024,3,25487.67649,14.33317471,8.574631691,4,213.249939
413,202.6847992,37.46757507,25.73743057,13.06460857,7.42126894,2847.248517,3,27927.09287,32.23059464,13.62932396,4,250.7277985
414,197.99086,29.84104347,15.57018566,14.56443977,7.881700516,3392.65145,3,29989.44131,38.33190536,12.34818745,4,145.8968964
415,51.28234863,35.1084671,18.76076317,7.593646049,4.64862299,1434.049056,3,34526.08954,14.69253254,7.911827087,4,260.1197815
416,189.1941986,42.63632965,31.29039001,8.731397629,6.115168095,746.1887292,1,16096.62568,30.24308014,7.320292473,2,330.6422424
417,54.87359238,18.53098106,16.27092552,8.913930893,4.513698101,407.8292342,3,16691.98345,28.51720238,10.70380402,2,31.33259392
418,140.7852631,29.23653412,14.63215351,10.31468868,5.566986561,2904.466166,3,27922.08046,31.14217949,8.482845306,4,152.2160645
419,108.2566071,24.11291504,16.77266121,7.673175335,3.642405748,6168.179859,3,25229.45271,22.7395916,7.556770325,4,47.04541016
420,89.6967392,30.72554779,19.79388809,7.953465939,4.926894665,2868.895193,3,9792.611962,19.80356216,7.164624691,4,251.3633118
421,27.24158096,33.35570908,21.16135025,8.7510252,5.580289364,2082.714991,3,1910.590507,15.81937313,10.10478687,2,205.6953125
422,97.85646057,43.80309296,27.93181419,7.401163101,3.956231594,2587.520621,3,4003.082953,19.57343674,5.886651039,4,301.5513916
423,166.1243896,27.26910019,17.67042351,7.977644444,4.938745499,3707.05959,3,29133.62515,11.02222538,5.099502563,4,167.4711914
424,196.9151917,25.31173325,15.99154758,10.68312168,6.754765987,4581.554295,3,29841.84578,31.29140282,11.05734634,4,254.2358093
425,130.7305145,26.9447155,18.25027084,10.05282784,6.127651215,1395.39071,1,33143.69643,28.97840118,8.662697792,4,248.0704193
426,80.8253479,31.53795052,18.31728935,11.00294018,6.979680061,125.4772223,3,29298.25063,24.79116058,12.63565636,4,90
427,63.66146851,31.18194389,15.8891201,9.764268875,6.222406864,4540.662752,1,26119.72995,28.30991173,6.613390446,4,148.3114014
428,107.3352127,43.78297424,28.2789135,11.12926483,6.954303741,5191.806842,1,25640.71933,31.30169678,9.544781685,4,24.89065933
429,47.11994934,31.23538399,15.66220379,8.181762695,3.963721991,6736.778627,3,25512.17084,20.63357925,8.668646812,4,237.5288086
430,107.1628342,29.12220383,17.32676506,7.737372875,4.24178648,6385.713594,3,25593.74966,18.10624504,8.961738586,4,258.3256836
431,23.94623566,49.11683655,17.60668755,10.43730545,6.270504475,6909.251327,3,25332.59751,16.39102554,4.55773735,4,283.2405396
432,118.4644318,32.52957535,18.51881599,8.372450829,5.603580952,805.5521196,3,35470.16727,18.90044022,11.57991219,4,180
433,96.97419739,40.29540253,26.59671593,10.23144531,6.415609837,1849.191019,3,27405.48245,24.79318047,12.71715832,8,296.3390503
434,36.03138351,34.27728271,21.94175529,6.045687199,3.681099415,589.3436708,3,20464.66182,12.55636215,7.563149452,4,242.7446747
435,36.47261047,30.7972908,19.43102646,6.506685734,4.468822002,4150.320388,3,226.502494,14.56265259,6.56040287,4,282.3390808
436,114.8892822,41.54243088,24.35794258,9.473091125,5.661092281,3365.199193,3,3209.241212,20.14273834,7.539144039,4,66.13982391
437,125.5178452,46.18944931,28.76618195,10.29976463,6.492358685,1215.691109,1,32513.10768,31.53286743,8.791781425,4,47.6427002
438,243.2581024,22.28440285,15.59127617,7.682137489,4.743334293,1109.214218,1,29844.03583,30.69379997,6.926527977,4,68.77632904
439,63.27318954,31.75987434,16.5521183,9.833993912,6.416734695,5451.5521,1,25449.53705,29.73189354,7.709990978,4,80.594841
440,133.1083832,31.00619507,20.01996803,10.63842964,6.103111744,5714.078562,1,25272.52748,28.68092346,9.201088905,4,288.7780151
441,110.3199387,24.81071472,17.29195786,6.890837193,4.159615517,6514.252196,3,25091.46188,19.97889137,7.398769855,4,272.526123
442,136.6394043,28.74367905,17.61625481,9.344889641,5.289758205,999.9254621,3,32342.09104,27.29643822,8.078631401,4,201.3251038
443,54.87104797,44.23043823,24.65137672,7.276202679,3.855448484,1365.202175,3,2602.423725,14.03014946,5.362343788,2,314.0524902
444,7.155544281,53.90110397,20.64750671,7.198325634,2.605307579,2011.224563,3,1974.328371,8.852684021,3.783464432,2,325.3048401
445,68.8530426,34.59130096,21.06323051,5.71605587,3.088716984,2072.24824,3,1833.014758,11.2354784,4.130556583,2,297.9848938
446,168.4086456,28.47104645,15.65538883,9.109848022,5.068761826,3445.689205,3,32022.26257,25.39975739,6.963456631,4,93.28924561
447,172.5087891,25.45611382,17.80725098,10.63181019,5.787987709,1193.598305,1,31758.46453,34.5343399,9.334506989,4,265.1404419
448,88.34013367,31.55023766,15.73543262,6.140619755,4.18192625,579.9492779,3,28426.86398,14.97656631,9.508955002,4,202.4667511
449,94.38031006,28.53659821,13.83545303,8.574355125,5.443943977,7011.312322,3,25207.31441,21.29928589,9.314234734,4,209.5401764
450,82.51100922,49.15923309,28.16139412,11.07882023,5.513463974,7308.47432,3,24740.81182,23.07151031,8.20857811,4,41.4106369
451,13.61763477,53.95129776,27.31685638,9.348083496,5.914134026,6993.78863,3,25253.9319,14.10738277,5.062300682,4,284.4702759
452,34.6568718,57.81178665,21.67585373,6.028134346,3.56191802,878.0499201,3,20626.93208,9.759496689,6.414309978,4,98.13010406
453,21.30111694,61.41431808,23.7533226,7.049782276,4.230864048,2285.278414,3,1679.465833,12.21065998,5.043928623,2,39.80557251
454,229.9351959,33.54307175,25.54641724,8.856993675,5.267710686,193.5025962,1,15789.69042,26.50178719,7.734240055,2,309.5596619
455,189.2537537,46.64750671,29.72453308,9.229732513,5.54872179,2547.45169,1,18952.9445,27.60056305,8.060188293,2,315.6365967
456,45.31656265,31.29027176,25.33021736,11.98013973,8.642037392,6259.390385,3,25349.92442,27.2062149,15.08773613,4,26.32329941
457,71.65622711,28.8276329,20.89925957,9.827741623,6.813978195,6664.168604,3,25164.35246,25.50374031,10.77114201,4,231.4761658
458,121.6655655,29.70517159,18.11372375,6.662471771,4.339479923,1964.262687,3,33194.17503,15.28495979,7.757098198,4,203.663147
459,118.3428116,32.02178955,23.48985291,7.270430088,4.190217972,575.8652219,3,14340.1585,22.52256966,6.715466499,4,58.38054276
460,134.3964691,35.5118103,26.95968437,8.458398819,4.335812092,601.2774047,3,14085.23211,23.61506653,7.696522236,4,306.4637146
461,6.595766068,34.97638321,13.257864,3.054741621,2.044026613,2582.338946,3,6694.827396,5.542153835,2.083506346,4,199.6538239
462,11.3448925,47.5931282,15.22970486,8.927639008,4.42527771,3658.516717,3,267.1217229,12.8822937,6.046225071,2,152.4415588
463,97.17037964,23.92250252,17.27456856,6.343597889,4.013825417,4377.906244,3,505.9544004,17.74174118,6.776596546,4,256.4012756
464,132.6978149,26.49566269,16.60639954,9.672333717,5.176046371,3186.756793,3,32286.83136,26.77246857,7.578542233,4,147.1550293
465,121.3165359,29.58666801,17.58203506,10.48462009,6.391764164,4219.558199,1,26275.78635,32.20763397,8.486536026,4,57.0836792
466,96.62248993,32.1050415,20.20960045,8.936711311,5.091671944,4970.672029,1,25571.62198,26.21798897,7.203768253,4,71.19406128
467,90.18241119,64.23205566,26.09720421,9.353876114,5.435897827,4996.101325,1,25670.71663,26.12036514,7.51787281,4,341.5610962
468,72.27098083,29.96484756,17.59194756,8.797668457,5.377644539,7429.783719,1,24831.61908,23.8156414,7.930500031,4,130.7321014
469,162.2872467,26.33100891,18.90252495,9.859828949,6.814799786,681.7143263,1,26170.22578,30.08675575,9.589889526,4,65.50915527
470,86.64582825,25.20163727,20.99365044,8.271330833,5.201290607,469.9534128,3,19915.26226,25.18412399,8.318527222,4,59.53445435
471,73.61688232,29.39222717,15.84615517,5.197927952,4.071718693,2098.816692,3,6206.272733,12.81559658,8.558143616,4,230.6405487
472,54.94955826,42.18783188,26.57855988,5.918179989,3.611552,1700.429615,3,2215.608775,12.23649597,5.182656288,2,52.12501526
473,139.9661865,44.45936203,29.24864388,9.8210392,6.287385464,2481.800925,1,13456.93695,28.96329117,8.600675583,4,307.7612915
474,18.75132561,41.62916946,26.29004669,9.72309494,7.48868227,2698.166617,3,14245.32761,18.91578484,5.440405369,2,326.3930664
475,236.2155914,40.88763428,29.24287033,9.073301315,5.540066719,1120.857602,3,14290.45179,28.84340096,8.261616707,4,40.17923355
476,91.52404022,31.23526955,20.4156208,13.57069969,8.148023605,1486.32622,3,18242.4558,32.60830307,11.42964172,2,165.2149811
477,108.1531372,31.15753555,19.73834038,8.434766769,4.694351196,4726.59617,1,25767.76014,27.68443871,7.148947716,4,76.40400696
478,99.97084045,41.366745,28.72984314,9.493834496,5.439751625,5001.995419,1,25493.12629,25.93285942,7.973613739,4,316.6602783
479,65.47583008,55.44684982,28.69567871,12.48534775,7.617204666,4635.84777,1,25910.03727,30.78899193,9.48386097,4,339.9000244
480,85.87261963,28.27182198,18.92542076,6.115137577,3.805135727,25.37553548,3,4097.225552,15.05346394,6.810796738,2,65.85446167
481,50.53610229,29.19020462,15.98836899,9.082414627,5.957866669,720.2905128,3,3299.488955,16.69239616,7.503425598,2,233.3658905
482,23.19484901,62.63236237,21.45361137,7.736227512,3.964978456,228.2117725,3,3800.380607,12.41242409,5.443025112,2,58.24052048
483,36.85945892,31.84954262,23.27686882,10.07064629,4.901278973,3345.618184,3,585.440758,19.7157135,10.97720242,2,182.5084686
484,30.48505974,56.92521667,28.04405975,9.599833488,5.075592041,3612.17834,3,299.5819035,18.19789886,7.161953449,2,331.5240479
485,200.2671356,37.16114807,30.70648193,8.567193031,5.059028149,1838.891282,3,13905.30312,28.0318985,6.763346672,4,19.05770111
486,157.9289398,31.37726402,18.07434273,11.75986767,6.803506851,1037.193587,3,18088.66777,30.44344139,9.607923508,2,162.9892273
487,77.17343903,27.6878643,20.91323662,11.21502018,6.128824234,3587.005174,3,20537.54333,26.46865463,10.40945816,2,140.2305756
488,99.14633942,41.78095245,26.30737877,10.41230011,6.351964951,3608.342874,3,20650.20429,24.52741623,9.99639225,2,79.99201965
489,77.66472626,31.13460922,19.11893463,7.957377911,5.447419167,378.3636171,3,29012.77384,17.07465172,9.806605339,4,253.0724945
490,91.7714386,29.30153465,18.76636505,10.66025639,6.49477911,4192.924122,1,27017.78261,28.53580666,9.725527763,4,191.1489868
491,89.84483337,29.01967049,20.83456421,5.957194328,3.285586357,7030.080843,3,24672.48778,17.51376724,5.131639957,4,311.0069275
492,153.7714386,27.01319695,17.65209579,7.944330692,4.966300488,1938.630443,3,9046.328373,24.44955063,8.931855202,4,238.1340179
493,188.3372192,38.37003708,27.21439743,8.714413643,4.43783617,1854.064016,3,14203.88714,28.01609421,6.673382759,4,313.9769897
494,215.9547729,20.79511452,16.65648651,8.520425797,6.012662888,2864.157627,3,19518.04329,30.15489006,8.504955292,2,271.9749146
495,44.25024033,35.58927536,15.47596645,17.57650375,7.715679169,3680.78455,3,29600.58929,35.24742126,11.51660442,4,143.4429779
496,85.39170837,30.75650406,17.12007523,12.30628109,6.876393318,1112.680492,3,11951.24824,27.56320381,10.43593407,4,148.7173462
497,60.76705933,25.78180885,18.18200684,9.279608727,5.547283173,536.3340587,3,17376.95784,27.61455345,10.44123077,2,215.0851898
498,127.4661102,26.52854729,17.72844887,10.04015732,6.093470573,3133.672405,3,27784.04586,34.1950798,7.536289215,4,239.3063202
499,27.87503815,31.3510704,10.0521183,9.813936234,4.258242607,4286.463836,1,27059.16561,26.7142067,5.693016052,4,219.1140137
500,84.1437912,23.60625648,14.20452595,6.723557949,3.716133118,4083.158221,3,26020.01979,21.64615059,5.620676994,4,213.6900635
501,54.09553146,30.14330864,16.42764091,7.745035648,3.983436346,4421.13267,3,25545.0064,18.36210251,6.044174194,4,151.762558
502,53.29216003,44.62438202,23.99591637,10.10154152,4.632640362,3789.726131,3,29420.18346,26.30041313,8.012191772,4,79.84358215
503,189.6582184,49.45229721,28.78721428,12.19235516,7.048377514,3119.572242,3,29602.35727,34.73173141,10.41471672,4,307.265625
504,33.75960159,22.74187279,12.46601105,5.291147232,2.893966198,1571.05269,3,34917.76498,12.38358212,4.592631817,4,251.5650482
505,121.2140198,39.11408234,25.36576843,8.494156837,4.882318497,654.0570012,3,15017.31788,19.10493469,8.198353767,4,285.9453735
506,100.8705368,42.35555649,29.10672188,8.191212654,5.221334457,3716.437658,3,20891.33041,19.03353691,10.36434555,2,85.26425171
507,119.8625031,39.00247192,25.83901787,6.203565121,3.510407448,5276.355482,3,24675.19469,19.73140526,5.401046276,4,47.49425507
508,108.8775177,33.35993958,20.83212852,11.44900036,7.377028465,4224.582344,3,29315.30204,24.87391663,11.52617359,4,96.44953156
509,140.079422,25.27570724,15.61552238,7.715828896,4.939826012,1111.321813,1,32227.27466,25.35128212,7.291391373,4,290.7895203
510,128.0408783,24.60572243,17.8194809,11.89607239,8.061225891,304.5874584,3,35684.53727,30.04019737,11.17891884,4,137.5031433
511,155.8964996,37.35533142,27.64669609,8.974430084,4.983465195,777.7183683,3,31305.71376,27.88007164,8.241222382,4,43.3476944
512,88.61318207,29.54883003,17.19851875,4.393586159,2.945412397,2138.338947,3,6211.113733,10.73563862,7.188745499,4,227.0454102
513,213.5088501,32.05770111,22.23640633,8.790118217,5.102127552,46.07213722,3,15291.57257,28.29674911,8.873348236,2,73.31994629
514,110.9450455,25.36310005,19.21935272,8.057571411,5.613525391,6756.003734,1,24836.07868,26.79881668,7.53459692,4,39.27626801
515,126.4471664,43.81548309,30.49406815,9.692243576,5.711771488,6496.79405,1,24815.44743,26.91408539,10.46215343,4,31.8184185
516,117.1929092,31.66941261,24.24987602,7.445828915,4.674968719,4641.750071,3,24728.45695,23.0608902,7.294600964,4,62.6501236
517,150.4534912,26.44861603,14.10734081,9.42952919,5.853098392,2135.462479,3,27666.46779,26.38971138,10.33224869,4,235.5965881
518,3.018174171,30.47588539,10.68470669,1.747164011,0.840975761,2754.826606,3,6867.18061,4.464540482,1.130152822,4,48.69520569
519,43.18207932,54.0863266,26.05733681,6.764792919,3.761398792,2615.193456,3,1311.179032,12.6062355,5.579460144,2,40.86473083
520,141.2439728,34.3038559,18.095047,10.22836399,5.100223064,1710.932365,3,8941.685133,23.31209183,8.902310371,4,195.1679535
521,94.30858612,27.2952652,23.03387642,7.101994038,4.636107445,4673.051097,3,21879.18429,22.41742325,10.35623741,2,271.2332458
522,238.2882996,36.2484169,29.11763,8.840202332,5.452046871,1137.992556,1,31235.38002,32.22973251,7.397415638,4,28.66253471
523,104.9783554,32.49259567,17.78473854,10.57719231,5.763412476,4454.052392,1,26167.92182,24.44634819,7.609585762,4,196.7409515
524,234.7333374,34.22170258,24.32211113,10.2646265,6.1743083,2160.534753,3,27146.25624,30.45767593,8.964697838,4,262.390564
525,115.4465332,27.47192955,16.62457275,11.86850548,7.668698788,3476.062342,3,28532.88004,28.40509796,12.27199364,4,112.9128265
526,103.7569809,38.52065277,21.03142357,8.624378204,5.660768986,591.2668358,3,34574.15174,16.47744179,8.690142632,4,225
527,3.763204098,44.77278519,18.29287338,2.8835783,1.766485929,2729.278025,3,6840.641575,4.161881924,2.076784611,4,94.39870453
528,16.83453178,27.0024128,15.22577667,3.830598116,1.890955329,113.8254058,3,3924.280461,9.524726868,2.27346611,2,78.69006348
529,78.94177246,29.10051537,22.30900955,5.510655403,3.233849764,729.2192522,3,4758.005322,15.35719776,4.604944706,2,45
530,34.09180069,39.15828323,22.78407288,9.382637978,5.45881176,3402.144478,3,511.829729,18.03692245,9.514652252,2,322.9893188
531,95.1264267,22.86288261,15.24067211,6.713311672,3.738195658,4545.035186,3,2068.865354,21.32500267,6.47241497,4,146.3843384
532,92.89878845,28.02061844,18.39459991,10.36631203,5.74576664,3832.648913,3,27162.41254,31.3577652,9.027007103,4,189.3431091
533,131.9095917,36.71489716,24.74918556,10.25191402,5.950361729,3890.690822,1,26491.19869,30.17396927,8.133631706,4,312.8136902
534,89.77458954,41.95762253,26.31313133,9.95035553,5.962296486,4729.573676,1,25937.63064,25.24798393,8.749267578,4,273.7313843
535,112.0019836,22.19734764,16.64357185,6.537166595,4.061231136,5725.237224,3,24931.16853,21.81522179,6.073534966,4,92.93567657
536,73.67388153,33.20085144,17.16699409,12.13595581,6.461565495,4144.011478,3,29031.5348,27.27038002,11.25485897,4,147.2510834
537,143.6333466,36.62537766,23.59178734,14.20747089,8.525252342,3533.242128,3,28803.58316,32.15962601,15.04773045,4,284.7438965
538,54.66666412,34.81880951,30.36068916,11.20575905,7.516356468,3.393235,1,16871.99109,30.22676468,9.32228756,2,27.81664467
539,82.80612183,42.13254929,27.46759987,10.83612537,7.030965328,4530.04728,1,26642.64605,31.53376961,7.359168053,4,336.940918
540,77.40552521,51.42644501,27.56110764,11.31979656,6.773674011,4661.857726,1,26327.41242,30.46817207,8.319858551,4,75.21857452
541,58.79181671,29.23000526,19.04738998,10.14753819,5.830238342,4363.745634,1,26492.78094,28.70122528,7.876799583,4,223.4416199
542,80.01758575,26.81697273,17.94309998,11.01897717,5.699652672,1780.701262,3,11173.06851,28.67709732,8.995864868,4,199.0694122
543,75.35321808,35.42841721,15.49168968,8.3804245,3.90388608,2456.232381,3,10372.74595,20.32618332,5.549834251,4,272.353302
544,86.43994904,29.26348495,14.39013863,5.71329689,3.490783453,1901.774151,3,5954.602502,12.34705448,6.67160511,2,202.1663513
545,70.56082916,30.50545883,15.30592918,6.55840826,3.84610939,682.2206766,3,4730.590323,17.46689606,6.891931057,2,110.2537079
546,26.4693222,45.28562927,21.86075592,6.87228775,4.826304913,3248.897062,3,663.4851693,10.68785667,9.298999786,2,272.4237061
547,112.7904663,28.33593559,16.79239082,8.242710114,4.575520515,1795.820944,3,9107.449903,23.07726479,7.401809692,4,240.9453888
548,135.1287079,27.42318153,16.37358475,10.37837791,5.847220421,3117.158009,3,10477.09787,26.08239937,9.610248566,4,76.34664917
549,155.3453369,29.23310471,17.77634048,9.646910667,5.530396461,2852.402443,3,10292.37157,23.99751854,7.981879711,4,161.1764832
550,131.7288208,27.46671486,15.92373753,9.445693016,5.501280308,3356.671526,3,12582.52579,27.10421753,11.83616543,4,138.3997192
551,119.357605,32.12261963,23.00593758,10.1697979,5.67454195,3282.462446,3,20409.64755,24.81936264,9.605706215,2,91.83576965
552,103.9445953,24.73573685,16.90030098,8.011966705,5.323306084,1625.817973,3,33025.55717,23.32039833,7.431195736,4,253.5231171
553,71.84647369,34.40431595,20.89313126,8.903654099,4.275298119,2292.796714,3,33988.46795,20.36011314,8.031890869,4,279.4623413
554,118.4115448,37.54104996,25.77210808,8.787396431,5.3057127,1770.410863,3,10988.65727,25.71360588,8.207694054,4,294.4439697
555,99.4827652,44.38003159,29.60082626,8.837013245,5.195125103,2432.77769,3,10210.14733,23.79718399,9.367495537,4,32.8285408
556,191.9849396,25.05375481,15.75658512,6.061907768,3.476145744,4192.195367,3,8302.903247,18.87220383,5.787990093,5,66.99113464
557,122.0102692,33.79802322,20.40190315,12.17318439,7.605203152,1509.141135,3,31911.93684,25.25813484,11.75746441,4,100.8403015
558,27.85894966,48.82412338,24.584692,3.881957054,2.000860929,4251.814922,3,21432.2583,7.702606678,4.069989681,2,45
559,204.3457336,22.40488243,16.42750549,7.355231762,4.928638458,4210.681758,3,31177.58832,26.82893562,7.651164055,4,88.17471313
560,84.05410004,22.84381676,12.97779655,6.364750862,3.925287008,7626.211678,1,24597.86393,24.34593582,4.709947586,4,263.6051331
561,106.7747803,23.86380386,14.77444458,10.16569519,6.998559475,7350.799355,1,24870.88491,28.78577995,9.237546921,4,290.2487793
562,192.4942932,24.97334671,18.59058952,7.638981819,4.638431549,1088.536593,3,14924.67149,24.65243721,6.876782894,2,293.2517395
563,141.3353424,52.54768753,28.95302963,8.768047333,5.730465889,329.3659482,1,16752.56342,26.29888725,7.725533485,2,290.9125366
564,47.95429993,31.84135437,20.80484962,8.72925663,4.550658703,997.3195414,3,17548.63303,21.96345901,9.548870087,2,228.6522217
565,100.8150864,24.68994331,20.92529106,7.882293701,4.495901585,4578.42757,3,21761.62095,23.10455894,9.39543438,4,275.8494568
566,127.4454956,30.27488327,18.22287178,12.99074745,7.535284519,7513.545274,3,24747.93222,30.77658653,14.14373207,4,207.7185059
567,168.2106781,34.1096077,16.9196167,15.79609394,8.597924232,2562.444504,3,27534.31097,31.98103523,14.99901104,4,230.6175842
568,102.0165405,33.03552246,23.93297005,7.563295841,4.716161251,238.29952,3,18909.69787,21.21305656,5.679238796,4,286.5454712
569,88.68423462,26.68299294,17.66559601,8.837014198,5.450019836,1159.594997,3,11677.43618,22.89238167,6.78797245,4,305.047821
570,86.10256195,33.49188995,21.43248367,6.440694809,3.820460796,639.9862269,3,4636.862255,13.46758652,5.246807098,2,45
571,49.64572525,29.08643913,19.14683723,6.801563263,3.710547924,225.5564695,3,3779.172996,15.06776333,6.661019325,2,74.41682434
572,61.95464706,38.16559219,25.81702232,7.821259499,4.64281559,3337.835683,3,545.880952,18.05456352,7.572834492,2,258.2935791
573,54.40353394,44.53284454,26.59459496,6.960670471,4.106238365,3793.776704,3,78.57275003,14.43447781,5.576784134,2,35.49169159
574,80.675354,23.31285858,14.71534348,7.098566055,3.886623144,5033.612801,3,1575.56053,21.72251129,5.966785431,4,192.2647705
575,74.9761734,32.9053421,21.15485954,11.25049591,6.159741879,1272.252485,1,32011.16743,33.3464241,9.073466301,4,56.31764603
576,162.2917328,33.25224304,23.13998604,11.98940659,7.7171278,3932.490582,3,28534.50934,31.50682259,13.17143059,4,57.90740967
577,106.7031708,48.19584656,29.91935921,11.04277134,5.983822823,4114.554144,8,28893.97144,33.12314987,10.33731556,4,310.7636108
578,82.11729431,32.12681198,23.20416641,9.290070534,4.923654079,1578.122984,3,27798.66101,22.67555809,10.04613972,8,54.46232224
579,85.18968201,29.00761986,16.12971115,9.9090662,5.5934062,790.5998454,3,12341.77815,21.8827343,10.26378918,4,223.1880493
580,23.77770042,41.91674423,18.33012199,8.0100317,3.386867046,622.6377431,3,12626.49581,16.2620182,9.694015503,4,221.8201752
581,8.259178162,40.40316772,27.50742531,3.942387342,2.364922047,3081.379931,3,831.6910797,8.078180313,2.099015951,2,46.59114075
582,76.0374527,48.45320511,26.36021614,7.394879341,4.083236694,2765.043625,3,1110.663955,14.64972401,5.85972023,2,66.37062073
583,131.4953918,35.31129837,22.0725956,8.65604496,4.93822813,506.309329,3,7437.891814,22.7079525,9.248579979,4,61.05998993
584,192.6263428,42.01669693,26.11014557,10.0062561,5.030219078,295.4281279,3,6783.671841,24.92913818,8.896724701,4,49.18072891
585,28.77679634,33.9377327,21.20790482,9.178647041,5.260429382,873.2448393,3,7952.034822,16.85730934,7.415043354,4,76.2953949
586,66.82875824,24.52884102,17.27204132,9.381809235,5.521645069,1257.902559,3,8330.811217,25.30973244,8.167431831,4,235.0847473
587,115.918663,39.02186584,24.53711891,9.442481041,5.372076511,2117.610173,3,9692.169511,23.27863121,7.86993742,4,53.74616241
588,54.89043045,29.77591324,17.27959442,9.941573143,5.967005253,7213.719082,1,24788.11841,24.03482628,8.615799904,4,236.5921783
589,128.529541,33.563694,26.12917709,9.172325134,6.041079044,126.2152404,3,13404.46747,30.13414955,7.303274632,4,29.20114326
590,96.64582062,26.48053169,15.65019608,5.583859444,3.283465147,1736.689736,3,5773.672096,15.04495907,6.934659004,2,247.6198578
591,13.24845505,48.12474823,25.51444244,9.729990005,4.933476448,2890.502878,3,12742.7943,13.94300652,7.859880447,4,329.4763184
592,120.9569702,25.51556015,15.47060394,9.413393021,5.724633694,543.4859005,3,29354.98894,28.87767029,8.993665695,4,111.3958893
593,104.919426,26.20849991,15.17779922,8.895804405,5.513100147,5555.825042,1,25199.96419,24.35261345,7.26290369,4,85.76360321
594,208.1364288,21.63981628,13.35020256,7.212766171,4.123950958,2017.034654,3,30276.08786,29.16579437,7.781598568,4,50.83582306
595,82.06986237,19.59442902,15.50973701,10.65224457,7.023926258,786.6743533,3,31012.14709,34.75666809,9.270934105,4,202.1663513
596,8.119112968,52.46150208,24.24368668,4.341970444,2.522056818,3027.7593,3,877.5919666,6.392880917,3.034337997,2,62.5255661
597,62.48081589,40.27700424,28.12695694,8.823811531,4.173588276,2016.996461,3,4552.162453,20.8452301,6.454553127,4,31.42956543
598,128.4293671,45.33270264,29.81340218,10.86237335,6.38718605,2231.097156,3,12608.3094,27.2030201,8.846550941,4,42.45909882
599,130.1386414,26.88706779,18.66066742,9.157464027,5.379403591,2246.044623,3,13008.79389,25.82299423,7.914997101,4,266.991394
600,26.49721527,37.16553879,18.90437889,11.6830759,6.902245998,164.7409713,3,28661.13815,15.94723129,9.563301086,4,229.8453674
601,72.90087128,33.06801224,20.42144585,12.48786068,7.084018707,3027.29384,3,27294.3133,30.18112183,10.22962761,4,186.7661743
602,140.7226868,43.05830383,30.21888542,9.688361168,6.364581585,3053.826081,1,26766.92589,31.47373199,7.335035801,4,336.6308899
603,141.1690674,32.68210983,19.10091972,9.577903748,5.06631279,6333.328198,1,24679.81265,26.09979057,8.11575222,4,276.0724487
604,74.21520996,31.20389175,20.75324631,6.278157711,4.31383276,1748.522744,3,34047.24593,17.12105751,8.150099754,4,211.1604156
605,79.06259918,24.26478958,14.56769085,6.901402473,3.869726896,4353.434716,3,2241.815077,21.37146568,6.921728611,4,228.4685669
606,129.8647614,28.41529274,16.10026741,10.08543682,5.674697399,2461.648655,3,9935.985403,25.74563408,8.04462719,4,168.6900635
607,264.3830261,22.26616478,13.31052208,8.420595169,4.793284416,996.7340045,1,29336.87442,33.38220596,7.084527016,4,58.27832794
608,89.87045288,31.69621849,19.25593948,10.49131393,6.300798893,218.4181522,1,28717.74916,28.38185501,12.4021225,4,59.88626862
609,20.23758888,44.58830643,16.91963768,9.508265495,5.038711548,1043.656859,3,30658.27021,18.22085953,5.858263493,4,79.05421448
610,121.4556885,29.70156479,18.75061798,12.5569334,8.705945969,1664.097316,3,32652.73522,29.52359581,12.61561489,4,103.7501755
611,37.90206909,31.78556442,17.68607903,5.273180008,2.829001665,3162.410404,3,7273.482635,9.9273386,4.590102196,5,66.80140686
612,81.56130219,32.40225983,22.15382004,9.509179115,6.86040163,2594.436148,3,4108.779201,20.01241684,8.892953873,4,79.76799011
613,104.5176392,47.75348282,26.46774673,8.759381294,4.765077591,5797.882054,1,24997.46708,23.97208786,6.942261219,4,46.59114075
614,193.6488647,31.70240974,17.5498867,13.36035442,7.179645061,2163.618034,3,27174.14159,30.61012077,12.18174648,4,122.4711914
615,129.5715485,27.92746925,16.44064903,7.280529976,4.571792603,1576.971035,3,32185.73799,20.69228745,5.726172924,4,210.6947632
616,71.07583618,28.04369545,17.93230057,7.07510519,4.649925709,5239.418809,3,1292.497349,18.23418999,7.158710957,4,87.67804718
617,108.5094528,35.54478073,25.3224926,7.642285824,4.797413349,2722.666962,3,4104.068772,20.84147072,8.733269691,4,272.9108276
618,75.44470215,39.09132385,27.38887978,7.113749027,4.102433681,1830.391579,3,4921.839228,19.03167915,7.545843124,4,45
619,77.13252258,30.07004929,20.81962204,6.332379341,4.077442646,1539.306303,3,5254.942815,16.28158379,7.396217346,4,242.1872711
620,166.1052856,31.59811974,24.64845276,7.984254837,4.444906235,1029.224817,3,15745.71577,28.29335403,7.09278059,2,37.8114624
621,178.4853516,24.99079132,16.05710411,10.23220348,6.732037544,1931.545825,1,30961.37094,31.88251495,9.348865509,4,259.0635376
622,56.63614655,25.59309959,11.53727341,8.829336166,4.143045425,1961.082521,3,29926.77846,36.37026978,5.943302631,4,75.08650208
623,89.31773376,44.90283203,26.21393585,14.20880699,6.865838051,3419.610002,8,28371.14179,30.79082298,13.49844074,4,83.6598053
624,70.5217514,30.86438179,19.41710281,12.83413506,7.4838624,592.2368939,3,30910.66749,30.86602592,12.592659,4,210.068573
625,40.48698044,40.74411011,25.59002304,10.15927696,5.883844376,868.5567968,3,21027.87686,19.20883369,9.190345764,4,290.0517883
626,84.90073395,37.71843338,24.53009987,7.848195076,4.693198204,1743.621877,3,15519.25022,18.43814087,7.777682781,4,270.8069458
627,125.9062729,27.00496101,20.08073807,8.845265388,5.730278015,1919.136581,1,31930.35181,27.38423729,8.456104279,4,63.06047058
628,262.2988892,24.26447296,15.08255863,9.742970467,6.016166687,2061.068344,3,27128.22671,30.49666786,10.33333492,4,214.6176453
629,331.1633301,22.5214653,13.73944855,9.951786041,6.428064346,2038.970171,3,27195.86199,31.05072594,10.38760471,4,215.2303009
630,59.03129196,33.06413651,22.2475071,12.9968977,8.225225449,88.18491275,3,30908.81352,23.52902412,14.52765751,4,81.86989594
631,135.5954742,25.38734245,16.54907608,7.481716156,4.605153561,851.447226,3,31431.56925,21.80117798,7.829965115,4,249.580658
632,133.8009644,24.08807182,16.86751938,12.93322754,8.070713997,166.4356436,3,34692.31246,34.34221649,12.21038055,4,121.6633759
633,106.1386566,31.29269218,17.67695808,9.599496841,5.692854404,1563.726727,3,16435.20925,20.6439991,8.118542671,4,94.39870453
634,139.6216888,28.70080376,19.21406174,10.77952003,6.078506947,1976.118186,3,27319.5256,27.13330078,9.424590111,4,151.6992493
635,182.38974,26.2252903,16.9955101,9.416054726,5.98716116,2100.358437,1,26656.59523,28.53733253,9.249849319,4,279.6599121
636,95.06614685,46.66112137,27.91913414,10.35022163,5.58301115,5200.634673,1,25369.3675,25.60202789,7.500395298,4,320.04245
637,116.3276978,32.97999191,18.00997734,12.55838966,6.739543915,1373.732992,3,33164.31507,27.76862144,10.68126011,4,128.6598053
638,25.98907471,30.75807762,15.45233727,7.529735088,3.260231733,1912.384219,3,33819.63424,20.57421494,4.933751106,4,219.0938568
639,86.29466248,26.40540123,15.9741478,9.515233994,5.507345676,284.4677229,3,12985.23588,28.62944031,8.109062195,4,66.58396912
640,91.7824707,26.4697628,17.24664688,5.739602089,3.082345247,35.71844563,3,3932.644751,15.80084705,5.179427624,2,54.78240585
641,60.01855469,30.94292641,15.29143238,7.686746597,4.062760353,809.6231228,3,3147.883679,14.34189987,7.108760834,2,247.8698425
642,133.1564026,23.13463211,15.48413467,9.917716026,5.809172153,1811.60895,1,18306.43469,31.639328,8.064982414,2,311.7678833
643,303.3726807,25.25199318,16.35758209,9.508992195,5.375854969,1048.308977,3,29037.04577,31.7756691,7.825782776,4,132.3327637
644,115.4199982,26.36675835,16.26874352,9.001778603,5.278317928,1182.798123,3,28229.55715,27.07615662,8.849093437,4,251.8391418
645,164.6367493,25.1579113,15.93427753,9.124756813,6.742062569,7904.89124,1,24213.90018,29.43243599,11.06400585,4,261.5410767
646,203.6755676,24.56134033,15.55468369,9.331423759,5.235176563,1864.906176,3,18059.51771,28.92176819,9.210373878,2,247.416153
647,96.72902679,26.25601578,14.88745499,9.343680382,5.310563087,2732.322842,1,33331.48909,26.49390221,7.930303097,4,97.9801178
648,44.84454727,30.11712265,16.97068596,5.455089569,3.324519873,1696.09331,3,21948.25865,10.70865345,5.12037611,4,86.38572693
649,46.89112091,47.86743164,25.41807556,5.579424858,3.317452908,2063.784903,3,21952.70613,9.842432976,4.312176228,4,59.6208725
650,113.0264053,42.4287529,25.58278656,7.750239372,4.341204166,1824.089371,3,16346.03625,16.70008278,6.117165565,4,59.03624344
651,165.3285065,40.849617,28.82823181,8.17834568,4.692472935,666.2683695,3,13712.68701,22.65106392,7.736199856,4,34.86053085
652,0,28.24961281,0,2.912520647,0,2778.983278,3,6871.466679,7.472102165,0,5,59.03624344
653,109.6953964,22.43969154,18.57728577,10.42157364,6.439192295,722.2122989,1,17134.94815,31.79248619,8.742549896,2,28.0245018
654,107.2220459,25.89009094,15.28511238,9.108574867,4.942563057,3627.597997,3,31865.02274,28.1353302,7.465586662,4,143.1300964
655,117.9151917,47.52306747,27.52573967,9.053806305,4.834856987,2062.516002,1,31516.93139,24.07623291,7.835727215,4,315
656,94.04764557,24.97673035,20.54361343,9.902994156,6.252414227,2183.147068,1,31142.32228,30.55905724,8.98542881,4,69.10043335
657,77.42566681,36.32968521,19.65956688,12.00806332,6.185630322,7136.071103,1,24598.35834,23.74572372,8.121058464,4,27.18111038
658,262.8611755,27.0862751,17.92576408,9.140376091,5.483685017,2246.466632,3,29791.75326,32.84192276,7.692811966,4,43.07687378
659,18.80154991,59.07925034,23.73486137,8.688789368,4.162714005,2412.685385,3,33755.43579,14.59916973,5.125164509,4,24.90958023
660,171.0800629,41.08787155,28.35702705,9.661779404,5.078758717,7890.602303,1,23728.41623,27.32573318,8.713732719,4,296.5650635
661,32.49423218,45.10084534,29.27015114,9.765369415,6.130708694,7470.241495,3,24467.06253,27.8814621,7.284047127,4,22.91282654
662,254.7575073,49.74238968,27.23036957,11.23459339,6.450787544,2235.47907,3,29121.11192,27.6317215,11.97141266,4,73.88658142
663,277.793335,27.39519882,16.89127541,11.62862301,7.060037613,2753.870152,3,28928.93026,31.64607811,10.76062489,4,107.7004242
664,125.4981689,29.8975029,19.51600838,7.882083416,5.583386421,824.4179147,3,34380.08762,17.87672234,8.64735508,4,117.294342
665,126.7912598,37.6288681,24.55763245,9.629117012,7.441318512,499.4312119,3,35867.90555,22.39674377,14.91922379,4,292.9320984
666,141.9067688,28.38657188,19.17418289,12.62629318,7.370429993,404.0331231,1,34946.44098,32.72277832,12.80309486,4,286.4341431
667,41.7444191,61.32790756,23.08082771,6.296589375,3.813384295,1721.727031,3,21208.03284,10.11678123,4.955075741,4,54.09027863
668,37.98774338,48.30138779,24.38152122,6.436863422,3.787458181,1473.036122,3,20771.41077,10.56885052,5.516525745,4,265.1008911
669,51.96732712,27.64330673,15.94216251,5.71763134,3.360823154,3234.410624,3,7283.01491,12.23370361,4.851534843,5,68.74949646
670,72.92953491,25.83259392,13.63362217,8.739826202,5.021262646,4124.18706,3,31334.69657,25.25781441,6.426105022,4,82.44018555
671,128.0267487,26.23942375,15.65340137,9.920262337,6.558671474,964.8500782,3,25482.22917,31.30292702,8.84522438,4,136.6846924
672,37.61951065,31.93793297,19.34343338,5.495668411,3.119410515,773.1706492,3,7898.800956,14.68268776,4.980009556,4,98.48596191
673,17.66636848,40.22487259,20.55579376,9.545928955,4.705509186,982.1740101,3,8135.005769,15.68956852,9.936814308,4,249.0951233
674,44.01373672,25.4594841,13.36419773,7.451541901,3.755494356,3111.486841,3,11336.28125,19.52035332,7.224637032,4,140.7106018
675,124.3711014,32.07900238,22.83971977,10.15975857,5.489891529,2584.120774,3,11478.14672,27.04582596,10.51289463,4,310.4260864
676,151.1925812,46.46252823,27.86125755,9.945476532,5.902498722,2405.935458,3,12106.51748,26.00457001,9.33350563,4,313.876709
677,12.39462376,43.73738098,16.56263161,10.24590683,5.840449333,3400.106952,1,32164.70547,18.5772953,6.551793575,4,147.9074097
678,92.54592133,25.46045685,16.39089203,8.632858276,5.874459267,3958.645378,1,31582.41027,29.08621216,6.253553391,4,105.2926178
679,19.07828712,45.91087723,24.67156029,11.56346607,5.578803062,3429.006973,1,32151.51714,21.86692238,7.43998003,4,17.32791901
680,47.11990356,31.08577919,18.31661034,12.72627163,6.819207191,3152.043481,3,32455.41393,29.13942528,9.705768585,4,161.0033569
681,79.23245239,32.77948761,23.30450249,9.707932472,5.419366837,3441.67189,1,32184.38728,27.15148926,8.703948975,4,21.72291946
682,105.1859131,28.98096657,20.48042679,10.18488503,5.519510746,1763.57253,1,33434.88903,31.85933304,8.786236763,4,55.23455811
683,94.82133484,21.91085434,15.59237003,9.428667068,6.000793457,2271.937396,3,29848.69539,32.20859146,7.862674236,4,157.2118225
684,179.6134644,19.92934036,10.70958805,8.457842827,4.822160244,2401.365691,3,29256.66077,29.8611145,7.48500824,4,194.4000244
685,308.3889465,37.23059082,24.94575882,9.689927101,5.661848545,1082.998187,1,28682.74719,32.6308403,8.669082642,4,72.76177979
686,225.5587006,34.20436859,23.72668457,8.570450783,4.987090588,8703.629315,1,22968.77813,26.60086823,7.981940746,4,65.60748291
687,37.50530243,26.05236816,20.9025116,13.52669716,6.829595089,27.71288499,3,25914.2814,26.89639854,11.36213398,4,196.151947
688,148.1845856,21.17889786,13.3754158,6.467033863,3.934669495,1121.515866,3,33505.0522,22.61003113,6.402328968,4,234.6733551
689,22.29909515,47.05010986,20.29746437,6.76387167,3.997549772,1270.301821,3,20239.33199,11.48409557,6.179889202,4,95.19442749
690,10.04434586,60.23611832,21.31525993,7.212742329,3.826011419,2805.377958,3,1089.807798,13.36002064,5.757584095,2,24.44395447
691,78.6641922,25.40751457,15.00223923,6.826600552,3.802715778,4435.734775,3,2133.411782,16.86048698,6.255585194,4,172.5041504
692,78.83843994,32.80251312,22.27117348,10.46709061,6.669087887,3827.031445,1,31687.93153,31.73784256,7.516331673,4,18.74975586
693,78.03426361,36.310009,21.88640022,12.57427883,6.600721836,3563.902007,1,32296.52498,28.55678368,9.400158882,4,274.9697266
694,148.401001,29.47864342,21.40403366,12.15184689,7.315735817,2139.044941,1,32320.95176,33.56034088,11.42114067,4,251.1543427
695,133.1298981,37.78229523,24.40232277,11.11768627,6.566365242,889.1961781,1,26232.22001,31.50917435,8.697746277,4,320.8165283
696,154.270752,28.7265892,21.60593987,5.717250347,3.663000345,2134.964693,3,32707.10594,16.58064842,7.970196247,4,257.2756348
697,90.16546631,44.3290329,27.51000214,7.669127464,4.402845383,1734.255625,3,19254.61202,16.72465897,6.680481911,4,294.7943726
698,103.953476,29.60559845,15.61031628,10.5323801,5.505687237,417.5270941,3,13632.37376,25.94456291,8.69033432,4,106.1288757
699,152.9610901,32.46853638,20.9776268,6.863136768,3.519518614,4054.792069,3,8143.042135,17.30225563,6.718859196,5,55.43747711
700,209.8587952,20.9062233,12.81061554,7.882249832,5.163873196,4485.96728,3,30918.21589,29.9152832,8.657268524,4,66.43651581
701,229.5748901,21.43403053,14.10555649,8.262001038,5.765183449,4818.677281,8,30601.75897,30.49746704,7.730057716,4,79.74317932
702,138.2710266,35.23170471,22.10897064,10.2999773,6.157010078,2772.507879,1,33019.80724,28.64045906,8.560880661,4,97.12501526
703,154.3857117,39.59627533,29.03377724,10.66317463,6.445524693,2896.926562,1,32639.30478,32.5279808,9.924947739,4,322.3325195
704,112.5905228,29.67711639,20.37288475,11.21836376,6.771229267,2450.919554,1,32454.81656,34.72354126,9.403043747,4,51.16783524
705,127.1766205,27.81951141,16.72259712,10.28530693,5.859824181,5307.968408,1,25265.40193,29.5233345,8.838871956,4,196.1644897
706,104.668129,27.33085632,17.48752022,10.89291096,5.900955677,6017.513523,1,24667.13945,28.78555107,8.407234192,4,151.6992493
707,103.6951447,36.69731522,25.83469582,6.570034504,3.752583981,6676.97159,3,24683.37762,18.26841736,5.263745308,4,327.5687256
708,49.31388855,35.71733475,19.10123062,7.099217892,4.912273884,1801.370321,3,35102.3546,14.52406883,8.918259621,4,154.8552246
709,50.12804794,23.60271835,15.79406071,6.495874405,4.157489777,284.9876861,3,4299.278928,17.71064377,5.181668282,2,55.22216797
710,113.2096939,31.24818802,17.68957901,11.57798862,6.995776653,5230.739577,1,25606.71735,30.24144363,8.962512016,4,207.2161102
711,115.2880707,27.46912003,16.32954025,9.131961823,5.740621567,4795.35772,1,25541.87244,27.72034454,7.339731693,4,104.1464615
712,56.04237747,31.33359909,19.10424423,9.965416908,5.580057144,7244.30625,3,24380.97782,24.37768364,7.964697361,4,126.8698959
713,115.0886841,35.93732071,26.72110176,10.35996246,6.313075542,8004.600623,1,24256.89311,28.93888474,10.20067501,4,326.3099365
714,93.400177,49.80002975,31.42438889,14.19907188,8.842092514,192.7099669,1,25644.22025,35.37009811,10.93923378,4,332.5160522
715,144.8344574,29.62501907,17.9473896,12.636549,7.554267406,286.4032013,3,25776.06884,32.23744965,10.52303696,4,260.6221924
716,193.5732269,25.97299957,15.1873188,6.660646439,3.445047379,4065.118801,3,8631.486265,18.72547531,6.243821144,4,54.68878555
717,139.2572937,23.69402313,13.08296871,5.858702183,3.246021509,4093.735987,3,8198.495478,18.10419655,5.122518539,5,87.15174103
718,104.8264923,46.2218132,28.68635178,8.632991791,4.38702631,4040.556232,1,31573.46804,25.35393333,7.42335844,4,304.2156982
719,95.50756836,30.44500732,24.16017914,8.255748749,4.784432411,2195.867238,3,26996.95222,22.85479927,10.73027611,4,54.95721436
720,106.7107544,29.79313087,15.81942081,6.112493515,3.543445587,1840.851891,3,5848.673844,13.94774914,8.176039696,2,229.0856171
721,55.36446762,29.70882607,18.20528793,9.632514954,5.120992184,1030.47112,3,8265.050364,22.6791172,11.44804859,4,218.1331482
722,45.03603363,40.61788177,24.06324387,10.152812,4.725719452,852.1986718,3,30607.96318,21.12666893,7.35347271,4,49.41997528
723,19.1056881,40.57132339,16.03210449,10.42536259,4.503473759,546.3857435,3,12379.68212,16.94108963,8.534371376,4,206.5650482
724,119.2012939,34.26422119,26.60108566,9.793808937,5.825129986,171.7582524,3,12802.56489,25.76587105,9.470573425,4,33.69006729
725,117.0534668,23.34498978,16.93556404,6.885864258,4.064302921,761.1351639,3,11958.26279,21.76116943,9.028812408,4,242.6125793
726,56.13684082,52.77602768,26.79087448,8.927510262,5.189352989,2385.446259,3,1486.127726,15.92626381,6.643864155,2,49.83804321
727,153.3086853,28.88688087,16.65059853,10.03166676,5.558179379,143.2128031,3,6880.161485,27.35984421,8.387883186,4,107.3830643
728,126.8155518,33.89656448,17.29516029,9.91058445,4.994905949,94.17859978,3,7220.336599,23.7563591,7.678194046,4,91.84761047
729,80.77024841,30.78381348,17.36548042,11.97715187,7.549664021,5961.545926,1,24909.63873,29.51875114,9.221765518,4,75.25643921
730,97.99533844,27.67839813,16.68360138,8.366854668,4.937105179,7036.777559,3,24224.80454,26.58930779,7.472995281,4,118.2949829
731,111.4914551,29.29925728,17.77343178,10.19063759,5.677025795,6910.152423,3,23965.75148,25.90937805,8.147854805,4,190.954071
732,91.54006958,37.89985657,25.73361778,12.05442047,6.629498959,3429.886579,3,28213.54326,30.36989784,11.19049931,4,285.9453735
733,164.1023407,50.95749283,28.2455349,9.982350349,5.210656643,1095.264092,1,29960.86024,26.96123314,8.358747482,4,105.018364
734,51.21547699,35.14398956,22.74172783,13.79762459,7.757970333,138.0167509,3,30661.90138,25.97337341,11.67926788,4,227.4502869
735,142.6546783,26.29799843,17.88878059,9.761576653,5.607679367,485.4451006,3,7728.288841,27.94896698,10.55584335,4,45
736,40.13154984,43.93808365,28.41195679,6.724443436,3.311241865,2855.833133,3,33349.34821,12.88134098,4.966689587,4,32.47119141
737,156.7530975,31.03798103,26.5224781,7.469481945,4.573564053,3691.137837,3,32777.06214,22.17379951,7.165056229,4,306.7405396
738,189.6074829,24.74749947,15.89805984,9.779122353,5.342851162,2250.992579,1,30405.42885,29.32468033,8.297266006,4,207.240387
739,131.7275391,30.6052475,17.43628311,9.467755318,5.684206963,4315.081784,1,25409.76523,29.55225563,7.58739233,4,225.5379944
740,99.05888367,48.37774658,27.07956886,10.440382,6.279912949,6423.10996,1,24263.86768,27.7546196,8.656022072,4,82.6656189
741,119.608551,26.00513458,19.46426964,8.626314163,5.459219456,6693.008794,3,23626.34194,24.50232887,7.713519573,4,270
742,76.53451538,34.69408417,20.87256813,6.436120033,6.049060822,1322.551514,3,35502.89192,12.74662399,12.59101486,4,171.7276154
743,147.8190002,25.32111359,18.31156349,7.725417137,4.729305267,1577.080856,3,31268.15351,20.5845871,8.923078537,4,206.175293
744,143.7698212,25.85500336,15.07840443,8.463700294,4.035813808,1353.541077,3,27523.1669,21.23532677,8.73448658,4,196.5194092
745,105.9682541,29.09781265,17.34543419,12.5810461,8.603396416,161.5939308,3,12592.0407,30.758955,12.5872879,4,62.89673615
746,59.94586182,28.996521,17.05102158,12.6212616,5.958314896,1096.433777,3,17316.40369,29.21702576,10.44200134,2,69.46150208
747,230.2079163,28.70331955,22.37811089,9.90067482,6.226139069,29.31339132,3,15963.33748,27.75461388,10.04610348,2,75.65916443
748,219.6812286,47.61575317,28.87444496,9.491110802,5.408647537,205.2784256,1,16225.04322,25.97688293,7.930856228,2,314.6952515
749,86.34091949,26.97661591,16.75172615,8.989028931,4.688105583,5578.984578,3,24933.71741,24.74298477,6.903285027,4,150.1011047
750,49.62843704,27.87738419,21.48122215,8.514422417,4.705149174,6547.677121,1,24336.16172,26.52435303,4.860390186,4,55.05804443
751,138.6631775,26.8977108,18.03064156,7.938530922,4.900753975,2385.872767,1,25650.69007,23.90613174,7.557453156,4,70.24454498
752,123.4544754,39.33614349,27.57286072,9.60509491,6.25110054,982.3727568,1,25002.90867,29.50178146,8.615954399,4,323.7073669
753,59.95683289,35.39855194,18.86861229,6.298168659,4.398470402,918.4032001,3,35304.49576,12.03083706,9.282484055,4,150.0684814
754,164.1515656,25.73411751,15.21469879,8.9935112,5.235242367,1609.52778,3,11010.85564,27.5485611,7.632336617,4,208.5446014
755,80.07009888,28.08786011,23.78905296,10.56362057,7.288926125,1267.471433,1,17232.22227,31.75564766,9.518152237,2,51.34019089
756,233.7397308,22.94919586,14.85590744,8.023049355,4.48594141,1813.496142,3,18078.73079,27.2911644,7.330940247,2,258.3106384
757,114.530571,28.16658211,23.34373856,7.963032722,5.257385731,3155.95919,3,20246.00976,23.88761902,10.83824062,11,74.05460358
758,93.83302307,38.15925598,27.67524338,9.073824883,5.504563808,4189.282511,3,21249.50679,24.47073746,10.14140797,11,54.83356476
759,102.039566,26.74135399,22.44568634,9.402651787,6.831244469,4522.977961,3,21661.78733,19.21628761,9.327694893,4,242.7642822
760,65.12851715,38.43019104,28.37409782,11.28417492,6.567080498,89.12055769,1,28001.39033,26.92773056,11.22039795,4,26.98530579
761,119.7348785,32.85437012,17.45133591,9.570256233,5.995862484,979.3613143,3,25998.86574,24.29665947,11.10036945,4,211.8659668
762,86.93526459,30.65786362,18.37764549,10.40936375,6.121816158,1248.904245,3,26261.7708,26.85044098,7.953008652,4,128.3674927
763,171.1832886,28.31287003,19.74565315,9.808527946,5.38726759,1402.232558,3,29781.89024,29.07652283,9.634468079,4,74.24090576
764,203.0084229,33.31889725,18.13140297,8.323009491,4.437851429,4271.605526,3,8550.921196,19.13274193,8.335823059,4,138.5763397
765,171.8255615,30.18994331,22.70496178,6.807154179,4.349600315,4674.536757,3,30792.23126,27.16209221,6.141745567,4,53.74616241
766,86.44786072,31.10806084,19.21762657,11.17918205,7.312835217,3409.35598,3,28278.532,26.72549629,12.71222687,4,90.45124817
767,107.8148575,21.74721336,16.57609367,7.946846485,4.626859188,813.389582,3,28156.98437,23.50750923,8.815574646,4,211.5513916
768,103.1748581,25.94272995,16.94562721,9.29804039,5.504585743,1201.876911,3,5871.269676,23.89478111,8.293586731,4,203.4985657
769,127.9549255,30.48007965,20.16946793,8.438768387,4.964860916,2781.192335,1,29957.48811,23.77808762,8.923332214,4,264.6990662
770,213.1821442,16.48419189,13.27868462,8.504095078,5.891924858,2719.340438,3,29503.37275,30.40509605,8.435733795,4,166.3495789
771,93.21298218,27.02221107,17.14556313,9.536236763,5.964362621,2441.373219,1,24598.638,30.3677578,8.479606628,4,203.9624939
772,83.38397217,22.48770523,13.45429039,7.916247845,4.442039013,984.1507344,3,2940.062716,21.30532455,6.6285882,2,237.6740723
773,111.3014679,18.43147469,13.41518402,5.813247204,3.837852001,6030.579904,3,23438.28467,20.96759224,4.649833202,4,93.31847382
774,267.5806885,28.47378731,14.97575855,13.7012291,8.658228874,2002.413449,3,27190.56574,34.21092224,11.61564541,4,262.9620667
775,77.41950989,31.30620003,19.17568207,8.227897644,4.860689163,4487.161405,3,442.0044869,19.03540802,7.847791672,10,100.8123016
776,4.783911705,35.68196869,13.54053783,5.691395283,2.649384022,3020.221383,3,10968.18957,6.796474457,3.693988323,4,115.9065094
777,91.9713974,29.24451256,15.3874464,8.434223175,5.032577991,807.4979126,3,27730.38938,19.54843903,11.51071548,4,221.9872131
778,162.9591217,29.45492935,21.04906082,7.96318388,4.745373249,3780.73748,3,24884.3858,24.84505653,7.619463444,4,49.45560455
779,93.38925171,28.91501617,16.52246475,7.339888573,4.305356503,2501.906691,3,26368.37262,18.62943268,8.973456383,8,190.5791626
780,101.5354691,36.51571274,26.56175804,8.575145721,4.725323677,1206.478228,3,12515.05814,24.01506424,8.144203186,4,58.50614929
781,158.7056427,22.05004311,15.12942886,7.456264019,4.367586136,1409.972195,3,13375.79896,28.07269859,7.622102737,4,264.513855
782,189.3323059,27.95734596,16.31049156,8.200325966,5.325716496,1628.192707,1,18241.13886,27.80820656,6.468526363,2,281.3482056
783,216.4711914,23.91908836,14.69849396,8.42683506,4.523550034,1905.364061,3,28773.6083,30.2464962,7.275739193,4,122.5833206
784,113.0088806,28.07226563,16.05345345,7.817311287,4.183434963,5627.173115,3,23775.25743,21.17302895,7.770320415,4,184.5739136
785,85.69997406,24.47710609,15.71748543,7.300306797,4.564548969,5197.047388,3,23940.14951,22.15660095,6.743825436,4,143.880661
786,151.8974609,30.5258503,17.80741119,16.96164894,9.133758545,295.4921036,3,25552.24989,37.75296402,13.52741241,4,221.3477783
787,119.1334076,43.75064087,28.34309387,10.49216461,6.523812771,301.536355,3,29342.41349,24.44861984,10.44742775,4,311.0230713
788,114.8469849,42.37010956,27.0366745,9.398638725,5.29077816,2729.025126,3,23715.83787,19.85274887,9.092440605,4,102.1442795
789,265.7627869,24.18831635,16.31873703,9.720434189,5.229678631,1981.508909,3,19012.35512,27.62129974,8.792178154,2,207.9698486
790,107.7698364,25.14680481,17.69006538,7.812080383,4.878932953,3758.314398,1,31981.20168,27.13049316,6.841700554,4,61.75026703
791,180.4382019,22.12764549,15.2452879,8.068928719,4.974013805,3734.188353,3,24434.79247,25.60827827,8.737990379,4,87.91468811
792,174.270462,29.31469345,20.56692314,8.592226028,5.331838608,3751.515018,3,24076.35055,23.66827774,7.996417522,4,59.74356079
793,114.8005981,28.27240562,17.71746826,11.72831154,7.288669109,1968.570483,3,27098.68492,32.81184006,11.02928734,4,252.9241333
794,123.1544724,23.6946106,18.10488319,8.751936913,5.527280331,3918.378082,3,24208.95941,23.48383141,9.92454052,4,200.6521149
795,7.51982975,48.40124893,20.21276093,6.418602467,3.111805677,515.6908,3,3416.493152,7.158116341,4.59070158,2,85.03025818
796,109.5548325,32.85442352,15.95813656,10.06939697,5.520864487,2717.53518,3,10190.94131,25.57844925,8.057291031,4,80.23269653
797,28.97122002,30.91033936,13.2448988,6.728678226,3.946681738,3050.302759,3,10728.37254,13.23072529,9.262070656,4,106.4442291
798,100.880188,57.76494217,21.83851624,10.67711639,5.276780605,1558.929953,3,13076.99985,28.92928314,7.945373058,4,328.3245239
799,88.3910675,33.7173233,17.44512367,7.528094292,4.663228989,901.84484,3,27233.44133,16.02689362,9.825678825,4,254.5325928
800,113.960907,22.81670761,14.60879517,7.878243923,4.883121014,1695.146275,3,27159.64312,23.0371685,7.313554764,4,208.7485657
801,91.01841736,25.6472683,15.28480721,6.431200504,3.558558941,428.1386955,3,4381.174539,17.39229393,5.42425251,2,122.7602615
802,78.27372742,35.52092743,23.96717834,12.41510296,8.376091957,2808.734824,1,11062.6888,27.00450897,15.67159748,4,318.8942261
803,133.8543701,33.66496658,24.09406471,10.23827076,6.342555046,8092.763412,1,23158.42434,29.79840851,8.725966454,4,63.67713165
804,85.84205627,31.74535942,21.28894234,15.10505199,8.500040054,128.3723752,3,25497.00679,36.56821442,14.23953056,4,78.69006348
805,153.8777008,35.85710907,22.23172951,11.13969898,6.331889629,948.6380327,3,24686.1033,26.50561333,10.66470051,4,100.491478
806,87.03717804,25.93462944,16.83794212,6.191081524,3.809515953,238.7211805,3,4136.614631,15.87947464,5.822535515,2,79.69515228
807,89.38631439,38.09560013,23.61792374,14.89548683,8.709833145,8140.873842,1,24107.88965,36.83740997,12.85276508,4,48.3296051
808,106.4802628,32.5001297,18.43783951,9.96462822,6.016142845,6720.650904,1,24230.00618,28.71975327,8.415296555,4,263.65979
809,102.7642441,39.37764359,28.29966736,10.62667751,6.21316576,8207.217983,1,23394.73906,28.8602829,11.44502449,4,28.39302063
810,55.24528503,29.10028267,20.37455368,12.37970352,8.194952011,9059.232435,3,23085.24181,27.02601814,12.46784973,4,95.2578125
811,98.70018005,23.17930412,14.26389885,9.049841881,5.799532413,4816.786227,3,23796.03373,26.12870216,8.291734695,4,243.4349518
812,119.8889313,27.85074997,20.44277191,8.999611855,5.709751606,4378.41584,3,24564.64936,22.34358978,9.322660446,4,72.73419189
813,79.49934387,29.78063393,18.24763489,8.543103218,5.037145615,615.4706467,3,3313.106586,20.21855354,8.314086914,2,250.9892273
814,82.17743683,40.78189468,25.46049118,6.737493038,4.163715363,1456.45988,3,2475.015212,13.55867481,5.997519016,2,276.0724487
815,83.70877075,30.20095444,18.68696022,7.152865887,4.337008953,1410.176178,3,2461.426901,17.18440247,7.922986031,2,232.6960449
816,66.90566254,28.24788666,17.17621231,10.24069118,6.313203812,5122.319756,3,1446.903198,23.0485096,9.49249649,4,99.46232605
817,59.29827118,27.37557793,16.61742401,6.857017994,4.108181,4777.452324,3,1791.536523,17.80476189,6.93063736,4,222.9245605
818,89.02156067,21.68475533,13.86757469,7.057386398,4.736871243,4147.212852,3,2425.341779,20.55295181,8.318058968,4,227.2025909
819,140.6283569,33.569767,23.46214294,10.55871582,6.323307037,3189.769831,3,3408.540008,24.6344223,9.000890732,4,45
820,150.9609985,30.64716911,18.84217834,10.34144783,5.92932415,254.0557665,3,7756.013863,25.30744553,10.31979465,4,68.00710297
821,248.2088013,25.76934433,16.43906593,8.024214745,5.517718792,4869.90878,3,30611.45886,28.03111649,7.126731396,4,85.12610626
822,129.7274628,30.47543144,17.28061104,10.0968008,5.709201813,3967.067931,1,25471.57344,29.57213593,8.160227776,4,117.5804138
823,211.8103333,30.77001572,22.41354561,11.45241261,6.246677399,2531.685631,1,25570.19445,31.97771072,10.06085396,4,311.8890686
824,111.7442093,37.20975876,22.18887329,10.82350349,6.21073103,7162.244112,1,23835.56976,28.50657845,8.702123642,4,279.2460938
825,187.6823425,36.05608749,25.53304863,8.085568428,4.546251774,8999.102215,1,22880.93081,23.18548965,7.53408432,4,271.4110107
826,108.7122803,32.87104416,18.29112625,11.01967621,5.773690701,1950.664958,1,24778.24028,29.36485672,9.060109138,4,121.9945374
827,31.61893272,54.32557678,25.16065979,6.136012077,3.529527187,1558.692207,3,20122.23086,11.44634151,4.88724041,4,324.7200317
828,95.06156921,25.94149208,13.43883896,5.487824917,3.114873409,1751.73395,3,5735.641948,14.09119415,6.851569653,2,229.8990936
829,14.36499023,25.97187614,12.07687473,4.629669189,2.162504196,629.7894449,3,27488.61343,8.760196686,3.066490889,4,270
830,216.6966705,26.41628456,17.02464294,9.828608513,5.458355904,2559.146765,3,25956.42739,30.37520409,9.11305809,4,194.931427
831,98.77590179,38.19128799,21.29808044,9.409619331,5.621991158,5873.150273,1,24624.39332,24.73950768,7.805039406,4,69.96768951
832,130.6268158,28.18618011,17.88935089,8.842986107,5.527923107,1148.219394,3,8729.867903,24.09243965,10.17208481,4,246.5953064
833,222.8668823,38.40325546,25.9588356,9.001064301,5.389286995,5020.299533,3,30584.379,28.06558228,9.179149628,4,62.9164505
834,213.5934753,20.5916748,15.75694561,7.004477024,4.379261017,5194.038943,3,30346.79449,28.96602249,7.409317017,4,61.29404831
835,116.893692,39.69054794,22.21681404,9.322520256,4.970049381,169.570889,1,27738.52153,24.50045586,8.766008377,4,55.81387711
836,171.0836792,28.64068031,17.31360435,8.38168335,4.798968792,1570.681974,3,11077.6566,24.45668983,7.621873856,4,299.9536133
837,54.65943527,35.76162338,18.81570435,7.850922585,4.347510815,3609.778404,3,501.9431909,17.5018959,6.549031734,10,102.4499969
838,133.3275909,24.10982895,14.69956684,8.960676193,5.487555504,7692.628325,3,23723.19068,27.36501884,8.394836426,4,235.31633
839,64.11099243,46.98141098,20.47564888,9.624483109,5.307340145,847.1750508,1,25827.31227,23.68411636,9.034758568,4,296.9981079
840,128.6971893,19.57810593,9.98165226,8.41108036,5.195146084,1800.490767,3,26883.14653,28.46348381,7.966204643,4,220.0302582
841,258.4212646,21.37591553,11.57081985,9.074624062,5.429438591,1503.566011,3,26683.18791,29.36677933,7.973580837,4,246.8014069
842,198.5334015,31.34273148,15.84587383,13.6414175,7.355386734,2552.441593,3,27267.22849,33.85779953,13.35244846,4,169.1144714
843,53.76108932,35.06632233,20.42251587,6.48960638,3.364968061,2263.171323,3,20380.84709,13.53570938,5.911756516,4,109.2328186
844,142.3994598,31.51820755,18.57997131,10.8947506,6.158358097,581.5934593,3,13327.49051,25.78396416,10.11007404,4,132.9786377
845,156.2086029,56.94954681,27.21987724,10.45328426,5.832081318,6532.832214,1,23983.06163,30.15293503,9.293113708,4,326.0563965
846,51.00260925,35.50138092,22.3997879,6.039464951,3.030932188,1428.96391,3,15638.4011,15.64365482,4.0901227,4,50.75865936
847,190.9906006,23.88053703,15.43907833,8.926027298,5.405322075,2018.994643,3,10752.86708,25.77590752,8.388622284,4,203.1985931
848,83.72732544,24.36819649,16.57392883,6.690607548,3.717922688,4827.346409,3,749.241885,19.63255501,6.725793839,2,221.0817566
849,89.47705078,37.28249741,22.05348587,17.40839767,9.023347855,2739.764072,3,10976.62491,27.88340378,16.78146935,4,275.383606
850,42.50838089,29.47534943,17.90154266,6.81840086,3.575924635,3335.065515,3,32740.62816,17.6434021,4.221583366,4,80.53767395
851,79.67225647,34.7629776,24.65349579,6.319038868,3.85798192,3676.312145,3,32565.13928,18.04336548,6.802745342,4,56.67433167
852,67.79299927,29.86883545,17.1139431,7.122376919,4.217246056,2196.560286,3,19810.51465,15.83977795,8.154356956,4,207.6459656
853,187.9749908,28.95200539,20.94968605,7.058157444,4.09281683,4209.648095,3,8675.410634,19.6938839,6.574374199,4,57.42594147
854,45.51951218,31.98579597,21.7544117,11.23028278,6.496387482,6735.648323,1,24079.49829,30.10161591,8.281141281,4,109.0634537
855,32.99328995,58.47506714,25.72619629,11.1051178,5.031390667,6880.936634,1,23972.60601,22.12961197,7.186736584,4,322.4715576
856,106.1665039,47.46326828,27.73331833,9.979287148,5.258509159,7318.811457,1,23922.97877,27.93174934,7.586148739,4,48.17331696
857,27.85726738,25.45351982,15.60360241,5.191970348,2.621088028,1121.669249,3,26190.85644,17.51922035,3.055274487,4,223.5598145
858,168.8952484,24.14019203,11.96597958,8.927109718,4.380991936,1676.042858,3,18145.8163,28.33749008,6.336291313,2,221.9047546
859,77.37073517,33.29269028,20.87061119,6.075388432,3.546220541,1612.929805,3,33489.1307,13.85693932,6.940357208,4,263.9118652
860,101.4899292,28.58855629,19.46444511,10.40595341,6.167478085,2262.608523,3,11053.37518,26.95785522,10.3881731,4,240.5241089
861,101.0017471,20.94338226,19.22808456,9.679795265,5.083172798,937.2422567,3,17021.4957,32.06029892,8.793776512,2,76.0594101
862,56.0017128,30.50607681,19.76568413,7.562900066,4.20891428,1132.951256,3,17392.45497,23.91896439,7.660035133,2,285.4342651
863,141.6516571,43.58236313,26.92246819,10.01246643,6.216333866,923.8685183,1,24527.05459,28.27880096,9.059621811,4,271.7357178
864,126.153862,40.08995819,27.56970215,12.63371944,8.085412025,203.371595,1,25051.74972,35.6992836,11.37640953,4,40.92446899
865,104.3716354,25.16599274,19.79767799,7.36680603,4.873696327,386.468463,3,29646.52915,25.44372559,7.313695431,4,69.21435547
866,138.2253723,29.45457649,17.10182381,7.416063309,4.484494686,4329.360312,3,22434.49405,17.48661041,7.493462086,10,217.9987335
867,135.1133118,29.63290405,16.2316246,9.330812454,4.971607685,1771.523459,3,11573.9577,24.80216026,8.442818642,4,233.0498505
868,99.16832733,26.35904312,19.67978096,10.86662292,7.20414257,2558.074771,1,31674.10591,33.14715195,9.701130867,4,231.072464
869,7.106206417,51.51355743,19.77970123,2.866963148,2.05462265,2705.656093,3,6751.268638,3.985553503,2.480420589,5,99.46232605
870,85.19696808,25.05035019,17.53634644,5.235450745,3.135674477,1506.819839,3,5457.71867,15.01252651,5.823956966,2,258.0238647
871,137.725769,44.80662537,29.45834732,9.088514328,5.658168316,226.4759481,3,6964.051462,26.4889431,8.072543144,4,56.46953201
872,183.3479919,23.29188538,13.47223473,9.54830265,5.587256908,5499.522515,3,29302.42586,27.83109665,8.283630371,4,218.6304321
873,126.9158859,44.01506805,29.52925491,10.89890099,6.488510132,2950.116847,1,31391.0499,30.28945923,9.062143326,4,306.6340942
874,132.3947906,28.86209297,16.3176899,9.543557167,5.037812233,639.3343488,3,25680.8815,28.06052589,7.687832355,4,109.3589935
875,344.0969238,21.97697258,13.15551853,9.212594032,5.363229752,1035.191671,3,26220.55595,31.62723351,7.86950779,4,222.838913
876,113.4387665,26.82658768,20.36177826,8.562731743,4.951134682,2475.606952,3,18451.73045,21.85982323,8.41108799,4,202.6854248
877,216.1044312,32.99510574,22.43881416,10.07903767,6.325409412,1765.529252,3,18886.41655,28.21371841,9.180656433,4,304.3236389
878,110.5150223,25.57699585,18.23763275,10.07306671,6.55118084,3146.360441,1,32101.67322,33.49727631,7.906304359,4,104.6273117
879,68.85547638,36.52694702,26.31551933,7.303646088,3.758987665,3046.387684,3,30330.22632,17.09518051,6.768826008,4,319.6439819
880,67.83641052,26.06090355,18.70090675,12.77047729,7.239031315,2096.15556,3,24457.083,36.59863663,10.23191071,4,125.537674
881,46.97205353,43.99986649,27.66578484,13.31041336,6.918710709,1686.459397,1,24615.61136,27.20212746,10.3567934,4,329.5657654
882,72.0460434,26.95422173,15.27836132,6.015181065,3.555063963,1126.165898,3,30532.04153,15.07809734,4.954682827,4,181.6846924
883,3.232563019,51.58981323,17.68397522,2.979340553,2.012169361,2682.479405,3,6687.504837,3.009986401,1.771924138,5,144.462326
884,74.59078979,36.30283737,23.31093979,6.37587595,3.828775167,578.0502046,3,4506.025627,14.03254986,5.195781708,2,45
885,73.14630127,31.49930763,22.85532761,6.431628227,3.518723011,2906.922389,3,980.7985035,17.20893478,6.194935799,2,45
886,85.6275177,33.51147842,18.04318047,9.239951134,5.689156532,2434.163782,3,1756.065804,19.00896072,9.873132706,2,130.2327271
887,104.1487503,26.78140068,17.45437431,9.620029449,5.759768486,2770.876229,1,30922.3754,27.54172516,8.429363251,4,93.62071228
888,153.1036072,27.4820919,16.4227047,10.75379562,6.238254547,1575.959911,3,28548.41769,30.25892639,8.396511078,4,193.1448669
889,125.8384247,42.16013718,24.12719154,14.85843086,8.105433464,5732.809187,1,24834.13745,34.14423752,11.56445789,4,314.4008484
890,69.42510986,29.22847939,18.24084473,9.76266098,5.643302441,778.5059275,3,32442.82659,21.45355797,9.531591415,4,185.1944275
891,147.8578186,27.44894981,19.08188629,14.07451439,8.829924583,512.5921294,3,33644.27567,32.65475464,12.12073517,4,183.6404724
892,89.94947815,29.69163704,17.24081039,6.676664352,3.852259159,2611.029756,3,21248.36893,14.84212208,6.959914684,4,186.3401947
893,120.4918823,34.1352005,20.92747688,10.32637405,5.757033825,3131.462758,1,31619.97365,29.47084618,8.646876335,4,302.3335266
894,12.07275772,60.92369843,17.5638504,8.637969017,4.570874214,6926.256049,1,23957.9878,20.59289932,3.369319677,4,64.29004669
895,180.7796936,29.76111794,17.29969406,14.47174263,7.508695602,386.9631776,3,25386.25082,41.44691849,15.06379128,4,224.0530548
896,188.7948761,30.04824066,19.07779121,14.33193874,8.491346359,227.9305687,3,25235.67987,37.81334686,15.61110401,4,204.4439545
897,18.76029015,55.7438736,17.5014534,6.381372452,4.604969501,2237.257922,3,35038.28266,9.562054634,6.042355061,4,280.7131348
898,152.450119,33.39967346,19.97486305,11.23005962,6.036989689,6116.782999,1,24420.14823,30.03403091,8.496866226,4,229.5690613
899,127.8402328,30.92378616,20.67000008,8.498719215,5.434873104,6296.486257,1,24198.57256,29.61691093,9.381706238,4,50.27194214
900,21.87919044,21.70243835,7.22173214,4.694635391,2.923478365,1137.250082,3,26217.35655,19.56707382,2.494338036,4,209.1808167
901,36.13167953,33.41537857,21.29865456,5.714198589,3.220082045,456.7689808,3,12167.41275,16.71085358,8.992256165,4,230.6549683
902,123.7411346,29.79528236,20.20631218,9.516484261,5.461835861,1282.270552,3,12987.74473,28.14717293,8.143838882,4,261.7357788
903,37.92682648,55.82840347,22.58287239,9.742956161,5.025873184,7150.831003,1,23671.83449,17.81604958,7.435292721,4,66.93771362
904,122.5641861,38.24979401,26.6402626,9.547466278,5.771522522,7947.373615,1,22956.62784,29.89587402,8.566952705,4,54.71328735
905,101.0883179,35.44146729,26.53758621,10.73223495,5.944733143,2169.430451,1,24115.01366,29.94979858,8.6143713,4,330.4396362
906,128.8183136,37.74707413,26.48227119,9.538297653,5.48811388,2259.130951,1,23540.73973,27.46578789,8.535116196,4,48.63386154
907,82.87153625,17.78159142,13.04989815,5.339332104,3.6282022,1616.299899,3,31171.14649,20.3646698,5.02788496,4,241.3895416
908,134.124588,33.39693832,20.7996769,8.944681168,5.407509804,1715.094855,3,31359.55578,22.82395363,9.265027046,4,299.2488403
909,184.5477295,19.05251312,12.04778481,4.475152969,2.62588501,2235.576067,3,31731.32433,18.10942459,6.602632523,4,226.6042175
910,150.0850677,35.33357239,30.10546303,7.281288624,4.192406178,4545.765904,1,31623.73061,24.71130943,6.264460087,4,21.188591
911,152.1097412,41.47064209,24.82637405,10.15009117,5.689054489,4210.663631,3,31937.47493,24.61063004,9.345525742,4,268.4151611
912,92.21128082,32.23830795,19.3942585,10.31478119,5.999966145,1160.587773,3,27783.60181,27.33782578,9.594812393,4,165.443573
913,156.0647278,31.73100281,21.80946541,8.175204277,5.232904911,1904.068548,1,23696.32245,24.97955513,7.29531765,4,288.0939026
914,124.3755569,29.78500366,15.994771,9.865568161,5.60429287,745.8918312,1,25868.35864,27.79268456,9.102945328,4,255.2564392
915,157.8275299,24.26027107,11.25722504,10.94931507,6.378030777,1228.62174,3,26383.56697,28.08207893,8.986121178,4,263.5362549
916,110.1600647,31.56913757,20.32339478,9.011371613,5.431110382,701.3516441,3,31065.49126,21.20717049,8.042154312,4,206.84729
917,151.44104,36.50136948,25.36721039,8.940705299,5.266922951,852.3969658,3,13514.06851,24.27600098,7.653256416,4,61.99082184
918,214.2327271,24.73030663,16.82986832,7.947338581,4.711016655,5345.372916,3,30479.34978,28.88859367,7.402911663,4,69.8293457
919,100.386795,21.83220673,14.51882839,7.907262802,4.45547533,2546.114075,3,28470.11135,22.40228271,7.297334671,4,176.1859283
920,78.03725433,34.21883011,18.29631996,10.6528511,6.43725872,141.4781098,3,27386.60614,22.54225349,9.778717041,4,68.10632324
921,244.0515137,34.61607742,21.3897438,10.62856197,5.781701088,6996.723648,3,23505.28861,29.53442383,8.751883507,4,91.12330627
922,179.4637604,30.53202248,18.63174057,10.41134453,6.748278141,2150.303639,3,15076.05039,24.97108459,11.50838089,4,88.15238953
923,193.5948029,23.68655205,13.51172256,7.529576778,4.490106106,4827.019696,3,30685.01118,27.91550064,6.402828217,4,64.47895813
924,42.75289536,37.18827057,16.08519363,14.49501038,6.698837757,5314.547211,1,24759.27855,27.06430435,10.69808674,4,247.5795746
925,263.0774841,31.7286911,20.8459549,9.394899368,5.855024338,7399.874222,3,22961.48614,32.14949417,7.789614677,4,78.26408386
926,36.29338074,34.2105751,22.03990936,8.774091721,4.605662346,7550.881771,1,23393.29133,21.9825325,8.523609161,4,225.7538452
927,15.93884754,45.95246887,24.25069427,7.532946587,2.849427938,7697.336288,1,23288.92444,12.91371727,4.874978065,4,329.6104736
928,62.93753433,42.68388748,21.03964043,18.47392464,9.502124786,109.6072796,3,33966.77672,27.98740387,17.86724854,4,154.2185364
929,140.4127655,17.80073929,11.44416618,5.15169239,3.15549612,2273.610736,3,31883.03119,21.45508003,6.646350861,4,222.0577087
930,70.9420166,30.86418343,17.2202549,7.543798447,4.701354027,863.3674803,3,26819.27521,17.43567467,8.11188221,4,242.5924225
931,117.7462921,35.12255096,26.52144241,8.793351173,5.117998123,125.2398105,3,28732.14085,24.6769886,9.053014755,4,38.15722656
932,101.8189468,31.95141792,21.02391434,6.704019547,3.550008774,1758.993812,3,27116.38396,17.37710571,10.36762524,4,213.9417114
933,88.43515015,35.15688705,16.30145454,10.36697102,8.086251259,2624.16553,3,16019.69992,20.21298981,10.4209938,4,130.9893799
934,21.00571442,34.2640686,20.96846199,7.043125153,3.998462677,396.8254023,3,12220.21818,12.28998089,6.750997543,4,230.6413879
935,96.78630066,38.20396042,19.73443604,13.77245617,10.5900116,67.44990063,3,12588.60506,24.08502197,16.91639709,4,84.31285095
936,104.42202,27.65332222,16.90047073,10.86547947,6.519537926,557.1794581,3,6904.180719,27.7282486,8.887170792,4,219.1337585
937,17.19645691,38.17067719,23.84780121,7.469585896,3.268764734,891.9219534,3,17234.96473,14.832201,4.713888645,2,271.9725952
938,252.627182,24.25634956,17.77198792,8.976254463,5.096447945,1016.227518,3,17814.35314,28.39243507,9.239473343,2,237.8287811
939,98.49168396,30.02310753,18.71006012,10.82420254,5.915026188,395.8724788,3,27240.57483,26.9699192,9.485377312,4,128.7365112
940,107.8579254,40.60334396,28.35941315,10.73509598,6.332639217,364.4636322,1,26816.07392,29.93447876,9.485730171,4,330.255127
941,119.765625,33.70979691,15.71867466,10.39163113,5.280425549,5371.465858,1,25157.41816,25.73139191,8.446076393,4,196.707016
942,60.3255806,45.4895668,25.92386246,16.55463409,9.650730133,4990.811261,1,24709.77519,34.9257164,12.78194237,4,326.8219604
943,153.6375427,48.64064407,28.46831894,10.72740555,5.449480057,7543.521435,1,23062.88955,26.74138641,9.026561737,4,310.9745483
944,101.4518661,33.85422897,21.90608025,9.85549736,5.955029011,2903.586852,1,24181.70317,27.87784576,8.121446609,4,59.31104279
945,78.87436676,31.58392906,19.38264847,13.28532314,8.256137848,2733.283885,1,23925.76431,32.7935257,10.0617466,4,117.3777008
946,101.436615,22.82942581,19.51720428,8.009389877,5.769655228,2550.2807,1,23772.57391,29.1044178,6.393381596,4,304.0426636
947,99.80911255,46.61998749,27.17369461,16.49708748,9.187736511,765.4183005,3,34152.48182,35.80201721,14.642272,4,43.37668991
948,93.00986481,24.92433357,20.31106949,12.21028137,7.46057415,748.1923259,3,34522.31822,29.741642,10.86528015,4,213.3663635
949,93.68806458,41.22997665,27.54927826,8.865110397,5.380832672,1139.07344,3,27996.38654,21.01983643,9.489151955,4,55.3888588
950,131.2364655,26.81765938,16.25686264,9.216192245,5.230054855,2759.987577,3,16758.16427,23.29440498,7.966028214,4,140.5722046
951,167.0250549,25.52022171,15.96464634,8.906973839,5.31908989,1838.147474,3,14539.62866,25.20939445,8.041638374,4,219.3499756
952,33.23228455,29.6328373,16.56046486,6.383542061,3.711454391,4802.898319,3,1771.818733,12.70130253,6.647711277,2,189.9560852
953,121.8970642,30.02486992,16.61509323,6.774929047,3.242386818,715.0685721,1,16861.94109,31.0400238,6.537630558,2,71.91516113
954,22.79406166,29.26975441,20.25184441,6.95664835,3.519449472,2772.802139,2,30427.39081,14.4921093,5.191921711,4,321.0090027
955,98.54159546,42.10997009,27.63938332,7.973276138,4.479785442,3546.22284,3,29737.5422,20.04442978,6.259722233,4,39.38241959
956,132.8123627,29.52796936,17.41092873,10.13924885,5.735126972,4605.893157,3,22993.67665,26.84022713,9.487514496,4,184.6106567
957,81.08293152,33.80259323,17.90322304,9.282082558,5.095937252,5312.54264,3,1109.3183,22.90328598,8.322580338,2,150.5241089
958,54.91890717,54.89867783,28.23569107,8.840189934,4.792648315,5046.184787,3,1558.234961,20.35647011,7.614741325,2,26.56505203
959,53.95823669,39.59902954,27.43881416,6.763141155,3.790377617,4861.277869,3,1803.062168,17.48155785,5.996859074,2,27.47443008
960,125.9217911,20.44470406,14.37460041,7.110915184,4.504663467,4105.176587,3,2561.418273,22.50288963,9.962753296,4,237.875
961,52.8360939,18.45305634,10.49963951,6.674545765,3.958105326,896.5380697,3,13449.8529,22.67306519,5.387388229,4,275.826355
962,200.8564301,29.21038437,17.23403168,9.633766174,5.707086086,149.1868021,3,12824.65385,25.26761055,8.371269226,4,190.6694031
963,44.20809174,59.42837906,24.56560898,15.60457516,9.242240906,5164.166147,1,24623.91902,33.32850266,12.06944752,4,26.34583855
964,106.6743698,35.60042572,19.31182671,10.3290081,5.829459667,8026.451768,1,23016.87299,26.43335724,8.270923615,4,252.3874207
965,246.2023621,28.4820137,15.49577236,10.64193153,6.196732044,1537.823302,3,28990.35754,27.20139122,9.577688217,4,149.5344543
966,144.8186188,29.34616089,20.16605759,9.5953722,6.136854172,510.0069627,3,30135.95202,28.98756027,9.502363205,4,60.98886871
967,30.88049507,34.17482758,21.7642231,12.55542755,6.372403622,60.32845318,3,33727.52704,21.42080116,11.98521709,4,177.6784668
968,49.51047516,37.35651016,18.85198593,6.175980091,4.781969547,1519.572059,3,35585.37053,13.15673351,11.79162121,4,258.6900635
969,92.5388031,32.84799576,18.29081154,7.919037342,4.158296108,2692.90305,3,1472.446476,16.99111938,6.390490532,2,222.1375885
970,115.5828552,28.01683426,16.77526283,7.739094734,5.219012737,1791.693752,3,5257.919463,20.16729546,7.437724113,4,75.49940491
971,100.0447922,30.46909332,18.35040474,10.53415394,6.040180206,1150.977041,3,6195.69976,26.50008774,8.695416451,4,204.7273254
972,100.5647736,36.64593887,16.42295265,12.36584854,6.476202488,850.7567936,3,6556.041894,26.85529137,9.316991806,4,113.3048859
973,163.8527527,23.63539124,16.02199364,7.48690033,4.067014217,2351.288093,3,10151.95734,23.33527374,6.869629383,4,55.45990753
974,230.6184845,25.43444061,17.8705616,8.980685234,5.474540234,1869.248067,3,19048.82546,26.03260803,10.13649178,4,224.0371399
975,57.98006439,34.74272156,19.17770767,10.77298737,6.667497635,4611.829648,1,24717.44709,28.18198586,9.632534981,4,282.0947571
976,115.6660004,26.53825569,16.53125191,11.36372852,6.611988068,3309.138874,1,23698.30008,28.97550011,8.607849121,4,159.1664429
977,40.33572769,41.57938385,18.4781971,7.128290176,5.746215343,1151.955947,3,35315.34117,12.33134747,11.65185547,4,257.6497498
978,35.35966873,30.56237602,17.7893734,5.049667835,3.352782726,3096.328655,3,7095.555183,10.77416515,4.103920937,5,76.46691895
979,236.2542114,36.60399246,27.7465992,10.07926846,5.934322357,559.7889595,1,16006.50665,29.29353905,8.79416275,2,310.7636108
980,107.0232468,33.74716949,17.59856796,11.18031502,5.91339922,4490.690911,1,25114.93392,27.46403694,8.318135262,4,162.7282562
981,156.7820587,46.00795746,26.48570061,12.00165081,6.8320961,6045.959078,1,24165.5169,33.18300629,9.17056942,4,291.914856
982,57.56214523,25.57559013,18.09471703,9.395646095,5.584571362,628.6750559,3,31883.43935,23.48015976,10.52464294,4,165.3642731
983,65.28570557,25.33739471,21.21691704,10.66302967,9.006475449,1358.062552,3,34804.45672,31.89324379,11.52255058,4,183.50354
984,70.50988007,25.75047112,15.61390495,6.580619812,3.52316618,2421.993471,3,15679.88185,20.02607346,7.417672634,4,220.0302582
985,210.4709778,24.64802361,19.89330482,9.157475471,6.512382507,548.9192361,3,15793.33971,30.01068687,9.25101757,2,67.31282043
986,265.0561829,34.1689682,23.18120766,12.56940269,7.766845226,6060.624906,3,22908.45083,33.50616837,11.60159397,4,270.2157898
987,50.55104446,39.72805405,23.5100441,10.30054188,7.048192024,7458.502948,3,23201.0385,20.81159973,13.36197758,4,286.5585632
988,45.9583931,30.82233047,22.03643227,10.14871979,5.89814043,653.2502652,3,32584.12614,19.02620125,12.78682804,4,183.0208435
989,53.45225906,34.86531067,20.49115753,10.13123798,5.490324497,1135.834849,1,34635.26366,31.10850334,8.608499527,4,230.4651947
990,60.67195892,33.22246552,17.61125946,7.155889034,4.224328041,2849.81315,3,26086.39927,16.18625069,6.587378025,4,275.7927856
991,106.222641,19.85260201,13.38233948,7.313314438,4.393646717,699.185368,3,11993.63758,22.95695496,6.849914074,4,245.5725098
992,105.3283615,27.45573616,15.82308292,9.050148964,6.303343296,3312.364136,1,30696.98676,26.52806854,8.677444458,4,110.7255554
993,102.2730408,28.77322197,21.94718361,7.690246105,4.603675365,7630.91661,1,22643.85985,22.98599815,9.750170708,4,314.0609436
994,110.0624619,26.0503788,18.34995842,7.561326981,5.05323267,6887.624916,3,23060.95386,24.77663803,6.742556095,4,262.2443237
995,158.3469086,28.25898933,18.42416954,9.703607559,5.751125813,3746.157093,1,23442.63142,24.73942947,8.480478287,4,90
996,53.45428467,38.62125397,19.94624519,14.32910061,7.587710381,14.24011633,3,25056.79077,28.86995316,9.545149803,4,48.04638672
997,74.85969543,34.8862114,18.78704262,8.634532928,4.843533039,701.4481314,3,30593.77657,19.52770424,8.05709362,4,279.0452271
998,40.47146606,54.46305847,29.11602974,11.0279417,5.330049992,401.636215,3,32450.80896,21.0254097,10.04420662,4,23.02548981
999,125.8367996,35.1410408,26.65460587,8.04791832,5.138654232,7179.705088,3,22678.37123,23.92592812,7.614465714,4,308.2359619
1000,137.8310089,31.47859192,23.03957558,8.520672798,4.806052208,668.9754596,1,24313.77505,25.04755592,7.910928726,4,305.5376587
1001,180.597229,32.87416077,20.44807053,12.3555727,7.56812191,2794.191056,3,27173.79075,34.02326202,10.97094154,4,265.657135
1002,79.70372009,28.03359032,20.39246368,15.03768444,8.23756218,319.8925726,1,33928.39458,36.18709946,11.5713129,4,317.7959595
1003,102.4206009,27.5236187,16.62787628,6.260396957,4.316964626,1720.744191,3,5657.843234,14.71462727,7.937716961,2,234.1888428
1004,125.3876953,30.62276649,18.31848335,13.98971844,8.625597954,786.3584332,3,24352.80783,33.14136505,11.51413536,4,107.5924225
1005,102.8500595,40.99188232,28.66861725,12.58527184,8.368304253,281.4620236,1,31773.71639,32.15153122,12.59702492,4,336.6950989
1006,67.28451538,39.94684982,28.81192207,12.25517941,6.682590485,360.6868155,1,32080.90922,26.79865837,12.22062492,4,343.6864624
1007,81.12385559,25.4091301,18.27022552,8.318681717,4.538250923,514.7587957,3,33045.37731,22.7081089,10.3511734,4,206.131012
1008,86.25057983,42.84589005,29.4298172,9.458983421,6.286020279,86.43502425,1,32612.27676,26.65672684,8.99701786,4,50.94026947
1009,48.69472504,44.5840416,24.85101891,16.96424103,10.10671711,143.0495787,3,33315.9816,35.62454605,14.2932291,4,38.05587006
1010,53.95967484,30.55203247,16.74039841,6.261359692,4.463233948,3323.747091,3,32968.88049,14.35960388,7.987520218,4,146.2418823
1011,73.91645813,22.81220245,16.32052994,6.922976494,4.395881653,1137.87749,3,30278.47161,20.96514893,5.885396481,4,197.3379517
1012,7.418519974,35.98993683,13.69024563,4.794622898,2.634907961,3012.170112,3,6992.338317,6.768475056,3.927850485,5,125.1164093
1013,15.16917324,50.86601639,28.71843529,5.450500488,2.7753613,2971.348546,3,30162.83704,10.86391163,4.121564388,4,337.8336487
1014,255.323822,31.81797028,20.24419785,10.70675373,6.238379478,5155.471516,1,23855.40194,32.51576614,8.845318794,4,271.1691284
1015,287.8682556,40.07806015,28.52653122,9.869543076,6.351708412,5657.440022,8,22682.40512,28.71699524,11.18638325,4,51.61280823
1016,98.29802704,47.24800873,26.98589897,14.63411236,10.75060272,288.6318876,3,33376.12243,27.39218903,14.56670856,4,319.1873779
1017,86.33773804,42.70433044,24.54642868,9.963450432,6.968699455,916.7186312,3,33039.09332,18.68367386,10.81000423,4,90
1018,46.61621094,32.12203217,14.35736084,4.557946682,2.598714352,3072.993536,3,32571.48234,10.20793629,3.512187004,4,217.0523682
1019,86.36630249,34.24501038,21.67875862,5.941511631,3.507811785,1763.784134,3,5968.612703,13.5001936,7.634657383,4,135
1020,70.5831604,29.85423279,16.08771706,5.394151211,3.369405508,1549.033818,3,5602.902371,11.80406094,6.683149815,2,209.744873
1021,100.674408,27.31093407,17.7715435,13.55095387,9.618980408,5796.013497,8,29668.34476,40.37198257,11.9084301,4,236.8817749
1022,124.5730591,29.36365509,23.53611374,6.497627735,4.155096054,4273.087384,3,30050.9363,19.88682938,8.351459503,4,54.32143402
1023,41.79253387,27.03838158,12.73749828,6.603412151,4.044048309,5368.16412,3,23342.75775,24.06873894,7.003608704,4,147.7787323
1024,96.48666382,20.93667603,14.78478336,7.301732063,4.29164505,5018.050771,3,23229.35877,25.54687881,7.35433054,4,208.3007507
1025,93.36746979,28.98791313,23.19211388,10.63510036,6.415151596,477.0052918,3,31752.49374,29.9964695,9.78973484,4,52.89972305
1026,120.6479416,27.20910454,15.97030926,9.043498039,5.465028763,2346.629837,3,4804.115113,23.34217453,7.7958498,4,155.1706543
1027,38.10823822,14.51796055,7.662513733,6.181362152,3.306733847,2728.400482,3,28672.76361,17.57805061,3.984130859,4,170.909729
1028,27.21501923,38.8404808,19.70139503,8.176053047,5.135491848,830.6018708,3,26452.31845,14.0508709,8.109242439,4,225
1029,43.18161011,32.48880386,18.62963867,8.867657661,6.813243866,830.9653475,3,26284.90249,13.42455959,9.184581757,4,306.8699036
1030,128.0115662,29.88556099,20.40330315,12.42466259,9.43621254,8696.165313,3,22873.89491,27.92148781,14.4435215,4,270.7252197
1031,72.1315918,27.00478554,22.66053772,7.564142227,4.606954098,8042.502279,3,22776.28126,25.15190697,7.201702595,4,43.0010376
1032,76.38355255,35.62873459,21.73762512,16.02977371,9.053185463,1872.95942,3,35212.65517,35.45653915,12.32798862,4,208.4429321
1033,79.48638153,25.8873806,13.87811756,4.444039345,2.279076338,1801.630795,3,5764.498996,13.13324928,6.211511612,2,225
1034,6.407801151,49.31352615,16.4164772,6.737597942,3.047270298,2396.487763,3,6349.526107,7.658854485,3.772134066,4,263.3312378
1035,133.6802826,29.98425293,18.50136375,10.50846004,6.302054882,3732.913483,3,32148.41969,29.27521896,8.341723442,4,129.5759277
1036,37.03750992,36.69398117,18.9757576,9.540084839,8.637244225,344.7728951,3,26778.9323,15.06872272,12.95434284,4,104.6662445
1037,117.0390701,28.50216103,21.17892075,8.281104088,4.693376064,424.2662433,3,32944.6573,23.42430878,8.218114853,4,302.8285522
1038,34.87365341,25.06036568,12.86297798,6.312500477,3.833577871,1680.14307,3,30934.35908,17.10828018,5.832337856,4,181.8023987
1039,64.2813797,32.75020981,16.60142136,9.701246262,5.561563015,3577.224262,3,7612.704657,19.47360039,9.777842522,5,98.13010406
1040,9.556108475,64.37754822,15.43995094,7.766954422,3.474250793,3031.291253,3,7001.534712,8.66811657,4.734424591,5,37.40535736
1041,56.6400528,28.29432106,18.98218155,7.99243927,4.492375374,4077.453834,3,104.2647017,20.34188271,8.495221138,10,228.9743652
1042,170.6963501,24.72115517,14.77230835,8.880908012,5.87931776,6289.436351,3,29196.47521,28.59440994,9.545495987,4,230.9280548
1043,153.6950531,27.87948608,16.9805088,10.02908134,5.787538528,44.22086437,3,26073.80327,31.1797123,11.09580994,4,71.97016907
1044,74.04135132,33.2326889,17.74035072,6.807697773,4.495399475,761.8553276,3,25874.56205,14.39050102,9.066085815,4,242.0702515
1045,189.9394379,39.26120758,25.38523483,10.67405796,5.976994038,8057.037115,1,22639.47111,29.18560219,8.55410862,4,307.8227539
1046,134.0513306,27.58326149,20.09405899,7.216150284,4.484920502,5793.890946,3,22872.27709,22.09021187,6.464907646,4,67.86450958
1047,146.4132843,33.31528473,18.56230545,10.6030283,6.555878639,183.3612091,3,29920.64599,24.68057632,12.38474369,4,128.0727844
1048,78.60379791,28.08859634,17.34413338,9.483430862,5.816531658,421.5892221,3,31250.94071,23.51603127,12.08273602,4,152.0028534
1049,83.58259583,36.45657349,24.14264297,8.405678749,4.673020363,1017.12406,3,33316.20419,19.58640862,9.210956573,4,298.6104736
1050,31.55225754,47.04961777,22.48471451,5.707433701,3.608965397,2387.895725,3,26702.39568,8.873866081,4.783706665,4,261.0273743
1051,31.52459335,57.60070801,21.95472527,17.23130608,7.399839878,1172.686256,1,34480.15351,33.00986481,11.99048519,4,33.07973099
1052,50.50318527,40.64126205,24.75645256,13.70703506,9.67023468,1966.033928,3,34975.81603,27.40487862,14.327384,4,55.77236938
1053,50.7171669,31.75844193,17.7243557,6.978553295,4.728878498,2559.40244,3,34832.36894,13.51756668,7.605372429,4,249.3255768
1054,74.84352112,19.42757416,11.22806454,5.811757088,3.308512926,1082.136671,3,29888.0183,19.70389557,4.930647373,4,209.744873
1055,63.77000809,57.41902161,25.52142525,7.247797489,3.643635511,4403.653574,3,2478.386713,15.10573387,5.862839222,4,319.7636414
1056,98.07633209,26.31294632,15.67743683,8.42701149,5.05015564,3969.40377,3,2862.681509,22.1493721,9.919973373,4,226.2544556
1057,151.1031036,27.74158096,15.97623539,10.29632664,5.55889082,1388.341786,3,11620.77615,28.15165901,9.373345375,4,264.54245
1058,78.77315521,35.12097168,22.2131424,12.20512295,7.999616146,156.8028281,1,31311.70536,24.75677872,14.98606968,4,318.3018799
1059,72.9797287,37.71235657,24.56007004,7.448131084,4.52802515,1941.682382,3,33767.01521,18.453228,7.622814178,4,299.8759766
1060,68.17256165,36.12960052,17.16250992,9.080513,5.314507008,1885.98547,3,2295.858652,19.08040047,8.671730042,2,158.7203979
1061,102.3587646,37.5144043,22.21844673,8.232521057,5.156152248,1946.133749,3,32764.21271,18.06243324,8.631345749,4,81.09828186
1062,83.95599365,52.00016785,25.21826172,18.35499954,11.21042442,1601.031213,1,34647.19625,33.23330688,15.56623077,4,330.0270996
1063,174.6231842,22.8214798,16.02120209,6.561758995,4.020224094,1945.658604,3,30348.61469,17.73583412,7.084722042,4,186.3401947
1064,91.8953476,22.34360504,16.57963181,7.273553371,4.238096714,3803.372762,8,25446.05793,22.53806114,8.847984314,4,203.3143311
1065,44.77918625,28.48174858,21.55662918,8.757843971,6.414577007,5055.199813,3,752.616545,18.34260559,11.37152863,2,187.2060547
1066,65.9307251,27.8612442,15.45951748,8.62780571,4.65471077,5379.332745,3,1242.435639,21.24629402,7.636687756,2,287.8488159
1067,134.5668945,24.25235176,14.65416718,9.578176498,5.293767452,880.7383913,3,11672.91261,26.50195122,7.669892311,4,203.2490234
1068,32.8909111,37.82748413,21.8006134,12.23143768,8.303596497,4119.556911,3,24694.87094,23.4085083,7.85440731,4,171.1681671
1069,85.60276794,28.51033211,15.94352055,6.362602234,4.400076389,3178.923241,3,34516.75951,15.23101902,8.50043869,4,218.6598053
1070,106.1080475,27.65732765,17.51259613,8.235199928,4.763830662,2185.558023,3,28249.62881,25.47917747,8.010828972,4,135.4876862
1071,106.7699585,45.84386063,28.3719101,9.449262619,6.02249527,2171.104472,1,27570.6741,27.9354744,7.292473316,4,314.7245483
1072,49.74581909,28.93868828,19.00298309,14.94560814,8.252589226,4110.157902,1,24488.40073,31.81132698,9.718061447,4,331.6225891
1073,46.68980789,37.54528809,19.83418083,18.8984127,10.66851234,3076.853577,1,23401.90676,34.75447083,12.33052254,4,109.5337524
1074,101.3423004,27.08333969,19.445961,7.504654408,4.700314045,513.5118567,3,32162.87619,19.43757248,7.106356144,4,263.1572266
1075,105.9416275,25.47932625,12.80547619,7.526761055,3.877366543,3598.373604,3,33996.90275,17.38916016,7.32723999,4,202.0679016
1076,48.78312302,41.22649384,19.1090641,7.377152443,4.831236362,3075.699139,3,20310.37571,13.40030479,7.196855068,4,143.4381256
1077,24.30042458,44.0550499,29.24546623,6.369915009,3.656053543,5098.715279,3,697.7621578,12.08889294,7.441026211,2,53.13010406
1078,80.07928467,27.72709274,17.54400063,7.979573727,5.742717266,3983.333529,3,3022.822205,18.96331406,9.938733101,4,127.3039474
1079,35.83927917,38.53618622,17.03838539,7.394299984,4.091244698,5542.797504,3,28877.69814,19.67219543,6.6851511,4,260.7066956
1080,185.1160736,28.99114227,16.91320419,10.10390091,5.935497284,2387.042113,3,24988.65393,29.37366867,9.598970413,4,183.617691
1081,49.70942307,58.20241165,24.62542343,7.167181015,3.887717962,3370.544715,3,7526.616735,13.08936405,5.388901711,5,38.29016495
1082,37.09925842,36.03857422,18.15234375,6.331271172,3.644345045,2987.884812,3,7050.305733,10.95711136,5.166632175,5,67.98871613
1083,57.66976547,31.78104401,20.07379341,11.53087807,5.778856277,4538.378204,3,212.348071,25.99817657,11.09837818,10,154.6194458
1084,43.48766708,44.64498901,26.43146515,10.36621571,5.283650875,4846.512082,3,425.0420076,21.25634575,7.997335434,10,307.430542
1085,136.9567261,32.69849014,24.61120987,8.742373466,5.716403961,2821.369098,3,4382.889249,24.02908707,8.508267403,4,47.41342926
1086,120.8245926,30.24773407,17.35400009,10.82090664,5.922860146,1232.657844,3,9083.895044,26.43788719,9.917782784,4,162.4652557
1087,146.5947113,23.76308823,16.97097015,8.945039749,5.561635017,1911.102741,3,10160.4704,25.65260506,9.121452332,4,63.08344269
1088,124.1828308,25.59957886,17.92052078,7.289552689,4.322117805,1331.959325,3,11015.3833,22.37880898,8.921153069,4,247.2033081
1089,104.7859116,24.39759827,23.01077461,8.32948494,5.621193409,489.6153354,1,16993.94203,32.20420837,8.307091713,2,33.21525192
1090,58.7746048,30.9244442,15.15186882,9.469563484,5.446861744,5504.17971,3,28530.71858,23.41788673,7.277159691,4,248.584549
1091,85.55747986,30.96931648,20.08414459,9.64009285,5.410280704,2985.289836,3,28397.54486,22.81395531,9.263525963,4,91.30195618
1092,133.3816681,25.37586403,15.93366909,8.907091141,5.384422302,3172.38089,3,29251.99973,27.5357914,7.092410088,4,74.34318542
1093,260.7142639,23.31296349,13.10079002,9.649998665,6.276412487,1068.13641,3,26158.03434,34.38983917,8.647961617,4,229.0856171
1094,59.02180481,28.85528946,14.81779861,6.741389751,4.142827034,1956.317526,3,31044.30039,20.1339798,6.50438261,4,247.0871735
1095,64.35097504,36.51186371,24.04255104,8.566710472,4.957893372,3255.069144,3,20036.58056,19.23748779,8.798167229,4,260.4457092
1096,97.51257324,24.9151001,17.02872849,7.433766365,4.702198505,5533.496255,3,1244.406521,19.40099716,7.960478783,2,258.6900635
1097,58.46783829,35.00591278,22.93165398,5.197524548,2.880004644,4722.561343,3,2129.51723,14.18272495,4.257063866,4,303.6900635
1098,152.8770752,25.23784828,14.95446301,11.91668129,6.538020611,1250.760126,3,25908.86373,35.87700272,10.38707924,4,158.1941528
1099,285.4460449,25.81748009,18.1638546,10.79004383,6.808542728,2440.931323,3,26736.63139,32.37802505,9.816712379,4,84.94939423
1100,244.231842,21.98078728,17.31581116,9.58011055,5.642826557,878.0180897,3,18058.28857,32.09018326,10.9156208,4,216.5280151
1101,13.51093864,46.18942261,18.95837975,9.529150009,4.404192924,5239.603119,3,28362.54855,14.50785732,5.040389061,4,106.5358276
1102,101.9343643,30.01688576,15.71169186,10.74690247,5.600346565,3517.87817,1,31181.21888,28.38224411,8.465104103,4,235.4799042
1103,157.5797729,30.35200882,23.87721252,10.41343307,6.424940109,8375.536294,1,23013.91621,32.27338409,8.385480881,4,289.2130737
1104,53.96699524,35.16086197,19.44951248,10.11341286,4.507357597,1629.113786,3,30603.37147,22.22262764,7.793111324,4,107.1844254
1105,71.64993286,22.85011292,12.73079395,5.563708305,2.730752945,3036.279559,3,18673.2347,16.62915611,3.615142107,4,214.3629456
1106,96.42133331,37.58558273,23.59290504,9.455553055,5.226008415,2822.510588,3,18778.47311,19.23649025,8.263997078,4,309.2894287
1107,193.1572113,28.98585701,21.28176308,7.855732918,4.826775551,1898.083587,3,10945.57781,24.56235886,8.529006958,4,307.3900757
1108,88.8646698,33.77587891,20.65712547,9.644949913,5.806968689,1385.89645,3,9259.079128,25.29193497,7.259283066,4,265.5328369
1109,208.8215027,24.53905487,20.40563583,7.841186523,4.874145985,745.8278736,3,16106.12647,28.94915199,7.923355103,2,68.83409119
1110,61.16898727,25.94427872,20.87957382,10.69590187,5.84859705,3826.881985,1,31438.16032,31.06238365,9.103327751,4,300.4110718
1111,50.89091873,29.4572525,21.62894821,8.84817791,5.889168739,3687.513979,3,24587.27393,25.66356659,7.279131413,4,157.6421204
1112,72.51979065,38.31268692,17.41645432,11.26903439,5.61450386,3893.706204,1,24399.3632,29.57315636,7.593933582,4,264.9960938
1113,117.8807907,25.07891846,17.05367661,9.553501129,5.426119804,6644.76644,3,22337.40157,26.66046524,7.572704315,4,124.9393158
1114,75.19400787,29.58730125,18.81186104,8.66070652,4.894641399,1223.773527,3,3025.523445,20.42555237,9.307815552,2,210.3526306
1115,18.51473999,31.43358421,14.11004925,7.195312977,3.734555721,5172.114502,3,28247.78556,15.70751572,0,4,97.35237885
1116,159.0184479,33.62190628,27.04408455,7.178411007,4.252959251,4520.539758,3,29528.70776,22.23240471,7.4318223,4,298.4277954
1117,122.9302902,39.95272064,27.04275131,9.902002335,6.105177879,1536.305686,1,27339.28081,30.33601761,7.809605598,4,33.06991196
1118,79.74516296,24.08804131,15.30275631,7.087782383,3.603296995,3799.144324,3,33772.40368,20.227005,8.0297575,4,226.8182983
1119,107.2442169,32.19396591,18.57971001,13.35415363,7.175317764,486.7440757,3,13173.29693,28.7760582,10.50682354,4,130.5328369
1120,4.594562054,44.27804947,15.44732094,6.941190243,7.344903946,237.0992386,3,12510.67265,6.597115517,6.339281559,4,109.2705917
1121,165.5998383,32.71160507,28.60586548,8.621354103,6.149616718,17.20453748,1,17033.18229,32.53544617,7.439495564,2,20.72555542
1122,147.5214233,18.35979843,9.224189758,5.559406757,2.905626535,2324.262058,3,31714.07209,21.63721085,5.84233427,4,231.6072235
1123,98.06440735,20.00844765,12.51598835,4.868755817,2.997803211,3256.770893,3,18530.3383,17.93690681,4.698459148,4,263.65979
1124,76.42703247,26.94599533,17.57771873,8.382299423,4.587581635,530.6854735,3,12303.96132,18.80156517,9.577194214,4,246.7098846
1125,90.57896423,33.47511673,19.55257797,9.794696808,6.489341259,2893.627966,3,1481.603273,20.58644295,8.233921051,2,211.1713562
1126,181.1698608,42.96772385,26.04786491,10.95550919,6.433101654,1619.343102,3,18786.76546,25.57598305,10.59037781,4,298.0725098
1127,80.6631546,41.24489212,28.46286583,8.424245834,4.886809826,3618.072002,1,29410.57441,19.94854736,7.172019005,4,318.8140869
1128,146.8691864,28.8633194,17.00178719,9.195569038,4.911268711,3419.877694,3,28627.07983,23.7301445,9.185857773,4,123.6900635
1129,105.8040771,24.02377129,17.83849335,7.120111465,4.717297554,2789.766742,1,23366.28271,25.1296463,6.495078564,4,288.7680664
1130,197.7844238,23.41055679,15.62284756,9.471982956,5.751127243,539.9112795,3,25415.23738,31.40208435,9.056336403,4,230.6306763
1131,261.20224,28.53676414,16.55841637,12.22957039,7.189183235,2050.12517,3,27366.70616,32.81677246,10.78585911,4,207.2161102
1132,91.21417999,31.31665421,20.84754181,11.55761147,8.358887672,181.5530846,3,29652.63778,28.44323349,15.17854309,4,138.5123444
1133,20.37632179,28.81441498,16.60497093,8.227323532,2.67195797,2431.712589,3,35277.31072,17.51097298,4.862312794,4,120.9637604
1134,143.0806122,24.07250786,15.51056099,7.458340168,4.537977695,2621.848349,3,17451.68349,22.18124771,6.570597649,4,221.0275116
1135,21.32045937,47.36402893,20.38128662,11.72929668,6.385389328,5317.431233,3,28217.55219,12.22347355,3.784850836,4,61.18920898
1136,106.789093,29.92466927,23.29916,5.901367188,4.224248886,3626.09055,3,30538.92885,19.51084518,7.430859089,4,68.42869568
1137,258.7695618,44.50502014,27.5204258,11.77699566,6.596728325,4860.813676,1,23837.31544,33.10131836,8.721287727,4,308.9176636
1138,39.1341629,42.73616791,23.51188469,7.466728687,4.57126236,116.0381207,3,29666.81142,14.22180367,9.344357491,4,316.2729797
1139,66.24884796,31.22322845,16.43266869,7.909542084,5.10697031,403.4226528,3,30405.05368,16.59922791,9.636286736,4,197.8503113
1140,69.30764771,28.1279335,15.58916569,8.619072914,6.561389446,3354.915772,3,19485.09891,17.90726852,8.689675331,4,177.2736816
1141,155.5557709,22.45837784,13.05447292,6.780460358,4.207104683,4050.71845,3,8913.834637,18.97203827,5.946598053,4,122.125
1142,20.09845161,33.92045975,19.88925552,9.101653099,6.179358006,4330.412282,3,54.70003955,15.67397785,10.16487503,10,175.9464417
1143,60.98209381,39.88706207,26.69642067,6.982091427,3.958570719,5025.058801,3,1845.688677,17.75497055,6.165027618,2,45
1144,144.7393494,29.79576683,16.70591164,8.709924698,5.1144104,3677.625036,3,28540.15027,26.13748169,6.849658012,4,72.51200104
1145,95.05475616,30.57375336,16.18224335,9.697305679,5.413298607,4081.717767,3,22903.56641,25.12345314,7.263245583,4,169.9920197
1146,73.68721008,28.69163132,16.47848511,11.16692638,6.304282188,3623.932755,1,22976.70909,27.48443985,8.522636414,4,127.5888672
1147,24.29478836,34.61457443,25.70980835,13.78211308,5.819897652,52.14743329,3,25180.99455,21.92660522,13.06665993,4,188.8543091
1148,63.91207886,35.27841949,24.9241581,9.563371658,7.471523762,84.53062286,3,30539.52554,23.58322906,11.81684303,4,315
1149,88.20278931,29.87890053,18.4507103,9.79769516,5.179517746,281.0592727,3,31312.02081,23.5535183,9.067668915,4,235.1500854
1150,76.37845612,30.4006691,19.73879623,6.399762154,3.852355003,2728.636011,3,34567.61336,16.07553101,6.891829491,4,81.86989594
1151,125.4115448,37.06024933,23.73745918,9.356678009,4.743551731,694.3851131,3,13437.84072,25.41419411,7.944797993,4,43.46264648
1152,135.7317963,30.03147316,22.70773125,6.056684494,3.391334534,3688.309984,3,9329.170579,17.92630959,6.792107105,4,72.09669495
1153,72.80249786,43.49358368,26.41453934,8.796476364,4.781964779,4903.844977,3,59.1753281,20.49751091,7.213607311,2,50.50245285
1154,101.6413574,37.58015442,24.61624336,9.396129608,4.860272884,3847.014878,1,30982.30094,25.18130684,7.26180315,4,306.8699036
1155,116.1183167,40.2817421,27.80991936,9.05563736,5.382329941,2630.289864,1,27459.43429,27.30621719,7.551664829,4,301.6222229
1156,183.6664124,26.91337395,18.64299393,9.226521492,5.78352356,2214.654522,3,26748.53798,27.81020546,8.330939293,4,104.5173111
1157,96.45491791,24.71434975,19.36652946,9.522357941,6.875108242,218.0913547,1,25368.69398,30.10774803,10.97579098,4,216.2681885
1158,217.6174011,28.24564362,15.39683914,14.00977707,7.979139805,1757.45392,3,26123.31799,41.41492081,12.83386421,4,257.7807007
1159,105.0919876,16.81959915,9.072094917,6.395254612,3.328943253,2479.491792,3,31715.465,22.94200134,7.129397869,4,232.3264008
1160,77.22262573,46.33504105,30.02267456,8.551755905,5.3583951,2234.220369,3,27025.04502,23.01604843,10.12805367,4,31.23921585
1161,134.4893951,26.51523781,18.53296089,8.838943481,5.951095104,51.36119456,3,12880.66562,24.70166969,12.16552734,4,77.2165451
1162,217.4235077,15.84414959,12.72786236,8.040910721,5.636005878,1461.892412,3,18579.64452,34.85159683,6.566716671,4,212.1639404
1163,89.22650146,45.24621201,27.46835136,9.242591858,5.167371273,594.766413,1,30680.44255,24.16431046,7.756360531,4,63.13808441
1164,71.42218781,29.45127869,18.49264717,8.698004723,4.948979855,3757.179943,3,647.7928331,20.93706512,8.268153191,2,137.9622498
1165,39.38886642,34.58296967,19.51512337,9.539538383,5.23587513,4086.827774,3,417.8494737,20.39829254,7.335560799,2,313.8065186
1166,45.40939713,30.27381134,21.28349876,7.869598389,3.769603014,4336.378092,3,151.6097676,20.47340202,6.445851803,10,335.0789185
1167,73.42500305,42.88918686,26.06602859,8.657372475,4.35790062,5602.964465,3,897.8653746,16.99397659,6.942162991,2,54.46232224
1168,19.96370697,36.71759415,21.39282036,10.47219467,4.289216518,2764.942083,3,27977.16125,17.80140305,7.20313549,4,121.4272766
1169,96.04537964,29.71787262,23.45959473,7.799352646,4.926097393,3679.865572,1,22588.17684,22.80006599,7.040412903,4,323.500946
1170,302.3854675,36.58922958,22.75847816,11.84353256,7.108387947,1692.413049,3,28512.6223,28.10143471,10.27797127,4,69.44395447
1171,204.9725342,26.28027725,16.9409008,10.15170956,5.71844101,1880.136476,3,11099.85239,26.08474159,9.420194626,4,173.3674927
1172,173.2891693,25.47208786,16.81140709,9.525436401,5.762146473,4724.657534,3,32058.50489,29.37941742,8.099934578,4,132.431427
1173,64.45359039,30.53386497,17.12342834,10.73615837,5.554263592,5606.954879,3,22640.29838,28.76937675,8.459084511,4,127.0597839
1174,46.1288681,50.62575531,29.56829262,8.517331123,5.115880013,5565.694354,1,22442.45433,21.94421768,6.132222176,4,298.9091797
1175,100.7472,27.56132889,18.92497444,8.263111115,4.895738602,5140.120825,3,22384.84847,24.24926758,7.64520359,4,31.57944298
1176,132.7665253,29.26071739,19.43780899,8.729312897,5.688157082,1861.665748,1,23236.93784,27.69756508,7.04561615,4,66.66595459
1177,70.97683716,22.57442856,21.27780914,12.94024754,7.121245384,164.3142465,1,24970.50272,36.02377701,11.13583279,4,17.73052979
1178,69.11730957,52.24926376,27.42517471,9.535254478,6.07015276,99.45349197,3,29858.46704,17.80097771,11.26220417,4,71.56504822
1179,158.9166107,25.67663956,16.61123848,9.511901855,6.241966248,2851.672634,3,18026.98769,24.70793152,9.316632271,4,106.189209
1180,63.74430847,31.68678856,19.132061,8.989575386,4.66285038,5499.337619,3,28098.81133,18.29785728,7.609966755,4,78.39849091
1181,260.2029724,41.25263214,27.28858757,10.58750629,7.094592571,5588.503609,3,31572.49241,27.55547333,12.20674324,4,289.9191589
1182,129.5458221,27.09040833,17.15296745,9.660612106,7.441905499,7971.187144,3,21850.20164,25.25747299,11.04607868,4,245.8208923
1183,99.68778992,39.38546753,28.01735306,8.242027283,4.703329563,462.1467351,3,32642.65246,25.33326149,7.011693001,4,50.19442749
1184,59.70946121,35.71094513,21.28407097,7.406058311,4.494071484,1468.329046,3,30101.11579,15.49391747,7.583544731,4,252.677124
1185,71.81433868,30.33407211,19.99303627,8.468858719,5.116456509,5366.261307,3,594.3122269,20.97989845,8.371173859,2,238.6429138
1186,172.288681,22.67017746,18.46578407,8.79093647,5.3946805,847.5380122,3,16209.70303,28.93411064,10.27997589,4,84.12260437
1187,55.5872879,25.30189705,19.88602829,8.844910622,4.883158684,599.5910456,3,17779.47706,26.97783089,9.133599281,4,234.2909546
1188,55.79030609,23.14854813,13.91330814,9.152287483,6.028719425,4251.340529,1,31414.96199,22.07102966,7.76096487,4,61.41374969
1189,167.9052429,36.85594177,25.75779152,10.7018404,6.436118126,4087.1813,1,23768.00558,32.3626442,9.166069984,4,323.2709351
1190,184.5249176,29.34584236,17.06853294,10.30187321,5.480036736,4466.471507,1,23911.49756,32.90497589,8.438601494,4,242.6843872
1191,177.6661682,30.95105934,25.00170135,11.57234097,7.151099205,429.486998,1,24586.61548,36.03816986,11.35414314,4,33.91358566
1192,234.1327362,32.49116135,19.5552063,9.929160118,5.441862583,409.3540846,3,12668.04847,23.76107025,8.43191433,4,285.5241089
1193,53.0355072,39.91731644,30.25495529,8.527573586,3.495820045,3323.64342,1,22810.60576,21.549963,6.668728828,4,25.34617615
1194,48.74568939,31.91988182,19.5840416,9.029277802,5.679873466,135.2268906,1,29382.07221,16.97769928,11.41644287,4,289.1742554
1195,132.026413,44.01702881,29.09231949,8.586960793,4.951449871,909.4133104,1,29804.1064,25.99338531,7.830242157,4,34.43898773
1196,18.73588562,18.52994919,10.28765774,5.828962326,3.156731606,2794.156949,3,32140.69482,13.76315975,4.217774391,4,231.2034454
1197,73.63704681,31.36208153,17.71440506,6.728081703,4.193434715,998.8777513,3,5073.124047,16.21507454,7.602892876,2,213.6900635
1198,92.76041412,28.43540001,17.25686264,11.57264519,5.904599667,238.6546814,3,7463.121339,26.05553818,9.84077549,4,149.0362396
1199,123.3242569,30.83799934,24.52658081,7.9178195,5.56675148,3692.43881,3,20734.14106,22.58825684,12.47501373,11,271.7569885
1200,73.79711151,32.57138062,22.77270317,13.89469624,8.312314987,4019.042961,1,31244.98343,28.31350708,11.37111855,4,264.4920044
1201,70.44017029,27.04037857,16.33038521,11.25264263,9.515694618,226.2343561,3,29110.11372,27.90728378,13.54473782,4,115.0168915
1202,133.7657471,26.77296066,17.27630806,9.05086422,5.569530964,2337.367165,3,31179.82522,22.78968048,9.386749268,4,180
1203,181.5188293,37.09967041,23.15610313,9.465304375,5.900129318,2037.031784,3,30293.4845,18.83322906,9.051215172,4,262.875
1204,104.428688,28.71878052,17.12489319,9.592767715,4.914418221,2813.098475,3,15620.86026,25.96191216,8.739706039,4,218.5411835
1205,82.87315369,31.69038582,18.13501167,6.53089571,3.590173721,3143.165855,3,7700.873564,15.064641,5.777120113,5,88.91907501
1206,90.18838501,28.28321648,16.18877411,6.547918797,3.863893747,2506.481284,3,7389.316687,14.32152557,6.17249155,5,75.96376038
1207,37.26360321,33.66542435,23.11732101,8.542926788,6.200592518,1946.156301,3,6779.219908,14.42702389,8.973702431,5,270
1208,93.53131104,24.01513481,14.35624695,8.236414909,5.279403687,3723.910579,3,3340.673979,21.63118362,10.04508781,4,210.4675446
1209,109.6576385,28.38177681,16.24038506,9.675878525,5.750191689,833.0293597,3,8668.353411,25.81973648,11.46182156,4,245.7882385
1210,224.766861,29.57421494,16.84833527,10.39723969,5.659515858,1098.679833,3,13247.25513,25.38176537,9.678551674,4,253.1785889
1211,182.6421204,28.06465721,23.12421036,8.353171349,4.9550457,575.0006292,3,16408.7647,27.2186985,9.903873444,4,280.388855
1212,105.1128464,22.98748779,14.36856365,6.054715157,3.484396219,2770.845488,3,31821.88888,17.89510536,7.700722694,4,234.9613342
1213,139.5652618,24.88488007,18.10159111,8.780477524,5.200242043,1647.161589,3,29094.24607,22.36842346,9.359275818,4,170.5376892
1214,69.46312714,24.74898529,15.64566612,6.091372967,3.840572596,3803.447536,3,19591.27743,18.30753708,6.283726215,10,251.5650482
1215,107.463501,30.42008972,22.47083282,11.04664993,7.54066515,182.954189,3,8060.962484,27.49703979,13.36090374,4,64.19884491
1216,108.3079758,29.51839066,16.10688782,10.73324394,5.809263706,4236.484102,3,28344.50946,26.13280106,8.037291527,4,149.5124512
1217,88.69410706,28.07837296,17.91029739,8.873081207,4.921016693,3474.149361,3,28013.41889,23.45231056,7.133076668,4,105.0684891
1218,204.2568512,42.57378006,28.96261597,8.822016716,5.418996811,2133.555497,1,26286.88116,25.53468704,8.808655739,4,310.9432678
1219,117.94207,26.93231964,16.79650307,7.836006641,4.580994606,9840.636808,3,21925.44838,25.83998299,8.946439743,4,70.56980896
1220,156.8848114,49.75195313,26.84207535,8.105222702,5.052202702,9770.235632,3,21724.99773,22.22144318,10.13448048,4,41.8550415
1221,19.8821373,28.55217934,11.90246582,4.900100708,2.786865234,3013.600547,3,32286.27292,11.27704811,3.277988195,4,263.9909973
1222,94.77600098,30.03124619,22.57431412,6.784227848,3.639667749,3799.348054,3,18667.819,16.94486046,6.437898636,4,284.3285522
1223,102.7194366,29.26244926,20.97974014,8.323238373,4.791612148,3353.715585,3,16853.46182,21.70386314,7.287074566,4,64.1336441
1224,40.29695511,37.65389633,24.59765434,7.278866291,3.523652077,9205.970701,3,22013.9538,18.632267,6.725700378,4,38.27403259
1225,88.7585144,28.68461609,16.08677864,10.29877377,5.826354027,8803.206219,1,22177.20591,24.50547981,8.564003944,4,231.6134644
1226,101.5215607,28.82698631,21.76861763,13.21567345,8.435632706,186.5454442,1,24972.67657,28.24364281,11.54331112,4,26.56505203
1227,19.3634243,33.82500839,16.87168312,5.627687931,2.814160585,3237.059551,3,32574.14103,11.01318455,4.312732697,4,147.5288086
1228,97.89774323,23.80919075,16.90168953,5.145479679,3.075739861,3543.660483,3,18673.67263,16.96234894,6.974774837,4,244.9164124
1229,130.0402069,29.92448235,18.12601471,10.03531837,5.354420662,1477.674077,3,11408.10079,24.16737747,7.807908535,4,205.7099609
1230,46.90737152,48.4051857,27.24018478,7.042493343,3.838954449,1025.189885,3,3444.67327,13.81116295,5.320151329,2,38.29016495
1231,15.01763725,48.55453873,28.69060898,14.47338009,5.886250973,417.9191765,1,17587.92342,23.03926468,9.069598198,4,24.44395447
1232,228.9643402,13.98421478,10.76757813,6.944450378,4.682374477,1814.59366,3,18866.22185,34.17360687,5.896933556,4,215.4554749
1233,103.9567566,32.59225464,16.90954399,12.26568127,7.654326916,6358.549371,3,28123.51328,29.3279171,9.630764961,4,255.5148468
1234,48.84344864,40.91854095,24.64206123,6.118702888,4.428260326,3438.371206,3,35002.69816,12.07492065,9.324800491,4,266.1859131
1235,28.10108757,22.07018852,15.10101795,3.196851969,2.098735094,3044.084289,3,32281.9917,10.65376759,2.362579823,4,259.1596985
1236,116.3758545,34.30437851,26.18966675,6.066060543,3.594443798,3877.682461,3,8489.079325,18.77453804,7.679275513,4,45.65089417
1237,148.2814026,24.28520966,14.09349537,8.093060493,4.840844154,648.2426089,3,11484.86275,27.73431015,8.128949165,4,273.50354
1238,129.9733582,31.1452446,25.04886246,7.443449974,4.416306019,6573.941183,3,21997.4262,23.76159096,6.416962147,4,24.96279144
1239,92.07991791,28.72828865,17.82278633,9.555922508,4.799610138,2955.63879,3,23091.8195,25.84660912,7.27699852,4,242.1985474
1240,184.6219482,43.91192627,27.61809158,8.412435532,4.712149143,1227.645869,3,23882.67803,23.5322113,8.458355904,4,54.18668365
1241,143.0307617,27.51461601,17.6811142,10.19547653,6.031172276,298.4614531,1,24688.88056,32.08994675,8.31787014,4,48.92590714
1242,68.06054688,27.79339218,18.21793938,8.323422432,4.960530281,124.2793558,3,4178.38494,17.8534565,7.695147514,2,89.61804962
1243,106.7548065,31.60148621,29.56498337,8.263706207,6.179782391,470.4449615,1,17584.80092,32.99987411,7.071691513,4,17.62229919
1244,53.61259842,26.26785851,22.56309128,9.65881443,5.389423847,864.1944365,3,17986.67079,24.60132027,8.679962158,4,215.8698273
1245,115.3139496,32.7852211,18.09088898,9.839590073,5.445607185,4314.392576,1,30579.54807,24.59589195,8.841819763,4,243.9146118
1246,96.20085144,30.08327675,18.04124832,10.21959591,6.114375114,4266.212936,1,28952.60815,27.58065987,8.313239098,4,153.6697693
1247,139.8566437,46.24620438,28.33213615,7.774117947,4.217951775,6177.48802,1,21616.32984,23.21942711,7.583204269,4,302.4711914
1248,118.7431107,34.61255646,23.6234684,9.918755531,5.691590786,1578.58465,1,23428.94193,28.72762871,7.73624754,4,294.0540161
1249,115.2654572,47.65296936,29.55934334,9.470531464,5.512978554,1399.557037,1,23559.10889,30.07573128,8.1417799,4,36.12688828
1250,114.4080582,29.10852051,19.90382195,9.440662384,5.737501144,832.3593485,3,29288.33197,25.648592,10.42951679,4,260.4698792
1251,96.39214325,30.05923271,18.38374901,12.91424751,9.198740959,1648.915448,3,5770.146156,28.56458664,10.83084488,4,57.18365479
1252,126.5569992,52.23305511,26.71734047,9.160464287,5.245239735,8783.985653,1,21950.56565,26.32226372,7.287192822,4,51.17017365
1253,65.79691315,32.79317093,19.54577446,10.88019562,6.848179817,193.614092,3,28865.7664,20.03657341,13.62401581,4,151.5967712
1254,78.49814606,27.99188805,17.32423592,10.72339725,5.207397938,2241.718925,3,5175.412461,23.90257454,8.25164032,4,163.651825
1255,106.5985718,35.44597244,20.6808815,9.763730049,5.712104797,5889.807226,3,27582.73724,24.474617,8.83866024,4,83.09222412
1256,87.09614563,47.09643555,24.17525673,11.59630585,6.823031425,6382.362864,3,28695.52321,25.80299759,8.690810204,4,308.0483398
1257,176.8511505,26.15034485,17.63058662,8.644947052,5.29872036,6782.762278,3,28855.6354,27.41314697,8.32475853,4,161.9958496
1258,124.5928192,44.95510864,29.63254738,8.628495216,5.072141171,4657.135122,1,30389.68081,25.96369171,6.924323559,4,337.9887085
1259,91.52941132,30.28734207,17.64269638,8.484530449,5.363349915,2295.186372,3,30937.43607,22.8103981,8.052293777,4,289.978241
1260,70.0580368,21.97758865,14.51095009,6.366410732,3.519601107,3891.236462,3,20245.68258,16.91252708,9.273073196,10,213.4819336
1261,175.3529358,26.99470329,14.89888191,8.715320587,4.763381004,1671.200019,3,14050.57157,23.24872589,8.063642502,4,187.6094055
1262,88.90917206,25.65063858,15.30847168,7.434936523,4.552829266,4538.150013,1,31345.50817,20.21946335,6.649704456,4,76.17149353
1263,221.8058319,23.83353424,15.92237473,10.14888763,6.480923653,1391.835058,3,28280.63874,29.74268341,8.187915802,4,100.491478
1264,78.93901062,27.93830109,17.45280075,5.555873394,3.702360153,4187.138733,3,33652.86172,12.38203049,7.823695183,4,195.6422424
1265,51.47868347,33.72638702,19.43396378,10.18260098,5.964784145,3281.271191,3,1199.32098,22.07285309,9.8626194,2,166.8424683
1266,79.40170288,40.6775322,27.83532333,7.039326668,3.696764469,4172.103993,3,650.779756,18.74748039,5.889635563,2,38.2623558
1267,69.53856659,33.2185936,23.14920235,7.757707596,4.372485161,4428.890147,3,373.6301465,20.45975876,6.412083626,2,276.34021
1268,94.1313324,31.23233986,18.13954353,12.25819683,6.599329472,1803.758804,3,5688.602833,27.42437363,10.3700161,4,117.3156052
1269,52.19530106,32.03219223,20.9723053,12.64203453,6.872689724,1107.989092,3,6465.78257,24.95512581,11.57399368,4,174.8596802
1270,167.863266,31.79621506,16.43400002,9.919663429,5.124612331,1415.715928,3,13425.09971,22.42378807,8.093411446,4,181.6554871
1271,225.1930847,18.14735413,15.4779253,6.876875877,4.225822449,1855.665392,3,18856.62195,30.35235596,8.555939674,4,221.0995026
1272,167.0288544,20.37526131,14.56404877,7.439115047,4.23664093,2072.589926,3,19382.93738,27.91786957,8.435533524,11,207.8240967
1273,84.97108459,29.05495834,16.65706825,10.38947582,6.199407578,571.0839359,1,24554.94053,31.86215782,8.984335899,4,54.85437775
1274,149.9236603,23.31239891,18.23377991,10.00632763,6.850744247,3066.525874,3,27837.92922,27.20983505,9.661444664,4,133.5588379
1275,134.032959,21.68130302,17.43133736,7.452364445,5.012467861,2878.613055,8,27480.67673,23.35177612,8.929169655,4,282.0947571
1276,160.6865997,28.91859436,16.1661911,8.247903824,4.877276421,1853.006133,3,11183.32029,20.72404099,6.796051025,4,263.1572266
1277,103.1025696,26.54127693,19.43149948,7.39991188,4.126791477,8593.276589,3,22242.91436,25.9831028,6.157621861,4,80.68763733
1278,94.21990204,33.99647903,19.71492386,8.245900154,4.505629539,9385.041937,3,21792.93968,22.96817398,6.645065784,4,265.6160889
1279,157.890564,33.7061882,26.23709297,6.664097309,3.896083593,3489.914733,3,21762.67489,19.5501709,6.184515476,4,39.64417648
1280,183.5354767,27.82038307,19.10371399,7.123326302,4.313611507,3133.515368,3,21993.97606,21.1566124,6.733005524,4,268.4518433
1281,19.1056881,35.10730743,17.13919258,7.97672987,3.800150156,3506.500384,3,32781.64571,13.03213501,5.653914928,4,163.8161926
1282,64.54117584,38.46304703,23.77009392,11.54762363,5.242176533,3554.491565,3,32700.21533,25.03492737,11.51111317,4,310.060791
1283,146.9118958,29.42616653,21.25967598,8.945571899,6.358001709,2009.496732,3,28776.63405,21.4639492,11.24585438,4,296.0753784
1284,77.78552246,39.30996323,25.83459091,9.750647545,5.026046753,1751.934769,3,5839.292225,26.09431839,8.157459259,4,318.1798096
1285,49.16326904,35.49701691,17.04530907,10.65827084,5.003066063,2536.186767,3,19871.26573,20.40651894,10.02576351,11,235.691452
1286,189.9003601,33.75588608,24.76420403,9.288865089,5.361414433,5204.902976,3,30899.92636,26.64141655,8.338176727,4,285.255127
1287,16.2365036,33.94248199,21.64544868,9.289931297,5.618038177,8835.305135,3,21967.02913,17.60253906,8.73263073,4,212.5151215
1288,145.8730164,30.52923203,23.21661186,8.969573021,5.687146187,898.9554889,3,30132.2738,26.35397148,8.873483658,4,284.6560669
1289,69.42169952,27.70110893,15.76093102,6.558247566,4.276455402,790.3347218,3,5073.121897,15.72005463,7.336553574,2,225
1290,80.90520477,31.04459953,16.66459846,9.998311043,5.936258793,816.7765477,3,26041.36671,26.21442032,7.828158855,4,140.8695984
1291,65.52870941,46.36390686,25.80599785,11.42479324,6.750024796,4442.120016,1,22353.78394,26.08571815,8.265570641,4,21.98078918
1292,21.4262886,42.08712769,30.93959045,5.488130093,3.354369402,1076.939743,1,23917.44763,15.48808002,4.065103054,4,328.5704346
1293,34.98595428,28.43049431,16.95051956,6.369920254,3.565379381,3690.639158,3,20456.19301,13.85634804,8.461145401,10,222.5104523
1294,129.4444122,26.47850609,14.47696209,10.13765526,5.434131622,877.2762433,3,13729.00547,27.69812202,8.497361183,4,184.5125427
1295,61.26324463,28.51111603,14.96465111,6.395820618,3.653651237,4678.266654,3,2397.392659,15.12774372,5.783256054,4,130.757843
1296,40.01012421,26.19067764,15.83288193,7.236707687,3.541943789,997.2442775,3,10835.92212,17.93827248,5.786558628,4,240.7511749
1297,151.3542633,23.65903282,14.71865082,7.847701073,4.079181194,672.1162972,3,10989.58525,21.60926819,7.726779938,4,235.6792755
1298,201.7646179,29.16304779,17.12903595,10.30996037,6.555101395,862.5606439,3,13012.84129,27.58970833,10.18558979,4,181.8476105
1299,36.32637787,18.21113014,18.51481247,11.52518463,7.71062851,648.1980409,3,12981.63798,32.1186142,8.144824028,4,197.914505
1300,83.06785583,22.23618698,15.7672863,9.125664711,5.783393383,2796.282207,3,20477.14331,24.66446495,8.61852169,11,159.29776
1301,98.56878662,35.67357635,26.00723076,7.750312328,4.344016552,9364.342591,1,21538.3365,24.65005875,7.138139248,4,47.32152939
1302,27.164217,54.41199112,27.1362896,9.170666695,5.15642643,8958.650703,1,21831.18862,22.58069038,7.132823944,4,29.31291199
1303,135.9789581,30.19493103,17.81974983,8.833965302,4.759999275,5470.463688,3,21836.846,26.18712044,7.312315464,4,104.5821686
1304,7.609179497,61.40750122,18.37064743,4.133261681,3.273593903,3241.095605,3,34890.64342,5.913241386,4.190060616,4,186.3401947
1305,70.98847961,41.39432907,28.35444832,8.77216053,5.303892136,4367.320511,3,34131.71589,20.27923775,10.05293179,4,26.17528915
1306,112.5091629,28.48444557,21.7386322,8.32389164,4.88612175,3605.639418,8,25826.44228,23.43611908,10.67731667,4,74.47589111
1307,179.8204193,30.76283836,28.02092743,8.489983559,5.307204247,649.4771655,1,17681.07203,30.39641571,7.063042164,4,24.74936676
1308,131.5730743,28.85458374,17.08820534,7.352769852,4.210432529,9871.376989,3,21363.20507,24.77718353,8.260183334,4,81.38435364
1309,85.84780884,33.98457336,25.30890274,13.92756939,8.594574928,8502.845218,3,21457.23802,30.805336,12.75168419,4,71.04576874
1310,83.34754944,29.43496704,20.21977043,10.05513668,5.907670021,4435.955705,1,22136.45273,25.03439903,9.148524284,4,58.5479393
1311,326.4427185,26.18135071,15.20414352,11.73946857,7.314727783,1848.105123,3,25974.76034,36.42463303,10.94595242,4,248.7494965
1312,54.54648972,44.68381882,24.59335327,13.81985474,7.693170547,86.62976708,1,28954.77067,23.34837341,13.94095421,4,296.5650635
1313,86.27044678,37.99128342,22.88945961,6.46634388,3.821813345,3262.455501,3,21905.41889,13.4411335,6.100842953,10,75.96376038
1314,40.91368103,38.88745117,17.90101814,9.603600502,4.569990635,1727.817806,3,2670.341286,19.18786049,8.417250633,2,185.9134674
1315,81.84673309,25.0619278,16.38535118,5.649684906,3.23092556,2101.377302,3,2178.463454,18.27937889,4.391764164,2,228.5763397
1316,160.7180023,23.73496628,17.49811172,8.449088097,4.911568642,1384.771098,3,10087.50953,26.42772865,9.966493607,4,57.80426788
1317,162.4110107,26.33288765,15.49974728,8.691587448,5.155650616,6889.545855,3,28840.74706,28.07663536,7.490031242,4,234.180542
1318,152.388382,29.1851635,18.61856461,10.29108524,5.851882935,6969.889545,3,28926.555,29.97115135,8.563160896,4,153.6726074
1319,142.1367798,31.97896194,25.58003807,9.938344002,6.474078655,1522.004697,3,30980.87588,28.99402046,8.910756111,4,273.1040039
1320,11.88042736,41.49699783,19.46298599,7.79905653,3.770288944,2049.638064,3,2440.897237,11.78575706,5.908670425,2,199.0934906
1321,41.90287399,36.88191223,17.58335304,10.86105919,6.639595032,863.3362069,3,6821.644152,21.47658539,10.20671463,4,179.575592
1322,89.99716949,31.03338623,23.24922562,9.892160416,5.788491249,1278.990963,1,23707.91123,28.67286873,8.362941742,4,320.1944275
1323,17.31423569,28.51392365,15.71734619,3.454085827,2.04589057,3940.472421,3,33150.36654,6.870625973,3.138471603,4,180.7344055
1324,82.677742,26.7144146,15.69686222,10.59613132,6.874613762,2965.992175,3,16210.24011,28.88401031,9.065254211,4,60.25511932
1325,101.5045471,28.74717903,16.60085297,9.298071861,5.35733366,1386.220984,3,11539.08857,20.78454399,7.57507515,4,302.3666382
1326,97.05341339,42.08393478,29.28186989,9.951195717,6.698228359,1425.65403,3,6194.606234,28.39086533,8.087134361,4,22.68542099
1327,50.95817184,35.99752808,23.8781414,10.87153149,6.213680267,4494.273152,1,31061.91995,27.59508324,10.24345589,4,286.0064697
1328,136.0986633,39.5124054,25.89291191,13.13578129,6.796134949,6700.048173,8,22063.61934,30.57919121,11.98823261,4,62.98143005
1329,122.2662354,40.2048378,27.58710289,9.071428299,5.151404381,1562.763922,3,30785.97053,23.57875824,9.401090622,4,43.40885925
1330,108.1195145,32.5976181,22.10297775,7.049453735,4.828182697,1444.326621,3,30312.36708,22.47464371,8.010944366,4,59.42202759
1331,61.93754959,29.22507477,18.25961494,9.549273491,5.763240814,3926.312388,3,33017.22422,20.26074219,13.58177376,4,285.2287598
1332,187.0776215,40.58834457,27.41466331,10.75167084,6.470468998,2305.164956,1,24303.28776,32.7214241,8.913856506,4,316.055542
1333,24.6410923,36.60791016,18.53788376,5.583651543,4.353434563,460.1689106,3,25058.65949,9.352859497,7.126328945,4,262.0272827
1334,246.5650024,27.36533928,15.72343445,9.55803299,5.659211159,4689.946878,1,23109.3288,29.25681877,7.230653286,4,266.1489868
1335,152.2159424,32.12253189,23.04574966,8.545031548,4.848728657,7950.064964,1,22669.94626,30.63403893,7.198101044,4,49.37783813
1336,153.5298767,39.26415634,21.41405487,11.89162064,7.66547823,979.1329287,3,28116.10019,28.62518883,10.26880646,4,70.27365112
1337,100.2399826,28.7849884,20.28157425,7.446147442,5.222951889,7.782576254,3,12956.6428,19.39876366,12.42512989,4,94.39870453
1338,95.55339813,24.32921982,16.85842514,8.114658356,4.813295841,545.5403758,3,12441.4414,20.83969688,8.78413105,4,260.776062
1339,61.91444778,34.18080139,18.14183235,6.188733101,3.802479506,265.204217,3,5106.27036,12.39733124,8.098509789,2,206.5650482
1340,67.93531799,38.11008453,25.88453865,8.022252083,4.665029526,3611.41476,3,1039.376223,19.40207291,6.919243336,2,312.0641174
1341,112.159874,31.5715847,18.91803932,9.771272659,5.673703671,658.1069571,3,12320.69482,25.58431053,8.960379601,4,168.3482666
1342,135.0259552,32.48781967,18.25345421,13.05469799,7.631768227,7149.110286,3,28111.08515,29.67768288,10.60361958,4,204.9858093
1343,57.56511307,28.23713493,20.1448307,8.265927315,4.864758015,211.0734318,3,25274.17379,23.35048676,10.96557236,4,88.93250275
1344,108.1872864,40.13485336,28.34442139,7.911725044,4.509810925,9132.225077,1,20880.87511,22.07198143,7.313461304,4,267.9174194
1345,26.78864098,64.40229034,19.75547409,10.48222351,6.655399323,1814.549921,3,2698.363461,14.35198021,7.139330387,2,283.877533
1346,17.38241005,52.37599945,21.61178398,10.09472561,4.286399364,1682.313423,3,2815.514814,13.55154514,6.196722031,2,305.8376465
1347,140.3815308,39.09447479,26.73856735,10.97728729,6.61041832,6815.425622,8,21519.87731,27.35260963,11.50413609,4,293.3944702
1348,115.071991,49.99160385,30.55766296,7.881958961,4.939947605,3503.112419,1,22296.3086,23.11291885,7.020439625,4,41.5663681
1349,168.1056976,27.6888504,16.71965218,11.15094757,7.17320013,446.2517806,3,27834.37023,29.06051064,11.56703568,4,104.8163223
1350,12.30978489,40.29872131,17.61748314,4.935750484,2.725572109,3808.059338,3,20761.52532,8.35559845,3.707030296,10,55.08772278
1351,86.9927597,30.47301674,16.58739471,10.3881712,5.420647621,1238.21958,3,6449.9446,28.27224922,8.682136536,4,50.79279709
1352,101.9299927,46.70907974,28.09235573,9.33484745,5.2447896,602.0897291,3,7253.149559,23.29307365,8.567650795,4,297.9794922
1353,149.2480469,33.53696442,19.38198471,11.24380207,6.293636799,5204.340353,1,30215.79955,29.09511757,8.835651398,4,275.0309143
1354,56.18647766,28.3698082,16.82484818,9.157556534,4.179604053,3825.325412,3,27867.61269,23.54390144,7.381765842,4,123.692276
1355,112.9567108,28.92082405,20.54890251,8.772567749,4.798940659,3139.47133,1,27438.226,27.73285675,6.947461605,4,313.2642822
1356,248.8685455,51.5631752,28.51555061,10.95140839,5.761294842,7208.103379,1,23308.47398,30.52025986,8.356771469,4,314.7651978
1357,128.4921722,28.74540138,19.71920204,7.445238113,4.925704002,9490.708117,1,20933.85586,23.27986336,7.335206032,4,57.52880859
1358,140.6387634,46.54016495,29.59541893,7.96092844,4.316468716,9686.561017,1,21158.67686,23.78352356,8.526659012,4,45
1359,92.16036987,27.11058807,17.16560173,10.23840046,6.192794323,726.2923697,3,25263.52572,27.33059502,9.190532684,4,163.156189
1360,141.6421051,26.74535942,15.53861141,12.16732502,7.0898633,802.3159886,1,25140.8684,31.78200912,11.18359852,4,297.2995605
1361,147.4494171,26.61448288,19.56678391,8.961969376,6.014941216,413.2627018,1,28131.58254,27.73186493,10.5850153,4,287.6843872
1362,53.95689392,32.88987732,20.2361145,5.404218197,3.214861393,4220.764727,3,21521.26143,11.4591608,5.036093235,10,60.64224625
1363,62.350914,49.21390915,25.44338989,6.50359869,3.851109266,4325.327224,3,21197.8677,11.25801468,6.840428829,10,37.13762665
1364,56.96003342,32.93819046,19.9654274,6.254631519,3.441223621,4312.876659,3,20789.38067,13.71772766,6.151645184,10,70.73963928
1365,51.95845032,54.30847549,28.66438866,7.969387531,4.378116131,2187.195264,3,2477.726627,17.16105461,5.736145496,2,293.499176
1366,70.18378448,55.57157135,27.41803932,8.001011848,4.454385757,2703.694752,3,2032.028579,16.8393631,6.894980431,2,319.7636414
1367,71.12065125,36.53583527,22.1153183,6.885365486,3.391863346,4848.512311,3,2285.681833,14.48526192,5.56577301,4,56.56013107
1368,102.0853653,22.82498169,14.86769676,7.46773243,4.221196175,2713.585043,3,4676.769759,23.8363018,5.435670376,4,66.80140686
1369,137.2035522,32.30808258,17.84528923,10.48756504,5.683494568,5743.381612,3,27064.17672,28.12729073,5.664583683,4,183.559021
1370,64.72590637,28.56013298,19.56693077,11.01290035,6.625002384,3258.239245,3,23499.2946,27.34762001,9.61704731,4,165.9171906
1371,66.87856293,32.93766785,21.81189728,6.80138588,4.545460701,1455.479855,3,23563.842,17.549366,5.288762093,4,78.3106308
1372,109.3527222,29.42482567,16.38029861,10.56406021,6.267884731,2754.086746,3,16628.87426,25.14561272,8.814849854,4,116.9288788
1373,29.39545441,50.52017593,23.93182945,6.668258667,3.567264557,2682.637521,3,7239.549728,11.67884254,4.988767624,5,48.44412994
1374,51.76916885,34.84942245,23.68177032,9.234366417,5.413188457,1929.042465,3,3125.323763,20.10170937,8.448823929,2,57.13311005
1375,86.83903503,24.84226418,14.60262966,8.176494598,5.249272346,3729.273913,3,3503.501982,20.52058983,9.439360619,4,232.6799011
1376,28.34931374,38.11421967,11.2908287,6.576308727,2.839543819,2183.502137,3,5334.441781,16.18761826,2.935325384,4,80.24160767
1377,156.006134,28.05055428,20.26255035,9.829463005,6.151392937,2826.352595,3,4668.572483,29.0632534,8.759721756,4,49.21909714
1378,130.0778809,29.73158646,17.10420418,11.30930519,6.212715149,2706.49549,3,4918.420586,26.81966972,9.257833481,4,92.46960449
1379,120.8059769,41.35665131,26.40065384,10.05308342,5.536275864,2709.778868,3,5019.120649,23.40486526,9.607363701,4,282.8356323
1380,127.5776138,32.09501648,19.77117538,11.11559963,7.123132229,57.33107639,3,7928.101726,26.88302231,12.54867458,4,86.80233765
1381,107.2698288,27.12624359,18.34414673,10.21230984,6.651369572,657.7498889,3,8525.083858,25.66475868,9.398984909,4,260.4562073
1382,86.30214691,37.28298569,22.93266487,11.20489597,6.180892467,2756.399742,3,20650.27933,22.72797966,9.674696922,11,263.2835693
1383,94.70668793,27.80790138,21.12170982,7.713064194,4.383635998,3428.897222,1,26937.30235,22.31658363,6.844450951,4,304.5085449
1384,127.9295197,31.04971695,20.98427773,11.98371601,6.591945171,6858.420393,3,21828.15861,28.68667603,12.55747509,4,84.55966949
1385,52.90813065,36.74272156,29.1841507,11.49632359,5.576336384,3347.467994,3,32399.18495,24.73522568,10.33218956,4,26.71865845
1386,104.1527481,23.83107376,17.65214157,8.443622589,5.774225235,210.2405052,3,10921.41177,26.44226456,10.90681839,4,233.4185181
1387,207.5109558,41.70719147,27.66554451,9.74198246,5.504080296,771.0675394,1,16282.6065,28.6199398,8.808444977,2,300.0964661
1388,23.20944977,34.41033554,28.76909256,6.823771954,4.082946777,3660.730098,1,27588.91711,21.1049633,3.996382713,4,340.8861084
1389,117.3523636,19.27086639,12.18647289,5.852536201,3.428875208,3896.984706,3,19178.74951,18.50465965,4.937666893,4,239.4440308
1390,128.3560181,30.97880745,19.41893578,12.70735264,8.069490433,1572.633898,3,16214.92905,28.25686836,11.43970776,4,86.78451538
1391,115.1417313,27.36469269,16.91517639,11.33469296,6.50551033,1401.137482,3,15763.99454,27.90171051,10.73264885,4,243.6819153
1392,10.6267271,32.20206833,19.10539818,4.843486786,2.745973587,1011.797207,3,5892.967248,7.143567562,4.090918064,4,65.55604553
1393,12.74445534,33.75385284,20.90936852,4.12588644,1.676708698,837.6316162,3,5599.673412,9.22085762,3.692620754,4,209.2488251
1394,40.21494293,34.82470703,18.32260895,5.067002773,2.896569729,1234.496252,3,6288.043891,10.326231,4.263817787,4,62.44718933
1395,77.63551331,28.73230171,21.31062698,8.975821495,5.494549274,2328.516066,3,2697.375277,21.8649826,8.339806557,2,243.9246368
1396,71.7124939,39.37687683,24.03056908,7.076117516,3.918278933,3539.997647,3,1444.265559,16.2844696,6.524946213,2,284.2645264
1397,164.8502808,38.60473633,26.73942184,9.75606823,5.413954735,1950.253758,3,5928.529943,25.91209602,8.50539875,4,320.1478882
1398,121.3147125,32.39541626,26.39935493,8.916735649,5.402675629,1042.331114,3,10036.95087,26.40756226,9.427999496,4,54.88927841
1399,344.5746155,24.17597008,13.71663666,11.31674004,6.367711544,1718.400198,3,25628.41283,35.36675262,9.716434479,4,225
1400,209.9116211,30.65716362,19.09789467,10.51808643,5.84841013,2180.411255,3,10884.0683,23.69504356,8.935499191,4,188.9726257
1401,98.78779602,24.86002731,17.91085815,6.874547958,3.67471981,4185.801816,3,8696.862238,20.64641953,7.512862206,4,52.95482635
1402,179.5657349,25.67763138,15.31502056,8.24140358,4.785218716,5139.88108,3,31326.39129,25.97837257,9.545460701,4,59.53445435
1403,90.65233612,31.00110435,19.30397415,6.141085148,4.951789856,714.6019304,3,24705.29951,16.42460823,13.34481335,4,223.4507141
1404,91.55863953,36.32271957,22.58835602,8.067985535,4.497996807,1649.515286,3,32168.90092,19.01841927,7.761457443,4,242.7004242
1405,55.86371613,32.39661026,17.75156021,6.515847683,3.755720139,3793.653869,3,32225.60624,13.93168831,7.356203556,4,221.1859283
1406,87.08187103,29.05899239,17.15761566,7.022666454,4.228240013,5699.18262,3,1329.090132,19.00612259,6.185256004,2,217.0034027
1407,186.033783,25.66041756,15.55239296,7.707479954,4.268573284,1906.52126,3,14336.41175,24.30967712,7.282654285,4,264.2072144
1408,118.3204575,28.31233788,16.19092178,11.08320522,5.870482922,411.7911594,3,25620.89124,31.66420555,9.025272369,4,167.1885834
1409,188.2226105,47.02025223,27.59460068,8.091877937,4.197459221,5556.518831,3,21570.24331,22.43344116,6.519392967,4,45
1410,102.7547226,27.72816849,22.79681015,9.602668762,6.090259075,809.5670578,1,28827.7877,28.83062553,8.453355789,4,50.09846115
1411,46.61180878,35.66062546,20.66296959,7.307240486,4.932646275,4378.234178,3,20463.47122,13.58362198,7.131305218,10,87.51044464
1412,157.2177124,25.41615868,18.96741295,6.438590527,3.714529991,3706.539219,3,8661.055826,19.88871765,7.760821819,4,53.13010406
1413,106.0826263,35.8459053,19.96592712,11.54510403,6.928730488,946.2536913,3,8807.397923,26.77858543,9.02839756,4,132.3370056
1414,46.91090393,35.19988251,20.74807358,9.805494308,5.139186859,1490.372931,3,9622.721636,21.34923935,8.295549393,4,106.0948944
1415,105.4590683,40.58749008,25.42715836,14.32204628,8.450417519,2336.380112,8,20433.80129,29.1709671,16.38244629,11,30.13307571
1416,200.3070068,31.61731339,24.8036747,9.204091072,6.342213154,5512.079851,3,31138.03563,28.21483231,10.85618591,4,52.63072205
1417,259.2889099,27.36523628,16.59293365,9.989078522,7.426514626,5729.173309,3,30719.16887,28.49235916,11.09738922,4,69.62356567
1418,267.2953491,23.10033989,16.59016228,8.682711601,5.01969099,4763.889599,8,22296.79336,31.67515945,9.203152657,4,255.2564392
1419,234.539978,29.99600983,14.99146461,11.60221291,6.300297737,1603.602256,1,25697.75238,33.40951538,9.777832985,4,302.0053711
1420,24.47514915,34.87842941,19.451828,6.458737373,3.267771244,3273.380061,3,9513.19877,10.58141327,4.407444,4,45
1421,13.43395329,37.09485245,14.76793957,4.318236828,2.017197132,4304.440866,3,20143.69548,6.748746872,3.145379305,10,185.4403381
1422,7.022104263,56.29400635,23.12647629,5.060133934,2.770069838,768.5115796,3,5734.36534,6.918438911,3.407391787,4,53.5664978
1423,130.5066071,29.64243126,17.33493233,9.027105331,4.962943554,2084.63488,3,5725.912281,25.16553307,7.38140583,4,86.90594482
1424,135.7713776,27.49420166,17.77134514,7.0876441,4.400318623,4615.764779,1,28803.52218,25.49154282,5.851944923,4,50.16130829
1425,120.4682999,43.89645386,29.4900074,8.47121048,4.603069782,3743.179541,1,26923.76711,23.84161377,6.954463482,4,36.86989594
1426,52.8571434,52.44124985,28.76612091,8.227519035,4.518053055,3787.023276,1,27500.48973,23.29307747,7.170040607,4,312.6784668
1427,159.7182159,24.14398956,16.52694893,9.480571747,6.12514019,1219.159667,3,25758.64438,28.1256752,9.170603752,4,113.1985931
1428,134.366745,24.62846184,14.61328983,9.578623772,5.235348701,6747.70558,3,22330.57754,30.44309044,9.684695244,4,88.50566864
1429,130.2918701,23.99576187,18.05984116,7.4893713,4.890006065,6521.124293,3,21611.51434,26.4006443,6.383702755,4,77.78427887
1430,103.0582428,26.58048058,16.06581879,6.540148258,4.147533417,7453.904305,3,21365.02755,19.11050606,9.436166763,4,219.8055725
1431,113.7121353,47.14672852,26.03079987,9.769515991,5.313549042,1812.23969,3,31863.16823,21.02722931,8.825137138,4,210.3791199
1432,125.9748383,23.13203049,14.83857441,5.294048786,3.112840652,2857.525397,3,28628.3584,15.2898674,4.183859348,4,246.1940613
1433,128.2262421,29.97557831,16.66444397,11.47432518,6.246407509,1147.184275,3,14023.07601,27.27314377,10.30924892,4,101.3099365
1434,55.61156845,34.32516479,18.4984417,5.372102261,3.162367821,604.9032241,3,5955.230823,9.782014847,4.772815704,4,67.83365631
1435,162.6472168,18.0557766,14.47580528,6.937076092,4.190566063,1922.040094,3,18995.99841,30.75658989,8.096269608,4,223.4047546
1436,199.6366577,24.41662216,15.90826416,9.476634026,6.042221069,6875.765057,3,29165.73189,30.61332893,8.170548439,4,231.5462952
1437,80.42082977,50.98599625,29.28632164,9.267139435,4.857171535,4593.15076,1,27871.41878,22.84470749,8.566222191,4,136.1248016
1438,142.634079,45.57478333,27.68888855,8.729476929,5.19605732,4169.157098,1,26772.16058,25.54167175,6.932228565,4,296.5650635
1439,250.1047516,40.72785568,28.51890373,10.33837986,5.786538601,4278.318644,1,22302.60116,31.95298386,8.836316109,4,33.22881317
1440,103.2655563,22.54933357,16.98379517,10.37462044,6.338849545,5090.811783,8,24451.32738,27.1361618,9.588522911,10,179.2790833
1441,144.0821838,30.83960724,19.38349533,8.996239662,5.613799095,4387.415718,3,23005.51523,20.08957863,9.383451462,10,87.70938873
1442,56.68616104,26.91179466,17.296875,8.6115942,5.810461044,62.61694606,3,4700.722995,18.6432991,11.78051758,2,165.4110718
1443,43.18029404,28.57746315,21.93702507,7.794126511,4.604232311,554.0459217,3,3891.420161,15.90225792,6.702496529,2,287.1027222
1444,42.03767776,32.3355751,24.77816963,7.825907707,4.383973598,1422.913487,1,18453.13319,20.66567802,6.640690327,4,34.59228897
1445,186.5957184,30.06004524,26.06333923,9.085529327,5.692119122,628.1660915,3,17586.33874,31.02732086,9.933684349,4,32.90524292
1446,176.4521484,24.11980057,16.25288582,9.756407738,6.34204483,7524.47479,3,21132.86806,33.45886612,7.739926815,4,94.90782928
1447,67.60472107,29.1453743,22.04349899,10.15622044,6.442216873,1716.602787,3,31211.66777,27.50119781,9.601271629,4,76.55138397
1448,25.8547554,43.66785431,21.52375412,4.599765778,2.796066999,562.4820325,3,4638.15766,8.818954468,5.855435848,2,275.2371216
1449,31.14694405,29.03394127,20.21828461,6.049972534,3.893804312,4299.937499,3,2933.88648,14.12833309,5.885314941,4,86.0548172
1450,155.1250305,28.8564167,16.14232635,9.07306385,4.662850857,4923.962378,1,28564.81381,27.25818253,7.75609827,4,102.6195374
1451,63.89666367,53.29876709,20.96305847,12.55986595,7.361312866,307.8797231,1,25256.85027,22.58747292,9.820095062,4,54.90418243
1452,113.2345734,27.00298309,16.47264481,7.276635647,4.172517776,3542.935871,3,19094.07399,17.17221451,5.517257214,4,280.0805969
1453,97.55716705,33.14903259,22.74815369,8.773404121,5.085694313,2480.717575,3,16569.8194,25.96684837,9.068315506,4,28.68571854
1454,121.6083374,21.34497833,13.55545902,8.038058281,4.857720375,1850.202258,3,19413.76216,22.97637177,7.346425533,11,197.4594116
1455,85.30950165,33.70601654,14.73600578,10.22924137,4.942097664,2815.082448,3,23438.50352,27.44232178,8.068887711,4,172.486969
1456,59.55734634,28.77858162,16.57319069,8.439079285,4.959377766,2888.638071,3,33797.35329,20.41145706,7.51551342,4,165.9637451
1457,43.48554993,44.71812057,24.65456963,5.497992516,2.993003368,1079.424589,3,6308.477163,10.59565926,4.480184078,4,50.71059418
1458,68.0605011,35.69761276,23.99326324,6.485706329,4.089084625,1821.993833,3,3630.296238,14.94127655,6.312831879,2,246.8014069
1459,82.33191681,26.26486397,15.69822598,9.314677238,5.440610886,2428.960084,3,20383.46466,19.0454731,9.317174911,11,236.5921783
1460,63.74147797,27.01861572,16.28814697,8.612288475,4.938530445,5668.65144,3,30785.59802,21.22916603,7.352832317,4,162.6130371
1461,120.3338242,32.09186935,17.43754768,9.727487564,5.450719357,8205.53428,3,21297.84736,25.81941986,7.42901659,4,201.7482605
1462,121.6895065,33.46203232,23.41185951,7.570329189,4.163864613,4103.698119,1,21971.05668,22.83182144,7.00796032,4,302.1087952
1463,201.7540131,29.12265778,18.86686325,9.777791023,5.311303616,1011.513697,3,23925.76851,30.05565834,7.910098076,4,109.3324661
1464,179.1059113,42.20572281,27.25910187,9.447122574,5.622488022,871.5977494,1,23848.06069,31.67368698,7.412782192,4,44.35402679
1465,33.50397491,31.97089195,18.22560501,7.479287624,4.034106731,4152.24127,3,33117.65716,17.68549347,8.579865456,4,225
1466,120.2738495,24.85912323,15.81623173,7.765102386,4.4876647,3942.355308,8,26122.18884,23.15084267,8.430513382,4,110.3764343
1467,97.47389984,42.07313156,28.49611092,7.741801262,4.314593315,3792.626094,8,25751.64877,20.52888107,7.948939323,4,305.4832764
1468,74.41244507,34.66870117,17.91559982,6.867763042,3.732858658,4861.156397,3,2345.505503,15.13083172,5.446305275,4,106.6992416
1469,149.501236,32.04382324,16.86830139,9.409018517,6.242640972,1214.974428,3,24316.73275,24.65057182,12.56342983,4,223.1170654
1470,107.9148026,29.77565002,19.57962227,8.535728455,5.283987522,10686.68046,3,20440.63573,23.74003601,7.652143955,4,260.7066956
1471,77.88549805,27.31437683,13.45050144,8.019248009,5.040910721,1875.515484,3,23093.48911,25.35180664,6.315357208,4,250.2863464
1472,115.693428,27.80586433,18.28770828,12.25763893,7.173064709,450.583201,3,24727.68107,30.60050583,12.10279846,4,225
1473,61.03633118,31.92952538,17.77736092,6.501707077,4.026815414,4456.52077,3,34410.42709,14.44058228,7.068667889,4,248.141861
1474,108.0320358,28.81835556,17.66636467,6.402760506,4.216041565,2945.002681,3,29235.15385,15.08211422,6.695968628,4,156.9188232
1475,108.731636,19.75875664,12.6638813,5.293162823,3.066525221,3791.557079,3,19564.31448,16.11609077,5.887319565,10,271.9749146
1476,43.9802742,38.73933411,22.80047607,14.22213268,4.559283257,52.77107352,3,24973.84549,22.3745575,13.49045944,4,73.66395569
1477,181.2827911,29.9701519,18.03991318,9.679455757,5.708092213,1967.060211,3,23451.79984,25.76311111,10.64656925,4,193.8317261
1478,142.7182007,24.15975952,14.58405209,9.0750103,5.051240444,1710.390893,3,23859.88636,33.29636765,7.377448082,4,214.9456635
1479,27.19459915,16.08961487,11.83799362,5.59254837,3.148794651,3154.818289,3,18624.12454,17.04254532,2.889190674,4,241.9661407
1480,140.9803314,32.53223419,18.55768585,7.98701334,5.106869698,1312.2392,3,17079.81083,17.83334923,7.846930504,4,108.4349518
1481,102.0306473,27.52191925,18.82179451,7.155281544,4.20497036,4682.197402,3,2816.981931,18.56082726,7.318171501,11,66.03751373
1482,104.5580444,23.88824463,15.36686134,7.58354187,4.70955801,3830.532427,3,3737.354543,21.3273468,8.340402603,11,228.7722778
1483,136.7992249,24.046875,14.96069431,8.165739059,6.378543377,6092.142347,3,30256.98578,28.43797874,12.12534428,4,61.94922638
1484,44.80189896,32.00659561,17.62230301,12.20115376,5.98912859,39.51740943,3,24952.65174,26.93286896,9.896226883,4,100.9246216
1485,35.76799774,31.37283516,18.29811668,12.23343849,5.656302929,201.1150547,3,24972.78714,23.6318512,7.73849535,4,144.8835754
1486,75.42698669,26.03877068,14.05402851,8.324888229,4.339019299,3418.609736,1,23257.63948,25.01126862,7.334632874,4,280.388855
1487,111.1769791,31.14500809,17.80613518,9.532732964,5.11937952,10514.35611,3,20834.22558,25.08231735,8.43614006,4,164.4968567
1488,121.8188629,30.4955616,16.94665146,9.643862724,5.120717049,1462.587968,3,16710.47806,22.11765862,7.961167336,4,186.3401947
1489,201.3944702,27.10727501,17.72301292,7.814814568,4.682770729,2042.751774,3,10891.1109,22.92978287,7.893214226,4,281.8214722
1490,79.2984314,33.35910034,19.27231407,11.05714035,5.685669899,1881.243078,3,19692.52399,29.24480629,11.39804459,11,294.246521
1491,169.9884186,30.67250252,25.16085434,9.760341644,6.470801353,6563.584579,8,30341.24207,28.99072456,11.12909698,4,46.36470032
1492,244.4118805,27.37996674,13.47586346,10.22284412,5.576577187,4826.231428,1,22829.71648,32.2115097,7.92348814,4,310.7108459
1493,102.8201141,39.88447189,25.93474388,7.938299656,4.340090752,2307.583317,1,22656.84363,23.59375381,7.033926964,4,292.2175903
1494,111.8036499,38.39979553,28.35531235,9.444077492,6.257813931,4685.999634,8,24666.72432,26.8869133,9.609926224,10,61.99082184
1495,67.87195587,30.24290657,19.30757332,10.72634125,5.997545242,4969.291643,3,23354.76839,24.82506561,10.35269165,10,218.1357422
1496,108.5169907,25.45443153,15.56015301,6.922354221,3.81898737,3725.445486,3,19814.26878,18.93387222,7.229323387,10,256.184967
1497,114.1455917,57.4990387,27.64360046,10.40405846,5.804010391,401.0066159,1,24626.83075,28.6183567,8.492869377,4,318.3664551
1498,93.52438354,30.81500816,22.85486412,10.85750389,7.107213497,71.88998618,1,24563.95382,27.51659012,10.69666767,4,37.54851532
1499,138.2410583,22.97877693,17.75206757,7.210533619,5.002869606,7721.622744,3,19763.36563,22.69381142,7.928046703,4,264.9204102
1500,218.2574768,26.59150887,18.87647629,9.324152946,5.732028484,6342.186557,3,20729.78025,26.93378639,8.117364883,4,89.33380127
1501,40.70899582,34.96218872,20.85635948,7.178655624,3.635205507,4551.070897,1,21637.66108,17.97989464,5.745328426,4,293.7907715
1502,123.1288605,24.82964516,20.3781414,8.375732422,5.507243156,4722.280834,3,23898.40405,28.31572151,8.679457664,4,62.71579361
1503,74.83478546,25.49759483,18.47808075,10.54249477,5.500845909,6892.307757,3,27819.14374,28.92237663,8.792861938,4,228.8140717
1504,68.57822418,34.81348038,22.87648773,8.254822731,5.30319643,4847.452797,3,21470.65858,27.75747108,6.445938587,4,54.49839401
1505,50.07711792,28.47378922,17.4317131,11.13856983,4.876055241,3373.233278,3,34290.55398,22.35282898,9.242041588,4,142.1250153
1506,121.9987869,20.95914078,15.4739151,5.884570122,3.505253077,2858.955023,3,19027.99762,19.15618515,6.907864571,4,251.5650482
1507,66.13816071,33.27214813,21.26866913,7.439453125,4.303103447,5385.174281,3,40.68517602,17.83456612,6.081885815,2,63.71173859
1508,106.6030655,44.6064682,29.26452065,6.989970684,3.994573355,5701.197715,1,27875.92506,20.42803383,6.33400774,4,42.6249733
1509,97.12705994,47.20612717,27.77487946,7.660104275,3.985325098,4895.567583,1,27596.86259,19.68779755,6.431879997,4,303.1011963
1510,136.5155792,43.80897141,29.77495956,8.366577148,4.933998108,2683.874392,1,22275.3767,30.66646385,6.998350143,4,323.9239807
1511,196.0536346,36.15776443,21.75053024,7.701365948,4.599232197,3129.817712,3,8636.807001,16.49123955,7.570854187,4,72.57505798
1512,60.40547562,27.94085312,17.28721237,7.594371319,4.759019852,1998.879799,3,7393.778857,15.61696911,6.655846596,5,69.94390869
1513,50.19924545,27.64659309,18.06727219,11.87603855,7.06155777,1665.52747,3,6917.289623,23.87117195,9.915849686,5,232.0134277
1514,86.71160126,34.59952164,17.50735664,7.868091583,4.017106533,5757.355339,3,1342.783388,17.86332321,5.827174664,2,305.909729
1515,88.01857758,33.6400795,23.23620224,7.76316452,3.919990778,5130.162506,3,2141.811871,19.00255013,6.719684124,4,40.00191498
1516,112.209549,32.16111374,17.85926437,7.302927971,4.064948559,842.206904,3,11245.38427,19.26311111,8.93565464,4,211.4295654
1517,31.70866394,32.93570328,25.9774437,7.625554562,3.304057121,1303.826005,3,18542.36892,18.02758789,7.939229012,4,42.61405563
1518,45.33752823,29.56135941,16.90988159,9.211690903,5.259567738,6705.381504,3,27256.44666,23.2175827,6.198832512,4,134.348938
1519,202.3016815,25.57790947,16.7611618,9.075284958,5.576608658,7058.096146,3,29163.24708,27.47950363,8.637583733,4,193.5919189
1520,94.95817566,31.68058586,16.81307602,8.163787842,4.46676302,10197.87343,3,20718.49074,22.75346756,5.966449738,4,210.9637451
1521,336.6985779,25.52230263,14.66423607,10.13269997,5.660065174,1515.518171,3,25196.73342,31.27561951,9.378093719,4,215.753891
1522,37.86973572,24.76589012,18.69275475,8.490818977,4.548248768,3902.1527,3,34800.43636,14.99753857,7.899706364,4,243.426651
1523,82.30077362,42.16173935,24.6170826,6.326394081,3.43013978,4756.607071,3,33589.42922,15.41332817,6.762869835,4,50.42407227
1524,106.9968796,31.09902954,16.81153488,5.426149845,2.888020754,2586.170953,3,29611.61784,13.10344315,4.618582726,4,216.4692383
1525,63.72560883,44.89121246,25.97092438,7.261648178,3.634865046,6107.798174,3,346.4059487,16.30912209,5.617288113,2,64.50657654
1526,241.7442474,30.15394783,16.27139664,8.237468719,4.564909458,2880.217569,3,13606.57963,22.08636665,8.588266373,4,182.6902618
1527,73.52607727,25.02662086,17.98080063,9.222599983,4.549934864,1220.504201,3,18375.69959,30.76698303,9.10706234,4,46.05118179
1528,46.87467575,28.41525841,18.27541733,6.921133995,4.058125973,1518.045359,3,18826.68311,18.1735611,9.120916367,4,247.5814514
1529,53.3248024,44.236866,25.62990379,6.044304848,3.507927179,4829.849736,3,33256.29922,12.71980476,5.652025223,4,311.947113
1530,105.139946,27.56254578,16.77089691,11.03512573,5.686675072,417.9861138,3,7452.793544,26.28625679,9.282453537,4,168.5244751
1531,130.2458496,24.24552155,19.28905106,7.8766222,5.09579134,246.8651258,3,17308.51022,23.9850235,9.034427643,4,86.87135315
1532,154.132843,43.36688614,28.81149864,11.02974892,6.136146069,367.503616,3,17521.2208,24.93670654,10.52553558,4,316.8779907
1533,117.5123215,24.27627563,14.33579826,8.692030907,5.228538036,5315.880257,1,28430.63564,29.73815727,6.539309502,4,127.6476212
1534,132.2574615,28.90558434,17.45426941,9.028440475,5.518628597,3100.391769,3,19416.619,24.14057732,10.01270866,10,193.1092072
1535,76.87229156,25.78225136,15.76425648,9.196448326,5.087078571,851.0067866,3,12414.32022,26.21878815,6.690342426,4,229.5915222
1536,79.58611298,35.21191406,17.9262886,11.25827217,5.845225334,1224.80971,3,11534.24535,24.59475517,10.46162319,4,148.8716125
1537,85.36277771,51.11975861,28.11956024,9.583307266,5.29874754,6957.314584,3,26955.99146,23.85197639,7.709655285,4,45.60302353
1538,193.6413879,35.42301941,24.14502335,8.791563988,5.841070175,1420.601574,1,25332.89198,27.15330124,9.707395554,4,45
1539,240.5975037,23.80265427,14.25238419,8.867403984,5.420729637,3760.167243,1,22563.38657,30.90515709,8.164793968,4,288.4349365
1540,95.06748962,28.65528488,19.78539276,7.461758614,6.175224304,8092.094638,3,20908.24269,18.6255703,10.40533638,4,276.0332642
1541,70.2769165,39.58963776,24.60963821,7.086801052,4.650954247,7535.52779,3,21152.12343,18.96931076,10.48005009,4,267.3974304
1542,70.46942139,31.1686058,16.60027695,7.790227413,3.993808508,2396.362203,3,22619.88852,21.8384552,6.645631313,4,96.62570953
1543,182.5974579,28.81684875,15.72012997,8.168579102,4.762628555,3300.8026,3,8615.925494,19.88190651,8.460011482,4,120.5395279
1544,48.34276199,29.15980339,17.79349709,8.421621323,4.372627735,461.5839679,3,17459.85278,21.14967155,7.854436874,4,56.04093933
1545,112.5266266,33.78672028,21.39317894,8.564552307,4.945419312,7567.655648,3,26520.14733,23.04596519,6.525986671,4,70.11483765
1546,56.49674225,36.62108994,24.78168678,6.771957874,4.188646793,179.265548,3,24363.95334,19.29536819,13.55251312,4,68.96248627
1547,117.9517212,24.34646034,16.37239647,7.697869778,4.67316246,3006.826262,1,22851.79023,30.27785301,7.293899536,4,298.0194397
1548,48.87915421,29.3048954,18.34212494,11.84448528,6.28148222,8551.439309,3,20812.8167,25.12685776,9.970668793,4,82.05969238
1549,111.5582733,34.295784,18.86676788,9.447899818,6.730048656,1060.478022,1,24147.76794,22.09193611,13.06012917,4,278.5348511
1550,6.013318062,32.43128586,15.42520428,3.800004482,1.995617509,379.1231881,3,24323.55503,6.572168827,2.359978199,4,236.7873535
1551,6.253887653,38.96327591,19.00292969,4.072212696,3.050043106,497.5775221,5,24249.56282,4.727397919,2.806646824,4,214.8753357
1552,150.3793182,31.83980751,15.87660122,10.27585697,6.311196804,1320.295234,1,23757.08044,24.92278862,12.13319206,4,286.189209
1553,119.9603119,21.48337746,14.44810104,6.863675117,4.366274834,4200.924303,3,21555.22543,22.93598366,6.720824242,4,266.0873108
1554,65.28356171,36.82755661,19.65956116,8.219609261,4.257144451,2848.343818,3,33473.52469,18.31438828,6.436914444,4,62.75022125
1555,79.19452667,42.57085419,25.54397964,6.705690861,3.81585288,2920.552943,3,32224.2875,15.83014679,7.084474087,4,220.4260712
1556,31.03289604,60.42971802,25.07086945,6.432933807,3.414868116,3649.924077,3,34264.66552,12.8163681,5.39411974,4,332.8167419
1557,20.24029922,37.12575531,23.96755219,4.904066563,2.685558796,3875.619734,3,34492.10192,10.42377853,5.630692482,4,42.56225204
1558,68.14566803,29.54909897,17.78574944,4.845094681,2.93305254,4459.632756,3,20951.07555,11.78249836,5.877086639,10,120.8568649
1559,141.7548828,31.48776245,21.82011223,9.970928192,6.299352646,514.0247651,3,10242.04338,26.37392807,10.32996559,4,51.51980209
1560,146.5076904,36.51432037,19.08352089,11.21610165,6.049629211,1723.818556,3,12056.06039,25.07079887,10.51746464,4,193.741684
1561,289.5573425,23.40929794,13.7353878,9.707584381,5.961867809,1611.038789,3,25130.45937,31.91321754,8.369804382,4,237.6803894
1562,236.2177887,25.50886726,15.36461926,12.36879826,6.821350574,1324.175598,3,26147.8598,32.16086578,10.4273243,4,96.58194733
1563,60.54056168,29.7693615,22.398983,6.308456898,3.606735945,3016.268705,3,1934.683795,17.69509315,5.637713432,2,80.8598938
1564,117.1845779,24.39009094,16.77737236,8.581930161,4.848452091,1890.072388,3,12206.32967,26.84711838,7.310382366,4,258.5549316
1565,61.80165863,33.68490982,22.21770477,8.508272171,5.091650486,4796.416122,1,21198.93636,23.73159027,7.454231262,4,292.5473633
1566,58.49443436,32.38824081,17.15120125,6.162136555,3.989132166,3184.639857,3,33034.92081,13.29774094,6.354944229,4,107.4863739
1567,159.794754,40.2362709,25.28629684,7.293335915,4.188860416,3603.825154,3,32597.34752,16.56437111,8.004538536,4,73.30075836
1568,72.52812195,30.70158958,17.54790688,8.055936813,3.987711191,4564.885262,3,34709.38717,21.42117691,8.330927849,4,260.1268921
1569,38.16115952,35.0398674,17.40306664,6.92017746,3.937344074,3389.811804,3,31319.23424,12.83152008,5.743303299,4,195.6422424
1570,71.30355072,32.19327164,17.94748116,7.653143406,4.194374084,4237.855545,3,1096.714535,16.96023941,7.082839012,2,191.499649
1571,84.21537018,32.72849655,21.720541,6.339774609,3.630383492,6132.977967,3,1109.322438,16.8722229,5.743506908,2,261.8699036
1572,88.1280899,31.79903412,19.38782501,9.758972168,5.079927444,1084.884043,3,8942.802235,24.18205261,7.670661449,4,253.0700684
1573,101.5977554,27.54848289,17.28808784,8.380477905,5.338433266,1170.41469,3,9210.994714,26.65727806,6.801100731,4,259.12854
1574,73.64544678,30.73199654,16.25482559,9.758099556,5.252964973,1187.133802,3,9040.226614,25.64726257,7.568765163,4,149.7435608
1575,114.1768875,28.07818222,24.30225563,6.082643986,3.396102667,5583.62361,3,27402.3757,20.2081852,6.093906403,4,39.80557251
1576,144.5090637,30.43492508,23.8942318,7.674968719,4.514145374,4443.673939,1,27275.15584,26.20300484,7.266345978,4,45
1577,6.571773529,19.75864792,7.94037056,3.13920784,1.910722971,795.175867,3,24097.51884,7.078158379,2.097495079,4,278.7461548
1578,88.27572632,28.56905937,16.61785316,9.001790047,5.29083252,9876.519365,3,20666.8005,25.01388359,7.089826584,4,119.7448807
1579,109.7245712,31.46202469,18.16290474,11.55459309,7.561789513,599.6697437,3,14340.35439,25.12806129,11.74236202,4,149.0362396
1580,117.0964279,36.22229004,18.36602783,12.13166142,6.897195816,1305.428684,3,6568.598152,27.3179493,10.60238075,4,109.3978119
1581,94.76715088,18.78545761,18.10510635,6.560602188,3.538380146,1018.913294,3,18335.96751,29.2069664,7.135011673,4,46.09121704
1582,97.80916595,30.98578453,23.89735222,10.07774353,6.315807819,7590.848758,1,27525.47999,31.28697586,9.667126656,4,45
1583,137.6408997,36.35709,28.06255341,8.773098946,6.154634476,992.8647579,1,24607.74936,30.59930229,9.021990776,4,72.75854492
1584,109.5296173,33.84428024,24.72769928,10.43101788,6.697784901,2711.960251,3,22278.79235,27.26689911,8.811929703,4,73.37924194
1585,111.6342697,33.57612991,19.09789467,10.78985023,6.359707355,411.5520027,3,13374.92134,23.1602478,12.39998531,4,184.0856171
1586,226.298111,24.36160851,14.63243961,7.200343132,4.742557526,3025.393251,3,13703.38696,23.26773643,7.975037575,4,257.8557129
1587,14.76469898,37.21341324,23.48472786,5.025675774,2.621528149,1293.496102,3,18720.46472,11.34681129,4.267723083,4,275.1944275
1588,159.6524963,29.3070755,16.42697525,8.916676521,5.629551411,1634.355701,3,19548.56318,24.87628174,9.399056435,11,237.855835
1589,123.2361832,34.05807877,17.99223518,10.12863159,5.462719917,8722.079558,3,20833.0708,24.42001343,7.84970665,4,199.0577087
1590,127.9286575,56.29923248,28.64105415,8.302287102,4.720070362,3614.216707,3,21913.45175,20.06638145,7.737643719,4,35.37763596
1591,137.2260437,40.14072418,27.84863091,8.907523155,5.414298058,58.40701799,3,13661.22132,22.91585541,10.57198429,4,47.97780609
1592,16.33792114,32.20090485,16.11385155,5.188864231,3.114430428,477.6461052,3,24103.42792,9.986936569,4.516683578,4,275.5275269
1593,88.34012604,32.28516006,24.59195137,9.151263237,5.508369446,1348.610087,3,28186.28036,27.13744545,8.223063469,4,88.55587769
1594,117.7078857,28.77257347,18.85830116,9.30796814,5.65475893,1926.796516,3,29260.76718,26.73746681,8.657258034,4,229.7636414
1595,70.37786865,53.53950882,24.87188911,6.123309612,3.306349516,1733.426355,3,3994.827973,11.3702755,4.503616333,2,42.91123199
1596,67.52391052,27.3017025,16.84608841,7.600007057,5.061667442,1469.571034,3,11556.84456,19.56392097,8.439387321,4,256.1156616
1597,23.39014435,43.31002426,22.55648613,10.3569622,5.251255035,8524.496141,3,20659.88504,17.90886116,7.241134167,4,87.81967926
1598,151.8811035,25.82502937,17.11425018,8.761023521,5.61482811,226.2160747,1,24201.18969,29.90844154,9.164732933,4,53.90209198
1599,29.14543152,25.77123642,12.395998,6.54914856,3.6377213,2510.946449,3,29111.12081,14.41693592,4.572645187,4,215.2900238
1600,228.8132324,24.44966698,14.59645748,8.419026375,4.96833849,1966.55366,3,10753.40895,21.92486191,9.248703957,4,205.0835876
1601,130.856369,28.32144356,19.96624565,10.09135151,6.325836658,6266.350872,3,29139.75113,27.78372765,8.604453087,4,266.0319519
1602,92.73345947,28.8719101,19.20952797,7.236215591,4.418783188,9325.413695,3,20198.0315,19.34388161,6.773814678,4,77.19573212
1603,201.1985931,43.62920761,29.4751339,8.073049545,4.740170002,6067.297116,1,20573.59269,23.50128174,6.970924377,4,284.3493347
1604,118.6025543,22.63269234,19.11715126,7.283715248,4.493274212,5212.151541,3,21004.48214,26.50813866,6.543734074,4,68.80314636
1605,128.2492523,26.38386536,15.0330162,8.528063774,4.912302494,1816.780568,3,22866.78198,28.20146561,8.119907379,4,226.1016998
1606,118.8521652,26.01272774,15.27354717,9.611487389,4.97162199,468.1332852,1,24445.59697,26.73631668,9.916557312,4,267.7265015
1607,119.783905,49.17487335,28.24881363,9.752976418,5.576823235,2311.002948,1,28546.92427,26.99928665,8.002602577,4,43.28408051
1608,40.29449081,35.91743469,19.67254829,5.533202171,3.671271801,4086.781525,3,34293.60066,11.05684853,5.398524284,4,67.16634369
1609,95.6431427,22.30553246,12.29669666,5.668712616,3.05431962,5775.580958,3,28998.84905,21.08680153,5.478342056,4,107.9873352
1610,84.30361176,25.15123558,13.99123859,7.14528513,3.804636955,5570.441774,3,28753.14076,21.78392792,6.289646626,4,130.9430542
1611,126.5533981,27.27599716,17.31620026,9.974607468,6.453021049,2111.597496,3,24881.09077,28.1960144,9.285129547,4,206.0963135
1612,144.3293152,25.41051102,15.66784,9.436707497,6.036678791,1012.765257,1,24948.37085,29.94509888,8.417862892,4,276.9925537
1613,91.28115082,39.69621658,24.73595047,8.652923584,4.432547569,1822.802131,3,31525.93165,24.39746284,8.457456589,4,289.8065186
1614,188.2552643,30.94092751,23.80160332,8.59426403,5.537060738,2987.365642,3,31102.76314,27.09707832,8.339891434,4,284.9720764
1615,58.87128067,27.21547508,22.77301216,9.267455101,5.851140976,1179.577827,3,6774.938222,21.87599564,9.799194336,5,247.7223816
1616,168.8409424,29.60060692,15.57993507,10.10076141,5.570445538,1519.973821,3,13720.3316,27.43823624,8.28000164,4,252.7904358
1617,65.40097809,28.86030006,17.14920425,8.763757706,4.84738493,163.584472,3,24237.97663,25.94608116,13.19292355,4,87.59201813
1618,83.10619354,45.40702438,27.4192028,7.486449242,4.099427223,9125.254643,3,20082.98437,18.32400131,7.311961174,4,56.30993271
1619,149.3866882,33.23680496,24.56664085,10.6753273,7.746397018,8402.556942,3,18944.53199,25.87974167,11.7054491,4,66.10484314
1620,82.11786652,30.0641861,17.7214489,8.69258213,4.739468098,2221.317037,3,22844.59739,23.88175392,7.253417492,4,215.0439148
1621,135.4523315,27.45647621,15.60754967,10.6465826,5.65763855,2143.462429,3,22740.97165,31.19618607,8.344555855,4,137.3339081
1622,151.2338715,34.61818695,22.99860001,8.291962624,4.146168709,2903.031456,3,30639.17145,25.23282051,7.545435429,4,294.7751465
1623,98.44317627,29.44507599,19.55223846,6.442557335,3.811862946,2892.850808,3,9398.349212,16.26361275,7.306349754,4,73.07248688
1624,97.17242432,31.23135757,17.91627884,9.685963631,5.42674017,711.8166747,3,9442.759852,25.07482529,7.113397121,4,228.0774536
1625,116.795311,32.20537186,21.79929543,9.81204319,5.860222816,124.9316293,3,10333.7003,25.33093262,9.506503105,4,51.24191284
1626,83.75167847,31.25021172,17.88519478,9.263339996,5.441025734,2262.665069,3,12476.89068,21.7042408,10.34755802,4,141.8817291
1627,80.70919037,29.88622665,18.41329575,11.33838654,5.364830017,2428.960835,3,12687.41295,25.21113586,10.57439899,4,267.6140747
1628,9.830451012,42.96567535,25.54790497,11.32170391,2.752668142,1094.027899,3,18606.16377,14.69476986,6.229495049,4,44.75886154
1629,144.7522278,24.06552315,17.50371361,9.226146698,5.91550684,81.64061241,3,23687.80541,29.31577301,9.836501122,4,80.87368774
1630,102.2558365,27.96039772,18.29082108,7.582928181,4.775302887,697.9348045,3,23402.61295,16.79860306,9.680651665,4,265.4441528
1631,89.95442963,51.71335602,24.7053051,7.9065485,4.186091423,1955.116178,3,7981.00279,14.4776907,5.931511402,5,42.61405563
1632,58.97822571,29.43231583,15.26169014,7.741607189,3.445593834,1094.171518,3,6776.576236,17.87841606,5.476345539,4,38.27292633
1633,75.74595642,30.2616539,18.34435654,11.79603004,6.208952427,275.3703608,3,8135.904006,26.9671154,11.71480274,4,228.1798248
1634,130.6667175,26.54923058,17.56569862,10.89063358,5.74585104,7635.280212,3,28279.10144,27.02287292,9.916924477,4,196.0075989
1635,114.1412888,26.5815506,21.00912857,7.794305325,5.576368332,8762.272494,3,19108.52648,21.70642471,10.10565281,4,272.489563
1636,43.97529984,32.85189438,20.89247513,13.32234669,8.308512688,98.38794953,3,24249.08197,26.01656151,12.84826374,4,99.46232605
1637,61.33330154,32.23846054,20.36376953,5.421129227,3.563056946,377.7054311,3,6000.487204,12.36470413,7.574914932,4,90
1638,98.05713654,26.3915863,18.3068161,7.047206402,5.057781219,331.7589658,3,7530.459603,18.93669891,9.862528801,4,59.76314545
1639,143.8819122,36.26483917,16.21042824,9.725525856,5.325791359,2581.097823,3,12825.93853,23.60243607,8.742999077,4,207.5877533
1640,171.9449768,32.69696426,24.20468712,8.994131088,5.195194721,1439.450054,8,19433.01083,26.52801132,10.0395422,11,306.9570923
1641,171.257782,18.52995872,13.19600296,8.382065773,5.357277393,6942.589584,8,29430.72175,31.23633957,7.143043995,4,210.2240448
1642,113.5031738,34.34545135,17.97733116,10.47719002,5.581867218,10664.50612,3,20032.43105,25.86630821,8.652098656,4,177.7093811
1643,139.2536011,31.51020241,20.18146133,11.68415833,8.498840332,110.5057752,3,27017.77503,27.62850571,15.97144604,4,129.0938568
1644,148.526001,39.7875824,27.68620682,11.01365948,6.276854038,2915.141937,3,30348.20869,29.4004612,10.00022316,4,61.4403801
1645,69.00023651,49.20530319,22.7369194,7.028242588,3.920361519,4751.414032,3,34367.70494,14.2525177,6.218716621,4,312.9112549
1646,52.43492126,45.59589767,24.33481979,6.454769135,3.794503927,3135.486058,3,30099.67986,13.34200382,5.762658596,4,267.3974304
1647,146.5714417,30.80677223,17.51379013,6.370465755,3.420462608,1873.16199,3,27464.40244,15.80561066,5.225651741,4,248.7494965
1648,44.22652054,59.22584534,23.89501953,7.210723877,4.096011639,3530.02449,3,20515.37027,12.07020473,6.063238144,10,267.6181641
1649,89.59590912,26.08501053,19.44010925,10.152174,5.958706379,3362.109798,3,19865.42561,30.50778389,9.686676025,10,207.9560547
1650,181.2902069,24.32306671,15.75298119,8.890742302,5.225114346,1690.746023,3,19042.47757,25.01073647,8.778441429,4,195.9454041
1651,42.60358047,28.20925713,16.32567978,7.219983578,3.86261487,1021.912919,3,4592.711449,14.66092014,7.566833019,2,253.0990143
1652,55.26119995,29.72420502,16.06131554,4.546127796,2.919966698,1100.606904,3,4683.237001,11.61233807,6.571381092,2,265.3004456
1653,56.98789215,53.64245605,25.29085541,10.05491638,5.302966118,530.9710908,3,7335.310913,20.38206673,7.04711771,4,51.08326721
1654,84.61388397,31.60899925,27.48075104,6.854872227,3.978952169,6227.42669,3,27827.94609,20.74335289,6.516428471,4,322.5394287
1655,143.0850983,26.73339462,18.04211617,10.8382988,6.967315674,475.4095992,1,24288.11941,30.52785301,11.77374268,4,226.6365814
1656,52.27869034,40.48371124,24.52282333,5.483104706,3.305656433,4160.917364,3,21059.40907,10.92049122,5.171707153,10,83.6598053
1657,203.4918823,26.74991608,16.85217285,10.69639206,5.794447899,2579.70167,3,14472.47345,27.32030296,8.477014542,4,180
1658,74.21609497,22.02048492,17.32748222,6.039051056,3.268347025,1262.827861,3,18930.22473,22.78378677,10.07278728,11,252.8406067
1659,38.71873856,35.02212524,22.37555885,13.53747559,7.051980972,7836.809493,3,27995.19542,26.00812721,10.38715363,4,199.5066223
1660,142.2014465,29.56540108,23.1470356,9.138017654,6.020260811,1885.141917,1,23010.1376,29.41165543,10.51420879,4,303.8048706
1661,162.7817383,27.75656128,18.91077805,7.863890648,4.263556957,2859.054336,1,22479.53104,31.67470169,6.84052372,4,275.5275269
1662,100.4244766,33.66502762,17.97271347,9.688589096,5.610108852,8871.840939,1,20326.21467,25.63235474,7.601288319,4,292.2296143
1663,146.0201721,28.80687714,23.22926712,6.928104877,4.354979038,4359.909074,3,21178.93083,21.15826035,6.864663601,4,305.9605103
1664,103.7791443,27.71506882,16.19095421,8.776274681,4.865097523,4254.724135,8,24741.7168,20.34973907,8.001914978,4,136.2072449
1665,96.05457306,29.62057304,17.48265266,6.843149185,3.909162045,5802.919986,3,1866.284224,16.41347885,5.729102135,4,197.3540344
1666,120.1962051,21.46194077,17.04151154,8.215843201,5.39579916,60.97163198,3,17351.16258,24.30263329,9.872014999,4,95.10216522
1667,124.0169678,34.42230225,26.87179756,9.796601295,5.39256382,210.8207126,3,17438.40203,26.63495064,10.87263584,4,299.2488403
1668,180.445755,21.93888283,19.18959999,6.848054886,4.082746983,1047.418415,3,19066.35269,28.0233326,10.52800846,11,247.5
1669,260.4814758,25.05515289,18.30483055,10.19560051,7.273664951,6913.470558,3,30127.62007,34.51405716,13.67112255,4,64.41892242
1670,123.3082352,26.10676956,16.57658195,6.753308296,3.80956912,6025.264748,3,28576.70415,18.30862617,5.792456627,4,57.52880859
1671,185.4292145,29.14393425,13.66979408,9.80888176,5.000872135,648.6777111,3,23710.81916,28.57059479,7.358478069,4,113.3944702
1672,279.902832,21.16003227,15.30952072,10.06688881,5.875912189,1512.50721,3,24817.17083,31.60437202,8.457564354,4,184.7067108
1673,132.8744049,42.01403046,27.81690025,9.102788925,5.596534252,1782.659902,3,30369.78498,25.72052383,8.480552673,4,300.1328735
1674,85.56152344,34.10805511,19.24497414,10.58927441,5.434095383,2290.820673,3,8060.203108,20.74741173,8.294578552,5,120.461235
1675,24.98764038,50.44797516,6.491279125,8.406857491,4.938843727,1497.464065,3,15548.47366,22.91968346,2.964044571,4,270.6160583
1676,46.01187134,31.97769928,18.31847,10.75086212,5.709797859,8038.879935,1,27769.07203,26.92305946,7.328938484,4,40.28475189
1677,333.2301941,49.21360397,29.67277336,10.20061111,6.358493805,7059.129271,3,29525.47818,33.04882431,16.24446106,4,312.3883057
1678,292.46521,27.27906799,15.2359705,11.23272419,5.972434521,1322.35252,3,26362.12108,31.04216766,8.243320465,4,126.2538376
1679,57.64549637,40.82976151,21.37630272,10.23233986,6.313010216,3851.030997,3,22983.19896,17.60293961,11.41208267,10,206.5650482
1680,46.77106094,35.68505096,18.99235535,11.34815884,5.86334753,3550.287301,3,1946.047442,20.65400887,9.441492081,2,198.4349518
1681,16.65877533,25.27931023,12.23260975,4.866584301,2.301033258,5756.953957,3,28395.12648,12.32421207,3.036726475,4,67.47943115
1682,121.8358688,30.12866783,17.33238029,9.329631805,5.326398373,10388.70406,3,19806.96009,27.57365608,7.676710606,4,249.8351746
1683,177.6282654,29.59703064,18.45449829,9.530017853,4.861865044,986.7421507,3,23379.84255,26.36066628,9.224050522,4,52.98932648
1684,63.72871399,33.90374374,17.48217773,6.939892769,3.388568401,3974.483243,3,21849.36099,14.42514038,6.678929806,10,173.0887756
1685,105.5802917,34.34705734,18.69363403,10.36546135,5.54896307,2015.79048,3,12038.13073,23.69518661,8.904227257,4,220.7735901
1686,200.1236267,23.48082733,14.66150284,10.13922119,6.474036217,1083.452211,3,25829.17147,32.78273392,8.362736702,4,154.8950653
1687,28.04238892,36.30072784,15.33185768,5.705165386,3.82565093,3566.729841,3,31304.43904,9.87083149,6.027357101,4,289.7988892
1688,130.3570251,30.07804489,15.5603056,8.151497841,3.993400812,3254.813756,3,9033.392503,18.02957153,6.901547432,4,138.7113953
1689,95.60017395,29.97811317,17.74038696,8.500041008,5.116952896,1173.533674,3,24970.09749,27.80955887,7.492616177,4,83.80786133
1690,163.7616272,32.49062729,20.47302055,11.13655472,6.310964108,370.5810652,1,23622.46949,30.86784935,9.64785862,4,58.33924866
1691,92.61012268,29.41932869,16.72187805,11.09326553,6.55043745,350.4682644,3,26747.79376,30.43215561,9.934242249,4,198.4349518
1692,120.8055878,21.30256271,15.53635883,6.636184216,4.31491375,3402.58413,3,23390.52586,21.02120209,7.766382694,10,68.31946564
1693,113.7327881,36.66352463,25.10876465,7.110022545,4.396393776,3772.461997,3,24848.4181,18.27086067,8.066426277,4,55.00798035
1694,308.1086731,32.71732712,25.77618027,9.960699081,5.949238777,3560.291175,1,21960.93201,33.77645111,7.808287621,4,315.4938965
1695,92.52256012,36.01793289,17.9149971,14.65464973,7.991020679,442.3379648,1,26408.53641,34.50930405,12.73846722,4,65.95088196
1696,25.92952347,49.87310791,20.70944023,5.276700974,2.760532618,3713.842955,3,21070.31871,7.133677959,3.935267925,10,67.6824646
1697,304.1673889,27.94460106,15.72904205,10.63448524,5.829449177,6540.598104,3,19699.09241,27.59787941,9.708502769,4,209.3059082
1698,98.12374115,41.28646851,28.26720619,8.315912247,5.082685947,5498.79987,1,20332.40642,25.21594048,7.192193031,4,326.8225708
1699,185.5393677,23.18139076,12.83244419,9.552188873,5.317041397,1258.815687,3,25458.30227,29.13240242,10.23543358,4,170.753891
1700,136.1325531,23.44001961,18.68907547,8.631762505,6.207660675,468.4114122,1,26904.03809,28.06811714,11.15255165,4,316.9335938
1701,39.10631561,34.80490112,20.72400665,8.15237236,4.512514591,4148.70792,3,33726.61187,16.39128685,7.128107071,4,120.9637604
1702,76.24156189,32.5528717,17.57006264,7.24745369,4.383351803,5436.233632,3,34367.49842,16.82385826,7.821331024,4,236.3099365
1703,167.0294037,24.31406784,15.91498089,6.856658459,4.245673656,1925.17488,3,26880.7537,20.09285164,7.463920593,4,248.8752747
1704,2.201125622,64.44963837,17.34654045,1.822458029,1.026672125,29.94804306,3,5627.887459,3.215143204,1.182045341,4,258.6900635
1705,126.2054138,27.89368248,15.99980545,9.973744392,6.186872482,1445.851047,3,6421.960711,27.50335121,9.147158623,4,69.77513885
1706,38.99179459,33.73628235,15.21228695,9.229071617,3.064806461,4950.651822,3,20933.59256,21.96578979,5.577950954,4,263.9041443
1707,41.05311966,50.29234695,26.10616112,5.907570362,3.709050179,4583.628422,3,33552.35469,10.32099342,5.935756683,4,315
1708,68.4083786,31.34040642,21.47246552,6.922410965,4.451557159,4967.608509,3,33552.56009,17.08323479,7.081534386,4,73.76764679
1709,33.98086929,30.27161026,21.39052582,9.781074524,6.777950287,371.306401,3,12725.83084,16.08975792,11.10982037,4,190.5402679
1710,42.70204163,27.54912186,21.47681236,11.47740841,6.484401703,3123.784021,3,2410.355065,23.99201584,11.3109827,2,204.9898376
1711,71.55340576,28.42481041,15.26916122,7.874626637,5.048788071,3586.383668,3,4239.276874,16.66132545,7.268097401,4,162.6139984
1712,109.1750107,38.78541183,27.07924461,8.635181427,5.271365166,8374.801389,1,27682.63338,27.80548477,7.117864132,4,52.79207993
1713,175.4022064,38.2480278,27.47117805,9.476607323,5.769548416,8729.07671,1,27081.38263,27.62248611,7.380346775,4,306.6687012
1714,129.2663422,24.51102638,13.00829887,8.757876396,5.023926258,1915.790643,3,18266.26064,25.55306244,9.001164436,4,104.4207764
1715,84.70342255,29.7520237,22.80558777,5.904205799,3.745504379,3495.265977,3,2900.122404,16.26567268,6.248490334,2,291.2679443
1716,79.93309021,39.42105484,23.03009796,8.625329971,4.702552319,5177.077321,3,2527.872905,18.5058918,7.500873566,4,79.69351196
1717,130.1707764,29.88547134,15.40331936,9.282764435,4.984670639,2885.060186,3,22114.51267,26.14533997,7.11275959,4,100.6196594
1718,192.9062805,25.57743645,15.16416264,9.932333946,5.707680702,1415.763678,3,24584.76941,30.42265129,7.664003849,4,260.6649475
1719,64.14055634,22.87728882,17.55481911,6.526432037,4.774900913,4857.943804,3,34528.61475,20.20109749,7.701170921,4,237.6882629
1720,42.86865616,39.80896378,25.12534523,10.89975071,7.816801071,3391.471902,3,20181.67642,22.54187584,11.15523434,10,73.51554871
1721,26.33260155,32.24740982,21.69054985,8.116921425,4.201299667,592.5238882,3,12424.59235,16.44976616,9.097649574,4,210.7995758
1722,32.39519119,28.30687141,12.01980877,5.946587086,2.948683023,5287.094086,3,2192.984941,22.84963226,3.017914295,4,91.47335815
1723,145.8282013,25.00569725,20.4112587,7.779351234,5.001093388,8396.280424,3,26960.32447,28.87477684,7.450147152,4,62.62229919
1724,34.35561371,37.00429916,20.29450226,12.87434864,7.290051937,8642.669503,3,20320.77689,24.22920036,10.21111774,4,70.39640045
1725,102.8961258,36.34143829,28.69361877,6.935089588,3.796350002,5477.519748,3,20047.05816,22.33571815,5.654883385,4,27.8972702
1726,143.3411102,31.69212914,17.18761635,7.889316082,4.82651186,4645.284689,3,20835.83591,22.36807632,7.208301067,4,258.6900635
1727,123.6463928,48.1348114,28.20076561,8.91501236,5.347165585,1216.18259,1,27217.26205,28.51388741,7.503106117,4,288.4349365
1728,159.016449,26.60658836,18.93286705,9.503269196,5.552294254,1198.608752,3,27650.08605,30.88053894,8.303529739,4,246.7139282
1729,125.7301941,23.11775589,21.87283897,10.07560635,6.704762936,67.6654635,3,13215.2688,33.66190338,8.897795677,4,23.9759407
1730,61.77563477,30.30910301,20.20684814,11.37832737,6.468642235,518.6959683,3,6677.951235,23.45596504,11.05875492,5,222.4831238
1731,299.4205627,25.10193634,16.51138687,9.523945808,5.765245438,6066.760523,8,19940.87664,27.95002365,9.36849308,4,103.201088
1732,7.141909122,41.95298004,11.97597599,2.568275213,1.611181974,4159.672842,3,32061.43818,4.100334644,1.416724086,4,246.8014069
1733,36.19836807,43.9756546,25.3715477,5.993420124,3.2283113,4247.911982,3,31905.46395,11.75573254,5.261578083,4,270
1734,53.33885574,32.24654007,17.47021484,5.598593235,3.103215933,3539.298296,3,31033.72003,10.32462788,4.884257793,4,250.5110626
1735,163.7149811,25.01198578,17.92656898,6.077051163,3.598598003,1877.558699,3,27125.51339,17.29533386,7.093927383,4,139.5139923
1736,116.4420471,25.50434113,16.25005531,8.930305481,6.05471468,2740.924281,3,19709.48677,27.046978,8.183895111,10,224.0370789
1737,108.3764038,46.93505478,27.96465111,9.78235054,5.24304533,1259.891462,3,6603.691102,24.15171814,7.820274353,4,306.4308472
1738,120.9531631,49.95558548,25.59911728,12.55832958,8.005357742,789.5666706,3,7066.825801,24.13010597,12.91251469,4,73.76764679
1739,35.71311569,40.4180069,22.55385017,16.16453171,8.157535553,199.9343357,3,8054.815005,25.19882011,14.24215889,4,228.208313
1740,65.14167023,48.24734116,23.97416115,11.17206383,5.985760212,1793.915743,3,11861.90744,22.4133358,9.707337379,4,255.212738
1741,200.7071686,26.03291893,15.78989983,10.68199158,6.480626583,7498.334601,3,29052.95771,27.18536568,9.03996563,4,225
1742,81.09529114,34.64333344,25.78218079,11.35623074,7.185617447,5265.733737,8,20937.29359,26.60459709,11.64077282,4,256.414917
1743,106.6671295,26.66915703,14.43209743,7.418717861,3.828992844,2483.026251,3,29678.5545,20.35612106,6.305332184,4,241.2047119
1744,102.6491547,26.51650429,20.99673653,9.456269264,6.280057907,75.12926378,3,14260.36512,23.9781208,9.491223335,4,293.9624939
1745,54.21015167,39.01636505,22.52851868,9.14825058,5.967986107,69.65635735,3,14730.76003,19.19760323,9.91762352,4,297.20401
1746,84.45954132,29.28862762,16.9495945,7.329082966,3.99055028,3568.279031,3,4310.768433,18.31468964,6.307961464,4,249.8636932
1747,74.54418182,46.95090103,18.86946869,13.51913452,6.297895432,731.0443136,3,10724.95133,21.95866013,9.032004356,4,58.76078796
1748,126.6618729,28.69739723,24.25587845,8.438645363,5.34958744,7919.596181,3,26722.3309,25.33184052,8.574989319,4,302.8329468
1749,98.69408417,26.13009834,17.10449028,9.794033051,5.558334351,1193.675882,3,24187.03692,30.03120422,7.116576672,4,214.5625305
1750,90.63433838,33.29428101,24.07674408,11.5142889,5.770824909,4587.185944,3,20990.11659,29.6811657,10.97599602,4,288.6506958
1751,44.53866577,31.41253471,19.74694633,5.993102074,3.449407816,9097.191836,3,19857.30315,17.38912201,5.586386204,4,85.50284576
1752,83.25968933,43.51509857,25.76924133,8.300286293,4.62224865,9287.28925,3,19594.64016,18.82991982,7.29444313,4,61.26020432
1753,47.16311646,46.03878021,25.32219696,6.423010826,4.175178051,455.9136477,3,6042.836241,12.34891891,7.216813564,4,299.3391113
1754,57.51141357,29.82519913,20.44798279,7.075326443,4.80875206,96.19585906,3,6238.608621,15.63984203,8.817918777,4,94.92710876
1755,89.59810638,39.67671204,23.74546623,10.63807487,5.150430679,1919.930003,3,5951.114132,27.84971809,9.368906021,4,51.59314346
1756,84.35613251,38.44710159,27.02663994,10.76166344,5.946602821,38.2609881,3,7814.802475,26.34622192,10.61394215,4,34.69515228
1757,143.7938995,34.33252335,28.25982094,5.695205688,2.856900454,6653.549694,3,27991.95001,17.9292984,8.033047676,4,42.83892059
1758,119.0040207,22.50738525,17.72564507,6.233914852,3.534154654,6549.607954,3,28239.49337,22.92716026,6.979925632,4,51.81808472
1759,98.8514328,36.4204216,24.50271988,7.395088673,4.365159035,5185.250554,3,27217.59047,19.55936432,6.915260792,4,298.3007507
1760,259.9595947,23.25315666,13.44167519,9.599074364,5.139163017,7174.65425,3,20450.86639,33.30920792,7.359399796,4,139.4838867
1761,101.3310776,22.93612289,18.79273796,8.112038612,4.234026432,5610.598678,3,20488.25017,26.73180962,6.837820053,4,102.7834549
1762,110.319191,31.43581009,21.30095863,6.072689533,3.645409584,5236.378139,3,20105.88302,16.20730782,5.442604542,4,294.8293457
1763,63.80111694,30.94574738,17.40428734,5.81876421,3.295508146,3409.961691,3,30876.2288,14.06337261,5.005964279,4,196.1191101
1764,77.9778595,31.02249527,18.27565002,9.536534309,5.440421581,3013.066739,3,20414.87305,20.31542778,8.302183151,4,95.82633972
1765,112.4169159,32.13803482,18.52208328,7.916337967,4.881487846,463.7289126,3,15447.31549,19.38205719,10.61332226,4,146.9873962
1766,22.38013458,23.08659935,13.83388805,10.24043941,5.917841434,363.4895875,3,12673.77926,20.54750824,8.431541443,4,66.34578705
1767,118.4267731,19.16989326,12.83360767,6.289850235,3.587323904,2995.026061,3,9160.690314,21.06962967,6.183106899,4,79.25817108
1768,65.60247803,36.15668869,19.7064209,9.343043327,5.290761948,1441.985617,3,7304.035788,16.50640869,7.215176105,5,79.12297058
1769,70.80883026,27.35359192,16.0340538,5.342385769,3.529110909,1628.006144,3,4496.311079,14.35710239,6.52188158,2,250.2531586
1770,42.09725189,59.60666275,25.83598328,7.985712051,4.756452084,3240.925513,3,2555.850492,19.66390419,6.151637077,2,288.9182434
1771,87.94434357,39.72956467,23.68000984,8.866325378,4.788279057,647.0661777,3,7203.242762,20.01072693,7.40576458,4,77.41230774
1772,63.13114548,47.56018066,24.15483475,9.663901329,5.284364223,1216.489058,3,11245.60196,20.0377655,8.519405365,4,259.5085449
1773,131.6255798,27.96224976,16.46683884,9.93029213,5.93469286,4151.527947,3,25863.76111,30.04970741,7.996246338,4,117.8793488
1774,259.0430298,26.56578445,16.76786041,11.73977661,7.021289825,7043.11603,3,20222.00216,35.074646,9.214374542,4,100.6196594
1775,115.6918106,22.72378731,16.15525246,7.800289631,4.686835289,3055.253951,3,21975.60795,28.8331604,7.074164391,4,39.42453766
1776,99.76567078,27.95200348,17.68151665,9.855407715,5.4872365,2458.809231,3,22441.99621,28.65922165,8.402953148,4,204.7082214
1777,146.7776031,24.14603233,16.43957901,8.263224602,5.257629871,2962.463559,3,22017.03307,28.28389168,6.999798775,4,73.42121124
1778,50.89487839,33.91702271,25.72825813,6.17779541,4.311972618,4426.517461,3,32724.9629,14.68614769,7.251811981,4,56.71379089
1779,38.2871933,43.75199127,25.7130127,6.697870255,3.450264692,3879.630954,3,31346.53659,13.86313248,5.721220016,4,325.1827698
1780,97.33732605,26.98912621,17.54391098,8.276012421,4.96061945,949.3490567,3,17637.0868,20.00319099,7.126606464,4,224.2910156
1781,107.6828003,46.17260742,28.31136513,8.365546227,5.025399685,241.3966563,3,13003.06754,23.75301743,7.625359535,4,294.5901184
1782,45.83628845,36.23620605,19.73899841,13.94030666,7.165931702,1326.661577,3,7459.24037,21.12737274,10.24731636,5,105.2097931
1783,88.84894562,40.4438324,27.43695259,6.137348175,3.688092232,3080.925666,3,3309.434616,14.26535702,5.843992233,2,66.80140686
1784,66.42824554,39.01049423,26.39207649,5.252556801,2.7529037,3778.634668,3,2576.192093,14.36358547,5.515728951,2,47.60256195
1785,38.04756546,49.10873413,27.47821808,6.043388844,3.669639349,3816.972105,3,2033.795653,14.215415,4.040809631,2,337.5413208
1786,53.01116562,30.25485611,22.1368618,14.40575218,8.175114632,7796.424836,3,28429.76257,30.42089844,13.02399445,4,198.0121155
1787,341.644104,27.05017662,21.80846786,8.866879463,5.611060619,2941.992818,1,21979.52915,34.02469635,7.675096512,4,309.4546814
1788,85.04971313,32.46530914,18.32125282,6.864090919,3.918482542,4779.816869,3,814.1625755,17.61802101,6.578816891,2,268.4518433
1789,38.81677246,34.68890762,19.31156349,6.576929092,4.46049881,4552.396305,3,1393.605623,12.33727264,6.793683529,2,249.4439545
1790,69.46625519,24.6936264,15.35482216,7.566154957,4.289961815,1422.955805,3,15650.62421,19.07966995,7.712414265,4,157.1094513
1791,121.3600922,26.11608696,16.58702278,10.36717796,6.737414837,3746.836205,1,25534.78323,32.89131927,8.250948906,4,230.3439941
1792,188.8816681,25.86459351,16.7521019,8.961188316,5.528559685,2702.574964,1,25096.6581,28.62412071,8.533790588,4,78.87854004
1793,92.73401642,29.28702164,16.07639122,8.985017776,5.366378307,1073.228423,3,18183.17996,20.85359764,7.965889454,4,109.6871185
1794,108.728775,33.71336365,21.11419106,10.13111496,6.593079567,393.2524648,3,13300.41675,26.03919601,9.819420815,4,70.81784058
1795,97.07665253,24.0621624,20.5510788,10.31008625,7.081541538,243.514583,3,12527.3256,27.61584663,12.1842823,4,60.94539642
1796,106.4542694,31.24387932,20.48971748,6.162670612,4.144819736,929.2656497,3,11856.50073,17.64400482,10.33172703,4,209.5401764
1797,80.81211853,37.61283875,25.60335541,10.81703377,6.202414989,4195.534544,8,21099.75888,25.21697235,10.51449394,4,71.33270264
1798,138.5658417,23.390728,14.34197044,7.85645771,4.640002251,3800.858477,3,21190.2663,23.24946594,7.305826664,4,198.0342865
1799,130.9850616,32.26501846,18.34046745,13.26643658,8.255270004,261.2281093,3,26014.98334,30.22567558,15.3997364,4,153.4349518
1800,109.3819122,23.50922966,12.9095335,9.07555294,5.622042179,1668.63288,3,18337.90991,24.08667946,7.294745922,4,77.2165451
1801,66.73239899,37.01212692,25.02386284,8.04887104,4.463432789,612.2331425,3,7119.663996,17.21172142,7.132321835,5,47.56377029
1802,103.7790985,29.69764137,17.81438828,9.943740845,5.995690823,54.89113891,3,10055.70394,25.15448761,10.26512146,4,145.3048401
1803,60.60305786,49.59109116,25.7690506,8.684518814,4.047878265,1007.637213,3,10977.43161,19.66064644,8.168369293,4,243.7026825
1804,84.46483612,43.45138931,26.45307922,11.87445354,7.278322697,4954.836293,8,20946.96565,28.00997353,13.82441998,4,95.44658661
1805,143.1898193,31.209795,17.74767113,8.375103951,4.659198284,3162.537075,3,29526.5243,23.29543877,8.279289246,4,245.1717072
1806,32.22559357,35.75391388,17.84609795,6.437544346,3.638562918,4897.777361,3,32913.04907,11.42099285,6.068760872,4,140.9575806
1807,32.68426895,33.39493561,24.132164,8.3424263,6.360193253,4415.469661,3,32182.52603,17.04951477,9.432529449,4,288.7998657
1808,182.5844116,25.55639267,15.33866978,8.07170105,4.487107277,1842.476077,3,10679.21444,23.77727509,8.582449913,4,260.9151611
1809,82.71413422,32.82624054,15.99006653,8.762143135,5.120057583,2763.248601,3,5108.438287,20.58734322,7.808343887,4,241.0557251
1810,132.4186401,26.74506569,15.57920837,9.567400932,5.43978405,2621.039038,3,5244.759689,24.75621796,10.11166573,4,169.604126
1811,124.9060135,31.32120323,17.7575798,12.3151083,6.758511066,777.5874266,3,7081.770349,27.7021122,11.22281647,4,95.67556763
1812,92.40626526,21.2148056,12.54952431,6.680185318,3.550083876,1074.754038,3,19411.45401,23.4330101,8.597821236,11,230.5722046
1813,115.5711975,30.29203415,20.167593,8.141327858,5.032435894,6307.193384,3,28511.8622,19.48681068,6.535109997,4,65.64080048
1814,108.4878464,29.85297585,17.68710327,10.04052925,5.730577469,785.7189565,3,23676.71997,27.8123951,8.507836342,4,153.0588684
1815,136.8985138,25.86868858,15.97319508,10.42991924,6.559113503,1951.352805,3,22467.38346,30.45882797,9.40443325,4,205.837677
1816,117.6453171,40.59672928,27.97951508,9.418972969,5.605529308,302.0167737,3,15445.45117,24.65836906,10.13801479,4,315.5704346
1817,92.19245911,29.26344299,16.30680656,10.36404896,5.948476315,3076.259176,3,4796.705081,24.82204247,8.841509819,4,121.1849747
1818,87.7824173,40.01589966,19.92074585,10.96092987,7.087163448,964.1656854,3,9123.958893,22.72115517,9.349509239,4,123.9297943
1819,213.1547394,28.01259041,18.44576836,9.014616013,5.067470551,2580.212107,3,14434.15649,25.35054779,8.480294228,4,281.6114807
1820,116.9997025,29.56737518,18.39848709,8.721884727,5.794712067,9738.189283,3,19809.33965,25.4973793,7.678103924,4,100.5521088
1821,142.2108765,27.08036232,18.91632462,10.89958191,6.539011955,9232.547197,1,19002.0744,31.33069611,9.104261398,4,105.4749832
1822,51.28945923,33.96941376,19.23952484,5.796710968,3.733428001,3770.340592,3,21746.53033,10.95679665,5.497087002,10,266.3477783
1823,94.57619476,24.96315002,20.95801353,8.396976471,4.95245266,682.3419923,3,15005.23497,27.13056564,6.194808483,4,47.36162567
1824,63.42375565,36.02884674,17.7740078,8.253883362,4.31897068,5447.336237,3,518.6183171,18.32396889,6.697953701,2,223.5495605
1825,61.42114639,48.93449783,27.82359505,7.160422325,3.850707531,5689.11343,3,195.2652124,16.86049271,5.61228466,2,313.9387207
1826,62.71175385,30.65475082,21.0828495,11.89631653,7.130277157,611.2061503,3,8455.308674,23.89438057,10.97514153,4,184.8865051
1827,98.87280273,28.70718002,14.17423248,7.626537323,5.414260387,748.1277081,3,22911.64971,19.18183708,11.76585102,4,210.9637451
1828,103.017868,35.27697754,17.63485718,10.64365673,6.089777946,8327.694783,1,19802.21974,27.88090706,8.389494896,4,252.7765656
1829,82.72743225,28.98627663,17.53031158,9.302529335,5.58599329,10316.8392,1,19496.44434,27.34417534,7.265439987,4,242.1985474
1830,128.0943756,28.33364105,15.63503742,11.27295208,6.277248859,1577.185611,3,22658.27671,31.98236275,9.106248856,4,188.9305878
1831,106.3336639,31.01221657,17.0728035,8.405493736,4.883162022,2714.218469,1,29622.51366,25.58203697,6.498714924,4,316.1252136
1832,3.328256607,39.47924042,19.27199173,2.172400475,1.22589016,4528.060944,3,32373.69202,4.098039627,1.371973753,4,93.01278687
1833,101.1728668,25.59348869,18.67203522,9.375705719,5.738083363,720.2351042,3,14477.78168,24.61870766,9.581483841,4,244.7652283
1834,119.3866501,30.53173256,18.87023354,8.085812569,5.042374611,2454.396783,3,9369.887249,18.78550911,7.442741394,4,96.50895691
1835,123.7486115,22.31468964,12.27524853,7.376265526,4.153006077,1048.700849,3,22639.14508,29.59916115,8.748227119,4,235.9468384
1836,348.0759888,21.89933586,12.492939,8.847774506,5.403614521,1938.501137,3,22189.42146,31.75063133,8.732070923,4,232.2531891
1837,100.3312836,28.64803886,14.58932972,10.80923653,5.989140034,7771.024122,1,20110.90034,31.32862282,7.668449402,4,110.5641403
1838,13.98850346,37.67354202,23.476717,5.742172241,3.820642948,4666.753746,3,34183.42163,9.162231445,5.394714355,4,72.41215515
1839,85.73203278,27.5098362,17.56168747,5.731217861,3.415579319,2977.240135,3,30671.72394,13.99138451,4.982331276,4,248.7260742
1840,39.54916763,51.55167389,26.35322762,8.241218567,5.184928894,190.0178804,3,10153.04787,14.36105061,8.54810524,4,315
1841,83.55818176,38.10179138,25.48046684,9.533285141,5.841454983,116.4673011,3,10205.83308,21.46245003,10.10322857,4,59.34365082
1842,61.71297455,31.56815338,22.81698418,11.13169765,7.107503414,8039.840303,1,28190.63644,29.50253868,9.044364929,4,27.74550629
1843,145.2838593,33.76602173,16.98221588,10.72525597,5.657209873,8486.453383,1,19337.42399,27.02116394,8.620955467,4,176.8778687
1844,43.06878662,35.67156982,20.72423363,6.665796757,4.03442049,5050.852164,3,33452.70753,13.9677124,7.225453854,4,89.4093399
1845,23.95956802,58.01397324,23.59081078,4.387131691,2.929689169,5339.9992,3,33673.42413,6.946650028,3.987739086,4,310.135498
1846,51.04899216,35.48262787,21.51651382,6.826929569,4.161521912,5235.649106,3,33933.31683,17.12759018,6.574410439,4,267.9545898
1847,195.3824158,22.47387123,15.62241459,10.17572308,5.67333889,1611.426698,3,10631.00756,26.50816154,7.976205349,4,185.5564575
1848,113.7155914,22.90512085,19.64962387,6.42372942,3.477976084,530.917423,3,18337.67519,24.89719391,8.954052925,4,48.90532303
1849,126.2279205,21.29891777,16.6470089,6.431388855,3.548015118,799.2373109,3,19016.18631,25.54715157,10.72016525,11,234.9041901
1850,166.1290588,42.98509216,28.64906502,9.437187195,5.157917976,8907.001266,1,27430.10055,26.88171577,8.536569595,4,46.97493362
1851,46.13661575,42.73132324,19.41057014,14.39214039,8.27712822,229.8236326,1,23845.42545,23.10675049,12.278265,4,266.1829834
1852,67.95374298,25.95352173,17.81606293,8.721446991,4.964581013,973.4685156,3,8707.898779,21.04495049,9.850236893,4,233.1300964
1853,165.8996887,24.71725464,16.6626606,9.648212433,5.885847569,6898.982796,3,19593.84477,27.20121002,8.191860199,4,95.52754211
1854,35.69744492,44.36369705,23.84092903,5.521220207,3.067551851,5205.713975,3,33134.46451,9.478000641,4.757091999,4,78.69006348
1855,19.50489044,33.25425339,21.04008102,4.020333767,2.320876837,4799.219322,3,32548.37826,8.703156471,4.092955589,4,76.32868958
1856,132.1176453,40.48034286,27.61623192,9.567405701,5.726200104,104.5019008,3,7907.870198,25.94928169,10.24295998,4,30.04025459
1857,136.5032959,28.56642342,21.21369743,8.103022575,4.829030991,347.1805565,3,8058.170536,24.29634285,9.274372101,4,58.95296478
1858,141.8445129,23.8018322,14.92350483,7.322520256,4.772472858,6107.056237,3,27077.86275,22.60702896,6.530245781,4,137.1210938
1859,134.4762268,28.22521591,16.80523682,9.727646828,5.412550926,4562.837821,3,25900.95021,28.10563087,7.900864124,4,170.9914856
1860,97.2946167,36.33733749,25.46886444,9.158540726,5.062771797,1610.690956,1,28283.86012,28.62732124,6.953722,4,319.9697266
1861,33.2889328,32.73280334,21.35011292,7.375706196,4.763354301,4522.049174,3,32234.40771,15.09665108,8.889203072,4,255.091156
1862,139.0802307,23.27502632,14.77552605,6.833074093,3.62780714,1904.348084,3,27601.00157,18.0759449,6.526427746,4,162.4410095
1863,37.83112335,30.55072784,20.45074463,9.136478424,5.523513794,4192.671343,3,3668.905558,19.62542343,7.805046082,4,219.95755
1864,155.8370667,30.53447723,21.41670227,9.925714493,6.930258751,521.7426416,1,26259.1343,30.68253899,10.16167355,4,307.4490051
1865,34.10872269,53.02525711,25.30551147,7.227359772,4.231101513,3509.494249,3,20905.53297,11.8661375,6.251859665,10,308.2901611
1866,102.3781509,24.39510727,14.02689457,8.470145226,4.745072842,2251.024717,3,5611.32605,21.95577621,7.75135994,4,177.6140594
1867,157.2397919,26.4252243,16.71673393,9.708109856,5.914211273,3048.721159,3,24694.54262,31.03793144,8.942092896,4,92.27555847
1868,140.8363037,24.07516479,15.79432678,7.451853752,4.326442242,4820.583037,3,20518.85834,21.75034904,7.322456837,4,298.2590332
1869,82.59725189,30.09982872,19.59390831,12.05038834,7.268764973,368.7610784,3,23367.73783,31.64262009,10.05242062,4,154.6538239
1870,104.0305939,27.04349136,18.77279854,11.5204401,7.051869869,472.0523786,3,23873.22103,31.00513268,10.62518501,4,233.1300964
1871,28.50791359,33.97034073,16.5198555,5.178202152,2.889124393,4057.769643,3,31835.64667,10.32089996,4.161382675,4,216.4486389
1872,165.244812,30.25837898,16.64262009,9.065857887,5.098073959,1596.036279,3,10532.28158,23.27573967,7.86707592,4,273.9182434
1873,64.44898224,32.47870255,19.00455666,9.456346512,5.396081448,4877.920165,3,2804.622771,20.00637436,8.079724312,11,182.624176
1874,31.9258461,41.88328934,23.1812706,8.091163635,4.293557167,4509.064109,3,3350.330093,15.4402771,6.666491985,4,49.49144363
1875,57.40828323,31.68121719,20.35588837,7.838791847,4.542489529,1271.029741,3,11490.21033,17.39818954,7.594563961,4,125.3167267
1876,106.8865967,28.13543892,15.80568123,8.681721687,5.549323559,2529.852742,3,12731.40766,24.9974823,8.679660797,4,263.8533936
1877,191.1994171,25.0254879,14.6750412,8.534117699,4.897851467,2581.301272,3,14397.18937,27.79167366,7.365204334,4,202.6142883
1878,200.588562,21.76136971,13.85747814,9.254543304,5.636137962,7420.546973,3,29430.9746,29.45397758,8.357867241,4,216.9509277
1879,138.4132538,27.65273476,15.82909393,14.09379005,7.736804962,975.2900906,3,23013.66038,37.67840195,12.45464039,4,151.4230652
1880,67.34257507,29.43268204,18.40742111,13.26111794,8.436096191,24.22251263,1,23662.26509,29.17270851,9.649866104,4,95.64824677
1881,112.5591049,21.33657455,11.46894741,5.318712711,3.203504086,1603.786314,3,28231.14554,14.79459953,4.897968292,4,206.5650482
1882,24.27681541,34.41236496,16.42951965,3.997112751,2.445286989,1482.686592,3,4868.86371,7.924126148,3.596670389,2,290.0952148
1883,153.3177795,33.76243591,22.96569633,9.327136993,4.864932537,8903.175704,3,27300.97859,26.86531448,7.544690132,4,80.97238922
1884,130.7628479,28.20340919,17.2187252,10.49193287,5.947802067,10272.55347,3,19418.27524,30.31920052,8.739915848,4,220.446228
1885,165.2298889,31.0275631,16.21490479,7.929769516,4.493083477,3987.950428,3,32037.73804,19.39774132,8.465612411,4,110.4565964
1886,24.54219627,39.32299042,18.72183228,3.526152134,2.190560341,4222.602728,3,32696.89177,6.512692928,2.463288069,4,45
1887,27.77757454,49.74604034,26.11976242,9.519982338,5.611561775,1078.324671,3,7357.896017,15.71399784,6.887703896,5,318.7607727
1888,73.41947174,30.57408142,20.16313171,9.400922775,6.373677731,766.4624183,3,10897.81289,21.58507156,11.2875967,4,241.0735779
1889,210.9149475,23.57610703,12.37864494,9.895285606,6.118205547,7842.961685,3,29260.61128,27.73620605,10.57372665,4,218.569809
1890,31.00967598,41.461483,18.68554878,10.01702785,3.557093382,5939.183763,3,20126.81492,23.11187363,8.833800316,4,129.5076752
1891,28.49490166,62.7460022,24.89624977,8.200654984,5.072848797,5978.204279,1,19992.58747,25.69395256,6.26209259,4,24.65983963
1892,71.91356659,33.27454758,23.37142563,6.913550854,4.109206676,6034.012876,3,19600.46929,20.21733093,6.472745419,4,277.7121887
1893,188.3898621,25.7061882,16.67471123,9.26265049,5.541432381,995.794467,3,25198.44651,26.74198914,7.796861649,4,103.9457321
1894,64.05129242,30.50899315,21.85953903,5.929684162,3.311683178,3532.151013,3,31324.80857,19.65021896,6.32501173,4,46.73570633
1895,62.95204544,46.26269531,25.94928932,7.145818233,4.09429121,2045.02535,3,20421.84026,13.90738678,6.473277569,4,317.0454102
1896,173.0825958,23.54043388,13.2600069,7.989942551,4.478290558,1174.642351,3,11242.47687,24.11645317,8.444168091,4,221.4946136
1897,103.2663193,37.0150032,24.70718384,8.379921913,4.488880157,1215.611173,3,8037.755498,16.93258667,6.489839077,4,46.21262741
1898,83.72330475,52.86970901,26.55294609,8.378430367,4.619938374,941.5388992,3,7783.32498,14.93979168,6.987178802,5,279.2445679
1899,71.13082886,29.2776947,16.37856483,8.09119606,4.648700714,8126.365613,3,25636.34839,22.01046181,7.425616741,4,270.6740417
1900,127.8620682,34.34026718,26.68728638,8.029314995,4.990705967,6879.316569,3,27793.83835,23.46007347,8.172912598,4,66.80140686
1901,40.19403458,37.74397278,19.50918388,10.89711857,6.070131302,398.2047349,3,16555.16628,18.12579346,11.96035576,4,167.1904602
1902,71.7618103,26.43711662,18.04873085,9.560490608,5.836348534,463.6183881,8,17452.99067,24.82529449,10.14357853,4,102.4522476
1903,136.1238403,36.21611786,25.66875648,8.433675766,5.769901752,693.5858381,3,17424.84117,19.04648018,10.74742222,4,58.21629333
1904,230.2395935,24.36987114,13.736269,9.317643166,5.707431793,7059.068716,3,19906.7284,32.41448212,6.922017574,4,135.5029297
1905,166.3665771,34.71917725,25.70040894,7.152904034,4.138585567,7117.829905,3,19139.15732,21.73235512,6.555016518,4,53.39292526
1906,117.6703033,29.43051529,17.55276108,6.523211479,3.419821739,2798.405717,3,9096.178794,16.98822403,5.29390192,4,58.28486633
1907,93.55852509,31.41929626,18.96865082,6.301673412,3.531728506,5400.784714,3,900.9670744,16.73797035,5.754136562,2,284.6116333
1908,121.6014175,38.66550827,26.34840584,7.463144779,3.928780556,6644.192176,3,19217.93703,23.07104301,6.78986311,4,295.7713623
1909,126.77314,25.36094284,14.83920956,8.830248833,5.994276047,4140.195069,3,20823.28865,25.34194946,7.526744366,4,109.9137726
1910,141.7527924,25.36718941,14.67676926,10.10798836,5.827632427,3529.601366,3,21326.8841,29.38951492,9.163518906,4,139.2758484
1911,137.4891968,31.58567619,18.32383919,13.07609844,7.351895809,801.5622702,1,24466.33782,32.13554764,10.97544956,4,95.19442749
1912,141.5421295,43.65581512,27.79695892,6.51754427,3.854023933,5171.813617,3,31662.35494,15.86273384,6.747419834,4,294.0323486
1913,22.53783798,35.83042908,17.33506203,10.02083588,4.213378906,219.0065606,3,16045.48844,15.11545372,8.483532906,4,158.2911835
1914,85.61043549,36.08952713,19.20354843,6.965867043,3.944018126,6379.992108,3,1226.786284,16.27321434,5.575999737,2,85.26026917
1915,141.4423218,25.83167458,15.21250057,6.932267666,5.047664642,1047.998704,3,21968.73216,17.52585411,9.486682892,4,226.4687958
1916,96.67709351,27.15703773,17.38895607,7.810934544,5.326518536,4570.025103,3,20387.56343,22.89760017,8.340660095,4,230.6482544
1917,68.47759247,30.36238861,17.76830864,5.707773209,3.674297333,3418.585773,3,21745.93697,12.18019104,5.391952038,4,236.3099365
1918,127.8816605,43.58231354,28.82238007,9.777407646,5.416059017,242.56439,3,16751.42942,25.79540825,9.094717026,4,292.0683594
1919,46.77775955,67.57827759,13.71902466,9.454632759,7.642101288,14.28543829,3,16095.5632,16.73853111,14.6181345,4,45
1920,100.0376968,33.33229065,22.51403427,8.823745728,4.7888484,1140.660214,3,13959.02423,22.54701805,8.128471375,4,252.7350464
1921,45.34672928,38.39136505,24.81131363,9.501817703,6.108253002,4241.491926,3,1867.755206,20.80065727,7.366805553,2,53.74616241
1922,65.34864807,46.06868744,25.99509811,6.28111124,3.167309761,4006.889981,3,2333.137368,12.83222675,5.036849976,2,301.5042725
1923,58.55618668,34.17379761,17.86891747,7.337848663,4.164052486,6855.814689,3,465.4432564,16.31761932,5.663058758,2,212.5158081
1924,61.70455551,38.09515762,18.70559692,6.95676899,3.542276382,6543.905634,3,150.0803529,15.30802345,5.108764648,2,95.19442749
1925,105.0678711,29.32602501,17.06437683,10.63801765,5.739531517,1487.595802,3,6367.888585,24.04007912,8.476546288,4,166.164444
1926,257.0197449,24.14185143,14.15079498,10.37104034,8.538818359,7661.265474,3,29652.47643,30.51441956,12.34962273,11,238.2985687
1927,202.1796112,16.60638618,11.08096027,6.104104042,3.595870018,2596.720852,1,21686.54411,35.55319595,3.842550993,4,277.9400635
1928,107.2452621,31.3874836,25.96766472,10.68517685,7.241699696,9.176646863,1,23388.30826,30.91878891,8.454745293,4,59.96887207
1929,164.7648621,29.91849518,16.95230865,11.08246231,6.88775444,385.5723418,1,24913.97161,27.7013073,10.53996181,4,120.4034271
1930,41.68291473,38.86548996,17.80539703,9.175527573,4.336616516,5529.220181,3,34194.88688,15.82914734,7.323312283,4,155.8067932
1931,145.96315,29.25062943,17.68968201,8.34426403,5.254106522,2290.391762,3,24065.30758,17.47813797,7.712219715,4,202.557251
1932,112.2308502,27.61274147,16.98620224,7.474908352,4.958565712,4686.781001,3,20301.51237,20.72580147,7.007546425,4,113.3609009
1933,143.1353607,31.20047569,22.15473557,12.66568375,6.508776188,2547.613808,1,21845.7873,33.70567322,11.20438004,4,35.07375336
1934,104.9493713,31.32276726,18.04949951,10.86021519,6.244021416,2437.111507,3,27740.99231,27.93828583,8.529408455,4,133.9035339
1935,82.96655273,26.20020485,16.47224236,10.14461899,5.719282627,464.299447,3,17323.44837,25.72272301,9.638897896,4,154.822464
1936,107.4222717,50.05356216,29.35785484,10.8127718,6.595049858,101.3894749,3,16332.92762,28.22796631,11.55479622,4,25.32539749
1937,34.81813812,41.94693375,18.87626076,13.31101227,6.688498497,4172.578321,3,3706.689659,17.68525696,9.77945137,4,190.2538147
1938,77.42185211,27.57721901,15.80457211,9.497116089,4.867968082,2118.915785,3,5740.639623,25.81707382,7.255473137,4,244.7296448
1939,88.61997223,32.0831871,20.50880432,8.983326912,5.403434277,1489.302325,3,11767.50855,19.2770462,9.195727348,4,272.6946411
1940,108.1028519,27.24188423,18.25863838,7.189162731,4.981620789,928.6380183,3,16219.62106,24.63636208,11.55763245,4,264.0424194
1941,54.77453232,20.24674034,10.67392159,7.613754749,4.832397461,3089.368934,3,21410.13858,33.8418045,5.891581535,4,278.5836182
1942,373.7051697,21.15779686,13.30505753,8.602715492,5.145517349,2246.820004,1,21508.55242,34.78638077,6.670335293,4,272.4110107
1943,517.9487915,18.78902817,12.4741354,8.237082481,4.958071232,2730.269053,3,21061.38245,33.56758499,7.821307182,4,220.3082275
1944,65.40021515,65.50281525,24.20724106,11.69112396,8.081987381,150.3033961,1,23377.48535,36.23936081,7.272101879,4,349.9256592
1945,72.32472992,28.05189514,16.2132473,6.146402359,3.799543142,2529.855754,3,30454.07568,16.75472069,5.529615402,4,222.2072906
1946,9.634597778,41.31774139,21.64054871,6.517609596,3.036182642,3235.668627,3,21143.30274,10.00235462,4.290249348,4,291.3706055
1947,53.33733368,40.49710083,26.32428169,4.843928814,3.18968749,480.1839899,3,17802.94493,10.47029591,6.662488937,4,49.96974182
1948,98.44781494,44.35513687,27.62498665,9.156329155,7.019136429,583.1695897,3,17878.8444,19.00613213,12.42144775,4,286.1134033
1949,62.61909866,35.60150146,27.66623688,7.304163933,4.049130917,6173.273566,3,19614.00138,21.89434624,5.945786476,4,33.97654343
1950,116.9994125,28.54262543,16.67227554,9.69759655,5.32954216,5174.935778,3,19875.47013,26.17792702,8.725764275,4,115.3619995
1951,93.29341125,24.61965942,20.22133255,6.340053558,3.93411684,4875.600931,3,2994.190193,18.55177307,5.909049034,4,281.7934265
1952,158.0488434,23.2683506,13.59389782,7.23524332,4.404164791,2529.204208,3,14415.54104,22.6402359,7.648664951,4,255.0685883
1953,83.56645203,27.97540474,17.9950428,6.538000584,4.44377327,832.9810296,3,19323.32177,12.74590492,7.303632736,11,268.0308533
1954,342.7790222,26.01596451,14.91114807,12.95518017,8.715047836,8016.951505,3,29614.60229,33.79444504,13.98110294,11,217.1450195
1955,218.0868988,48.21062469,27.45443726,14.14960766,8.520712852,7819.804994,3,28524.82001,31.52061462,13.54861927,4,289.3527222
1956,92.68319702,42.96468353,27.65876579,7.562267303,4.255320072,6598.936371,3,29378.55868,20.39714432,6.502861023,4,44.00357819
1957,7.051320553,41.08695984,16.95300674,2.70176363,1.257050157,3761.16573,3,31566.45169,6.287946224,2.3604424,4,212.9052429
1958,120.391777,26.56210327,21.41387177,6.369446278,5.142896652,124.5083028,3,12444.14113,20.95021439,13.68203831,4,64.57312775
1959,22.45943832,40.4057579,22.98837471,3.559271812,3.473065853,581.7598689,3,11961.4598,7.262426853,8.018349648,4,225
1960,11.54483891,39.37329102,19.15784454,4.443206787,2.702069759,835.0403756,3,5596.953654,9.058217049,3.598964214,4,53.79621124
1961,35.75983429,46.36909103,22.00471115,4.711513042,2.613772154,1417.005193,3,5068.413483,7.322108746,3.687532663,4,267.510437
1962,22.8116436,14.83743763,9.425037384,3.649253368,2.347807169,2438.463139,3,4034.991557,17.86977005,2.195755243,2,265.6707153
1963,60.31959915,31.89990807,19.81041527,5.105888367,3.1712327,1382.056125,3,5492.83873,10.83993912,5.60076952,4,121.3330231
1964,13.30543423,27.41262436,12.67554665,3.529619217,1.835941672,4810.574188,3,1429.428263,7.341171741,2.246691465,2,239.6456757
1965,65.62957001,40.77304459,23.36914063,8.592004776,5.160027981,5235.144412,3,2638.811204,17.49912834,7.756293297,4,95.75169373
1966,107.3675232,25.55936623,16.84459686,7.305069447,5.255514622,1283.654689,3,16028.8495,20.05524445,12.25658131,4,227.6782379
1967,18.45400238,33.52761078,18.69960022,6.121440887,3.063108206,4759.715718,3,32688.10844,11.25264549,4.389045238,4,113.1985931
1968,19.20228004,45.28440094,24.03129196,8.737050056,5.382570267,4557.152678,3,32534.61272,14.19323635,6.898901939,4,278.9726257
1969,29.23018074,50.54481125,25.347826,7.523619652,4.278317451,4112.42795,3,32129.12146,13.47591209,6.174300194,4,288.4349365
1970,71.54211426,34.44789505,21.88427925,7.828701019,4.714529991,2536.88166,3,20804.89609,16.33090591,8.155082703,4,80.4662323
1971,130.3369446,39.71175766,26.00016594,8.751553535,4.830374241,854.7791213,3,16349.83079,23.9183445,8.759175301,4,50.92649841
1972,49.52639389,28.87851715,18.2461853,7.404606342,4.272710323,4245.104223,3,2081.557788,15.77013111,6.904595852,2,74.5114975
1973,66.54460144,35.67278671,25.26524162,7.831192017,5.997161388,163.1538379,3,18627.48208,16.65426064,8.799039841,4,37.87498474
1974,145.5134277,41.04727554,27.57107544,12.60456848,6.988983154,7653.638416,3,28319.39434,34.50391388,14.91174507,4,35.07375336
1975,121.1011963,34.83834076,20.82834625,10.5523901,6.140193462,10531.35132,1,19015.07133,29.51194763,7.754043579,4,310.6276245
1976,113.2788849,38.19656372,23.80423164,7.060520649,4.221144199,9368.679666,3,18638.47101,17.76747131,7.997638226,4,108.4349518
1977,171.4713287,23.75007248,14.8175621,9.425714493,6.282407284,925.323667,3,25575.9654,31.27290535,8.328160286,4,122.8382339
1978,6.052531242,47.13110352,13.8464241,3.610512972,1.974996686,3068.13955,9,22591.97637,6.49450922,2.122367144,4,132.6181793
1979,71.96074677,37.67043304,23.68158913,7.138161182,4.174710751,3087.456246,3,21767.61412,15.97929859,6.452306271,4,295.9064941
1980,71.04122162,39.66369629,16.97859192,7.991165161,4.036847591,6346.972222,3,47.53471735,14.96832657,5.410469532,2,188.4711456
1981,21.77806091,57.74187469,20.28704262,14.89776802,5.330497265,4322.683736,3,3554.95709,20.47809219,10.00056076,4,43.21475983
1982,110.9099731,44.82870483,26.02708626,9.3819561,5.11916399,407.8071516,3,7417.030432,23.5144043,8.637299538,4,317.6219788
1983,83.35565948,29.61930084,18.69297791,8.990663528,5.141700745,656.4741039,3,9338.193119,23.43828964,9.565040588,4,169.0554657
1984,20.31807709,38.39001083,33.21850204,7.489147663,3.986402273,431.9255864,3,18673.41632,16.6092205,8.625222206,11,19.33480835
1985,7.515664101,55.52837753,29.54127502,7.818120003,3.190643787,214.9572392,3,18464.65635,14.98978329,5.38442421,4,10.40771484
1986,13.37596893,34.57141113,18.07299805,4.669309616,3.084100008,393.3596077,5,22544.84686,7.015213966,3.524081469,4,230.7105865
1987,123.6146545,34.68341827,24.25206566,11.17335033,7.131943703,1885.116088,1,22151.25666,34.23768616,8.946528435,4,324.875824
1988,118.6338882,37.05249786,27.81267738,12.58651257,8.945506096,1068.453175,1,22737.35582,37.70615768,10.62817574,4,29.12635803
1989,166.9291534,36.73461151,27.38650131,9.459277153,5.788593292,1787.112732,3,21768.58771,26.66692924,8.895124435,4,287.3116455
1990,130.4102325,47.64163208,29.4418354,9.680254936,6.224696636,478.3397638,1,23035.27124,31.69681358,7.321117401,4,319.4616394
1991,116.9422455,29.80519104,19.16323471,10.63168049,5.579247952,2393.02387,3,27162.24844,27.0943985,8.806842804,4,184.6582642
1992,171.3436584,26.08524323,17.14225197,6.811492443,4.253572941,2143.485356,3,24582.29124,18.10774612,7.03164959,4,83.99099731
1993,156.9723663,27.04767609,16.32027626,8.048448563,5.205800533,2060.740426,3,26381.87903,20.26918983,8.07081604,4,127.962059
1994,127.1599579,31.8327446,24.34250069,8.91270256,5.029292583,4249.460932,3,3616.351292,26.99245071,8.216617584,4,50.95757294
1995,91.84403229,27.91662407,17.92210007,8.907036781,5.506796837,3698.078626,3,4173.714211,19.92351341,7.865347385,4,187.0012665
1996,114.7339706,45.33980942,27.93358231,7.916653156,4.778756142,900.1351601,3,9077.669175,18.24572372,8.55934906,4,319.8474731
1997,30.05711746,37.07778168,19.68645287,5.958373547,3.352108479,4912.624308,3,33314.77385,11.20082855,4.818252087,4,138.8140717
1998,27.53789902,37.2192421,18.10362434,4.777211189,2.866411686,3621.734798,3,31685.66131,8.270134926,3.816518068,4,108.4349518
1999,118.4966125,38.28216934,23.77861214,10.4402504,6.956967831,7492.407081,3,28086.2468,24.04283142,11.18402481,4,268.9754028
2000,65.3431778,26.33131409,17.0552597,9.298713684,6.102752209,7704.196749,1,19569.36806,30.11952782,6.422666073,4,103.753067
2001,61.38012314,34.29460907,20.62255669,12.56497765,6.459549427,10497.0684,1,19091.71997,27.43349838,9.369524002,4,153.8323975
2002,78.83235931,23.13552475,15.07512951,6.615463257,4.079176903,5600.678914,3,19598.8866,19.27381325,5.377110481,4,145.7767029
2003,18.6829319,44.14194489,25.0629158,14.56784439,11.03029251,205.6639413,3,25416.89141,17.74710655,14.56420994,4,117.4464569
2004,143.5297089,36.69171906,28.38911819,8.840934753,5.273793697,950.4695456,1,25329.24976,26.26681328,7.880652428,4,37.14526749
2005,132.1220093,41.33816147,28.62419701,9.779873848,5.706036568,2922.672218,1,30861.50647,31.74573326,7.974591732,4,41.03596497
2006,14.28346825,40.73871994,17.25276566,4.946901321,2.906167746,4383.558766,3,32766.05307,6.828325272,3.61037755,4,73.61045837
2007,52.95947266,32.6458931,21.85911751,9.300231934,5.970827103,1519.677969,3,29572.31994,19.59401703,9.415233612,4,58.93229675
2008,78.94181824,30.58872414,19.75195313,11.9430418,8.440828323,150.9265779,3,7039.495088,24.54102707,12.50704479,5,100.7509689
2009,44.37488937,30.93640709,20.71602058,7.038826466,3.622844934,254.7864274,3,6687.790647,17.04120636,6.997815609,5,286.0612793
2010,90.04059601,30.29728127,16.76362801,7.537006378,4.086737156,1083.364754,3,6684.378169,18.56695747,6.683458328,4,208.6441803
2011,310.6104736,26.40072441,16.28707123,9.848333359,5.60963583,6096.830465,3,19380.48311,31.38512993,8.067968369,4,179.6726074
2012,125.7814713,28.88378525,18.25339127,10.42959309,6.192427635,9529.75674,1,18992.30519,28.4567585,8.259450912,4,235.3758392
2013,240.5431061,31.08316803,23.2713356,8.742268562,5.316634178,2537.310664,3,21086.95833,30.040308,8.002693176,4,290.2248535
2014,102.8870621,27.65276146,16.51817894,9.37586689,6.068202019,2878.311738,3,27917.93022,29.13785172,7.369927883,4,263.9667358
2015,127.4024811,40.31888962,26.71366882,9.342764854,5.22957468,3345.359798,3,29078.42061,24.83146286,8.629511833,4,82.01067352
2016,119.1934891,28.50883865,17.91377449,6.365174294,4.335412502,1596.570824,3,25888.72925,15.12819386,7.231408596,4,127.8108978
2017,57.90101242,33.2856636,17.55010414,7.538094044,4.87672472,376.5043838,3,18313.00043,15.4645195,8.295223236,4,134.2360992
2018,93.8013916,30.56502151,17.99061394,5.210582733,3.067076445,1725.404109,3,4920.074615,11.03885841,5.498980045,2,263.65979
2019,113.2303085,30.91319084,15.60006046,8.64375782,6.163640499,1071.436643,3,22169.76514,23.05179977,12.77552414,4,262.1846924
2020,97.39334106,27.53946686,17.98177338,6.411833763,3.994240999,4974.115683,3,31042.1498,19.40048409,6.491402626,4,77.1156311
2021,76.84740448,20.1922245,15.75241566,6.041740417,4.042423248,1392.83466,3,28954.88115,16.44822311,5.367402554,4,196.3895416
2022,114.1752625,46.49510574,28.39871025,9.148934364,5.293258667,592.7165635,3,9444.283032,23.47805214,8.754488945,4,53.88066101
2023,263.5212097,25.60702896,15.54338551,11.10750961,5.948497772,7607.447691,3,28902.67859,38.87287521,13.25557899,4,60.06557083
2024,139.4015045,36.00579453,26.88257027,8.126507759,4.795578957,6326.99219,1,26596.50388,23.48667908,7.21436739,4,46.61386108
2025,71.32772827,24.14070511,15.85445118,9.314704895,5.194447517,5036.16071,1,26194.50231,24.384655,6.988432884,4,181.041626
2026,92.56191254,26.04932404,18.64517975,9.06861496,5.810400009,1430.984488,1,24124.51595,29.73414421,8.538719177,4,86.00908661
2027,61.11600494,26.45784187,20.30947685,9.833550453,6.894392967,1759.148274,3,23646.01402,25.06604576,9.807906151,4,175.7108459
2028,84.34043121,32.66187668,21.47345352,13.00199032,7.397029877,336.9503556,3,22858.56154,28.63820839,11.52070999,4,186.6869202
2029,77.03700256,30.78887749,22.32795715,14.5519619,7.186480999,38.66973611,1,22648.45495,32.00836945,13.48550129,4,53.81290054
2030,351.5820618,18.75702095,12.69176197,8.835857391,5.734122753,4088.834576,3,19904.18313,31.30463791,7.656093121,4,176.4386292
2031,129.56427,27.55367851,17.16902733,10.29215527,6.000205994,1507.896931,3,26463.86943,30.26856613,8.82883358,4,189.926239
2032,109.7799835,29.17123032,16.79199791,10.91075993,6.578689575,1980.341574,1,26867.06566,32.12922287,9.005058289,4,215.7019043
2033,101.3637238,30.29702187,14.90856743,6.685999393,3.632311583,1978.622578,3,4505.23613,14.7627573,6.720783234,2,212.7748718
2034,39.40953064,31.11922836,16.18681908,15.89824963,8.635387421,8220.026969,3,28524.4734,33.45846939,11.15390682,4,198.3131714
2035,111.4795914,23.68528748,16.97839546,7.486894608,4.956173897,8375.685805,3,28123.74802,29.65618515,7.046875954,4,64.44003296
2036,31.5801239,32.21103668,14.96992874,5.283669472,3.154180527,4122.738564,3,31869.58258,12.65993118,4.216953754,4,69.92774963
2037,16.97442818,42.32534027,23.55578804,4.887157917,2.894246101,5357.425772,3,34079.25109,8.51188755,4.453543663,4,54.13017654
2038,6.358699799,60.78424454,22.01226997,2.680769205,1.406341076,5483.210186,3,34023.5723,4.390237808,1.88251996,4,49.2421608
2039,43.63300323,43.58843613,24.17743111,6.313116074,3.478847742,4626.155344,3,33369.16457,12.19547558,5.597106457,4,45
2040,42.78125,37.05465317,16.82348824,7.325609684,3.648021698,278.8368779,3,18015.32179,14.26250744,6.74751997,4,118.4556122
2041,66.96373749,28.02444267,19.01686478,6.811679363,3.827188253,6147.790766,3,241.3449584,17.949646,5.801547527,2,79.07719421
2042,272.5493774,27.50845337,15.70779037,6.91279459,4.060390472,3074.947512,3,13300.15195,17.11369514,8.765889168,4,194.5657654
2043,108.4025955,29.06214142,14.99629593,10.08565998,5.317632675,7848.8709,3,29092.27743,27.47516441,7.708732605,4,262.875
2044,46.39606476,32.93609619,19.60906792,11.53827381,5.337655067,8295.665672,3,28579.63062,27.42487335,8.915273666,4,219.3586121
2045,447.6978149,24.37592697,15.48027229,8.674501419,5.424649715,4667.370897,3,18994.54889,30.43210411,8.539457321,4,155.4098816
2046,287.5098572,26.35161591,14.33643341,9.592132568,5.292747498,5771.955842,3,19500.87288,30.52948952,8.420887947,4,107.3189392
2047,22.65615082,33.85239792,20.23765755,6.031247616,3.508502245,32.93700848,3,25398.51913,14.4960537,6.739039421,4,306.085083
2048,36.79312134,37.64528275,20.26540375,6.706864834,3.608046293,5553.400249,3,33417.36687,12.28641319,6.111560822,4,86.38572693
2049,31.07275963,38.23680878,16.71330643,6.349231243,3.844370842,5573.908273,3,34380.89919,11.83973217,4.026095867,4,222.7677612
2050,81.81188202,20.64381981,10.89112568,4.53648138,2.508586407,1471.611578,3,28194.0257,15.77489185,3.308080435,4,225
2051,77.42004395,31.04675293,18.52366447,8.011541367,5.440314293,2137.89469,3,23243.11674,16.30083847,8.196827888,4,90
2052,36.15520859,35.33943558,18.49600983,8.448912621,4.729845524,2982.445047,3,22423.06758,17.00953865,6.455258846,4,276.34021
2053,115.0924988,53.91089249,27.04029083,8.72705555,4.537636757,1530.67924,3,14336.4723,22.16513824,6.476793289,4,44.61804962
2054,163.6901398,27.25153351,20.82294846,7.837295055,5.051820755,8842.553444,3,27776.15333,28.15266228,6.803833485,4,64.83161926
2055,82.4233017,32.12140656,20.72360039,10.06709099,7.131215572,8043.69496,3,19422.35148,29.82573318,8.807868958,4,244.947998
2056,90.07605743,25.78012466,17.64113045,7.609971523,4.611546993,300.9675296,1,25081.16132,25.1586895,8.534716606,4,291.5712891
2057,6.005182743,47.95353317,18.54039001,2.396891356,1.232178807,4607.05355,3,32772.59113,5.523531914,1.275380254,4,92.12109375
2058,13.12630939,37.84689713,18.0866127,5.641576767,2.834918976,4536.403042,3,32604.29945,11.58408928,4.637302876,4,254.9692383
2059,144.3860474,25.24421501,13.95000935,7.510726929,4.558430195,1181.526963,3,11147.42154,22.14502525,6.84435606,4,253.7330627
2060,45.8717041,33.18217468,19.40028954,7.794175148,4.154148579,559.0798079,3,11775.79014,17.50572014,10.08922195,4,247.4100342
2061,147.1049194,29.07615852,16.00833511,10.12709427,5.623367786,2789.213573,3,24579.49058,27.95461464,7.773247719,4,178.8749695
2062,137.2384644,45.79469681,23.91083527,9.510316849,5.292299747,1333.524851,1,22891.82383,27.44937325,7.377259731,4,53.93059158
2063,137.335907,49.57216644,30.12426949,8.374840736,4.730649471,1154.413267,1,22716.08333,28.02732086,6.789201736,4,332.7107239
2064,152.103363,28.00326347,15.04743862,11.6129055,5.833261013,828.2081087,3,23933.31187,29.84205246,9.294024467,4,196.3895416
2065,120.2837601,26.23870468,18.23187447,10.67145443,5.84245491,804.9547392,3,25899.68737,31.27515411,10.76265907,4,223.4681549
2066,129.3865662,28.07126808,16.16764069,6.555146217,3.398145676,4427.393499,3,29552.10197,19.30906868,5.465812206,4,146.4355621
2067,105.0923996,35.19084549,19.29680061,7.307675362,4.155611038,1989.92859,3,22181.70155,14.20349026,7.257636547,4,153.75
2068,32.96925735,35.62657928,19.62803841,5.318074703,2.765831709,4740.426049,3,1593.437292,10.13315201,4.791323185,2,273.3664551
2069,66.6456604,31.98503685,15.97177601,8.250086784,4.232689857,5458.935926,3,896.5580962,18.60652733,6.178881645,2,221.9710999
2070,98.97171021,35.89866257,16.48727989,10.63767529,5.44379425,8708.92105,3,25758.54015,25.24693108,8.506227493,4,209.2488251
2071,77.21147156,23.29916,18.28170013,9.550250053,6.095017433,1504.801278,3,23609.05153,30.17335701,10.84532738,4,128.5504608
2072,196.471283,26.5870266,16.70488548,9.565066338,5.788358212,6946.999138,3,19688.34788,33.90851593,7.893835545,4,90.26639557
2073,138.7967682,24.49040222,16.24720573,7.665073395,4.507595062,4261.89933,3,30124.96802,23.94952583,6.851511955,4,181.83815
2074,86.79594421,55.24774933,28.80750847,12.26124573,7.320586205,1245.059962,1,23216.6656,31.11912918,9.67973423,4,324.8483887
2075,11.17540169,31.40060616,16.35947609,6.0685215,3.620965242,368.7502656,5,22401.65185,8.705377579,4.853965759,4,219.6441803
2076,137.2400208,18.08360863,13.12237072,8.441726685,5.550917149,3887.018458,3,20213.37965,35.30277634,6.643249035,4,195.119751
2077,99.21843719,34.45658493,16.95125389,9.877466202,5.396625042,3470.892181,3,28190.03986,25.76686478,7.508068562,4,155.7540741
2078,105.821373,34.56622696,18.77974892,10.94335651,6.057211399,3764.26011,3,28216.57215,27.47839737,9.364134789,4,233.2758942
2079,57.58393478,38.38428116,22.78993034,6.149518967,3.50949192,4021.870384,3,33329.98193,12.34803772,5.605433464,4,66.96056366
2080,58.00102234,48.39635086,28.24248886,6.113088131,3.255106688,3955.799969,3,33021.21136,12.34029007,6.19410944,4,312.0767517
2081,26.0590477,44.94044876,25.527668,5.684797287,2.770915031,4082.213854,3,32704.25516,9.474123001,3.992244482,4,46.43568039
2082,44.59009933,42.7256813,25.70413399,6.455282211,3.629711151,3953.246202,3,32496.03668,14.58443451,6.380092144,4,248.6293793
2083,7.52982235,34.20576859,5.950520515,4.186007023,2.716403484,216.3743054,3,17861.19501,9.373688698,2.300497532,4,132.6140594
2084,88.88832855,29.68296814,24.3462677,8.702031136,5.280619621,29.18004596,3,17273.47386,24.97618103,9.194313049,4,321.5211182
2085,51.49320221,32.13771057,16.76309586,11.78705788,5.906971931,1128.040308,3,14893.1681,25.18825722,8.241286278,4,100.9341965
2086,126.9463196,32.3970108,25.2242775,7.745267391,4.048605442,2089.657205,3,14956.16596,23.22690582,6.152135849,4,41.84070969
2087,32.67186737,38.18478775,17.79471397,7.630495071,2.950412035,5298.270641,3,26159.96024,18.2893486,8.352884293,4,76.37028503
2088,36.27182388,36.65387726,23.51133537,12.1690979,6.456209183,162.8309268,3,22245.34128,22.30771065,10.02128983,4,52.01811981
2089,14.72462654,29.63676262,19.23989868,4.79957819,2.836225748,405.4808134,3,22203.42138,8.73047924,3.29329133,4,236.0977325
2090,62.08248901,27.4136982,18.36016655,6.520841122,3.371883392,4838.652067,3,34215.49661,18.71477699,7.71553421,4,238.5157471
2091,78.7350769,26.8687191,17.62576103,7.494284153,4.636434078,2172.910209,3,22622.98778,18.25106621,7.434157848,4,251.0954285
2092,102.2489319,37.49599457,16.98056412,12.38420391,7.493484497,1789.978651,3,6063.810508,24.97050667,10.41136837,4,122.6919861
2093,134.1520081,50.62015152,28.10017967,9.833625793,5.77903223,5629.872094,1,25926.21132,27.69119644,8.448007584,4,320.5637817
2094,150.2433777,19.96201706,9.703353882,7.53185606,4.742606163,3482.899904,3,20568.97882,33.80223465,5.085933208,4,225
2095,91.55993652,29.91774178,17.82183647,12.64997292,7.60576725,7670.865032,1,19184.21535,33.08131027,11.32047939,4,87.74935913
2096,64.30138397,30.26067924,15.31928825,9.147520065,5.331153393,8010.802045,1,19167.61657,27.2679615,6.961800098,4,257.3302002
2097,137.3709869,30.61836433,18.12072372,7.695757389,4.712161064,1448.161703,3,8766.061599,17.52962685,8.889501572,4,101.9456406
2098,83.01027679,25.49152565,16.2567997,10.31971073,6.249498367,2667.602041,3,13050.6705,26.16122055,10.0858345,4,186.4541626
2099,67.31919098,23.50941849,12.59631824,5.169178486,3.33048892,3010.127715,3,13346.49296,17.10755539,5.736902237,4,275.9234009
2100,167.4535675,33.01122284,23.29906273,11.70563507,7.557590485,1190.071052,1,22361.46444,35.08382797,10.00601578,4,49.58573914
2101,132.6604614,28.74037361,16.49206734,9.686254501,5.13516283,3976.095435,3,29111.15913,26.52057648,8.807192802,4,181.1612854
2102,101.8810883,27.00008011,18.03658676,7.378619194,3.993951321,4345.456044,3,30964.76392,20.78860664,6.532839298,4,66.54097748
2103,168.7204132,31.75263596,19.95788574,8.104676247,5.476983547,196.2437129,3,12657.49267,22.91627884,12.20433331,4,71.56504822
2104,102.1875229,43.02685547,26.20362473,10.29833984,5.243032455,460.6991012,3,9616.589089,22.96482086,8.524129868,4,290.0391541
2105,231.5609436,29.36846542,15.35342789,12.32367039,8.35606575,8125.489127,3,29172.81567,28.56261063,13.16530704,4,230.3876953
2106,340.5032959,25.96689034,14.91805077,11.93636131,7.252863407,8323.136197,3,29456.18343,34.5381012,12.22207737,11,252.2238464
2107,113.6383972,29.3157711,19.75226974,9.541295052,5.377954006,5846.412994,3,26182.66767,29.56485558,8.072428703,4,88.46194458
2108,19.53617668,37.52252197,13.90086174,12.26801586,6.439011097,4989.929909,1,25838.28147,22.66283607,7.39445591,4,54.09027863
2109,113.4975967,29.52497482,17.24251175,11.93396854,6.744594574,544.105742,3,23691.05187,29.39064598,10.57327271,4,221.6114502
2110,163.1279297,34.76753998,18.61289215,8.381182671,4.639758587,1695.002297,3,25616.0453,18.45726776,7.553230286,4,215.1806946
2111,116.4350357,32.97973633,24.5493679,9.169678688,5.530859947,1690.043871,3,15670.92708,24.45068169,8.596291542,4,83.3288269
2112,153.6420746,34.15790176,27.12032127,8.144130707,4.801050186,2049.192768,3,15363.13159,22.93943596,7.437347889,4,311.3661194
2113,105.8412476,30.40463448,18.82071877,8.279033661,4.596132278,9071.684293,3,25804.95162,23.03756523,7.142209053,4,263.65979
2114,83.59965515,39.40099716,25.0436058,9.258925438,5.230017185,10703.38438,1,18813.81118,25.00930023,7.930190563,4,295.1645508
2115,25.96247482,52.70108795,23.80949402,7.413217545,4.333056927,3485.653765,3,31677.39256,11.5369091,6.244891644,4,59.6763916
2116,102.6344528,34.20270538,19.05430222,7.21349287,4.378275871,1513.581951,3,25425.74281,15.8680582,6.917030334,4,124.8753281
2117,65.0239563,31.85267639,25.04526138,9.679923058,5.586993694,951.9775284,3,8520.660807,20.69464111,10.36563492,4,290.5811462
2118,83.97953033,39.43707657,17.75640678,10.73456001,5.786592007,8588.771684,1,28343.26941,25.87347984,7.873120308,4,68.11901855
2119,89.61865997,36.04454041,26.22699165,8.910455704,5.5146842,4551.668828,1,25311.95156,27.23036385,7.153975487,4,27.9526329
2120,73.21875,16.01226044,8.97925663,9.076398849,5.231092453,3036.438874,3,20657.18929,33.30770874,5.130713463,4,204.6607666
2121,121.5438156,31.57463074,17.87293243,9.843278885,5.59824419,10468.93929,3,18586.02448,26.25849342,8.974499702,4,185.1944275
2122,67.35618591,29.44322014,17.07964134,6.739603996,4.089233875,6371.81534,3,19105.42116,19.33531761,5.158993244,4,120.0939789
2123,69.25262451,34.89660645,18.86374474,6.156326294,3.092095852,2329.600151,3,30500.52185,13.29380703,4.768918991,4,281.9017944
2124,85.81494904,33.25320053,18.92219543,6.815988541,4.04465723,5237.891715,3,1147.395433,16.07613182,6.346406937,2,274.3573608
2125,115.223587,46.10701752,29.15753174,10.04817963,5.515749454,5245.351771,1,25461.22564,27.09578514,7.814244747,4,330.6775513
2126,116.0167084,28.68863487,21.22133064,8.132598877,5.129623413,5433.129519,3,25689.4647,28.28723526,6.674531937,4,73.65711975
2127,127.0728607,27.765625,17.32062531,9.910486221,6.032122612,3488.426628,3,24821.81743,28.51279831,8.953302383,4,194.6208801
2128,84.03631592,27.93335342,15.87726402,9.091917038,4.996013165,2342.835938,3,23990.51208,28.0254097,10.05665684,4,136.130188
2129,75.43679047,45.54496384,29.45309448,11.67491245,5.637534142,1941.534714,1,23441.30784,29.04533005,9.826730728,4,21.34578705
2130,66.50540924,48.44895935,29.50167084,11.0447197,8.55281353,1470.416426,1,23329.00049,31.44423485,10.70102406,4,323.5213013
2131,128.5502472,40.38921356,27.60428238,10.99783516,6.346606731,1923.339891,1,22803.22991,32.15878296,9.509669304,4,273.0948792
2132,122.1630478,32.53953552,18.93827248,9.595081329,5.518976212,4039.265472,3,28413.2159,25.52330208,8.022242546,4,213.4078217
2133,134.0737915,33.24142838,25.91513062,7.907487392,4.787042618,1079.588244,3,15965.77294,24.3708725,7.995576382,4,291.067749
2134,86.25067139,34.05692673,18.68107986,8.128410339,5.391273499,1025.357443,3,11394.2035,17.2922287,8.944022179,4,232.6453552
2135,130.6732941,22.77982903,13.33862114,6.868032932,3.890068054,3152.222318,3,13421.92145,22.19096947,7.52118206,4,272.1210938
2136,80.00882721,24.11130714,15.13603497,6.988980293,3.803359747,3085.772165,3,13861.63897,25.79828835,7.688223839,4,251.5650482
2137,184.0317535,26.68429756,19.58345413,7.583258152,4.532029152,6891.680231,3,27128.72037,22.83600616,8.224068642,4,41.98721313
2138,161.7541656,30.3319912,20.30753326,10.52501297,6.147224426,266.5645195,1,22941.09479,31.004076,9.352239609,4,58.81578064
2139,49.72590637,57.15822983,25.08625412,4.717089176,2.840109825,5331.237081,3,33469.97626,8.61714077,5.464686871,4,303.6900635
2140,68.40888977,40.55443954,25.10094833,4.292119503,2.52342391,4979.523608,3,33329.60229,9.857813835,5.987331867,4,47.86240387
2141,118.1253738,26.07480049,18.7019558,5.45929718,2.755003691,217.9043381,3,17490.92281,17.08443451,8.038181305,4,287.2095642
2142,96.08327484,35.33359528,24.14595032,8.525876045,5.54307127,275.497597,3,18071.9004,20.12609673,11.09474659,4,316.6925049
2143,99.72138214,49.82231903,27.12026024,8.07152462,4.702642441,994.810921,3,17549.22221,18.46077156,8.359694481,4,129.9960022
2144,49.25701904,33.19746017,19.42177773,12.65504837,6.236475945,599.0301063,3,6612.741017,22.321558,11.61359978,5,213.6900635
2145,52.97851944,35.5008049,17.04190826,7.161417961,4.9548316,691.9055806,3,6248.025656,14.60711765,7.154283047,5,154.0934906
2146,88.32926941,33.78204346,19.08008575,7.715134144,4.39798975,5729.422127,3,617.5671373,19.16481018,5.822101116,2,236.1738434
2147,78.74411774,30.02117538,17.72613525,11.69515228,6.486606121,2201.332982,3,5638.884377,28.3040657,10.58619404,4,191.8852844
2148,54.46850204,25.46161842,10.88852501,5.258316517,3.169761419,2697.389183,3,13035.57306,13.23671436,4.345662594,4,253.1979675
2149,120.6658401,25.54615021,18.94725227,9.406685829,6.420897007,3993.858287,1,24698.32551,31.32518959,8.399723053,4,43.54561996
2150,117.1878815,46.08135605,28.21119118,11.57961655,6.259471416,2420.604901,1,23547.92142,30.80056381,9.211495399,4,320.1944275
2151,370.8225708,24.12453079,14.99185753,9.289224625,5.50947237,4969.494407,3,18881.06106,33.7040863,8.315200806,4,215.2362976
2152,294.1865234,24.24279404,14.77534294,9.243546486,5.12841177,5419.864951,3,18452.10232,31.21525764,7.779293537,4,138.3664551
2153,149.4933167,27.53188515,17.20876503,10.50587082,6.040893555,7361.532455,3,18096.77255,30.77926064,8.541657448,4,104.6053314
2154,104.9421005,30.46584892,19.70687675,11.39841461,6.049969673,9793.049231,1,18583.39115,27.97115135,9.633447647,4,116.9165573
2155,118.4704742,31.2117157,18.16555977,9.0206213,5.267344952,10231.74952,1,18346.25883,26.84993744,7.175814629,4,270
2156,121.8642349,34.55725861,24.15993118,6.905983925,4.125793934,5462.229519,3,32070.94073,18.15296745,6.963434696,4,54.32359314
2157,209.8251343,27.32743835,15.29055977,5.679810047,3.75494504,2917.179661,3,13291.3949,14.60662746,7.52109766,4,243.4349518
2158,320.3919983,25.92928505,14.71447277,11.98456764,7.787024498,8628.10856,3,29313.34931,30.31551743,13.52855396,4,215.7889709
2159,123.1608124,46.8727417,28.60162735,6.810228825,3.739061832,5869.76807,3,31890.32057,16.85230255,6.253480434,4,52.23869705
2160,115.179863,28.23023415,17.53709412,6.199061871,3.695147753,5524.406157,3,32001.4656,18.40805244,6.24202776,4,87.4828186
2161,10.26108837,38.99459457,13.99851894,7.83425808,1.931433678,4761.750796,3,1592.039456,12.52221203,4.671220779,2,211.5513916
2162,13.09043026,28.64657021,10.41672325,5.582897663,2.754671097,2464.743367,3,12830.88288,10.27973557,3.655919313,4,270
2163,97.2490387,23.26179504,15.4492569,6.537124634,4.237842083,9858.368697,3,26326.9515,19.60458374,7.276639462,4,100.8138733
2164,84.17124939,21.28564453,14.05916882,7.247164726,3.740286827,9735.543376,3,26668.69328,22.63000298,6.059992313,4,164.1057587
2165,26.74783707,24.17034149,17.62360382,3.968772411,1.909649968,627.0253348,3,21810.04029,9.875619888,3.139514923,4,241.6992493
2166,98.78445435,30.35442352,22.77065086,7.606159687,4.55141592,6578.33023,3,19453.86497,25.21808052,6.692775726,4,47.93567276
2167,192.111496,30.57346344,23.69078636,10.96210194,7.09032011,3455.399234,3,20938.45912,31.72315025,10.67302227,4,300.0271301
2168,238.0766754,29.6061554,22.77964211,9.208144188,5.772805691,2990.51391,3,20760.40199,32.49720383,8.379910469,4,51.61346054
2169,66.89204407,28.1154747,17.69085693,6.206207275,3.499329805,1576.328443,3,30150.56578,15.21989441,6.350491524,4,225
2170,96.99731445,29.08421898,17.90371895,9.296326637,6.197444916,523.0285518,3,11591.51033,21.17811012,10.67372131,4,239.4324036
2171,61.39459229,38.70686722,20.22776604,5.437256336,3.427253246,4837.069784,3,1567.623766,10.29900932,5.694128036,2,256.5042725
2172,28.63095856,23.94368553,20.91973114,6.648867607,3.18394804,266.9310466,3,18862.0056,8.799293518,0,4,54.46232224
2173,355.5702515,25.69237518,13.5579195,11.80086517,6.687615395,8517.967993,3,29656.68768,38.69039154,17.63557625,4,227.6903076
2174,124.0191803,31.71838379,17.07387352,14.23020744,7.211423397,8108.722747,8,29437.7092,34.37240601,12.41877556,11,158.2517395
2175,229.3794098,23.93413544,13.78320217,12.60288906,6.816345215,8338.962147,8,29091.35804,41.52082062,12.21849728,4,215.266098
2176,9.907292366,46.33608246,20.68532562,7.935875416,3.21823144,368.7135696,3,21862.13372,11.88181973,5.08261013,4,73.96603394
2177,114.5170746,32.43125534,19.22830009,10.40736771,6.851224422,8660.129499,1,19087.45702,28.22311401,8.830331802,4,275.6241455
2178,27.06882286,45.068573,22.12477684,6.697435379,4.018889427,3210.515081,3,31560.45071,11.41522503,5.748590946,4,105.4926605
2179,28.32304573,34.33859634,15.93406391,6.295598507,3.286701918,2564.537201,3,31016.82345,11.5927763,5.837823868,4,245.7967834
2180,70.51979828,23.62947464,15.28958511,5.83152771,4.063015461,884.0052189,3,28600.0088,17.48340034,5.134294987,4,229.6858978
2181,33.86573029,22.43798828,11.76131535,4.131837368,2.219818354,2010.940484,3,12391.17649,11.19132328,3.535868883,4,239.2088165
2182,11.42357922,45.85053253,13.9303484,4.197219372,2.364196301,1903.167761,3,15244.53198,6.602592945,4.322822571,4,245.2248535
2183,149.6140594,24.28488541,16.87684631,9.414647102,5.139601707,9220.759279,3,27467.66041,28.03310394,7.596931458,4,135
2184,130.6431732,41.49781036,28.75647163,8.980187416,5.416176796,9473.125177,1,27388.88914,25.04021454,7.952367783,4,36.86989594
2185,28.46043396,43.77833176,19.30550003,8.83528614,4.951458454,2844.831245,3,31319.57234,13.54298115,8.855295181,4,91.43466949
2186,13.11740589,33.28297806,18.19592476,7.233890533,3.425583839,2762.423177,3,5095.174747,12.89295864,5.444254875,4,163.5140686
2187,40.48551941,30.97756004,19.73812294,4.841663837,2.89895606,386.4013679,3,17812.48232,10.48371696,5.262016296,4,75.96376038
2188,49.16809082,31.75555038,17.88368034,6.445443153,3.457744122,4264.063697,3,33860.02386,16.31522751,5.516969681,4,228.4682312
2189,34.93752289,39.38171005,19.12903214,8.847208023,4.66931057,3422.254423,3,31955.59153,15.4898386,7.271168709,4,149.2853394
2190,160.382019,24.92999458,16.27972603,9.819937706,5.593599796,1207.448863,3,10840.36949,25.19404984,8.33067894,4,210.1706543
2191,80.63668823,36.82132339,22.0062027,10.17555046,5.158545971,3325.951881,3,4534.591186,21.91567993,8.300109863,4,59.03624344
2192,86.97189331,36.85599899,20.0591774,11.87676716,7.313250542,3242.112766,3,4592.928612,23.90316582,10.51994419,4,71.56504822
2193,19.81282043,21.65387917,11.52891254,3.35165453,2.470838785,2260.228541,3,12608.6494,9.829402924,2.978801966,4,265.8150635
2194,277.6587219,18.18686485,9.767456055,8.101961136,4.787382603,2143.903602,3,20941.00945,35.03981018,8.234767914,4,218.5131226
2195,110.7032166,27.97859764,21.03628349,8.867936134,5.747831821,1432.359938,3,19558.65141,23.93879128,9.001805305,4,41.42366409
2196,110.8485718,26.20829964,17.25819397,6.80113554,4.088053226,904.4678782,3,17156.93141,18.36138725,7.505520821,4,259.5085449
2197,45.13729858,29.49186516,20.62868881,6.599280834,4.129995346,268.0136899,3,6999.782013,16.07250786,7.081465244,5,45
2198,171.8273468,30.2382679,16.11759758,7.939853668,4.81073761,2296.538826,3,12432.66401,18.27744675,7.925689697,4,199.9164124
2199,66.80852509,35.09357452,19.08265114,12.21853161,6.837009907,8774.644414,3,28551.27839,24.85977936,9.388962746,4,245.3256378
2200,138.0550079,33.35561752,24.27866936,9.243822098,5.89945364,505.3715933,1,22371.4911,29.3129921,9.215705872,4,42.82212067
2201,329.0777283,30.3914299,21.09928322,9.72410202,5.856991291,2538.511514,1,20329.71617,31.087883,8.244937897,4,276.34021
2202,135.3696594,33.76387405,25.52301025,9.700397491,5.481611729,1877.879853,3,21855.71445,28.55481148,7.750202656,4,35.98067856
2203,141.808609,31.5229435,15.66275597,11.33994007,5.322999001,647.0843546,3,24669.84238,28.35622025,8.430273056,4,187.2532043
2204,9.969732285,57.27721405,23.31518173,8.438656807,4.253632069,2838.712713,3,5017.659266,11.83272457,5.491686821,4,18.43495178
2205,22.77591705,47.80672073,27.50485611,6.10407114,3.168753386,3029.881908,3,4825.864491,12.72090626,3.769766331,4,53.32564926
2206,35.54298782,37.41714859,17.62945366,10.35049248,6.13953352,1477.519178,3,11866.89135,17.0687294,8.973046303,4,180.8951721
2207,19.14365959,42.22741318,20.83287621,5.868713379,3.720769882,217.38486,3,18114.89182,9.781373024,6.155455589,4,74.35775757
2208,86.37017059,43.62466049,26.95772934,9.046553612,6.512867451,374.3083451,3,18451.60123,21.25079155,13.96128273,4,322.080658
2209,86.75045013,25.60872841,18.09428787,9.570417404,5.726958275,3133.687429,3,24134.73769,30.02803802,8.256919861,4,153.8746796
2210,151.1300964,45.49066544,28.25660706,10.36068058,6.60705471,3125.728097,1,23542.57753,33.0052948,8.852793694,4,300.9637451
2211,43.53445816,36.90345001,23.78819656,11.84171009,6.164282322,2.87977698,3,24600.28924,23.03283882,14.23591709,4,132.852417
2212,128.1631775,31.11691856,17.54226875,10.77920246,5.904842377,4210.731744,3,29119.98841,27.22961617,8.472625732,4,282.8287964
2213,44.72168732,37.17405319,21.88443565,5.163063049,2.693917274,4283.7601,3,2121.085027,11.40292454,4.95758009,2,88.02506256
2214,50.50543976,21.28813934,10.63662148,3.329819202,1.916452765,1889.735058,3,12247.08561,9.395339966,2.372135639,4,263.7565918
2215,16.26939583,29.00250626,15.26105213,9.926491737,6.756175995,645.3984734,3,21571.22971,14.36004448,6.895245552,4,268.4089355
2216,76.53599548,29.66383934,13.30529213,10.01337624,6.851875305,1057.214117,3,21425.14151,21.61452293,11.71383667,4,267.9001465
2217,216.8620911,19.21132088,12.09874535,8.413681984,4.858776093,2221.73147,3,20662.98145,31.07056046,8.322669029,4,216.2538452
2218,147.2025604,31.45764732,19.12026405,11.72771645,6.39142561,8014.703689,3,18014.84399,31.50188255,9.365576744,11,250.5296936
2219,64.89447021,24.43575668,14.93640709,6.511601925,3.624140978,6259.159357,3,19077.78346,20.90704918,4.670770168,4,213.0829468
2220,170.4167175,35.15911865,24.85904884,10.68550873,5.857918262,980.684985,1,22405.92915,32.90666962,8.954277992,4,302.2424622
2221,120.8978043,48.43128586,27.44655037,6.337918758,3.666083574,5200.032316,3,32317.68138,15.58397579,6.270368576,4,306.1796265
2222,81.28907776,33.9653511,18.62854004,7.798286438,4.269948959,5370.861065,3,976.7379549,18.19411278,6.033322334,2,125.7889709
2223,70.65480042,21.12539864,12.80963707,4.832891464,3.078742504,5551.358228,3,19562.33009,16.76469803,4.358959675,4,226.1934967
2224,145.0365753,33.08940506,24.16304588,7.844488144,4.625339985,2165.607165,1,25410.05255,25.99307823,6.454835892,4,298.2016296
2225,142.8589478,34.06455612,18.58936691,12.20011902,6.115213394,801.18188,3,13149.9816,25.57783127,9.687696457,4,163.8865814
2226,127.5700302,30.9672184,23.49261093,5.053905964,4.080724716,145.3437219,3,12404.74516,16.06193542,12.24460983,4,77.79014587
2227,104.9630508,28.41733932,16.89941406,8.075104713,4.512562275,694.9848263,3,6964.700678,21.45177078,7.875976086,4,198.4349518
2228,100.9665604,33.48884201,17.41349792,10.39308929,6.630475521,402.7065924,3,8005.009694,21.45089531,10.36292458,4,93.67179871
2229,131.6308136,31.67617226,18.2628479,9.02022171,4.494900227,2991.151329,3,14210.42751,20.91405487,7.410825253,4,153.4349518
2230,105.3945236,44.19771957,27.74986839,11.01858997,6.954851151,1708.48485,3,15674.34912,27.23183632,12.79933739,4,319.8304138
2231,144.5884247,28.84610748,17.34264755,9.706506729,5.526401043,9490.037145,3,25194.6533,26.87011528,9.155641556,4,180.5161743
2232,146.3757172,25.28712273,16.17773438,10.0587492,6.718198776,7735.045242,3,27646.32479,24.99560547,10.77319431,4,155.5560455
2233,5.845808029,52.61408234,19.87143135,5.921206951,3.311035156,502.132428,3,21640.75852,6.463685513,2.36641717,4,94.38427734
2234,112.7255478,25.4462738,15.74529552,12.06157303,7.52385664,908.9962787,1,23964.30534,34.37804031,10.20450974,4,264.7497253
2235,88.07217407,26.88542366,14.37852859,9.215390205,5.475283146,3503.534944,3,27660.32602,26.9101944,8.330015182,4,181.8087463
2236,142.4916077,34.4683075,17.12628555,5.639557362,3.491695404,994.3994231,3,19650.63005,15.34372997,6.204489231,4,114.7751389
2237,130.428894,20.72416115,13.27923489,5.159806252,3.133955002,1788.303784,3,4543.243708,14.35599995,7.210158825,2,263.254425
2238,120.6861191,25.66715431,18.49430656,5.269613743,3.910961628,2086.632064,3,4288.021326,14.46752071,6.593026638,2,266.3785095
2239,136.5909882,42.54100037,27.26065254,8.999351501,5.177591324,463.146944,3,9446.005975,23.51646805,7.235987186,4,290.6560059
2240,244.2210388,25.36223221,16.22489166,7.577647209,4.552732468,2784.328011,3,15280.54512,19.7114315,8.079078674,4,178.4518433
2241,72.87029266,39.47862244,24.73294449,7.9303298,6.728672028,621.2517477,3,18059.43448,15.56686974,12.53384781,4,70.97085571
2242,175.0878906,33.53324509,19.54567528,9.347066879,6.741500378,8.872914045,3,21679.50935,20.60272408,13.91741848,4,102.4074173
2243,122.6286926,24.26525307,15.3274374,7.141965389,4.311157703,7405.861656,3,18451.82057,21.37628937,6.997138977,4,161.3825684
2244,30.56134605,35.66198349,11.26910973,7.611644745,4.429073811,6950.826852,3,18824.29812,18.94010544,6.970656395,4,80.53767395
2245,112.4242706,22.62073135,14.76545143,7.097094536,4.030427933,4530.30346,3,30157.19001,23.55516243,6.788815975,4,216.8699036
2246,88.0849762,27.98276901,18.0812149,7.100106239,3.986582279,5046.006304,3,30244.09782,21.31023979,6.737299442,4,221.5526123
2247,39.00650406,38.09214783,19.19453049,5.196306705,3.183074236,239.0200447,3,18891.70475,11.47516632,5.91640377,4,118.810791
2248,109.7843552,46.72629166,26.75634956,7.368489742,4.306347847,1766.941023,3,8828.526248,14.80966759,7.341342926,4,274.0856323
2249,67.06150055,25.53581047,17.02159882,5.795597553,3.323291779,3587.681859,3,2804.843011,14.25209045,5.466642857,2,270
2250,68.11522675,36.62075424,17.34051514,7.876239777,4.424673557,6374.405455,3,1295.313163,17.53171539,5.730153084,2,159.2277527
2251,111.3840408,52.32240677,28.32077217,10.75033474,6.101720333,2423.728654,3,5364.429436,28.46937943,9.144673347,4,27.39536667
2252,123.9411011,28.3555603,17.36544037,9.654461861,5.550973892,8835.793572,2,18057.99126,28.70176888,8.712891579,4,146.8886566
2253,94.29992676,27.66419983,15.72702217,10.57952499,5.894347668,4851.841421,3,20137.06058,28.82700539,8.693956375,4,144.5982666
2254,135.8175964,32.0735054,17.48939133,13.84152126,9.938209534,362.2618979,1,24071.296,32.09502792,13.45288563,4,293.6490173
2255,124.2912292,34.49465179,25.95491028,10.7133894,6.898391247,363.9192224,1,24478.59472,29.70636749,11.55871964,4,331.2388306
2256,98.224823,54.39189529,28.8227005,9.885109901,6.338992119,1858.330103,1,25945.30025,29.33677101,7.773803711,4,294.7228394
2257,55.18703842,34.01453018,18.92036819,7.98982811,4.30265522,786.3142562,3,29290.2103,15.64896584,7.263257504,4,80.31121063
2258,124.758873,32.29080582,17.98580551,6.294046879,4.173719406,1047.294025,3,20499.41131,15.59276867,7.743664265,4,92.39008331
2259,110.3041306,27.41264153,16.01419258,8.069252014,4.681118488,1081.847219,3,20318.37936,19.70386314,8.887723923,4,178.8059998
2260,79.00936127,16.2748394,12.49137974,5.978553772,4.248355389,2228.931738,3,4103.386406,20.10804367,5.984451294,2,271.3322144
2261,54.96136856,43.98710632,22.6766777,7.578595161,4.180932045,6161.62173,3,1113.82125,16.14674377,5.41246891,2,67.93209839
2262,42.78731918,38.58336639,25.73277473,10.14416504,4.681353569,95.71864703,3,10369.49275,20.76480484,10.12216568,4,49.93921661
2263,37.46984482,26.67761421,18.26557732,4.78716135,2.743237019,460.472693,3,10737.01515,10.70086098,7.372344017,4,239.0362396
2264,96.57711029,30.61199379,16.31655884,9.530097008,5.272237778,9031.913869,3,24852.79546,28.95219803,6.319207668,4,273.0580139
2265,68.38286591,16.75772095,9.264001846,10.80591774,5.590342522,4036.656969,3,20128.44577,32.68801498,7.392710209,4,199.7728577
2266,78.13614655,30.12859344,17.21607399,7.226899147,3.977268219,4885.934247,3,1967.083776,18.81752968,6.699845314,2,241.6992493
2267,55.91437531,32.14110565,18.71111488,7.875224113,4.35423708,5142.041413,3,1366.482474,17.44707108,6.387707233,2,84.80557251
2268,112.8085861,30.10486984,18.25697327,8.83744812,5.337195873,727.1345188,3,9503.085414,25.55391312,7.618662834,4,87.33010864
2269,156.7445984,22.49265289,11.99048328,4.973146439,2.935339689,2405.701473,3,12694.04025,13.86080742,6.645523548,4,250.7099609
2270,79.94762421,28.78430367,22.4565258,8.502940178,6.098539352,1149.315587,3,17271.17581,22.1522274,11.98158169,4,54.58264923
2271,113.6891174,27.19189453,18.53916168,8.312882423,5.146475315,2183.202654,1,23160.69764,29.74476814,7.243439198,4,80.82295227
2272,228.2560425,27.76275635,15.54701138,12.02429199,7.746511459,2713.174896,3,19480.39374,33.78707504,10.86787319,4,148.1535339
2273,89.31617737,29.20257378,17.61368942,8.759298325,5.234643936,6963.630396,3,18521.82221,22.09928894,8.289175034,4,137.1610718
2274,108.278717,26.26454735,19.30103302,10.62074089,7.095612526,363.5590416,1,23243.53358,29.46139526,10.90083218,4,252.9794769
2275,16.55534363,36.37893295,22.20664787,6.446811676,4.232770443,2876.480022,3,27107.56687,16.2609024,4.1195364,4,207.4075775
2276,85.38186646,37.60964584,22.64539909,6.093247414,3.918933153,3916.672395,3,34033.46776,14.48815727,7.801659584,4,316.123291
2277,154.9702606,26.3026886,16.11856079,4.891322136,3.187107563,1668.093797,3,4680.430415,13.50523663,7.579071522,2,234.0314484
2278,72.88925934,22.63956261,14.38850403,7.594867706,4.564555168,6982.942381,3,26974.67969,24.8891468,5.861676693,4,41.00331116
2279,178.0508881,25.87895393,17.15058517,8.078617096,4.814092636,5779.679109,3,25517.88611,23.80864906,7.423064709,4,185.0114136
2280,72.63163757,36.45406342,27.7890358,7.79918623,4.427853584,4500.998373,1,20115.92481,24.94089508,8.515852928,4,27.81252289
2281,240.8731842,33.0512619,17.96014977,10.62179089,5.611213207,803.7083042,3,22402.11773,27.15666199,9.705039024,4,120.8367157
2282,132.7154999,48.78055954,28.98540878,9.698645592,5.966725826,804.2318221,1,24567.95256,30.23228073,8.205047607,4,246.7814789
2283,36.73361206,50.35316086,29.07014847,11.0303421,5.030490875,2227.075027,3,26352.86743,23.70360756,8.427830696,4,24.50740814
2284,105.8745193,28.8757515,14.64325714,5.698540211,3.034326792,2768.440676,3,3630.325979,13.81460285,5.421143055,2,173.5700073
2285,85.43863678,28.83553314,16.13713837,8.341240883,4.643507481,3248.424742,3,3160.350713,18.61597633,8.294649124,2,140.1880341
2286,96.2743454,35.20156479,18.84212875,9.973155022,5.73007822,127.6893389,3,7678.724428,21.1713028,9.854431152,4,119.7448807
2287,85.9437027,30.26302719,18.26058769,10.77019787,5.771475315,4711.987193,3,24923.25535,27.41683006,8.189912796,4,188.8203735
2288,14.11035252,29.03736496,12.34348774,5.085711002,2.058226585,893.4423341,3,21353.32697,10.44923019,2.795777559,4,270
2289,105.4913559,37.18484879,19.58996773,9.020906448,5.161562443,900.5552737,1,20917.91037,21.06563187,10.37677479,4,284.7435608
2290,49.03102493,18.97128296,10.3020792,13.06612778,6.475216389,3578.252962,3,19995.40018,26.68271828,9.021493912,4,198.4349518
2291,202.1832886,23.10232735,15.02839756,9.743092537,5.180426598,3473.058541,3,19409.78535,28.91305351,7.752347946,4,189.9742737
2292,73.99024963,32.71072769,18.45764351,8.814484596,5.174243927,5720.347089,3,19293.27067,21.44058037,7.92586565,4,174.8055725
2293,127.3550186,30.95191765,17.8884697,11.88844395,6.803383827,259.2837827,3,23842.11522,30.01384544,12.36548615,4,125.9723816
2294,119.8641281,28.58242035,17.03379822,9.312097549,4.664040089,947.0367676,1,24846.55198,28.90844536,8.230879784,4,284.0362549
2295,119.757019,36.13894272,27.33333969,8.953359604,4.445115566,2457.559759,3,25732.69549,27.13261223,7.846781254,4,45
2296,98.73668671,26.77219009,14.27918625,6.805544853,4.16991663,815.5919158,3,19594.69063,19.64151955,6.678470612,4,85.60129547
2297,163.8684082,23.32773399,17.98256683,6.841519833,3.93325448,1004.290086,3,13143.78481,24.28250122,9.508271217,4,69.39943695
2298,392.2891235,23.25453377,13.6593895,10.11193466,5.999724865,8636.476787,3,28742.99757,30.51819992,10.50346279,4,199.274826
2299,63.06049728,29.19316673,18.60216141,8.490995407,4.727334499,10249.31786,3,17738.80606,21.99433327,6.863923073,4,154.0577087
2300,104.2310638,30.94998169,18.88214493,10.66363335,6.554347992,5031.391202,3,19975.60296,25.82806206,9.886328697,4,223.4616089
2301,61.9089241,50.37547302,27.97389412,13.88754177,7.841008663,2703.72832,1,26681.34294,31.12628365,9.905796051,4,342.7585449
2302,89.36312103,43.32305527,24.94911766,6.335383892,4.117759228,195.7322944,3,6852.299404,13.91382504,7.048895836,5,43.20615387
2303,25.91979408,40.12458038,18.73117447,3.830532074,2.07612443,927.3420585,3,5616.504812,6.729814529,3.220577002,5,225
2304,179.227478,33.96321487,17.77494431,9.906104088,5.2639184,4016.668685,3,3840.807016,24.51284981,8.822536469,4,92.87084198
2305,22.08714104,32.81901169,14.91333485,8.239468575,6.464541912,935.9632521,2,21273.58655,14.58449936,5.566153526,4,318.2415161
2306,52.80387497,19.10846329,9.295566559,7.169827938,2.9050982,1439.453583,3,21058.10856,23.77513695,6.463814735,4,260.9806824
2307,126.9115601,31.51550484,24.80403328,7.960999966,4.435108185,4558.109456,3,19388.99761,23.65890312,7.636197567,4,41.88916016
2308,25.91516113,50.57793045,28.94485092,13.1325407,4.881225586,2941.528268,1,26988.99277,23.09689713,7.627991676,4,342.7002869
2309,72.38555145,28.53375816,20.79742432,11.44570255,7.106152058,3257.204461,3,27308.68197,30.24382973,10.77096653,4,221.8822937
2310,63.97819138,31.48335648,18.53675652,6.967958927,4.530493259,4196.077746,3,2141.126924,15.21480942,7.677964687,2,104.4207764
2311,55.24013519,38.44159317,22.72106743,7.004479408,3.981999159,5973.446765,3,243.0912953,17.53961945,5.790561676,2,281.5921631
2312,182.8542633,22.97862244,14.12743282,7.183803558,4.303057671,3009.250487,3,14349.64701,23.88938904,8.622211456,4,256.8908081
2313,94.37491608,32.10193253,18.61252594,6.509863853,4.685181141,1748.932069,3,21983.05196,13.78487587,7.357740879,4,243.9606476
2314,118.7303009,33.42424393,16.69568443,10.68202877,5.872859001,1862.708253,3,14208.04768,25.61990738,9.683767319,4,112.588562
2315,139.2905884,27.9376049,16.60554123,8.565104485,5.085476398,1023.343495,3,10996.19752,21.47290993,7.770388603,4,291.1612549
2316,34.0493927,25.57740402,12.59941101,3.791504383,2.448227882,1474.040836,3,4918.942876,9.678253174,3.636876822,2,238.4202576
2317,56.35982895,32.95307541,18.74508858,8.360508919,4.947571754,5964.486744,3,392.1505832,18.43694878,7.466864109,2,132.0898132
2318,33.40190125,32.33562469,18.4160862,9.939722061,5.982735634,1008.066364,3,11390.92362,15.89756298,9.023742676,4,195.5241089
2319,74.3914566,27.3675499,13.88252163,5.83107233,3.074366331,2497.573582,3,12730.75995,13.96219158,4.95347929,4,294.2744446
2320,99.94097137,26.30196762,16.86433983,10.116642,6.089071751,4160.596787,3,24365.35613,29.51485634,8.52773571,4,130.4077148
2321,92.55254364,27.65875816,17.13484001,11.31879807,7.474710464,122.957622,3,22862.47795,27.03293037,9.827727318,4,72.72825623
2322,132.9374847,43.11557007,25.67776299,12.31792355,6.430994034,3065.656002,1,26240.54819,29.29992485,9.194391251,4,280.5391846
2323,14.24359703,44.36766434,19.11107063,4.321349621,2.677261114,789.6699066,3,5636.112894,6.275637627,3.991035461,5,169.0028992
2324,66.643013,24.96331024,13.02417755,5.317876339,2.887028217,2412.358359,3,3956.218424,16.08392525,5.093339443,2,228.9451904
2325,28.996418,24.99635887,14.0240221,3.535351038,2.665142775,921.0277065,3,11292.59881,7.628550529,2.58160758,4,265.2363586
2326,93.21912384,30.98117065,15.82172775,6.043881416,3.732424021,1639.354636,3,11920.58331,13.71515656,6.617952347,4,242.8765259
2327,248.123703,23.96047783,14.72154522,7.112926483,4.301691532,2805.836554,3,14737.85745,20.15427017,6.919884205,4,196.1134186
2328,58.89461899,36.12295151,22.0830555,4.858366013,2.877407789,4074.530235,3,33811.11315,11.48879814,6.150258064,4,309.8055725
2329,66.8237915,34.40605927,21.30822945,7.57964468,4.542853355,120.8391294,3,29030.89376,15.32684803,7.661473751,4,67.18490601
2330,69.65596771,26.878582,17.51760292,5.927554607,3.439500332,521.8242343,3,28328.53621,14.2508049,6.357190132,4,213.0126038
2331,46.98287201,33.59964752,16.30021286,8.327458382,4.329536438,42.10360653,3,7116.766306,16.48786736,6.317180634,5,93.09405518
2332,84.44006348,30.15481758,14.95907688,5.305875778,2.79707551,2368.667378,3,4028.123294,11.90058899,4.589654446,2,190.6196594
2333,61.95286942,27.37787437,17.24649239,12.24582005,5.814880371,5459.115527,3,19497.75062,29.19420815,10.18979931,4,166.2568359
2334,136.4266968,40.54697037,26.57645607,9.362707138,5.421649933,3546.043142,3,26377.07465,25.25252533,8.002396584,4,314.060791
2335,129.5402374,25.45394325,15.62635136,7.966988564,4.746061325,7815.121613,3,18148.81846,22.38318825,6.716001034,4,88.02506256
2336,100.0160217,27.03359222,17.50654411,10.81262398,6.540801525,9141.822878,1,28092.34958,29.85882568,9.599927902,4,67.40983582
2337,112.8835754,36.84090805,22.70768929,10.22130299,6.070035934,10601.959,1,18169.42605,28.27375984,8.71216011,4,301.972168
2338,109.0860214,32.44493866,18.11241531,9.964662552,5.050755978,4596.039713,3,28849.92583,25.12728119,7.695991039,4,220.8827515
2339,79.20471191,36.96849442,20.74817276,5.646707058,5.22735405,302.5208247,3,12387.35571,13.25568867,12.03789806,4,86.02750397
2340,84.80275726,29.07753563,17.8282795,7.601231575,5.245850563,279.4894938,3,11739.01677,16.91393852,10.16169357,4,250.7099609
2341,145.0356598,50.1343956,26.2059021,8.263237,4.637103558,1163.339079,3,8448.585116,17.34976578,7.475067616,4,42.89817047
2342,64.20253754,33.25064468,21.98273087,7.4290905,4.451622009,1746.818431,3,5977.456763,17.87732124,8.406393051,4,62.18727493
2343,63.85975266,26.37898254,22.01460266,7.493457794,4.00404644,17.82906776,3,10316.78509,21.5212822,8.027043343,4,46.73451233
2344,35.90254593,31.44722748,18.12036133,11.15940666,5.654791832,5372.466458,3,19593.63063,24.12713242,7.285121441,4,147.3477936
2345,138.1044922,43.18904877,27.74717522,10.23504734,5.347225666,2729.317104,1,25826.68996,29.01019287,8.879173279,4,292.2490234
2346,119.9746704,32.77742386,26.81453323,9.407487869,5.872013569,2836.832955,1,26134.20454,31.83159065,8.46366024,4,36.14501953
2347,96.27609253,38.84514999,29.38282967,7.986588001,5.245699406,3507.781643,1,26913.925,26.96304131,7.01681757,4,36.52885437
2348,96.58213043,37.41136932,20.15987396,6.718392372,4.384450912,1447.863426,3,21759.33661,12.09143734,5.823822975,4,200.7967834
2349,117.875946,28.29587936,15.09744072,7.631432056,4.441064358,491.5286172,3,19735.0938,18.06634331,8.267997742,4,129.8055725
2350,13.79530334,34.68536377,14.62109184,4.646133423,2.218203306,75.3499688,3,19109.94598,7.866860867,3.449710846,4,120.4655457
2351,121.187706,29.48607063,19.92563629,8.870324135,5.002009392,1043.619111,3,8760.3546,25.2822876,8.178673744,4,239.0362396
2352,83.95726013,37.58460617,24.61139297,9.133620262,6.000104904,5386.522497,1,19430.77426,23.32072449,7.646238327,4,331.7712402
2353,100.5214691,45.18790817,29.96173859,8.663708687,5.669631004,4936.022748,1,19762.82036,25.03156281,8.478429794,4,312.9779968
2354,81.90908051,51.11463547,28.03145218,12.728755,7.439408779,4314.263872,1,27811.93612,30.72597694,9.940965652,4,324.180542
2355,15.21463585,43.81882858,17.57585716,7.097128391,3.952068567,2486.749029,3,31146.02028,10.67431641,6.254426956,4,216.0273743
2356,5.562980175,37.76279068,18.85844231,4.303147316,1.828732133,34.58851351,3,18996.4664,7.221397877,2.714282513,4,95.71059418
2357,63.62472534,46.38059616,23.71468735,5.009041309,3.721469164,79.65230804,3,6333.985288,9.007242203,6.459468842,5,54.09027863
2358,166.6382141,42.6134758,27.90709114,8.693533897,4.957520008,2586.972252,3,4989.462072,23.71365929,8.244727135,4,302.3734131
2359,126.2583923,49.78072739,27.75145531,9.977516174,5.553603172,739.5815488,3,8485.114198,23.58702087,8.406037331,4,328.5638733
2360,130.2553253,31.68511391,16.61607742,9.039726257,4.865173817,8926.259931,3,28786.40321,23.91078377,7.698988438,4,229.0684509
2361,29.33687592,48.26567078,19.71988869,10.96309853,4.627177238,6644.6204,3,18646.09437,17.29233551,6.540185928,4,139.0097046
2362,119.3314209,27.38066101,15.14435959,7.703566551,3.907699347,4507.860478,3,29647.675,22.22639275,6.54157877,4,221.4236603
2363,50.22262192,43.9526329,24.15661812,6.341207027,3.610556841,3112.84974,3,32152.96288,11.98766804,6.06746769,4,84.66783905
2364,129.0154114,34.72381973,26.13750839,8.387274742,4.668492317,2015.434775,3,14668.78729,22.03528214,7.836001873,4,286.2870178
2365,106.8903732,23.25529861,14.66584873,4.342361927,2.447003126,1409.932923,3,4915.093142,12.7719965,6.510162354,2,247.8336487
2366,65.82583618,34.99589539,20.24743843,8.339030266,5.183682919,5383.938692,3,890.2819336,18.83596611,6.990949631,2,208.810791
2367,104.4156189,25.92712975,18.69173431,8.578111649,5.480128288,323.2082561,3,7997.253031,24.21313667,10.7519865,4,278.7461548
2368,104.1604385,28.06192207,17.36250496,10.42205811,6.550259113,10458.11945,1,18027.70213,29.49365997,8.617100716,4,187.6668091
2369,122.1880417,29.3625145,19.50590706,9.886936188,5.861323357,10892.11943,3,17804.08224,31.85759926,9.850964546,4,217.8749847
2370,71.74025726,24.79979324,16.02867508,9.704024315,5.3078866,6215.469352,3,18991.50312,24.82900047,7.111139774,4,167.0389099
2371,53.47755051,29.24045181,19.7284317,10.0493679,6.759229183,5968.401968,3,19093.65677,23.08293533,9.938586235,4,177.4552002
2372,68.2522049,48.21957779,26.28503799,7.145291805,4.137499332,1503.712059,3,30328.64495,14.77235413,6.6366539,4,298.7398071
2373,50.81908035,43.06435776,21.31728363,7.005784988,5.218120575,254.4828245,3,18850.79532,14.6684103,10.89112663,4,300.9637451
2374,99.82801819,34.08916855,22.10952759,8.478842735,4.932750225,441.6458853,3,18365.68598,21.26781273,8.98399353,4,296.0753784
2375,159.0134277,27.63829994,16.95059013,8.390198708,4.708508492,1125.276325,3,10869.28921,22.85930061,7.204984188,4,214.9920197
2376,152.7514648,30.42354774,19.03902054,8.25657177,4.874203682,2797.686042,3,4859.182109,21.96013069,8.151946068,4,88.53119659
2377,25.34203339,29.64722633,18.31526375,4.929374218,3.423977375,533.4927263,3,10893.69929,9.694874763,4.501716137,4,233.9726257
2378,151.5100098,26.56345749,15.55334854,9.236800194,5.795193672,678.5166229,3,21945.37608,30.19813538,7.51232338,4,120.1243134
2379,64.00242615,51.27888107,22.71565437,14.25917912,7.955453873,10414.45345,1,17762.70191,26.50242996,11.32093048,11,321.0664978
2380,129.8125458,43.49491119,27.32020569,12.108675,7.105916023,11089.24261,1,17554.12597,28.78249931,9.674340248,4,294.2831421
2381,45.71530151,38.89200592,23.58275032,12.44297314,9.167126656,3855.950598,1,27563.18105,24.30954742,13.6693325,4,329.3593445
2382,78.71569824,39.51861572,29.39666176,9.862936974,5.970329762,4782.550802,1,28086.15304,28.15358543,8.49269104,4,31.39026642
2383,60.44074249,33.36541748,18.43107796,6.275098324,3.697576523,2008.860311,3,30901.02652,14.24424744,5.925316334,4,252.0154114
2384,22.33519745,34.95130157,25.34583282,9.001605988,3.538161278,2635.508577,3,31344.60329,16.36883354,7.526464462,4,49.22751617
2385,21.89008141,36.53898621,14.32225323,9.46506691,3.115331888,1760.000843,3,23733.04784,17.76594734,6.113809586,10,211.2944031
2386,84.79603577,49.74610138,29.8498745,8.570958138,5.294756413,10415.59277,3,26231.33719,22.06757927,7.489467144,4,39.98688507
2387,68.45868683,29.40813446,18.33837891,11.75214195,7.132026672,9439.729662,1,28142.75393,28.9007473,9.735664368,4,62.15614319
2388,187.8337708,25.41513443,13.36461353,9.395235062,5.103657722,546.6158615,3,21639.77602,28.2470417,7.577665329,4,89.57559204
2389,139.0960999,25.7998867,15.10839081,8.617599487,4.966845036,1421.967811,3,21854.92311,25.73258591,6.936717987,4,130.6221619
2390,70.66194153,30.09832764,26.03830147,8.982686043,6.150638103,6529.73544,1,18615.82182,27.67755127,7.59677124,4,30.4225769
2391,16.17001534,47.08390808,22.92388344,7.422021389,4.180659771,5722.252036,3,19237.74655,12.27264977,6.338993549,4,155.6789703
2392,92.52494812,33.85382462,19.33506393,10.53945923,6.262242794,4187.678934,3,27449.00296,25.57389641,8.662181854,4,262.3665466
2393,72.23258209,38.17795944,22.28352737,8.408632278,5.14176321,3901.628905,3,27081.4768,24.59954071,5.967885971,4,54.65989304
2394,72.45830536,35.30641556,19.56466675,6.807947636,3.709772825,2937.254826,3,32840.60629,15.19416237,6.05072403,4,158.3852234
2395,29.68878174,53.55100632,23.03346062,13.12570858,6.415916443,5650.747049,3,19306.59734,23.28923416,8.661865234,4,49.80795288
2396,131.8531647,44.8374939,27.41274834,10.56927872,5.839201927,3311.324949,1,26318.82353,24.93230438,8.352679253,4,51.42874908
2397,74.44100952,31.0201683,17.68325996,8.583533287,4.95386219,5015.542622,3,28792.82067,22.97086906,8.34161377,4,214.4034119
2398,142.5395203,21.36589622,11.11143017,8.692249298,4.843530178,8839.09555,3,29404.42122,28.7660408,8.569282532,4,235.3055115
2399,125.9089737,28.43663979,14.50634766,8.779970169,4.54758358,5017.870976,3,24941.30132,30.84135056,7.402031422,4,87.27368927
2400,33.44080353,32.96104431,18.19859886,8.504232407,4.032866955,9528.407388,2,17905.5706,21.56548882,9.645036697,4,195.1183777
2401,91.81671906,49.57048798,30.13132095,7.394305706,4.56705761,7321.255798,3,17981.93034,20.38617897,5.646532536,4,332.6073608
2402,103.486145,38.39083481,25.95469284,7.23592329,4.425601006,7163.698628,3,17995.90819,20.82385635,6.135387897,4,291.2650452
2403,48.2552681,35.7822876,26.82313156,8.12364006,5.158344269,6273.093172,3,18776.56574,21.01417923,6.638304234,4,21.27994919
2404,112.7697067,30.3457489,15.0222044,6.88785696,3.432448626,1056.82948,3,27131.40783,17.01077843,6.75464344,4,147.9074097
2405,360.5537109,24.20792389,13.37303543,8.42104435,5.127645016,4236.274158,3,19465.7385,31.31778717,7.127869129,4,222.3974304
2406,167.0511169,26.6152916,13.60290146,9.2533741,4.969025612,4277.163201,3,18395.28022,26.69823456,8.194872856,4,205.671463
2407,35.42086792,33.76768112,21.53368187,6.735730648,4.048140049,2684.901965,3,31551.53197,14.38948917,6.586573124,4,69.92433929
2408,25.70719147,36.73246002,17.31120491,5.834255219,4.359053612,1437.479873,3,23551.93657,9.675722122,7.218230724,10,167.6032104
2409,79.27561188,44.76012421,25.77120018,7.808211803,4.698002815,888.5212473,3,19264.68725,15.91553402,7.181362629,4,68.05130005
2410,89.4936676,30.89120865,18.52998352,9.273368835,5.545181751,892.3331869,3,18505.99664,21.70886421,8.856310844,4,230.7105865
2411,144.5696106,55.7307663,26.16596413,11.30553436,6.024294376,3990.382733,3,3857.024153,28.41130257,9.720266342,4,39.34352875
2412,118.4696045,29.82089806,18.27965736,10.50814533,5.96268034,4084.821918,3,3713.305508,29.66302109,8.208440781,4,98.80469513
2413,92.74568939,32.70184708,24.13263893,8.741566658,4.926808834,3038.126211,3,4757.839868,23.05788612,8.083546638,4,309.0188599
2414,140.1148376,22.89200211,14.88813972,9.202959061,5.219052792,5244.07152,3,24814.13134,29.71220016,7.250006676,4,123.5836029
2415,51.88584137,51.05897522,26.50020981,9.0188694,4.376440048,9584.864958,1,17683.74217,20.65779495,8.36841774,4,338.7727356
2416,28.96980095,36.08271408,28.03024864,8.655783653,4.915986538,5984.098363,3,18992.2898,21.42491722,5.692677021,4,24.17910767
2417,56.95455551,45.63344955,28.30162239,8.13776207,4.805440903,6034.088202,3,18927.19333,21.11084747,6.984353065,4,24.51964569
2418,37.88653183,43.54486084,25.45246887,11.17163277,5.426142216,5937.604364,3,19021.25682,19.19302559,7.490594387,4,289.411499
2419,78.77599335,26.61956406,16.74407387,4.294460297,2.593269825,4693.669873,3,32976.40794,11.90997791,5.977628231,4,51.0108223
2420,114.6483536,33.33619308,20.27370071,9.586884499,5.468834877,9700.576853,3,25249.73057,25.19809151,7.622401714,4,283.5704346
2421,70.92804718,30.08604813,22.68489647,6.812912464,4.310220718,10345.66699,3,26102.46051,19.64134598,7.905437469,4,63.18904495
2422,73.89130402,30.42342567,19.38166046,10.36782074,5.349529743,9270.060662,1,17519.78671,27.48567581,8.02445507,4,310.0302734
2423,66.30059052,38.95919037,26.86177063,7.285552502,3.834869623,6513.773943,3,18463.22034,20.04150963,6.087227345,4,316.668335
2424,120.7799454,39.6857872,27.67820168,8.603774071,4.957352638,5440.422218,3,18614.3497,22.06477928,6.685357571,4,45.7559433
2425,218.8136139,34.10172272,23.29795647,9.344108582,5.64462471,1036.1201,1,22146.21441,28.38134384,8.244765282,4,39.14971161
2426,42.22226715,36.07241058,16.79257774,7.039394855,3.720921993,5149.425186,3,29313.08276,15.98241806,6.408370972,4,177.1376038
2427,10.888237,39.08699036,16.83481216,4.872570992,2.483920574,4455.51469,3,33294.60013,7.314688683,3.18911171,4,61.49989319
2428,112.5564423,32.35755157,19.98687935,8.456519127,4.627848625,1335.232103,3,8503.159581,19.61818123,7.415733337,4,78.33850098
2429,129.3009033,48.16737366,27.40797043,7.557750702,4.193470001,1428.954518,3,8404.276959,16.19172859,6.418739796,4,45
2430,45.09683609,53.47080994,26.42000771,9.055222511,4.66463232,134.5047404,3,7123.761558,15.93909264,7.329744816,5,319.6670532
2431,291.8783875,28.37719536,16.85564804,11.61268425,7.668401241,5751.833959,1,18231.59834,33.71427155,9.146748543,4,219.9801483
2432,146.6413727,43.15807724,28.06570053,9.811532974,5.873732567,10858.73086,1,16725.07862,27.82421875,7.901104927,4,67.74240112
2433,137.0717621,29.44834328,19.31582832,10.7574625,6.322706223,11235.02996,3,17222.16691,30.07759857,8.928988457,4,215.6391296
2434,96.02492523,25.49661827,15.29008484,8.662276268,7.011336327,8985.804133,3,17376.61088,23.26640701,9.379675865,4,89.3097229
2435,113.0105438,43.85538483,29.19062042,6.85273695,4.015743732,3575.199452,3,32892.03439,18.81802559,7.661335468,4,48.92551041
2436,99.69371796,30.21109009,20.32637024,8.882400513,5.248217106,3705.69363,3,3871.942047,26.62545776,7.545680523,4,67.32865906
2437,103.7875519,36.95633698,26.66130829,8.076517105,4.631437302,88.75847896,3,10222.6201,25.47947502,7.977610588,4,47.43664932
2438,185.1685486,27.45552063,19.41808701,10.43365955,6.741053104,7552.529956,3,27495.53083,31.62458801,11.6760931,4,53.55097198
2439,130.0440063,26.47167587,17.63757896,9.82338047,5.562768936,3266.252207,3,19404.9789,28.18828773,7.207788944,4,154.7937622
2440,125.4824448,26.53419495,17.96013069,10.15355206,5.777687073,6174.410627,3,17700.07101,29.38403893,8.41412735,4,118.5699081
2441,107.3765106,35.06029129,17.56145096,8.283378601,4.590610027,9985.038258,3,17574.55677,23.26213837,7.299533844,4,256.1014709
2442,125.7269516,24.24736023,15.47146797,8.54434967,5.422459126,8157.807173,3,17675.0457,23.87817001,7.310088634,4,129.6106873
2443,99.05474091,38.5892067,21.66243553,9.370975494,5.704889774,5493.060617,3,29558.32088,23.90080261,8.395107269,4,288.9733276
2444,111.0771942,31.98805618,15.7471981,6.986623287,4.033450603,965.3955305,3,20702.89343,16.34792709,7.100864887,4,160.6013184
2445,95.45946503,24.24553299,16.58632088,6.08044529,4.907708645,1875.240678,3,17141.85591,16.26921082,6.170137405,4,223.6360779
2446,135.7957764,28.63181877,17.73131752,12.17387676,7.523418427,6567.666069,3,17514.19063,34.10453033,9.493457794,4,253.6960449
2447,205.3449249,23.46684265,17.84919357,7.426024437,4.659363747,3952.53741,3,19865.75992,26.22068596,9.328997612,4,270
2448,127.0884933,42.21504593,26.30070877,7.04513216,4.194159985,1503.840222,3,8015.753836,15.63422394,5.612342834,4,57.82358551
2449,2.061131716,58.5072937,14.45721626,1.887971282,0.997074485,553.87166,3,5777.877815,2.31533742,1.276296258,5,137.1993561
2450,102.1319733,22.8395195,17.140028,7.543056488,4.556463242,1926.393331,3,16709.76206,25.08735847,9.490531921,4,123.8781281
2451,92.70072937,31.62378883,19.94824982,8.828566551,5.19848299,1530.266968,3,18063.68666,20.6628437,7.810949802,4,231.3401947
2452,88.55006409,26.38477898,17.33342552,9.084527016,5.33093071,208.4124636,3,7352.310611,22.6015892,10.31579876,4,177.3804626
2453,126.5113754,31.47290611,21.0853405,8.499361038,4.973409176,1390.849331,3,6179.217085,19.49579811,7.293951511,4,49.89581299
2454,172.6947632,27.89829636,16.88990784,9.529704094,5.588951111,9928.988487,3,27171.03883,25.84918976,8.00361824,4,132.2897034
2455,346.4345093,26.26047134,14.70358467,10.89306545,5.817759514,8107.09091,3,28230.0586,28.10737228,10.12218189,4,207.3641663
2456,98.5236969,34.35099792,23.8305397,8.63771534,5.24866724,4933.176752,3,24418.75025,25.59257507,8.011829376,4,83.33334351
2457,114.194603,46.89857101,28.46172905,11.13995266,6.52994585,4108.383576,1,23873.4679,31.51413727,8.729532242,4,319.3811035
2458,139.4211884,24.04322243,14.5312109,9.459609032,5.658196449,2122.552128,3,22375.07441,31.75266075,8.795036316,4,196.2462769
2459,79.74842072,47.09181213,28.11234474,9.724349022,5.426449299,5481.245157,3,27980.11646,23.95366096,8.418682098,4,64.29483032
2460,119.1881332,26.09348488,14.22282028,7.671272755,4.126870155,3626.348465,3,2557.179626,22.83701515,7.007996559,4,238.46521
2461,231.1779785,25.36240578,16.37924576,8.346378326,5.332784653,5709.493731,3,25589.1885,26.23435783,9.413269997,4,69.41516113
2462,137.2695923,30.18851471,16.56520653,12.30675697,6.830753803,1116.137154,3,21581.37667,32.92525864,10.9020071,4,218.9543304
2463,179.8716431,24.22808266,15.02918816,10.01161671,5.60919714,9822.944137,3,17416.24785,29.22438622,8.640746117,4,230.0723114
2464,280.8537903,32.31983566,20.18902779,11.3608427,5.9969244,1544.381496,3,21626.61602,28.18498421,9.308356285,4,143.8203735
2465,120.0789719,27.00348473,17.25524712,10.85044193,5.93502903,1519.111663,3,24365.74577,29.42609787,8.988560677,4,171.8699036
2466,47.32577896,29.92803955,16.53284836,7.82749033,4.204546452,5165.603682,3,29006.1289,18.58428574,6.891643047,4,164.4668732
2467,2.255993366,67.19213104,12.24770832,3.454644918,0.838301063,494.6326636,3,5831.347266,3.092257977,1.844861031,5,104.0566101
2468,92.32494354,25.4125576,15.43083191,7.649233341,4.528291702,9322.600095,3,28656.86429,20.28181648,6.40554142,4,239.4247437
2469,112.1417694,30.4004097,15.97820091,10.66887856,6.184311867,9378.868435,3,28851.92138,23.38920212,8.043297768,4,274.127594
2470,53.3522377,27.93222427,6.629768848,12.00373173,5.860613346,8123.548307,3,28153.72312,40.48474884,6.881173611,4,247.4632111
2471,128.1634979,37.55350113,26.19525528,12.49432278,7.005593777,6922.122787,3,26878.79548,30.88080406,11.33883095,4,56.20846558
2472,113.9160461,42.64323425,28.40141678,6.368807793,3.475390911,4428.063886,3,32511.10745,17.13243484,6.462897778,4,32.31961823
2473,82.27837372,56.40237427,25.9839344,8.290023804,4.725150585,299.8451473,3,6687.010723,16.66043091,9.142416954,5,316.1811829
2474,60.99617386,34.07275391,17.8949604,6.210695744,3.440862894,2149.127628,3,4254.535772,11.90472507,4.682429314,2,146.3099365
2475,47.05629349,31.36182976,16.95192146,5.950148582,3.173238993,2067.709816,3,4333.404038,17.47153854,5.505963802,2,276.5258789
2476,108.9907684,41.84412003,18.51188278,12.77423859,7.630373001,3644.948958,3,2198.425436,22.07733345,11.0573349,4,134.1448975
2477,41.89772415,37.72411728,23.97969627,7.696335316,4.882201195,407.845147,3,7180.054709,16.24856186,8.151752472,4,48.66539764
2478,94.29436493,34.65315247,19.82523155,7.289507389,4.042021751,1487.244075,3,11726.59646,14.95275116,6.090331078,4,283.6097412
2479,77.74214935,33.81758881,22.29026985,10.48096466,6.583384514,15.80072154,3,21071.54625,24.18028069,10.36778545,4,83.77268219
2480,146.2685852,29.30493164,18.81994247,12.38561726,7.584746838,919.7217594,3,23862.12389,30.668293,12.54397678,4,220.2363586
2481,127.4758835,35.71907806,26.95770645,10.26086807,6.638041019,1806.713463,1,25250.14337,26.25880432,8.847359657,4,47.95585632
2482,74.90703583,44.1636734,30.45502663,10.17478752,5.503134727,5470.386776,1,28490.50731,26.89859962,8.326206207,4,20.99505234
2483,77.89633179,25.23165703,16.00333786,4.933795929,2.984597921,1504.721859,3,4914.957393,15.01780891,5.277000427,2,262.72052
2484,79.08766937,42.04017639,26.37021255,9.240534782,5.065073013,3519.868142,3,4157.471141,20.15890694,8.053135872,4,291.3706055
2485,63.99669647,23.72901917,15.24960518,8.852612495,5.844083786,1476.91361,3,17208.19848,22.50133896,11.08735752,4,182.185791
2486,180.189209,30.21842194,21.01770401,10.9933548,6.617914677,3041.269375,3,22549.80007,32.03583527,9.503945351,4,69.59979248
2487,174.9552155,25.98284149,15.97685146,10.88828087,5.765545368,2784.685458,3,22498.76445,30.52089691,9.704129219,4,169.1252136
2488,173.1468964,27.47927666,14.46911716,10.52181816,6.391046524,2431.193776,3,22407.20882,31.9150753,10.56923103,4,93.14300537
2489,171.5044556,24.27932549,15.11975288,9.191515923,5.963851929,1448.998185,3,20162.43915,28.66927338,10.60710812,4,214.9364014
2490,18.27429962,43.11927032,14.94163609,5.150743961,2.796942711,1478.864034,3,4900.56332,10.72122097,3.283308744,2,227.6025696
2491,19.28198433,36.92950058,24.12724686,4.923667431,3.33259511,677.4337,3,10946.60249,9.069452286,7.550376892,4,231.322464
2492,141.1688843,20.63244629,11.82648754,8.347808838,5.424719334,7253.713484,3,27207.24671,32.5434494,9.61567688,4,81.59108734
2493,189.5478516,31.48945808,18.86347961,10.38611603,7.062436104,10095.16305,3,17017.56318,24.82299042,10.19254494,4,223.6980438
2494,85.5050354,33.26519394,20.25413322,8.065424919,4.833394051,6794.670989,3,18252.94454,21.82683563,7.838460445,4,82.37129211
2495,19.50187683,26.23229408,15.05594921,6.400712967,3.154600859,2180.873144,3,16284.0139,14.23451424,4.85054493,4,215.2724304
2496,121.3205414,28.85571671,20.23292923,5.46278429,3.283643484,32.04812786,3,6392.131316,14.93845177,6.774114609,5,48.57633591
2497,22.42592812,30.63298416,15.53761673,2.809765577,1.52561152,1016.939673,3,5341.757528,6.400599957,1.801452637,5,266.1859131
2498,73.94781494,27.9004631,16.99902725,6.21711874,4.269930363,1092.279669,3,11270.38246,14.93689919,7.334691525,4,249.7751465
2499,70.51978302,28.22006226,16.14042091,9.604230881,5.694630146,10800.97022,3,17125.61611,25.23137665,8.456127167,4,142.6749268
2500,157.7942505,33.42426682,24.84213638,8.071866035,4.963861465,1749.182405,3,5830.900368,21.5558033,9.210051537,4,38.85337448
2501,97.41816711,33.84273148,20.75472641,8.234657288,4.751063347,215.768488,3,7527.09277,20.89453697,9.675690651,4,282.5288086
2502,24.56450462,43.82818604,16.63582802,9.322148323,5.429456711,9665.860494,3,28162.82124,19.48755836,6.317630768,4,122.0210571
2503,83.06607056,27.31438637,23.2638855,6.955636978,4.117123604,8532.224496,3,16857.76848,19.06345177,6.130809784,4,68.74949646
2504,122.0466995,29.8008194,22.81765175,6.998634338,4.429308891,4903.489509,3,18685.52186,19.25311089,6.703006268,4,286.189209
2505,17.24073792,28.97290802,15.91249561,9.262253761,3.965927601,5408.102024,3,28941.16168,17.60109138,7.391572475,4,299.1316528
2506,66.39906311,29.68758965,17.94439888,7.433688641,4.607107639,502.7221623,3,29293.95414,15.53549576,8.034799576,4,139.242157
2507,291.3399963,23.10507774,13.79915905,9.617703438,5.678787708,7016.67459,3,27094.53725,31.00469971,10.56207848,4,192.1714478
2508,59.76626205,32.23735428,17.96273422,6.889809608,3.827880383,1753.936423,3,30674.20219,15.01582241,5.94872427,4,196.7603302
2509,80.26437378,29.74303436,17.01742363,8.28455925,4.8754282,1034.73305,3,21005.06035,19.55822945,7.945786476,4,85.60129547
2510,159.7454987,22.73778152,16.09441376,7.578366756,4.229050636,1096.782449,3,10872.28783,23.61442757,7.219761372,4,284.0362549
2511,7.99741745,29.67290306,17.14581108,4.628045559,1.890864968,280.1631526,3,6044.85283,6.875329494,2.282021046,5,79.25727844
2512,19.86027718,40.3115387,18.12574387,3.275010347,2.069214344,823.6972569,3,5558.779453,5.441634655,3.058239698,5,240.0684814
2513,227.0177765,25.35389709,14.76393604,12.80132103,7.2918396,7198.814981,3,27298.39656,34.23949051,12.66197014,4,131.3955841
2514,54.34212112,34.71842194,22.61640167,5.833478928,3.715712786,1776.072871,3,30633.65821,12.04022217,5.540818214,4,270
2515,8.503131866,28.51754951,14.61176395,3.68539834,1.60677743,106.4117581,3,19870.34861,7.43094635,3.03998208,4,115.5835876
2516,54.2187233,45.69546127,27.53224373,6.123262405,4.624065399,277.1278021,3,19445.94506,11.19071579,8.644626617,4,315
2517,69.01309204,43.68263626,24.97348022,8.312594414,5.152634144,468.3766185,3,19813.37008,17.10703659,8.614695549,4,300.6847839
2518,105.2231827,26.65463448,16.5876236,9.393228531,4.951329708,1616.062885,3,13850.07504,26.92310143,8.138952255,4,218.6244812
2519,6.068792343,56.31098938,14.93192482,3.614505291,2.161266088,193.5969932,3,12203.52536,4.813704967,3.088374138,4,171.1749268
2520,81.36206818,35.78651428,20.53329277,7.095602512,3.934056759,371.8286502,3,11598.95838,15.59286213,6.483660221,4,289.0786133
2521,158.5517883,29.3287468,17.00073242,8.998735428,5.251136303,478.6428259,3,21088.76219,24.48156548,8.903616905,4,103.6713104
2522,76.76138306,23.11260414,15.14050961,6.970267773,3.939802408,8669.454475,3,17480.95528,22.58944321,6.434139729,4,196.6749573
2523,66.02465057,29.61575317,21.49755287,14.01108646,8.407399178,116.9136602,3,23027.48481,29.19186592,14.5300951,4,128.325531
2524,79.16919708,27.52684975,16.09163857,5.991529942,3.343997955,5301.499478,3,31003.81313,16.22570419,5.687069416,4,191.1900635
2525,101.8878098,27.66466141,17.8300209,6.111383915,3.992350817,3277.283825,3,33604.24178,17.84003067,8.371259689,4,300.7627258
2526,53.81754303,40.29626465,23.50942993,6.34654665,3.51472187,868.566387,3,29576.95072,12.0517149,5.75078392,4,48.57633591
2527,39.18754196,42.65823746,21.29008865,9.556552887,7.135825634,663.2762686,3,23345.25697,15.81713486,10.48592091,4,102.0529327
2528,46.43450165,37.72381592,19.63080788,8.454683304,5.186778545,937.5332744,3,23027.31902,13.69749641,7.537907124,4,225
2529,59.40027618,32.73263168,17.22969246,8.082173347,4.401310444,471.348284,3,20746.64562,16.77372551,9.938391685,4,261.8699036
2530,82.80931854,39.78549194,26.1300621,7.004882336,3.750847578,6418.964801,3,18505.98627,19.59053421,6.248466492,4,49.33476257
2531,83.48464966,34.84597778,20.42083359,10.58111286,6.744488716,234.7514529,1,22950.49287,29.10864067,9.554680824,4,287.3006592
2532,90.86429596,42.10163879,26.69359207,8.23210907,4.75824213,4943.43025,3,27076.12029,23.05132484,7.829211235,4,247.9991302
2533,97.84840393,31.66266251,19.65168953,8.443202019,5.244548321,4949.466817,3,27575.88591,23.76363564,7.959660053,4,250.4160614
2534,94.83540344,31.20855141,17.47875786,7.965290546,4.777552605,5737.699765,3,29178.43126,24.78315735,6.770135403,4,247.7561951
2535,87.35729218,47.01549911,26.51005936,6.820655823,3.599984646,5500.687679,3,29985.63305,17.21655464,6.36226368,4,300.1210632
2536,128.4566803,31.72902107,17.2657814,10.25452232,5.584671497,2341.654053,3,14566.22179,26.36489487,8.468099594,4,117.512001
2537,100.3560257,29.86805916,15.45708752,7.93510437,4.321352005,3012.674859,3,3036.283678,21.10133171,6.473752499,4,223.3153229
2538,106.2449875,29.47034836,19.22615242,10.72301865,6.666727543,8212.788136,3,17295.54722,29.72835922,9.782619476,11,151.5427094
2539,144.8956604,36.49007416,25.35456085,8.603967667,5.230090141,9427.60633,1,16885.6915,26.42830849,6.599699974,4,321.2634888
2540,96.98287201,28.88529015,14.10159492,8.563083649,4.773841381,4103.11371,3,26476.48102,24.1209507,7.124489784,4,87.64670563
2541,167.9868622,31.55478477,16.55723,10.03723717,5.468729973,994.8147244,3,10942.51021,24.2745018,9.282198906,4,211.8338013
2542,124.031189,29.08936501,17.35066414,8.853237152,5.820405483,9566.650752,3,17102.66378,28.57127762,6.923910618,4,263.65979
2543,34.20419312,29.96228027,19.97180367,5.901465893,2.754514217,4707.368655,3,32283.68494,20.07001495,4.889269352,4,55.98986053
2544,83.97518921,31.97864342,17.42214584,5.75917244,3.811690092,2794.43249,3,33033.71938,12.95732307,6.023792744,4,71.85736084
2545,16.04756546,50.51573563,21.88349342,6.483785629,4.224298,1087.80442,3,23671.31036,9.710615158,5.17743063,4,75.11903381
2546,99.22097778,24.85388184,17.69327927,10.77263927,5.916027069,1561.390645,3,13579.00057,28.0404129,10.28805065,4,185.4148254
2547,106.3655396,35.79510117,20.85879707,6.27089262,5.001776218,647.016779,3,12646.30788,15.39879131,12.17063999,4,83.79655457
2548,64.2647171,34.2781105,21.02151489,6.672166348,4.35309267,4479.460292,3,1863.703708,14.20260811,7.179923534,2,243.8531647
2549,11.50767899,53.83817673,27.21430206,6.209768295,2.429127455,811.8321563,3,6731.602966,11.46978951,2.996670246,4,26.56505203
2550,63.61741257,31.23021889,19.10456276,9.117210388,5.362542629,275.1900785,3,10560.77129,22.55384064,8.63192749,4,48.13636017
2551,60.84326553,53.54957962,27.83791542,9.464456558,4.598151684,195.4999912,3,10401.07681,21.4739666,6.887823105,4,320.1944275
2552,166.4843597,58.52795029,26.48024559,7.841245174,4.762809753,5770.108658,3,17921.62986,21.85140419,10.17952442,4,319.8439941
2553,156.5772552,31.42943001,24.25582504,6.279754162,4.030247688,5386.707595,3,18064.35481,19.19743156,7.517708302,4,308.1182861
2554,54.58416748,30.50876427,17.63482094,5.464715958,3.435758352,234.3498669,3,20193.97878,12.23647881,6.593962669,4,128.7971497
2555,162.4058228,24.1689415,13.55430412,5.231930733,3.040188313,2655.852326,3,16950.63369,14.72519398,4.484076023,4,223.2271423
2556,99.45381927,27.87969398,16.37277222,10.6983242,5.142748833,2764.779288,3,15115.16487,26.50278282,8.898560524,4,154.440033
2557,103.706337,29.82974815,17.76235199,7.094436646,4.254751205,1027.558332,3,6644.332216,17.33909416,7.347540379,4,80.04937744
2558,63.40986633,28.41638565,12.53485298,7.002276421,4.981960773,9539.513239,3,28471.79711,18.96050644,7.572960854,4,229.8575439
2559,86.58687592,28.36422729,20.24300194,6.796104908,3.839205265,1175.974675,3,21837.98434,17.79968452,6.598593235,4,245.9966431
2560,20.60500717,18.64744949,9.489227295,3.808514833,1.882802606,2315.091424,3,16449.5375,14.44062614,4.190547466,4,210.4998322
2561,98.70235443,33.49132919,19.44159317,8.883883476,4.487558365,156.3728868,3,10109.95356,24.01955605,7.063732624,4,92.26402283
2562,232.3164978,26.24242783,19.35145569,8.701655388,5.187916279,10444.74216,3,26751.89477,27.75301743,8.208399773,4,30.33553696
2563,51.24293137,32.77067566,18.49823952,12.06349087,6.23939991,9874.060542,3,27988.71903,27.91720963,10.27395248,4,81.02737427
2564,268.9211426,35.26639175,24.69693947,9.363284111,5.541989326,1613.68268,3,21264.28949,30.87273026,7.814947128,4,42.66269302
2565,34.88409424,35.30003357,17.96430016,5.239145756,3.370098829,423.2479104,3,28074.77603,9.702794075,6.386592865,4,172.5685883
2566,102.6534882,31.35447311,17.9251976,7.295091629,4.302275658,1405.505821,3,25043.43691,15.31278229,6.905973434,4,207.1811218
2567,39.65874863,31.49483299,19.02311134,10.84234715,6.355792522,270.3729545,3,20517.93697,21.09150505,10.58499718,4,248.1939087
2568,178.6077118,26.55331802,15.03179932,9.06137085,4.773057461,3999.251388,3,18484.45443,28.20603943,8.493846893,4,140.3145447
2569,90.02565002,33.08726883,22.50268555,8.315141678,4.572049618,10142.96863,3,17143.32189,23.33618546,8.20240593,4,290.8977661
2570,33.33818436,34.10335922,19.01412773,6.363871098,3.702261448,10734.88564,3,16909.53342,16.96492386,4.752099991,4,279.1820374
2571,58.12284851,35.38080215,25.05863953,13.28764915,8.845273018,345.4969489,1,22470.63736,28.92754555,13.21126461,4,292.4667358
2572,45.76163483,36.77724457,18.43816757,8.454514503,5.113400459,2134.188716,3,31895.61248,15.33224297,7.154990196,4,119.0546036
2573,43.19112015,33.54672241,18.86337662,5.275866985,3.353349447,160.3628044,3,20477.68072,10.91704273,7.326752663,4,127.0523682
2574,81.24494171,25.0301609,19.13584328,7.725595474,5.253819466,856.0367657,3,18125.46698,22.4458,7.84759,4,84.68424988
2575,123.1265945,29.67691994,16.15665245,9.865221977,5.435950279,9630.53272,3,24967.83539,26.54885864,8.442325592,4,175.0085754
2576,46.62263489,34.62164688,16.39767075,9.134087563,4.863677025,9857.701668,3,27988.30307,24.27425575,6.172967434,4,89.69332886
2577,92.04562378,24.94565964,17.80459595,7.981213093,4.402445793,9612.181506,1,28283.14276,29.75794601,10.00350189,4,246.8014069
2578,136.4804535,29.42560959,16.7261734,10.29877949,6.120713711,9157.329028,3,28275.89352,27.78843117,9.474653244,4,226.2630615
2579,113.7084656,26.03817749,16.33453941,9.217960358,5.553224564,3862.721361,3,23200.7671,30.67453575,8.005372047,4,202.0475922
2580,100.8916168,51.21209335,28.31170082,9.968428612,5.350615978,3856.742963,1,3703.407472,25.85020256,7.553573132,4,305.4333191
2581,257.9077759,23.7730999,15.81198311,7.384282112,4.590683937,10513.33846,3,26973.3697,24.64408302,5.913106918,4,94.39870453
2582,124.980835,25.479105,15.87153339,8.406150818,4.690443516,517.0543096,3,21017.83269,21.47203064,9.430522919,4,126.0628281
2583,75.72263336,18.1117382,9.379581451,4.20035696,2.294173241,2278.627325,3,17169.30042,13.42140865,3.088113546,4,232.0530396
2584,72.54723358,22.52401733,13.71412468,4.896017075,2.926542044,2984.073569,3,3374.835911,13.18770885,4.406579018,2,243.4349518
2585,135.2235413,31.28859711,17.7528286,9.383080482,5.180305481,53.67575205,3,7866.346639,21.37525177,9.534452438,4,208.9450531
2586,83.12991333,20.95500565,14.6545763,7.344419956,4.912962914,1470.671486,3,17403.72296,20.41043282,10.76910019,4,200.6062622
2587,103.8214417,26.02702332,15.6036253,6.503974915,3.87989831,6367.263599,3,29162.25735,17.47413063,6.26253891,4,181.2188721
2588,84.59410858,30.18946266,15.08319855,5.374960423,3.183487654,2650.676222,3,33085.41267,11.10814571,6.551679611,4,115.0168915
2589,56.13262177,33.90520096,20.88740921,11.39783478,7.950153351,15.41526682,3,11993.84613,20.02038574,14.38369751,4,273.0774536
2590,78.80991364,24.73101425,12.70850372,5.724815845,3.063590288,2886.342203,3,3525.497867,16.5502224,4.435882568,2,208.1549683
2591,240.9087677,23.53931808,18.17679787,7.08515501,4.645738602,3387.482618,3,14993.78616,23.14160156,9.450656891,4,287.3215942
2592,181.0708923,37.46545029,26.25193024,11.12899971,6.522902966,1360.957328,1,19874.07281,29.9932785,9.662299156,4,308.4373169
2593,134.7884521,25.57103157,16.18227577,9.670951843,5.622125626,2872.731942,3,18940.23572,31.23496437,8.464552879,4,240.5984039
2594,93.25167847,32.97880554,20.35661888,11.29734802,6.676232815,3264.88871,3,18534.37358,28.16930771,9.308114052,4,104.3248062
2595,153.2250061,29.05944061,19.33815765,8.816195488,5.283123016,3623.984732,3,25048.28274,29.87768173,7.65060091,4,284.1577759
2596,21.91386604,35.37252808,15.77440739,6.185897827,3.006804705,2465.837297,3,3906.032463,11.50181389,4.161810875,2,140.3765259
2597,131.5666199,23.85051727,15.6461277,7.48268652,4.702174187,4010.431652,1,23335.36867,27.09192657,5.930648327,4,96.86224365
2598,167.4162598,36.96984863,24.67669678,9.355976105,5.910468578,10419.66939,3,16587.34147,26.02943039,9.267306328,4,261.8699036
2599,115.0090485,29.31480408,18.35923004,8.860118866,5.016400337,2986.898142,3,15278.24976,26.42420959,8.831861496,4,72.21611023
2600,93.39674377,25.21057129,12.24685287,6.787773609,3.554872274,2857.595433,3,16418.8115,18.65324211,5.291769981,4,195.4845276
2601,157.1869049,24.51461983,15.20562935,8.076792717,4.128922939,699.0947041,3,11217.80327,23.8737011,6.617579937,4,286.021759
2602,127.5103226,31.17400742,15.46125984,8.778748512,5.368767262,21.14590708,3,7890.090441,24.05157471,8.042862892,4,280.6196594
2603,101.5186386,29.56208992,17.49807167,11.34352303,6.109073162,3594.750824,3,18430.65254,30.38058281,8.844730377,4,234.3020477
2604,123.9584885,28.05062485,16.61392975,9.243480682,5.624098301,1910.329333,1,24387.02256,29.05627441,6.870725632,4,255.1413879
2605,166.4362793,25.42658997,15.42858982,9.486039162,5.412610054,2395.109865,3,24462.19668,28.06378746,8.139632225,4,203.3729553
2606,82.55112457,32.34589386,19.14492607,10.95540047,5.910713196,510.6978505,3,6869.654696,20.86637497,8.96880722,5,86.82016754
2607,60.84892273,41.11312485,19.43365669,7.743925095,4.37018919,5318.699958,3,488.8259154,16.53637505,5.973441124,2,86.0319519
2608,76.3392868,28.57482338,15.02058697,6.903734207,3.56534934,494.9837013,3,9739.602901,22.67029572,6.217121601,4,128.2338257
2609,254.2637482,23.72413254,13.62883091,12.56699467,7.483640671,6906.421638,3,26941.21593,41.95352554,15.2620306,4,201.5319824
2610,88.93157196,30.61881256,22.15073013,8.869060516,5.117371082,6556.297733,3,17590.62496,25.57509232,7.834945202,4,275.8190308
2611,149.7200775,29.55889511,16.83876991,11.59722042,6.082881451,3095.78175,3,24809.5651,29.55086899,9.372661591,4,165.8537445
2612,140.0198059,28.88375092,16.63013649,6.715049744,3.911842823,1752.647459,3,26203.99537,16.9518528,7.72974968,4,231.1706696
2613,25.22325325,28.23409843,12.50994873,6.773217678,2.750055552,1974.674417,3,17713.23754,16.14826012,4.370963573,4,250.2011261
2614,18.17755508,24.55771446,17.07961845,4.827644825,2.202870369,1962.69487,3,17882.13367,15.9860611,2.860536337,4,246.6245728
2615,112.2614441,28.92284966,16.87514687,10.08408165,5.838737965,8550.337488,3,23953.08934,31.96451378,7.630602837,4,261.321228
2616,119.8215256,26.10517693,19.3697319,6.679853916,3.977296829,7409.219517,3,16931.30017,20.53323174,6.380277157,4,71.56504822
2617,95.53746033,27.52837563,17.35301781,5.460917473,3.642386198,2596.026526,3,33389.78522,14.83827496,6.669342041,4,79.48466492
2618,72.40194702,28.48774529,19.14937782,8.284462929,6.32072258,92.6184827,3,12042.70874,19.63762474,10.32491779,4,251.5650482
2619,91.04193878,27.75585938,16.96214294,7.867750168,4.486946106,3786.046936,3,1797.843377,21.94202805,7.242473125,2,229.4555969
2620,119.4106674,30.47935486,18.77643013,11.09762096,6.57681179,1808.465674,3,19095.64219,30.04596329,9.896047592,4,108.2477112
2621,64.17508698,21.03582764,14.20547581,6.570650578,2.873825073,8654.675244,3,17237.00831,22.49961472,5.568348408,4,152.6135254
2622,31.70573425,45.5798912,25.8854351,8.081255913,4.768974304,8768.562781,3,17001.89993,20.30711746,5.860397816,4,23.19859314
2623,68.92059326,38.13575745,28.23145103,8.333389282,4.645730019,8220.522446,3,17340.81321,22.1423893,6.891021252,4,330.7960205
2624,84.4139328,29.97718811,24.70008469,6.646767139,3.777435541,9131.918991,3,16332.86297,17.72606468,6.243293762,4,296.5650635
2625,115.8752289,42.28160095,27.74005318,7.362407207,4.454117775,6939.953491,3,16679.88693,17.48328781,5.944137573,4,311.0994873
2626,35.67468643,34.37572098,20.06875992,9.194626808,5.144776821,1942.073584,3,32248.66625,17.08667564,8.019022942,4,205.9203796
2627,27.26238251,34.96188354,19.29823112,5.636285782,3.556324244,134.8394083,3,28431.52215,11.94029236,7.933552742,4,194.4612579
2628,39.83957672,34.25596237,18.85401726,5.188591003,3.492129564,308.8658487,3,23700.93381,10.30288506,6.182345867,4,169.9920197
2629,70.58419037,42.44661331,26.98687744,7.389802933,3.943697453,1798.166076,3,19152.7076,16.04025078,5.965876579,4,293.7495117
2630,78.43232727,25.89488411,16.25986481,10.03636456,6.169342995,1070.495357,3,13059.04769,23.71126175,11.60050201,4,149.2570343
2631,33.93016052,37.25308609,20.44696617,7.617830753,3.996200085,4431.644324,3,1087.026335,15.76743221,7.353478909,2,132.739502
2632,59.9476738,39.62662506,23.38846016,9.966107368,5.238867283,3554.918192,3,1169.83387,20.86294937,7.667775631,2,60.71534729
2633,131.6835785,35.41050339,19.36767578,11.19384956,5.754689693,9770.546511,3,25022.25724,26.04916,8.875592232,4,289.1917725
2634,101.9537048,22.32071877,19.27511215,6.735119343,4.611226559,9760.795002,3,16220.03067,23.10705948,7.937286854,4,81.02737427
2635,106.8589401,26.78097153,17.63007164,10.79211044,6.443183422,94.52754223,3,22192.84648,27.99126816,9.342355728,4,108.4349518
2636,81.3374176,42.51899719,25.88152313,8.96098423,5.484544754,5999.198311,3,28786.13974,24.69825745,7.660593033,4,278.8729248
2637,4.547757626,34.98542023,15.26877403,1.885114431,0.766798556,437.1364955,3,12409.04118,4.18739748,1.473273635,4,113.1985931
2638,76.53977966,33.11905289,19.56629562,7.341967106,4.264821529,5159.984116,3,1301.570739,17.74448204,7.539714813,2,267.1375732
2639,87.14011383,36.51861572,20.42207527,9.761434555,5.051777363,5671.077629,3,28214.67864,24.32177162,7.607411385,4,276.1591797
2640,14.41470718,37.7799263,14.10715771,4.211509705,1.970518827,905.52909,3,5499.754536,6.821520805,2.918654203,5,201.5014343
2641,79.31033325,25.38301468,17.8078804,5.628796577,3.629677773,1216.182284,3,5152.739347,15.88838577,8.829414368,2,242.1027222
2642,236.7140656,24.27578735,13.19800758,13.04342651,7.808824539,6442.444775,3,26466.8441,37.92889404,13.67522144,4,214.4912415
2643,32.1714592,34.14071274,18.97736359,7.38439703,4.847076893,53.66427998,3,20174.75331,12.52409744,7.521068096,4,59.74356079
2644,71.75426483,30.2181263,20.12837219,13.69937229,7.746976376,417.7085842,3,20101.74542,30.5731926,13.08885002,4,239.2810974
2645,117.7064209,27.84154129,23.51798248,6.890027046,4.218348503,9856.663644,3,15738.98781,19.98328972,7.425544262,4,289.091095
2646,21.87544441,43.92190933,13.60946751,12.12942982,6.474686146,1904.227935,3,18115.50614,25.90841293,7.728775978,4,180
2647,34.569664,23.35101318,17.68092918,6.271658421,4.04511261,2038.521773,3,18116.24964,17.70377541,4.421415329,4,263.1572266
2648,20.3879509,30.69314957,15.64206314,7.516340733,3.986800671,2114.09898,3,17899.32607,14.49044609,6.88133812,4,283.2405396
2649,89.79841614,36.75735855,26.24251747,8.767519951,4.996619225,1173.773551,3,13131.53553,21.25881386,9.211438179,4,323.5959167
2650,55.82127762,36.18836975,19.23243904,9.457796097,5.74242878,4698.036325,3,1693.207669,17.87979889,8.148937225,2,131.1338501
2651,98.42271423,28.05820656,18.48691177,9.77399826,6.25523901,9333.881613,1,27670.69847,30.5815239,8.956504822,4,66.2883606
2652,83.44021606,49.02114868,27.48108673,12.59995461,7.585134506,587.6426025,1,20539.8725,26.27545166,11.57505035,4,50.76263428
2653,74.60762787,22.70406151,14.6033392,5.712709904,3.902909279,3166.917783,3,16067.80259,18.73264694,5.740486622,4,266.4881287
2654,32.71344376,34.40044785,16.74070358,10.80963802,5.276035309,2645.622011,3,14756.9336,26.12170219,9.476708412,4,154.7475281
2655,90.35926819,57.86100006,28.59345245,9.518452644,5.548910618,2372.952372,3,14380.25932,27.45724106,8.428105354,4,343.2697144
2656,39.51005554,21.1927948,10.59789276,6.147213459,2.951117039,1387.000201,3,6165.730071,15.14836407,4.616774559,4,42.39743805
2657,21.69202042,27.51545143,15.06262684,4.784771919,2.611034393,2448.848787,3,12994.9324,10.70456219,3.571383238,4,194.931427
2658,307.7589111,27.40781212,15.48219967,11.45849514,6.437059879,5323.158005,3,25400.77112,27.67277336,11.47215271,4,171.1168213
2659,92.24865723,25.84889793,16.15892792,5.958833218,3.888480186,2474.768988,3,17679.207,14.4198122,5.034944057,4,242.8786926
2660,56.55685806,37.13311386,17.87492752,8.953915596,4.825231552,4910.592409,3,98.16857424,17.50876808,6.63448143,2,114.6905365
2661,49.0802002,56.55646133,26.24103546,9.251555443,4.493903637,4077.683147,3,978.7809362,16.95205498,7.137393951,2,92.92752075
2662,116.0764771,22.45306206,13.41641617,9.55597496,5.250276566,4145.158013,1,23586.47829,26.73645401,7.233511448,4,149.0969238
2663,105.2258148,37.16940689,19.94527817,5.640973568,3.212807178,2010.376896,3,32979.21229,13.22706604,6.828075886,4,90
2664,71.92474365,26.35601997,16.37794113,9.627716064,5.425091267,2158.856779,3,5384.618627,25.14344025,7.656413555,4,67.24902344
2665,62.70643616,33.9494133,18.44939232,8.518026352,4.631539345,216.0957457,3,9326.039888,21.07298279,6.506043911,4,161.5650482
2666,62.91362762,23.56547546,21.58909607,9.717365265,6.008096695,383.9826085,3,10551.05022,26.61013222,8.916174889,4,62.51416016
2667,123.6731873,29.74798965,17.32396698,11.76060581,6.967176914,6871.990348,3,16741.06045,30.75064468,9.082779884,4,185.0940857
2668,99.33082581,29.13778305,22.25637436,6.504628658,4.088981628,8140.74939,3,17119.75418,18.14617538,6.034300804,4,297.3498535
2669,119.4132004,42.20861816,28.03562164,7.744108677,4.658895969,7320.281689,3,17877.34492,21.92442513,6.194719791,4,33.96079636
2670,7.599084854,34.68944931,16.73006248,6.945403099,3.451391935,2275.665645,3,31529.78595,11.13353348,4.515332222,4,140.2134399
2671,7.036342144,53.85092163,15.33793163,5.648513317,3.1067307,2200.789826,3,31517.97483,7.968856812,4.091091633,4,282.9946289
2672,27.05911636,39.95767212,21.00836754,11.77995872,6.024587631,4391.565451,3,636.4209023,18.72700882,9.762553215,2,109.1092834
2673,149.2259979,43.62081528,25.86495209,10.68147278,5.478209496,499.9493243,3,9546.78611,21.41059685,8.503424644,4,279.6634521
2674,78.11624908,30.21423531,16.87896729,9.607152939,4.744308472,777.3655801,3,20747.91977,23.06520844,9.839787483,4,147.0883026
2675,109.4401855,28.44119453,17.62604713,12.05674076,6.019238472,919.2796315,3,19681.13348,29.91325188,8.989240646,4,204.3045502
2676,65.37520599,38.86783981,22.30382538,7.325202942,4.349756241,4747.173748,3,279.5262398,17.49252129,6.159215927,2,77.21092987
2677,81.220047,38.40031815,23.24296951,9.420511246,4.883667946,421.6760141,3,9010.872382,24.2976017,8.09092617,4,61.46218872
2678,139.8722534,28.03616333,16.65258217,7.674947739,4.538546562,236.7256196,3,8095.257651,22.35911369,8.190880775,4,204.9180298
2679,12.06282043,23.97364616,21.41307259,2.698015928,1.271216869,704.0221729,3,10802.39674,6.080989838,2.447315454,4,271.8475952
2680,52.07211304,29.05057907,22.21889687,13.64243603,8.544578552,113.0993479,3,22369.08979,26.87012863,14.01140213,4,124.5779877
2681,75.39594269,30.91438484,22.74063492,10.61685753,5.721622467,191.2413902,1,22265.96512,27.74471092,11.28646183,4,309.1068115
2682,43.97288132,32.32144165,16.50735283,6.033698559,3.175003767,4203.97097,3,31801.18815,14.7096138,5.089326382,4,146.8051758
2683,48.69213486,49.354496,27.43570137,4.80445528,3.999411345,198.6434026,3,20714.68761,10.43237495,8.263034821,4,317.0975647
2684,48.04207611,32.90803528,21.5688076,6.386922359,3.870782375,328.7200613,3,20230.18469,17.02701187,9.113820076,4,300.9637451
2685,104.8981705,34.57217026,22.32889366,6.869706154,4.094106197,1536.105669,3,20065.00803,16.7614994,6.616616249,4,270.5384827
2686,102.2933731,29.79347992,18.93383408,9.332243919,5.19213295,3324.844284,3,15491.2229,26.47616577,8.863259315,4,92.33730316
2687,186.0936279,21.53710747,14.9968338,9.094846725,5.227024555,1072.048816,3,10807.27158,27.63854599,8.604352951,4,182.353302
2688,143.7923126,25.41292572,15.04256535,8.44832325,4.823005676,1011.314178,3,10838.90254,24.79163361,7.503960609,4,249.655899
2689,132.9706421,32.85219574,17.0995121,7.073565006,4.239709854,2366.170701,3,12536.69275,15.37447453,6.809597492,4,256.6834717
2690,202.0791779,21.54793358,13.24515533,6.60719347,3.918522596,3018.416618,3,14772.90142,23.20721626,8.357680321,4,251.2457886
2691,131.4113464,27.97043228,22.97482109,7.330984592,4.718345642,6066.26732,3,17862.47108,24.58596992,8.395236969,4,45
2692,7.599270821,50.07544327,17.23791695,3.487402916,1.691295981,132.9336275,3,28666.90389,5.627565384,2.176759005,4,74.47589111
2693,10.84327888,43.40204239,18.29080582,4.101381779,2.259729147,102.1261225,3,28399.4366,6.5852108,4.231068134,4,176.4236755
2694,66.87007141,51.79160309,23.41544724,9.993736267,5.521213055,2841.621011,3,14902.4759,27.74355698,8.067878723,4,37.23483276
2695,110.4405746,34.78054047,27.41259766,6.49161005,3.976437807,9464.062139,3,16075.15494,19.66621017,6.276005268,4,57.42594147
2696,240.2091522,39.79563522,26.57610893,10.31808949,5.469101429,1803.518969,3,21747.42988,25.82346535,8.382568359,4,45
2697,100.0962448,32.78656006,17.95059395,8.472916603,4.724127293,6505.249324,3,27828.89241,20.79787445,8.060031891,4,171.1932068
2698,120.5359497,35.2651825,18.99725723,10.96742439,6.658559799,3176.175131,3,15180.02195,28.02025795,9.361637115,4,83.45371246
2699,42.84457016,32.99230576,20.43438911,6.266655445,3.723974466,2065.77625,3,4279.164827,12.92939091,5.786281109,2,67.38013458
2700,71.35775757,35.14766693,17.41194725,7.147987843,4.103205681,5232.549612,3,1039.218377,16.60094261,6.062511444,2,238.3925018
2701,96.86108398,53.07733154,27.55195236,9.358804703,4.940928459,609.2594268,3,9518.676547,21.7602005,7.776166439,4,58.85897064
2702,264.2865601,27.60255814,16.20529175,10.37240124,5.797427654,7800.809586,3,27936.25777,27.92805672,8.943613052,4,258.3106384
2703,186.8602295,25.41548157,14.56353569,9.861813545,5.173494816,735.9105305,3,21593.90596,30.62098503,7.33817482,4,117.0278931
2704,123.8631287,38.66695786,27.46337128,10.28572559,5.809809685,935.3282292,3,23225.78769,29.57613564,8.745802879,4,40.19651413
2705,44.95696259,29.34165764,17.97484589,5.063219547,2.875866175,1906.745175,3,30581.61221,11.24626637,4.271137238,4,237.0947571
2706,129.9982758,27.97304344,15.75723839,11.00227356,6.055228233,1794.019967,3,10046.96135,26.55238152,10.24377251,4,157.348114
2707,132.6489258,28.10627174,16.22664452,8.152562141,4.464742184,2161.876281,3,9664.498337,24.57225609,8.031493187,4,212.6192322
2708,89.03691864,26.22933578,22.16226006,10.85717392,6.064344883,316.8216786,3,10435.2402,24.63914108,12.99389935,4,78.45330811
2709,133.8975677,25.8649044,14.87304974,9.445728302,5.897994995,10128.90034,3,25307.26949,25.95794678,9.320881844,4,226.5481567
2710,229.7109833,27.06382561,22.45366478,7.236392975,4.696584225,10490.02863,3,26470.64161,24.9185009,6.77173996,4,50.1281929
2711,95.60953522,29.33561707,15.08749676,10.82158756,5.577911854,1644.065469,3,21499.36635,25.30745506,10.39066696,4,165.3815002
2712,116.2179642,28.34360886,21.07412338,9.836659431,5.704029083,8527.670844,1,16783.36343,29.18903923,8.069086075,11,310.5328369
2713,302.9146423,28.67075157,18.74380684,12.18118477,7.446732044,1756.174283,3,19706.65997,32.7317543,11.11378288,4,92.64254761
2714,48.55958557,43.51530457,21.42810249,13.6017189,8.116364479,101.58639,3,22061.11897,23.80231285,14.67745018,4,213.6900635
2715,15.75752258,37.37657547,19.97675896,5.600175858,2.902932644,2104.599131,3,31396.04902,9.669323921,4.706217766,4,246.5860138
2716,47.49089432,32.17586136,19.66780853,6.142077446,3.703699112,1089.141509,3,29650.84653,12.45973873,5.937776089,4,88.6993866
2717,7.911881447,49.63952255,21.43901253,4.319268227,2.028542519,58.15889896,3,28511.49584,6.385328293,2.524235249,4,54.46232224
2718,58.31525803,28.51304626,17.78035545,9.503338814,5.319643497,393.560355,3,26486.56538,16.533741,9.316073418,4,182.632782
2719,109.1552048,30.67783356,19.32977486,9.127671242,6.300721169,1770.449834,3,8196.210047,20.04180145,8.868508339,4,91.50848389
2720,91.10489655,25.82649422,15.1785059,5.54057312,3.260725021,2892.426978,3,3466.700967,14.73937988,6.433493137,2,228.5035248
2721,48.46245193,31.86247826,17.8235321,4.023064613,2.594814062,711.5946524,3,10938.30722,7.923586369,4.345859528,4,258.6900635
2722,105.4695663,34.96945953,24.18827248,12.92722416,7.5874753,1750.614579,1,21401.28676,30.0109787,10.92190361,4,24.58069611
2723,194.7154541,27.24621773,16.82841682,8.854785919,4.968022346,1032.128639,3,21230.7395,32.75243378,7.425106525,4,63.02488708
2724,225.3972321,32.88703156,21.19739342,9.420208931,5.941004276,2119.27839,3,22051.38562,26.62508202,8.574455261,4,270.5256348
2725,99.6084137,50.79711914,27.34431648,9.58873558,5.306913376,4502.303782,3,26410.33255,24.73185158,8.365879059,4,240.9453888
2726,86.27222443,32.61982346,16.47896767,9.127621651,4.659855843,5891.71561,3,27359.17228,22.90041542,7.02284956,4,163.4742126
2727,56.72480011,47.09434128,27.33311272,4.886632442,3.066593409,940.5167395,3,29375.94722,9.755767822,5.543630123,4,34.80727768
2728,81.53514862,24.06319809,14.40250015,5.111359119,3.005585432,989.7104938,3,26965.16067,16.24206924,6.317201138,4,201.8014069
2729,7.156392574,42.87968826,19.20061111,7.457843304,3.44848752,252.0304722,3,27245.51241,8.590819359,4.758536816,4,185.9061432
2730,50.93900299,41.74147034,29.1146946,9.594397545,5.771770477,1650.370236,3,18632.84686,23.79722786,7.663948059,4,47.68442535
2731,88.06136322,29.85695839,22.96184349,8.26088047,4.667896748,1963.994732,3,13959.04362,26.29097939,7.323214531,4,35.83765411
2732,4.46807766,30.93355942,14.39566517,2.481131792,0.930502176,661.4728873,3,10741.45496,4.736811638,1.83398366,4,274.3987122
2733,150.5879364,33.21003342,23.47471237,9.143167496,6.584856033,4736.124629,3,24677.36896,26.46876526,9.244864464,4,90.85585785
2734,209.2389984,28.66093826,16.61366653,9.067716599,5.203774452,9473.922297,3,16222.75812,23.44386864,7.768151283,4,203.8387451
2735,72.61958313,29.39911652,19.63203621,10.79800797,5.742944717,1929.69742,3,23741.47499,27.86630249,9.161995888,4,223.958374
2736,18.14870644,54.32352829,23.77664566,7.555280685,3.896360636,35.49924847,3,28245.35275,11.40355396,5.922875404,4,39.48743057
2737,184.4510956,38.71791458,25.09508133,6.933190823,4.282214642,1403.368209,3,29127.95598,15.69122791,7.915699005,4,60.59281158
2738,1.439098954,52.67866516,17.29469299,2.857241631,2.053876162,232.2066277,3,27853.32221,2.736035585,1.673555017,4,111.0375137
2739,192.4172058,46.06116867,28.54678917,7.041948318,4.554037571,1558.866302,3,28940.29677,18.708992,10.78952885,4,312.2736816
2740,59.69834137,31.88157845,18.54510689,9.9562397,5.761496067,2044.771672,3,18620.01312,23.329813,7.763241291,4,62.81888962
2741,72.5814209,31.19424057,14.68445301,3.624219418,2.063374996,1310.269106,3,11845.54676,7.943124771,2.609385252,4,217.8749847
2742,153.9471893,23.39068222,13.43300629,4.899962425,3.227966785,2836.031908,3,13452.14683,12.62525749,5.157269478,4,271.4329834
2743,89.15405273,24.95131302,16.55862808,11.97897053,6.571106434,3132.441499,2,22380.66873,29.82410431,10.22485447,4,186.3401947
2744,82.25857544,26.45648193,17.25658417,11.33744431,6.720662117,7328.064242,3,16729.64192,31.12668419,8.201929092,4,118.6441803
2745,105.1034622,34.38578033,19.5206871,14.73442745,7.268723965,7688.718858,1,16437.14179,29.05818939,12.64209175,11,278.9017334
2746,126.8850098,28.61828613,15.25028229,8.534698486,4.712922096,10754.98911,3,16068.5654,23.59256363,7.113789558,4,183.3664551
2747,246.1876221,23.03947067,13.92363167,9.919155121,6.245361328,1465.822595,3,20092.25752,31.74524879,8.299111366,4,167.3609314
2748,233.0928802,20.0252037,12.39050007,9.612546921,6.055346966,1404.233179,3,20632.77715,34.10657501,8.532932281,4,160.5130768
2749,114.0935516,25.10251427,17.00433159,9.460371017,5.578147888,295.8341747,3,21664.57566,31.86091042,8.607999802,4,53.72083282
2750,77.3473587,28.06262779,17.13850784,5.900342464,4.19369936,5129.298495,3,30417.7747,15.3967886,6.022536755,4,74.57783508
2751,5.145802975,44.58954239,23.69861603,3.443821907,1.90609479,141.7900389,3,27887.11414,5.624355793,2.194048405,4,45
2752,38.15034103,28.698349,20.20031738,7.834170341,4.215680599,257.7147327,3,25620.37601,15.10453701,7.665874958,4,171.0733643
2753,109.3809662,40.41724777,17.26321983,11.21741104,6.704357147,3054.516805,3,2708.574726,20.80805779,9.19863987,4,131.308609
2754,10.97974396,43.44966888,19.89748192,4.700604439,3.0286479,1833.473793,3,31739.77338,6.902073383,3.903774977,4,262.4053345
2755,141.9744415,36.51576996,23.05204964,5.886500359,3.516717196,1340.592836,3,29563.07786,15.45859814,8.174872398,4,59.03624344
2756,7.616178989,33.50413132,18.22258949,6.683670044,4.720786572,234.1417791,3,27528.92688,9.143492699,6.708388329,4,171.8699036
2757,149.7342987,29.50294304,18.04177094,10.36771202,6.302352905,2933.455355,3,14887.69322,26.73034668,9.605650902,4,102.7632141
2758,105.7671585,37.9705162,24.35144997,6.283759594,3.805965185,1404.991002,3,7793.742869,14.40127563,6.622054577,4,48.65222168
2759,49.51291656,44.14778137,26.86456108,8.400511742,4.224721909,3989.152615,3,583.1805075,18.00407982,5.969563961,2,301.8659668
2760,111.4909973,27.57946777,17.3778801,9.316558838,5.957297802,367.0099089,3,21691.53342,21.81609535,11.8655014,4,167.1062622
2761,135.7538605,41.00673294,26.17543411,7.915931225,4.482046604,1253.614736,3,21086.64516,18.68230438,7.571093559,4,314.6984558
2762,98.72096252,30.44633293,21.55484009,9.404518127,5.408220291,36.29689113,3,10101.6958,23.71286964,9.666838646,4,63.62786102
2763,114.0937195,24.74077606,15.48630047,6.212769508,3.651686192,2735.896482,3,16085.22679,16.43449211,8.457636833,4,128.884491
2764,78.48127747,27.81167221,17.99738693,10.022048,6.376792908,2545.517008,3,16432.76324,22.51918221,13.07201195,4,259.1596985
2765,102.0909119,33.38183975,24.32804298,10.92504406,5.946124554,1649.828562,3,17325.72065,27.51934433,11.38995457,4,289.9325562
2766,153.7381134,32.07465744,16.78810692,10.35689449,5.753946781,10085.49365,3,25185.24578,26.25599098,10.86388397,4,274.15625
2767,189.0917664,22.82282829,14.98182487,7.644524574,5.038033009,3179.190532,3,19045.34228,28.31259918,9.314801216,4,228.692337
2768,26.22087097,49.91721344,26.19765472,5.163876534,3.258108616,63.40315509,3,27755.15842,9.731708527,6.082468987,4,33.69006729
2769,73.68549347,30.37088013,19.03104782,6.449843884,4.055813313,868.7742082,3,7023.976297,15.60594845,7.259079933,4,253.7752991
2770,87.77198792,19.85966873,15.12644386,7.998229027,4.834837914,4143.489548,1,23711.75373,24.49416924,7.411268234,4,96.07245636
2771,6.088438988,58.67537689,22.7850647,4.284024715,2.730401754,108.9491853,3,27325.75249,5.193852425,3.010390043,4,45
2772,15.33896828,32.6893959,14.33426952,7.255535603,3.006398678,250.1884562,3,27057.05533,12.48111725,5.720876694,4,181.3322144
2773,65.00563812,30.10062599,18.55856133,6.85585928,4.202770233,467.8824771,3,24699.71344,16.01647758,6.997123241,8,160.863739
2774,35.22806549,21.30645561,13.46897221,7.27460289,3.850599289,3103.395452,3,15593.99773,23.83701897,5.33860302,4,189.1952209
2775,150.9488983,33.7680397,19.09654999,10.29856586,6.255169868,1729.749029,3,20894.36678,22.71664238,11.3079567,4,188.3270874
2776,56.81767654,30.08202744,18.6381588,7.830686092,4.801615715,137.2667413,3,19874.42987,17.23768806,10.67373753,4,107.1027298
2777,112.6461945,34.28983688,17.15616798,10.48894691,5.945077896,695.9178769,1,19384.94008,28.3586731,9.285788536,4,287.8717651
2778,109.1531143,27.41871262,16.14427567,9.599097252,5.486615181,2085.208375,3,18977.28723,30.62041664,7.970252991,4,210.8329468
2779,57.62683868,52.74937057,26.61146355,8.77623558,5.123646736,177.2322471,3,24105.11843,14.81020069,7.73149395,8,33.69006729
2780,87.21935272,40.91592789,24.52088928,8.911978722,5.007360458,1127.797271,3,8902.003462,23.29744911,7.302112103,4,55.02500153
2781,51.90556335,18.95977211,13.50511742,6.181839943,3.540870905,3238.516607,3,15500.47717,16.5889473,7.810417652,4,195.4145508
2782,110.9012146,31.98776436,22.19161987,10.51656818,6.323847771,1169.455468,1,19288.20797,30.95843315,8.575800896,4,305.1574402
2783,43.72091675,56.29843903,23.28706741,6.325339794,4.426189899,145.6345122,3,27049.51551,9.293999672,6.234104633,4,60.81533051
2784,13.45804977,33.14328766,12.34659004,5.473838329,2.587356806,205.0378438,3,25921.20808,10.29912376,4.224349022,4,169.6951599
2785,82.06163788,49.20752716,28.09158325,8.236177444,4.657298088,305.558488,3,21747.40701,18.02733803,7.999650002,4,297.3300171
2786,93.07789612,24.20005989,13.95374584,6.252084255,3.652992249,3554.592954,3,16300.52263,17.63155937,6.23710537,4,253.2396698
2787,96.54428101,44.50531387,26.8735199,10.72604084,4.895138741,3416.927937,3,15440.33712,25.18519783,8.555484772,4,44.64633942
2788,64.69268036,46.93382645,26.58051109,7.595254898,4.190440655,3942.405279,3,109.5335383,16.82385635,5.664209843,2,288.227356
2789,48.5924263,37.38675308,17.34668159,9.508943558,4.99796629,3501.256412,3,22849.66542,20.58288574,8.044917107,4,156.3179016
2790,120.2931595,23.13153839,14.04298115,7.881055832,4.47527504,3748.087258,3,23306.3947,25.70449448,7.601063251,4,60.78075409
2791,40.16327286,18.71011162,10.18828392,3.611391783,1.877422333,2916.554617,3,17179.88715,12.54766273,2.790377855,4,223.2588196
2792,73.97856903,30.16783524,17.96278763,7.686067581,4.514608383,5444.162353,3,26797.42776,20.1592083,7.167433262,4,189.3235931
2793,97.88436127,44.05369186,26.10227394,6.883427143,3.882586956,1211.768433,3,7589.35974,14.36621284,6.201965809,4,289.0412292
2794,209.706131,26.79859543,15.50581932,9.49864769,5.422650337,7374.951501,3,27509.04386,27.33281898,8.550392151,4,171.8699036
2795,8.02606678,66.67448425,16.70813942,5.082862377,3.02739048,1946.620697,3,31479.66683,6.578968525,3.895218134,4,59.03624344
2796,135.5397491,51.81790161,27.81058502,6.275889397,3.779519558,1214.209724,3,29258.16852,14.66446877,8.106859207,4,310.4188232
2797,175.635376,37.2985878,28.03107834,8.672000885,5.179656982,2257.826978,3,28521.51389,20.6420784,10.05983257,4,290.8977661
2798,17.03450584,37.2621727,21.10136795,8.762974739,4.451832294,44.09074203,3,25216.07977,12.44168282,9.473391533,4,215.1822052
2799,80.79920197,27.75316048,20.72075653,6.235188007,3.510307312,652.7696348,3,12597.62584,19.41085052,10.33937454,4,60.01836014
2800,15.53922272,36.17687225,13.34398556,5.063065529,2.666167498,252.0663766,3,12174.97177,14.99167442,4.662264347,4,204.4439545
2801,103.7136002,22.70113182,14.5146513,7.967973709,4.698130131,199.7220825,3,11682.28236,24.76893997,8.139243126,4,216.3011475
2802,261.3876648,27.12828255,14.80642891,10.90585518,6.585031033,5745.117797,3,25867.94983,28.73892975,9.729712486,4,223.0908508
2803,106.4114456,29.82840538,15.91218376,8.983608246,4.655864716,1212.700636,3,20787.83842,21.65835953,8.911295891,4,157.9637756
2804,106.8769531,29.17591858,18.32338142,9.369526863,5.007402897,4017.850217,3,18185.96432,23.64504623,7.634866238,4,109.6803131
2805,110.8378372,29.74541473,16.54256058,6.815975189,4.05070591,2158.943868,3,33791.1006,17.58098793,7.535937309,4,106.6992416
2806,124.7353745,40.39428711,23.3929348,6.353153706,3.707659245,1479.903786,3,33335.22876,14.17820454,5.634488106,4,53.13010406
2807,188.5226746,28.53361893,20.96687508,8.743592262,5.321994781,2475.396166,3,29019.03629,23.90287209,9.568219185,4,75.16679382
2808,27.38819885,33.76887131,19.96726608,7.662745953,5.511977673,302.3125401,3,23021.98565,11.03340054,8.29520607,4,183.3664551
2809,61.21205902,26.16471672,15.4686861,6.818496704,3.943056345,3067.380843,3,17581.00388,16.60149384,5.732216835,4,209.5498199
2810,107.7820129,32.06820679,22.01907539,12.02032471,7.929968357,732.707677,3,12647.99832,28.25170517,11.88377666,4,52.7335968
2811,44.70065689,25.445261,19.68935204,8.34040451,4.272304058,241.4185228,3,12148.73669,19.94272232,9.746651649,4,216.744339
2812,76.90830231,32.40526581,17.16064453,9.697602272,4.971435547,2672.294097,3,3315.82673,24.16111946,8.060781479,4,197.5589905
2813,144.5830078,25.1651001,17.65545654,7.312906742,4.874671936,1726.12484,3,6061.668402,20.54436874,8.692036629,4,84.76893616
2814,82.57151031,36.10365677,24.6529808,10.69764328,5.342763901,3340.036568,1,22752.35176,30.3322506,7.139944553,4,24.39030457
2815,127.7755127,35.97017288,22.36296654,9.509825706,5.675662041,3048.783259,1,22395.07882,28.82444382,9.251581192,4,43.31531525
2816,102.0699234,27.12527466,17.05005455,8.957152367,4.876809597,11829.14986,3,15428.31541,23.64680481,7.332332134,4,154.3845215
2817,94.59814453,31.83471298,19.85172653,12.71331692,7.246110439,411.3629509,3,21973.22395,30.65034103,11.43257236,4,250.3622742
2818,33.80420685,25.0409565,16.38439178,5.188987732,2.678486347,3758.239812,3,32197.42695,14.50253296,4.553776264,4,228.4000397
2819,15.59629059,37.77216721,16.56874466,4.326408863,1.943813086,1512.823981,3,32416.22078,8.687116623,3.137835264,4,127.8749847
2820,1.615549445,55.74212265,17.0861969,2.806456566,2.205272913,64.97757194,3,23472.524,2.205533743,1.011652708,4,157.5
2821,54.03052139,28.09464836,16.93516159,10.31127453,5.838470459,4185.164426,3,2247.458963,25.73626709,10.2829237,2,154.0878296
2822,108.0299072,31.17674637,16.90858459,10.77100658,6.080613136,7973.692404,3,16053.41897,29.22514915,8.410505295,4,218.2123871
2823,146.7078094,30.5426712,18.23874283,10.37661839,5.866243839,4314.540309,3,25108.24184,28.32872391,8.855161667,4,167.3349304
2824,79.25899506,54.77324677,27.54447174,9.148476601,5.547832012,168.6229992,3,25785.14496,20.26895523,9.157091141,4,90
2825,26.97598648,37.29334641,21.95990562,6.858797073,3.236077547,2617.36828,3,18157.01472,12.03137207,7.172747612,4,230.2341614
2826,32.75468445,35.11568451,16.65115929,6.93347168,3.857125998,3444.3075,3,17118.45067,12.95216465,4.989989281,4,304.6951599
2827,100.3296204,30.9516716,18.70766449,6.49621439,3.536911249,1179.79441,3,7958.640085,16.58059692,5.670338631,4,58.50974655
2828,72.8808136,26.8163147,20.36862373,10.97179413,6.39492178,3055.582703,3,18239.94264,29.35224342,9.014305115,4,193.6181335
2829,59.01198578,27.67525101,19.73292351,10.7266674,5.991979599,3839.80092,3,17786.50839,27.38823128,9.600866318,4,174.3323364
2830,152.9311371,32.95743942,17.67996216,11.74942112,6.396562099,5061.825935,3,17650.26878,28.80643845,10.56918049,4,184.6741638
2831,16.24260902,39.59889984,18.93476677,12.18749905,5.482320309,1566.982919,3,32067.81594,17.16808319,7.453998566,4,197.7446747
2832,61.93436813,37.46596909,24.0702877,6.993824005,4.646545887,607.5822885,3,26590.59393,14.14709473,7.144591808,4,277.2296753
2833,76.71258545,44.87409973,26.72176933,8.962687492,4.835286617,362.8497942,3,25632.85004,18.35143661,6.880083561,4,35.78252411
2834,85.26102448,36.70546341,21.85009956,6.711337566,3.927958012,903.9583689,3,24000.49798,13.7421751,5.604084015,4,302.767395
2835,103.7602386,49.37674332,27.15851974,10.35223007,5.903115749,2945.949214,3,14937.46798,23.70367622,8.941026688,4,318.7785339
2836,27.08435249,36.93882751,23.84563446,6.931355,3.987565041,4225.975156,3,2238.722417,14.70700932,5.946375847,2,304.659668
2837,56.29811859,25.1949749,13.45870304,4.72306633,2.546432257,3426.885707,3,32134.83107,11.84015179,3.977278948,4,239.0362396
2838,36.97244263,43.07993317,29.67620468,8.325968742,4.25867939,2249.842628,3,30934.98374,14.34090328,5.528660297,4,22.41853714
2839,80.91966248,57.20449448,26.20530319,7.866534233,4.29518795,410.0843196,3,24689.5865,15.37941074,6.407996655,8,285.5241089
2840,5.932211876,46.84141541,16.54187775,3.456270695,2.238429785,185.3244193,3,22546.39648,4.70241642,2.321304798,4,165.9637451
2841,60.8117485,33.41274261,18.48856926,7.082566261,3.88163209,2355.422477,3,18652.50687,17.61221313,6.401184559,4,60.46121979
2842,60.99744415,30.5650959,14.67309761,8.6628685,5.46142292,8663.797422,3,23846.979,17.91775703,9.627368927,4,270
2843,33.70304489,36.18110657,15.51974964,7.816431999,3.770370245,9161.040172,3,24347.16554,16.00795555,6.183563232,4,209.9275055
2844,35.51333618,36.45833206,15.46704865,13.40968132,7.35656786,8483.338377,3,27851.31677,23.17785263,8.868218422,4,225.9093781
2845,185.1976624,28.40825462,16.81150246,9.136940002,4.811188698,7093.110362,3,27220.27519,27.1895752,8.241341591,4,244.6506653
2846,67.56287384,28.95178223,19.43966484,9.552652359,5.432799816,2382.164453,3,18500.01959,29.35736465,9.38961792,4,165.9637451
2847,13.66424274,39.03238297,22.4368763,10.67533779,6.622186661,4581.14861,3,17391.6174,13.66891575,6.08760643,4,217.5535889
2848,51.91399002,29.79693222,21.13035011,12.11875725,6.635323048,5837.755211,3,16967.75746,28.67844582,10.45701599,4,206.4388428
2849,109.2929153,32.65381241,17.64597893,11.73292828,6.056679249,11659.15295,3,15512.56856,28.38464355,8.704780579,4,219.0256805
2850,28.1606636,35.26630402,19.76289749,7.211698055,4.006889343,1193.368229,3,32336.57379,12.97983074,5.60571909,4,117.7585449
2851,55.70724106,37.05636215,26.52166939,10.10243988,5.743775368,193.3263045,3,23628.82963,18.53657722,9.111685753,4,32.0039444
2852,96.69463348,32.09267044,19.38299561,7.209621906,4.239768982,1051.65645,3,22429.84423,14.96709347,6.051484585,4,275.1944275
2853,119.0464935,28.67353249,16.21988106,9.139059067,5.042815208,2895.881061,3,4704.059177,26.86968994,8.140856743,4,160.2777252
2854,61.59412384,27.63596725,16.27925301,9.679138184,4.901329517,8563.76642,3,23831.98088,25.70458984,10.08763218,4,172.0730743
2855,151.1414642,30.82468605,21.9949894,10.8936367,6.810310841,9996.951777,3,24922.68488,26.04282761,10.04673004,4,298.8865967
2856,156.0808716,29.03666878,16.3500576,10.16728783,6.152409554,10182.99166,3,25184.04127,26.70348549,10.03532314,4,245.3927002
2857,210.5114899,28.66549873,15.95763016,10.7985239,6.26217556,8517.26408,3,28653.82756,27.19775581,8.964144707,4,246.8014069
2858,165.4007721,27.36400604,17.75068474,8.817296982,5.424809933,2713.488628,1,22143.5808,29.11161804,9.087118149,4,73.36904907
2859,82.1365509,27.87010574,18.00070381,9.648403168,5.896090031,220.7526748,3,20072.5614,22.47373009,10.25273037,4,157.5232849
2860,56.72789383,52.58271408,27.82956886,11.51598072,6.279821873,3434.698419,1,17741.69009,27.47721481,8.965494156,4,330.849762
2861,55.12947464,24.34192657,17.41763115,11.62716866,6.093559265,4330.94334,3,17667.62167,25.57433701,8.495597839,4,189.8658142
2862,158.9518433,32.11737442,17.84030533,10.08598518,5.448208809,9803.433111,3,15305.5106,25.8878479,8.310352325,4,175.7321167
2863,167.3008881,27.59032059,15.45832157,12.92385006,6.79839325,579.3471234,3,20975.79242,34.84060287,10.2565136,4,155.1363068
2864,10.80561638,68.63066101,17.40590286,6.070935726,3.191430569,1390.965063,3,32191.44304,8.09708786,4.568768978,4,49.06505203
2865,30.5460453,36.96260834,22.11511803,6.79147768,3.766819715,1494.391726,3,31855.64422,12.51170063,6.237089157,4,283.5704346
2866,58.60632324,33.05017853,22.35262299,8.03118515,5.291736603,1540.522428,3,19314.69562,18.17111015,7.408459187,4,64.90856934
2867,136.1847076,24.20732117,16.0666008,8.541015625,4.301450253,2394.163963,3,9404.542929,25.07345009,9.022121429,4,225
2868,19.99193192,37.95150757,19.41693497,9.987524033,4.558909893,4537.33517,3,1941.146199,14.28985882,6.362158775,2,245.6849365
2869,166.1022949,24.07296562,15.05109215,9.610545158,5.703288555,9547.105256,3,26897.04603,30.21884918,8.22631073,4,121.1593018
2870,201.2080536,30.75587273,16.07188606,10.64614773,5.400091171,6849.870721,3,26969.13927,27.6307354,8.436500549,4,166.1088104
2871,84.53546906,25.08499718,19.73717117,9.79640007,6.875833988,2592.294698,1,18174.92808,35.38386154,7.577748775,4,312.9701538
2872,50.86987305,45.02602386,31.82228661,8.99853611,6.530238152,4344.7293,1,17413.5097,26.44512367,11.80513191,4,341.3668213
2873,35.68795395,45.41369629,27.59779167,12.0276041,7.129795551,4473.748939,1,17359.8122,23.84329796,11.22586346,4,17.06710815
2874,89.25914764,31.74166489,25.17666626,11.57754517,7.180731297,5066.433195,1,17076.58381,33.18770218,8.706528664,4,317.5281372
2875,85.6593399,34.21987915,27.26339722,8.015028954,4.95351696,8091.190863,3,16157.47179,20.58370209,7.778143883,4,323.9863892
2876,116.7590027,23.90080643,14.94817257,7.798107624,4.620301247,2640.891433,1,24324.6651,26.70187759,6.356003284,4,273.2892456
2877,121.3935699,30.58790398,15.25272274,6.558415413,3.690538406,2217.719894,3,32233.68206,15.78031635,6.665052891,4,141.1435242
2878,112.2170105,26.10061836,15.71732998,6.192722797,3.827156305,1831.275349,3,32536.65671,16.94395638,6.468327045,4,213.1785126
2879,53.06668472,39.50453949,19.94766426,7.00100708,3.674195051,1924.724649,3,31249.87225,13.26263714,5.585012436,4,282.3967896
2880,90.68063354,48.85559845,27.87093353,9.84510994,5.934648037,271.3516054,3,23359.79848,19.84567833,9.016116142,4,202.5
2881,36.46906281,42.75289917,20.20578384,9.321026802,5.653886318,1.904959738,3,22694.35862,16.88738823,7.990204811,4,36.86989594
2882,49.24153519,37.83213425,21.16591454,10.97163391,5.776913643,8652.380501,3,27650.86516,21.52518654,12.31062126,4,85.80519104
2883,191.2190399,31.94460487,20.90977097,8.83061409,5.460468292,1464.145372,1,20574.05244,25.57988739,9.241226196,4,61.35819626
2884,115.835022,29.99444199,17.79019356,10.78488636,5.984139919,1781.146559,3,18554.13118,28.17561531,8.460217476,4,153.1780243
2885,78.62796021,48.437603,30.48766899,10.8985815,6.126437187,5941.213484,1,16586.05829,28.22280502,7.91746521,4,39.35945129
2886,256.098114,18.99429512,12.26363277,8.164766312,5.412444115,2593.509946,3,18700.74041,28.70989799,10.67904758,2,213.1550903
2887,134.3571777,28.81882095,22.15017128,13.48231792,7.941688538,1716.609632,1,23347.86134,38.51352692,12.576231,4,53.4033699
2888,72.67391968,47.51262283,24.34085083,6.25187397,3.103535652,1731.1017,3,31442.31155,12.95100212,5.143733501,4,294.9047852
2889,25.55157852,26.74261475,11.74671364,3.611435413,1.77318728,1732.999489,3,12295.53268,7.779310226,2.475624323,4,198.4349518
2890,30.66040039,30.57520866,14.95324993,4.963196754,2.983343124,1768.74751,3,12360.56698,11.09689999,4.87908411,4,238.4884033
2891,88.89647675,26.58100319,16.15665817,8.349351883,4.452614784,2352.225632,3,16634.47243,20.49020195,7.98718071,4,176.1859283
2892,163.9729462,29.04576492,14.31938362,11.21548748,6.127224445,6613.461903,3,26738.50933,29.33196831,8.339149475,4,227.5447998
2893,116.4538803,25.24982643,17.08535576,10.49674225,6.132231712,1228.365946,3,18832.00944,29.75810623,9.116494179,4,199.249527
2894,79.22245789,49.0320015,30.17036247,9.768591881,7.712132454,2942.12863,1,18045.05816,36.06694031,7.876374245,4,20.17945862
2895,35.15108871,36.76324844,21.89522362,13.92366409,7.178429604,3362.337195,3,17929.02638,28.46612167,10.114851,4,197.7446747
2896,94.04335785,30.28950119,18.16618347,10.25172806,5.837391376,11315.36768,3,15252.5188,27.31895828,7.87735796,4,111.992897
2897,166.902771,24.82918358,17.27390289,8.003649712,6.512587547,10505.33901,3,15971.64946,24.47968292,9.745162964,4,266.9872131
2898,57.05231857,26.39601898,16.62141418,5.984507084,3.587648392,7925.729863,3,16533.35051,16.60795212,5.521036148,4,264.0220642
2899,137.6894226,28.93959618,17.23646164,14.08458138,9.026797295,2032.979857,1,23230.99853,30.01534843,10.98418808,4,73.94001007
2900,6.514107227,57.53334808,22.29332733,8.848352432,4.657546997,2307.240479,3,23583.97876,9.545829773,4.56498003,4,241.2683105
2901,60.21321106,29.27278137,19.70339775,8.230343819,4.52316761,2673.78747,3,23719.28148,22.66491318,9.697935104,4,234.3861389
2902,82.47325134,40.87814331,28.13831329,6.156003475,3.498481274,953.5110801,3,25596.29976,15.82336426,5.795502663,4,49.1446228
2903,135.3517914,42.55735016,27.14616585,7.949687958,4.448888779,1536.59984,3,20559.40843,19.31444168,7.149617195,4,42.41683197
2904,118.510376,19.14166832,11.98103046,5.274538517,3.029732466,3926.233533,3,14948.28973,14.36208725,5.104706287,4,185.670639
2905,77.217453,29.36455917,18.70088196,8.35627079,5.222826958,1512.6477,3,17551.72362,24.88882065,7.883135796,4,101.2377777
2906,87.3513031,23.02753258,16.89508057,8.915429115,4.918259621,2172.563475,3,16820.46504,26.01803017,9.77279377,4,258.3885193
2907,63.91783524,40.22807693,27.07310104,13.12834454,7.195985317,9142.009119,1,24251.30831,27.60275269,10.53079891,4,331.942688
2908,115.9425812,23.55884933,15.28124523,9.610412598,6.134291172,3516.451886,3,23315.27302,32.63903809,8.000031471,4,226.5973206
2909,94.90627289,38.27373505,27.27071762,9.352018356,4.99673605,3337.248564,1,22898.87439,26.82869339,8.789203644,4,49.7774353
2910,197.8092041,29.54469872,21.87012482,8.906970978,5.436684132,3861.916489,1,16944.50326,26.48877907,8.822077751,4,300.9637451
2911,64.7886734,27.93294334,20.6825695,9.059072495,4.791973591,4487.692615,3,17086.60632,28.94792366,7.046962261,4,80.67640686
2912,12.64337254,32.11978531,22.18201447,12.18374634,5.102666855,6206.719409,3,16715.11422,17.59706688,7.441082954,4,194.7435608
2913,82.36127472,28.54698181,17.92280388,10.87691689,6.389575005,11.74842775,3,21670.94306,28.69381905,9.034816742,4,72.74636841
2914,156.7254639,30.88999939,20.42176819,8.758905411,5.166065693,4777.124391,3,25018.55964,28.10714531,7.639630795,4,283.9377136
2915,96.41265869,26.89391899,14.77750778,5.471073151,3.408064365,2558.944968,3,13209.65917,14.37714481,6.375970364,4,263.9734497
2916,98.42690277,27.94066048,15.02410412,9.248440742,5.04103756,10122.30487,3,26182.97644,26.88140869,7.605101109,4,171.1294556
2917,177.9310303,30.50797844,17.706007,11.07802296,6.442988396,5863.159234,3,25998.91597,27.00319099,9.70938015,4,108.7117386
2918,107.3421249,30.32623482,15.49911785,9.793269157,5.177999496,4741.179986,3,24633.29503,24.37234879,7.652623177,4,154.7791748
2919,159.4524078,42.44466782,25.70939827,11.12571049,5.924938679,5909.529861,1,16109.47766,28.13391113,8.836475372,4,306.5966187
2920,7.381409645,32.26959229,9.845111847,6.946962833,3.430677891,3921.129835,3,31662.29728,9.601064682,3.958303213,4,210.2564392
2921,56.42583466,30.53592491,17.19209862,5.049620628,2.89108777,3289.606187,3,31977.54036,11.5925312,4.130829811,4,298.3007507
2922,150.6304932,42.8523674,27.37969589,8.620018005,4.623496532,2583.401612,3,14507.61671,22.27326202,7.415504456,4,302.6609192
2923,117.9844818,30.33730125,20.36906242,11.44210529,7.081850052,2251.829747,3,14151.02466,24.08226395,10.06317329,4,109.9037476
2924,101.5650864,61.84640884,25.60607529,9.678926468,5.464117527,781.9391635,3,12653.81966,24.2720871,7.593851566,4,332.0301514
2925,66.21012115,23.69399261,17.37505531,7.726140022,5.044149399,3594.11171,3,2869.812119,21.53203201,6.350906372,2,108.227356
2926,41.62808609,36.07798386,21.90280342,6.259670258,3.404715061,1649.01497,3,12263.68714,13.02854824,4.998041153,4,318.9451904
2927,28.09990883,43.72356033,20.70630646,11.60996246,7.159109116,2192.074848,3,18350.34035,20.1451149,8.932706833,4,139.5139923
2928,128.07724,41.18373108,29.80169296,9.634190559,5.972447872,3985.483815,1,17323.84674,32.53619766,7.813500404,4,331.2751465
2929,35.08386993,58.1190567,24.47998428,18.20458031,7.310174465,6224.473991,1,16566.33986,27.95966911,12.37798595,4,332.7157898
2930,146.2763062,49.37067413,30.27016068,9.939160347,6.585432053,6974.791899,1,16020.89867,30.65161324,8.07544899,4,27.68106079
2931,105.6660385,27.52355957,17.64472008,5.667097092,3.530767202,5747.651475,3,29159.9144,15.6100769,6.395077229,4,268.8308716
2932,35.67111588,31.33983231,18.84377098,8.408839226,4.664983273,4191.348024,3,31207.47976,18.00559998,6.383033752,4,165.5065613
2933,62.37036896,34.4980545,16.57342148,8.841966629,4.501019478,3224.374811,3,736.3323146,18.46698952,5.955541611,2,146.8529968
2934,12.62329197,32.89935684,19.00049591,5.655205727,4.011912823,2748.326308,3,1572.211373,11.7120533,3.537457466,2,250.5588379
2935,72.22592163,35.2987175,19.27825356,9.165304184,5.597994804,2464.161685,3,2042.749115,19.972229,8.124755859,2,219.0938568
2936,149.7944946,34.75566483,18.34498215,9.769515038,5.069308758,2166.282032,3,3059.272743,21.23439598,8.528054237,4,206.9596863
2937,73.39864349,37.79236221,28.41304779,7.440724373,4.205765724,8502.178237,3,15860.91448,21.14380646,8.171557426,4,322.7335815
2938,94.30619812,44.63089371,26.64897537,9.55842495,5.086736202,6577.46892,3,17153.56442,21.59462738,7.177951813,4,71.56504822
2939,89.11631775,35.67721176,22.06199265,6.718587875,3.878968954,5009.873208,3,28640.46267,17.85303879,6.971666336,4,274.3987122
2940,9.822646141,53.77024078,16.0832119,8.340532303,4.016612053,2827.696119,3,18272.08339,10.57658291,4.849258423,4,31.50208282
2941,51.686306,27.26982498,15.03825951,4.75335741,2.713874817,3170.176067,3,17730.62294,11.02877235,4.066804886,4,273.0127869
2942,19.06649399,58.35293198,23.5436306,8.820155144,4.191172123,4423.183905,3,2077.417323,13.75382423,5.991082668,2,33.28525925
2943,185.1590729,23.18115234,14.42697525,10.41844654,6.866102695,10343.99509,3,25647.86587,32.6458931,9.843445778,4,87.49216461
2944,36.96406937,49.62360001,24.52510262,5.212337017,4.665530205,408.3030978,3,19462.43027,9.210744858,7.964396954,4,308.9909973
2945,117.4553528,24.73799133,13.76644707,5.170517445,3.13895607,4432.344823,3,16459.50399,15.12207031,5.279717445,4,200.6375427
2946,132.9906921,28.42848778,19.76788139,6.137052536,3.763668299,215.4861866,3,6163.917994,16.05440521,7.547440052,4,61.07357407
2947,67.81060791,50.77336502,24.04467392,6.879050255,3.635476351,5009.433304,3,1330.608422,14.24644375,5.169284344,2,283.1038513
2948,31.7627697,39.0405159,19.16387367,8.946728706,5.459997177,2848.267739,3,1404.06163,19.46364021,8.165804863,2,134.1048279
2949,201.7179413,24.58535385,13.48003864,5.357452393,3.302093029,2732.032493,3,13336.94459,13.97029495,5.686311722,4,233.9726257
2950,122.0617447,23.36465836,14.35223007,9.436847687,5.432435989,2609.141387,1,17985.91708,32.03496933,7.329931259,4,297.3075867
2951,73.59371948,27.90830612,17.78899384,6.438702106,3.385879755,4615.754765,3,30275.16431,14.66083908,5.626056194,4,170.6104736
2952,69.12547302,27.93734169,16.49865341,5.987578392,3.647519827,3769.341414,3,16576.38084,13.24345493,5.108894825,4,308.494873
2953,50.94050217,32.34623337,18.49081612,11.78082085,6.088194847,725.1992854,3,12621.01018,26.34461021,8.63068676,4,131.2651978
2954,48.96673584,40.3191452,23.80552292,7.560284615,4.634914398,1096.2614,3,5239.817803,12.92615795,7.555788994,4,223.3580627
2955,43.84968185,35.09011459,19.78539085,7.978786469,4.390761852,4952.852543,3,1712.58575,16.4479599,6.581814289,2,259.6951599
2956,62.56336212,34.78623962,22.88121605,6.505875111,3.246972322,8820.664016,3,15857.58544,15.81468201,5.642116547,4,50.57910919
2957,91.72068787,29.94429779,18.20822716,10.61143112,6.249671459,810.4898117,3,23255.31417,23.09135628,10.17694378,4,96.84277344
2958,67.88942719,43.27488708,24.13451004,6.810708046,3.803449631,3432.385092,3,18449.28152,13.97097874,6.368769646,4,53.55719376
2959,109.3310394,22.39498329,14.32623482,4.806910038,2.757846832,4030.062345,3,17323.40424,14.18806267,5.191286564,4,236.9761353
2960,166.651947,38.90867996,28.46200943,8.033031464,4.692156792,8920.539607,1,26776.95188,27.07782745,7.875011921,4,35.7019043
2961,177.8538208,29.54016685,22.77794075,8.950503349,5.221614838,6483.571275,3,15290.07199,29.07349777,7.539635181,4,56.72127533
2962,126.6025314,34.4089241,23.22141647,10.81947803,5.94093132,7576.795244,1,15702.08282,30.43093491,7.882613659,4,38.39516449
2963,53.18362045,27.48233795,20.88664818,7.616834164,4.967486858,3961.146934,3,2573.119882,18.13892937,6.346542358,2,280.0079956
2964,68.9750061,37.92947388,21.20746803,7.353479862,4.281383038,4251.375181,3,423.5599998,16.60667992,5.595133305,2,69.96279144
2965,115.6606903,28.76284027,18.32850838,9.458098412,5.249805927,8133.850347,3,27377.05296,25.21725845,9.181699753,4,57.99461746
2966,68.74954224,31.99621201,17.60800552,6.627691269,4.378471375,4517.818787,3,30026.28789,16.63788795,5.470771313,4,89.13015747
2967,77.14219666,38.93435287,23.3219471,5.355609894,2.810475111,1789.784422,3,30171.16363,12.02237415,5.469419956,4,293.6293945
2968,68.1545105,46.20616531,24.45294952,8.555427551,4.713285446,2921.565615,3,553.8831892,18.92913437,6.64496851,2,76.79891205
2969,39.65246964,31.1103611,13.52546406,4.277660847,2.65828228,985.1342782,3,11573.60095,8.392421722,4.028892994,4,265.1008911
2970,78.80284119,30.30485916,16.13253021,10.25543213,4.990974426,8768.089563,3,23845.38795,25.90297127,9.9288311,4,226.4687958
2971,166.5924377,27.37472343,17.46955681,9.80427742,5.830338001,9917.305397,3,24704.08707,28.14998245,8.771466255,4,236.5094452
2972,84.8474884,27.14684105,16.18964958,12.10393906,6.735296726,7868.756122,3,27872.66288,30.36008072,8.428071976,4,220.4745483
2973,110.7423401,32.84993744,18.16440392,12.72977448,6.605642796,7370.66848,3,27546.2792,29.07869148,10.28243923,4,219.8826904
2974,51.35536575,30.19930077,19.72445297,13.25470638,8.188569069,54.96931743,3,21497.27454,33.44116211,9.575517654,4,153.0622711
2975,126.1984406,33.42624664,22.64241791,12.63488388,8.204293251,1219.096299,3,21659.52841,31.72280693,11.74248028,4,261.7036133
2976,55.57315445,55.77509308,24.95609665,11.29211903,7.336886406,169.287992,1,21356.5233,28.76233673,9.907716751,4,37.46445465
2977,110.9981995,29.29748344,18.4503994,11.83137417,8.375153542,2091.678284,3,22801.96915,29.50325775,11.20580196,4,79.90825653
2978,83.17040253,34.66627884,17.78447914,7.265429974,4.084262848,2516.608441,3,19398.49936,15.65490437,6.065130711,4,88.63529968
2979,120.983963,49.05949402,28.66518211,7.332123756,4.205429554,2942.942846,3,19507.84929,15.62115765,6.173260689,4,57.01147842
2980,131.5854645,25.62874031,17.16369247,8.270270348,4.9398036,2920.342545,1,17549.27076,28.72589111,6.855050087,4,277.0814819
2981,154.9377136,28.29920387,17.72888565,7.889100552,5.183188438,5929.976681,3,15989.50493,20.68093681,7.24420023,4,105.9453964
2982,169.692749,51.16016388,29.52679062,9.485981941,5.530695915,2370.196604,1,22791.2642,29.00039482,8.376003265,4,39.80557251
2983,155.2549591,35.20856857,25.90888214,8.526168823,5.428065777,2715.240373,1,23124.09191,28.85546303,6.949705601,4,50.94981384
2984,93.8082962,27.08131218,14.18636036,7.752997875,4.317192078,2566.302641,3,31934.6115,19.94870949,7.055323124,4,199.8851624
2985,61.29341125,42.10228729,21.9799366,8.202642441,4.211625099,104.7442894,3,6235.004391,17.28526688,5.937364101,4,39.56665802
2986,48.65381241,23.59041786,15.00335026,8.525665283,4.682385921,443.4344293,3,5890.938441,19.47491837,6.864333153,4,86.94129944
2987,155.319046,47.25613785,29.02169418,8.016029358,6.185191154,11249.96952,3,14879.40034,20.05818367,10.4233799,4,268.0250854
2988,167.3446503,27.33333397,17.37711525,10.29363251,7.995235443,10857.40417,3,15327.79351,28.43234444,11.85948277,4,264.4724731
2989,92.57292175,31.3476944,18.46956825,8.649129868,4.553981781,5472.191104,3,26330.91315,22.70716858,6.818331242,4,59.48976135
2990,77.72349548,31.39348221,18.28443909,9.303079605,4.993838787,6183.222501,3,27336.03278,24.50845146,7.902215958,4,264.6106873
2991,99.95038605,33.74752426,19.74263,8.130598068,4.916857719,6552.504634,3,27540.64618,22.98458672,7.227083683,4,280.4316406
2992,33.34695816,48.02402878,26.54080009,6.34234333,3.225638866,4554.199403,3,2087.711,12.46147728,4.850849152,2,44.06081009
2993,88.74015045,30.8510437,17.74974442,9.698618889,5.159562588,2343.216713,3,3101.859715,22.83690643,7.585671425,4,288.7998657
2994,72.26979828,49.66859055,28.44109726,9.405637741,5.211180687,8476.020573,3,23487.05422,22.54976463,8.732047081,4,37.2974472
2995,172.6378174,37.90254974,29.0729866,10.15662289,5.610764503,3518.573238,1,17127.49637,31.46332169,8.719688416,4,35.20330811
2996,145.9484558,38.15354538,30.77201653,7.435255051,4.514204502,5476.538682,3,17741.10199,23.84036064,10.29091358,4,22.68967438
2997,148.1226349,32.14132309,16.79233742,8.182447433,4.747536659,4238.091001,3,17717.31546,21.24578285,7.139894485,4,132.2736816
2998,123.0590057,30.09897804,15.21159458,7.946084023,4.190321922,1275.104721,3,33579.93069,18.68358612,7.356459141,4,148.760788
2999,125.1345749,31.40372086,17.54552078,7.47760582,4.598204613,1179.121114,3,33322.53635,17.4757843,7.52908802,4,81.46923828
3000,75.38053894,36.2523613,19.15866852,7.333573341,4.236297131,738.050354,3,33073.81314,15.49829197,7.356198788,4,123.5649643
3001,112.9511719,26.59961128,16.91815186,5.579149723,3.345902681,4435.459764,3,16380.61452,14.43589783,4.712175846,4,257.9052429
3002,95.30780792,49.70424271,26.28966904,8.556721687,4.378923893,946.7345863,3,9140.661139,22.43480492,6.355867386,4,309.6191711
3003,116.8878098,34.9240036,25.94713211,9.193547249,4.949574471,583.3372236,3,9468.494812,24.11759377,8.33912468,4,61.4486084
3004,151.9474945,34.15481949,25.71626282,9.57746315,5.23026371,5635.788219,3,16271.63431,30.19934464,7.323582172,4,48.48327255
3005,103.7698288,33.82585907,23.66506767,9.26954937,5.242917061,4852.396046,1,16895.44499,25.80611992,8.402804375,4,278.7750549
3006,89.99371338,49.61439133,28.12669373,6.721267223,3.882817745,2015.923986,3,30360.99012,14.16461086,6.145580769,4,311.5030518
3007,78.57552338,32.94542313,24.30569267,6.171360493,3.677289009,964.9720262,3,24336.86243,16.17950821,7.147683144,4,68.19859314
3008,138.843277,29.73321724,17.06293106,7.812761307,4.790250301,575.2443402,3,7560.448537,19.91559219,8.903489113,4,189.8658142
3009,47.43331146,50.166996,26.80592537,7.27477169,4.082803249,1968.955476,3,12624.12002,17.56641769,5.404047012,4,320.1021729
3010,147.9279785,25.72274971,15.91088295,8.974258423,5.141110897,3372.710658,3,24097.22846,26.82388496,8.028404236,4,235.7131195
3011,64.92669678,32.81189728,17.62895966,5.766537666,3.599157333,663.3906651,3,32514.13608,12.51159,7.172942162,4,292.947937
3012,65.18602753,44.69326782,25.8722477,7.552499771,3.988008499,2388.24552,3,30893.88137,14.67481709,6.395104408,4,54.86580658
3013,139.790863,49.08789444,28.8225956,8.936138153,5.08259058,2154.915628,3,14032.57377,22.44299126,6.961809635,4,321.0773315
3014,45.22840118,38.92170715,21.81549644,7.421767235,4.413244247,1143.904188,3,5226.495352,12.98340034,7.025286674,4,107.7004242
3015,138.1036682,31.66545677,18.33827591,8.076210022,4.269877434,1977.210365,3,3025.223021,21.3253746,6.449496269,4,292.9946289
3016,54.89139175,31.79979515,14.08500767,8.096523285,3.741930723,6386.431783,3,26799.62155,21.10580826,6.998128891,4,224.3072052
3017,118.2406769,28.20723915,18.55232811,6.81683445,3.704380035,389.8934831,3,6745.82574,17.30340195,6.585611343,4,85.23635864
3018,72.483284,29.45699692,17.27625847,7.693870544,4.779520512,1418.052553,3,6007.046336,17.64933395,8.918283463,4,108.2413864
3019,6.188160419,50.03626633,22.77361298,5.245556831,2.153941393,1154.441402,3,6457.398805,6.596149921,2.071041346,4,329.5344543
3020,12.3069706,38.40632629,8.770477295,6.962303162,2.009020329,1028.92119,3,6572.957769,10.59255505,4.279026508,4,264.2305603
3021,56.74052429,29.83168983,15.56023312,3.999735355,2.493057251,1042.911062,3,11696.79255,7.535706043,2.81730628,4,289.6538086
3022,108.1333008,42.96932602,23.93114853,11.22743893,6.39578104,2286.207204,1,17949.60808,28.41342545,9.211006165,4,310.9904175
3023,119.4025345,32.48009109,19.02980423,11.20807934,5.843562126,5908.494619,3,25871.10566,27.11450958,8.536809921,4,202.5901642
3024,86.27190399,29.47670555,16.88775444,7.899579525,4.571867466,6035.860195,3,26322.89066,22.26542473,8.119445801,4,96.3401947
3025,85.41610718,30.49716568,16.87739754,6.816813469,3.617203474,2886.614045,3,31630.47651,16.56939697,6.452880859,4,105.9453964
3026,52.36872101,30.73882484,20.47841644,5.578614712,3.062981129,3725.695635,3,31302.773,12.51635933,4.612445354,4,308.65979
3027,9.577212334,27.58122444,13.65961933,2.259961605,1.046344876,2532.283413,3,13162.15409,8.310024261,1.312559247,4,266.1859131
3028,74.54105377,32.75665283,21.02568054,10.91426849,5.243257999,8113.701946,1,23243.75075,30.83350754,5.357113838,4,321.2635193
3029,198.4687042,27.56977272,16.36171722,9.85765934,6.555142403,2021.168807,3,21906.38575,31.43754578,8.752817154,4,241.460022
3030,97.39448547,33.08470535,17.58837891,6.896046638,4.870693684,1277.463233,3,20568.00333,16.07949257,9.695144653,4,81.86989594
3031,90.48571014,34.34930801,17.62766457,6.541370392,3.956521034,1456.175908,3,31717.72844,14.45150089,6.288288116,4,261.0273743
3032,88.94110107,47.54655838,25.61465263,7.69725132,4.251630306,1400.551565,3,31847.24948,17.13893127,6.969510078,4,310.1333008
3033,139.1390839,27.16077232,21.20859337,9.170722008,6.181295872,1986.163645,3,13833.93995,26.726511,7.623597622,4,67.38013458
3034,21.64756966,27.94533348,20.22564697,8.117387772,4.681645393,54.39056227,3,11796.70096,16.57563019,7.035373211,4,214.2156982
3035,75.6468277,30.83960724,21.65769196,10.90369606,6.392670155,310.6711569,3,12176.03837,26.34905624,10.24715614,4,50.71059418
3036,132.8429718,39.85253525,22.42094994,8.626955986,4.947357178,206.9870221,3,7818.927782,20.73868942,7.984001637,4,293.7026367
3037,110.5388184,46.83089828,23.79515076,8.605876923,4.681255341,66.9146743,3,7334.191597,18.05990601,8.313511848,4,282.0300598
3038,125.9139862,27.94250298,14.87621784,7.001719475,4.528411388,223.7464165,3,7626.132032,21.05821419,9.253734589,4,243.4349518
3039,52.32621765,46.51263428,27.27589607,8.163552284,3.906784534,4892.427294,1,16495.36355,22.74406052,6.198773861,4,39.62329483
3040,91.80153656,26.75939751,20.00449181,9.194470406,6.070527554,5145.261253,1,16507.18212,27.47843742,8.684466362,4,260.9723816
3041,175.7415619,27.7608757,15.9180088,8.394445419,4.994918346,5197.251987,3,16100.18129,24.82703781,8.100709915,4,232.6175232
3042,148.286911,19.88670349,14.77976513,8.923014641,6.803729534,2332.941394,3,18910.63722,33.69105148,10.39779377,4,223.0419312
3043,195.7566376,55.82863235,26.65931892,9.635109901,5.524842739,735.4009282,1,20904.14324,29.40993118,7.998275757,4,305.6553345
3044,164.5406189,32.19472122,24.68165398,8.237053871,4.897497177,1100.888929,3,21080.24039,28.20476532,7.431172848,4,51.13725662
3045,124.8816147,28.50176048,17.32192612,10.90339279,6.181135654,1018.31917,3,10793.51481,26.93492126,10.21408272,4,176.5761261
3046,38.33201599,39.12414169,16.89560127,11.54730892,6.066869259,1941.121653,3,2139.845087,19.44071198,8.927742958,4,166.6075134
3047,79.41648865,34.383564,15.61813068,7.828954697,4.478116512,1924.993236,3,2482.196549,17.20347404,7.343833447,4,260.0594482
3048,106.6134262,26.88129234,16.34514427,7.381152153,4.186928749,2221.880896,3,5442.560707,20.21592903,8.036109924,4,176.8550415
3049,97.34870911,32.23265839,17.7083683,4.745046616,2.981796503,514.9501641,3,11168.39719,7.938191891,3.666399717,4,268.6677856
3050,215.0101776,28.83290672,18.66812515,5.914038658,3.593894482,4687.294721,3,14877.28141,14.66785526,6.58334446,4,270.558136
3051,137.8490448,30.67333221,22.51373482,10.3057909,6.892643929,4436.23209,3,16569.38457,34.36310577,9.267962456,4,57.49468231
3052,227.5548248,22.75629234,13.02758789,8.08279705,4.775255203,1205.108136,3,20359.16578,31.05303574,6.026975155,4,114.9689865
3053,91.05780029,29.67040443,16.58750534,7.158107758,4.082157612,4491.012668,3,29456.37593,18.4522953,6.16789341,4,175.8848877
3054,39.98643875,32.39540482,18.97520447,12.37664223,7.798879623,4032.736328,3,30470.45752,27.25832367,9.314640045,4,118.2010956
3055,112.520874,27.86268234,18.7999897,7.795016766,4.538263798,2148.173241,3,9623.87154,23.70723152,7.049014568,4,295.359436
3056,65.56410217,38.04295731,19.48983383,6.239985943,3.882514,605.6393645,3,6555.307023,12.24453068,6.996164799,4,263.829834
3057,13.30092525,24.4274559,12.60972309,2.543351889,1.512115479,562.1563994,3,11150.99536,6.765673161,1.895584106,4,273.0127869
3058,8.475838661,30.43364716,11.39925575,3.098508358,1.538333893,883.3574015,3,11490.42575,6.953572273,1.933021069,4,240.5213165
3059,189.228775,18.89523888,12.8938961,8.716765404,7.934799671,2241.430459,3,18538.29714,29.75643921,11.84776497,2,221.5309753
3060,302.4963074,26.33837318,15.45766354,11.34138203,6.560595989,1013.467791,3,19302.97007,33.27589417,11.52279282,4,138.7391968
3061,84.52878571,32.44386673,19.82652092,6.823087692,4.178049564,1025.247014,3,27459.08284,14.26478291,6.647518158,4,67.55725098
3062,86.50679016,27.33315659,19.91489029,10.29134941,6.271112919,200.9847165,3,12027.15273,26.574543,10.11660385,4,53.19807053
3063,40.57401657,48.41331482,23.78634071,8.396083832,4.718558311,119.0841859,3,10304.30847,15.02444744,7.424308777,4,46.03501511
3064,98.32193756,35.41650009,20.81465721,7.612711906,6.026694775,318.8776848,3,19042.88419,18.04872513,14.01039696,4,258.6900635
3065,179.6562653,51.79091644,26.87441635,10.7912569,5.760941982,4741.35826,1,16340.08513,28.5747261,10.05845356,4,289.1595764
3066,137.3346405,27.75356865,16.88948059,8.316777229,4.813088894,9187.18701,3,15859.61954,21.81477165,7.847099304,4,292.5205688
3067,96.25627136,29.11286163,17.11994934,10.50838184,5.061142921,8358.297771,1,15408.41993,27.28103256,9.145916939,4,254.5778351
3068,50.42731094,25.3501339,15.93278885,4.224784374,2.717481375,1284.752333,3,26398.48636,11.41008568,3.995800018,4,253.4692841
3069,64.39674377,25.35874367,15.68042183,6.844751358,3.858000278,365.2165446,3,11457.5145,18.61770058,9.656945229,4,220.76297
3070,116.6957779,26.47171211,18.78279305,8.455197334,5.386077881,1093.732379,3,10682.499,24.96133995,8.186847687,4,314.4974365
3071,91.13601685,26.87601471,15.21640301,8.437199593,4.539800167,2443.558696,3,9220.224875,24.54532814,7.484034061,4,199.9831085
3072,93.39173889,47.66886902,27.67775917,7.401170731,4.146344662,1680.626731,3,8084.114239,16.73212433,6.271463871,4,309.2894287
3073,117.3567505,30.9579792,18.44887733,10.6764698,5.85545969,561.503296,3,9610.72016,26.75000381,8.348028183,4,115.7099533
3074,100.0577927,32.95320129,20.80380249,10.28249836,6.058312416,9057.575911,3,23740.7263,26.17544746,10.39357662,4,265.7108459
3075,156.7157898,48.31103134,27.49570465,9.634863853,4.462769985,882.1494741,3,12699.18209,23.11453438,7.761453629,4,48.54018402
3076,191.5219879,28.24500847,15.51460743,6.707076073,4.081670284,4442.170214,3,14550.81186,15.39419842,7.172661781,4,172.0265808
3077,177.9687347,24.58520508,15.55220604,9.553924561,6.181428909,9817.167551,3,25571.08966,32.26082611,9.399456978,4,75.55810547
3078,144.2872925,26.7983551,16.1587429,8.82297039,5.146418571,4168.056298,3,17492.82955,24.64690399,7.547870159,4,78.42481232
3079,92.59139252,24.36101723,15.28419495,8.811571121,5.11464262,3603.02705,3,18334.82391,25.99407387,6.945402145,2,194.3069153
3080,106.6249924,24.73212051,12.75875664,7.685199261,4.631245613,2940.74095,3,18636.1154,24.36545372,8.017494202,2,232.0134277
3081,57.04785538,34.25326538,15.42998791,13.79252529,6.828429222,441.2746473,3,20283.68533,29.16537857,9.738354683,4,132.181427
3082,126.8834915,26.05715942,18.48859024,9.774180412,5.972990036,875.7757517,3,12709.63748,30.32284737,8.259805679,4,78.36019897
3083,22.30745125,26.48051262,16.1732769,5.640315533,2.378529072,101.5587506,3,6233.030879,15.29327297,4.24511528,4,123.6900635
3084,155.6433411,31.17611504,21.12703514,8.298199654,5.19778347,2876.167003,3,4259.41908,25.20465851,8.175263405,4,60.67952347
3085,139.2701111,28.53320694,18.1687088,8.591781616,5.095311165,2527.588584,3,4032.697618,27.86416626,8.537751198,4,77.90524292
3086,147.903717,47.20649338,26.07653427,9.808700562,5.189400196,2605.251827,3,4212.397836,23.55603027,8.413825989,4,42.51044846
3087,84.47119904,20.80677032,14.72556114,5.010781765,3.268006802,2875.765655,3,16142.52369,14.40670586,7.201825142,4,239.7435608
3088,136.0367737,25.53804588,17.29150772,8.309599876,5.344277859,3692.906181,1,23605.33129,27.55656433,6.961786747,4,75.81570435
3089,112.7406769,30.88506317,17.44590569,10.27244473,5.807194233,8742.071946,1,15026.40497,28.87821388,9.25269413,4,251.7541504
3090,128.3817291,36.47237396,26.80366707,10.63915634,6.305663109,15.85455031,3,20711.78598,31.08747482,9.105677605,4,310.0881958
3091,173.5436401,27.40115547,23.26173592,8.305107117,4.627594471,561.5733458,3,20790.94547,30.3575592,7.00544405,4,35.20014954
3092,32.36417389,57.45087433,22.37216568,12.37071609,6.613683701,3162.034558,1,23654.72402,24.90913582,9.871314049,4,22.42586517
3093,151.3049927,42.98289108,30.19878578,9.831878662,5.586475372,3287.123794,1,22790.5711,27.44817162,7.888079166,4,334.066864
3094,125.5702744,32.2772522,17.68373108,11.84508991,5.80092144,5869.133415,3,25633.52803,29.29506493,8.773036003,4,103.4428711
3095,45.12702179,23.76987648,17.14499092,6.362083912,4.946368217,3858.212563,3,30725.38608,16.76744461,4.463721752,4,266.7929077
3096,49.81853104,27.86525536,15.23818874,5.945301533,3.665831327,1060.725556,3,7409.917131,14.7472086,5.39601469,4,80.09581757
3097,151.0135651,25.49830055,16.21182442,6.133111477,3.106389999,669.768203,3,7005.499122,16.9174118,5.030332565,4,48.46822739
3098,225.0467529,28.57211494,15.5773077,9.943775177,6.011867046,4631.600874,3,24741.14576,29.33613968,8.684011459,4,253.9676666
3099,222.0225067,24.35376358,14.28931808,8.998126984,5.156450272,3806.857556,3,23922.60494,24.14804459,8.549757957,4,173.3117523
3100,206.2342529,24.82091904,13.26028252,8.904768944,5.406021595,3491.357672,3,23601.38469,26.3511734,7.616580009,4,212.3335114
3101,146.9484253,28.67695999,16.08425713,9.390640259,4.760429859,3570.900799,3,23526.27642,27.4371357,7.187176228,4,135.260437
3102,162.5581512,42.90351486,28.88170052,10.02018833,5.751132488,1265.956692,1,18436.38615,30.11797142,9.777985573,4,37.4376297
3103,30.66304398,38.68435669,17.283041,6.31048584,3.34709692,3029.085419,3,18043.93546,14.12914562,5.526533127,2,209.2135773
3104,127.0872498,26.01304817,19.18480873,9.595898628,5.579148769,3822.390215,3,23997.17995,27.1715374,10.26878071,4,239.7435608
3105,119.5282135,24.47544479,19.94595337,8.863866806,5.697070599,3689.311422,1,23330.73476,29.29268265,7.21281004,4,63.49629211
3106,61.34762573,34.01041412,19.52067375,7.626192093,4.228419781,3459.115578,3,440.4122704,17.79480934,6.2512393,2,78.36636353
3107,88.07312012,21.52825356,12.28966808,4.182333946,2.467789412,3969.927395,3,15014.86845,11.95510578,3.322402716,4,238.6491547
3108,32.05728531,28.17503357,18.22392273,5.564052582,3.519103527,3409.377875,3,15587.33632,12.17226696,5.594244957,4,105.2551193
3109,17.0692997,20.92534065,19.38860512,8.522051811,3.975379705,2937.208559,3,16055.10203,16.0971508,8.825312614,4,260.6553345
3110,11.97128773,39.34497452,18.36467171,6.540810585,2.599707365,3094.087514,3,18074.91348,13.07969093,3.050089836,2,196.9965668
3111,74.2842865,32.14289093,17.90711784,7.669898033,4.999819279,4950.5833,3,1699.518732,15.91126728,7.437211037,2,208.0704041
3112,98.91262054,30.40325165,17.33630943,9.848017693,5.585677624,7810.305881,3,22881.86149,24.62145424,8.011002541,4,262.0083008
3113,157.0671997,29.00300407,18.07291222,9.688884735,5.141753674,10177.22771,1,14873.17714,26.89986229,7.740245819,4,299.1098633
3114,42.37740326,27.41608238,14.93725872,8.384935379,4.576530457,3230.440629,3,17930.9281,24.41730881,7.260250568,2,110.7255554
3115,260.4472351,24.77740288,14.71611881,11.31105423,7.242068768,1084.862205,3,18993.49962,32.83873367,12.00256824,4,100.9050217
3116,149.1483612,33.06615067,21.69595528,9.396499634,5.257919788,2924.461334,3,22507.9334,25.4066143,8.401209831,4,84.49958801
3117,71.91270447,36.46541595,18.33885956,9.924801826,5.445796013,5916.684924,3,27685.61987,21.27791786,8.001889229,4,157.8336487
3118,96.1125412,40.40841293,24.69385719,7.891016006,4.167872429,921.5643092,3,21387.80226,18.22018433,6.509012699,4,53.36588669
3119,38.07682419,30.1408844,20.37859917,9.043684959,5.044434547,486.0397012,3,5904.56738,19.87180519,8.335810661,4,271.1710815
3120,53.95531845,35.66138077,22.63628387,7.050316334,4.109857559,3239.451535,3,3427.799535,13.53870964,6.285586834,2,310.4260864
3121,67.42340851,27.78264999,18.32859802,8.117217064,4.519242287,4010.186162,3,2688.500851,19.74576378,7.711112976,2,235.0606842
3122,133.9120331,33.05874252,20.52774239,8.123196602,4.585985661,1047.230365,3,7823.709109,20.59151268,7.760661602,4,262.5284424
3123,178.1807251,47.35784912,29.6317482,9.361495972,5.693000793,2384.028016,1,21798.03003,30.10890388,8.002292633,4,161.0534973
3124,158.6711884,30.56160736,21.38191986,9.636453629,6.017248631,2041.99701,1,17490.46563,29.53977203,8.52818203,4,59.84545135
3125,64.74360657,30.74266815,19.24923325,9.152929306,6.152686119,3191.490824,3,3335.523219,21.04763985,10.22063923,2,174.3693237
3126,27.15174103,31.26753426,25.0753727,5.871993542,3.581195354,1798.959409,3,1777.408461,13.7909584,6.231106281,2,223.2001038
3127,87.38785553,17.78123474,9.962444305,3.560855865,2.117283344,3798.812014,3,14277.43793,12.58442307,2.84968853,4,235.3048401
3128,110.2690277,24.64136505,16.36822891,7.591018677,4.508898258,7885.84679,3,15328.30623,21.45637512,6.978331566,4,180
3129,124.1411133,20.10840225,12.49646282,8.704902649,6.628071785,2128.978827,3,18407.63657,27.65892792,7.851556778,2,230.1772461
3130,106.8858871,31.72646332,17.53210449,7.259138107,4.143147469,5412.394803,3,28962.90293,16.29510498,7.371045589,4,210.5834961
3131,71.01938629,28.14525414,16.32557297,4.651008129,2.809574842,3519.300367,3,30914.26951,12.42400646,4.721786022,4,255.6346436
3132,96.0335083,22.99517632,12.20349789,5.292488575,3.048508883,3036.483938,3,13496.31914,12.8773756,4.643036366,4,198.4349518
3133,264.506073,22.37366104,16.55722427,8.272061348,5.19182539,8566.078984,3,25877.82532,30.29771614,7.49247551,4,90
3134,51.88840485,28.96837425,19.38071823,8.985040665,6.641425133,381.6729,3,19517.93417,15.3586235,11.01237011,4,77.26280975
3135,175.6210175,25.91997147,15.38471413,8.504541397,4.824574471,3844.891306,3,16601.09793,25.40403938,8.441988945,4,227.0825653
3136,161.5993805,29.42896843,17.76830673,14.50205612,8.044596672,478.8967815,3,19662.49573,33.87297058,13.39530468,4,135
3137,228.7775269,28.29866982,23.71809769,8.441944122,5.449852943,704.7214325,3,20213.95918,31.48250389,6.923447609,4,311.9335327
3138,46.56047821,30.38116074,24.41124535,12.30739212,7.092571735,155.7245575,1,20190.23038,30.28704262,10.91793633,4,329.5344543
3139,66.92300415,29.11256599,15.52920723,7.191925526,4.24629879,6099.763777,3,26525.21382,22.89340019,6.560688019,4,255.3177795
3140,61.36696243,29.99829674,17.08589745,7.249515057,4.398528576,5325.617245,3,27833.61365,22.5668335,5.190629959,4,296.9324341
3141,164.7187958,29.33280373,18.17850113,9.206435204,5.873737335,347.8009978,3,6707.753534,22.08375359,8.422549248,4,82.04647827
3142,159.0328674,29.62819099,16.67056656,9.102266312,4.893032551,1558.621535,3,2834.896743,22.68113136,7.735298157,4,188.9297943
3143,58.05413437,34.55687332,22.80363464,13.31164551,7.024086952,11899.61706,3,14820.73378,29.12236786,10.35198307,4,152.0205231
3144,82.73537445,26.58486366,16.37061882,7.788909435,4.933937073,11839.96755,3,15031.11392,22.89695549,6.182584286,4,289.3231812
3145,69.65359497,29.84742546,14.37302971,7.569360733,3.947515249,2835.505518,3,31402.47786,19.03927994,7.20730257,4,157.1404114
3146,93.39325714,45.29119492,26.07807732,5.626839638,3.291733742,1150.111769,3,25166.27787,12.96803951,5.356207371,4,286.9274902
3147,10.86130142,34.53993607,20.81121826,4.785037041,2.956959248,264.3347135,3,11542.37414,8.476129532,5.146047115,4,216.4692383
3148,17.70567322,40.3706398,23.64063263,7.091387272,4.180888653,79.38409501,3,11724.30466,12.09174633,8.972884178,4,66.10484314
3149,61.60214233,36.18153381,21.46746063,10.73474216,5.922401905,2177.072723,3,1375.926346,22.4087429,8.258192062,2,55.52078247
3150,63.93931961,20.02157021,10.08349895,3.317795277,2.00734973,3216.23339,3,13591.15431,10.19288158,2.638107061,4,250.6410065
3151,124.1685715,32.13486099,17.04660606,11.48621559,6.492900372,9871.722285,3,24285.51316,28.81409264,8.989530563,4,135.9093781
3152,109.2827835,25.01936722,17.14698792,8.593671799,4.644591331,7269.667734,3,27323.06434,24.07022667,7.796444416,4,71.25865936
3153,137.0173187,43.33885956,27.02062798,9.420894623,5.096672058,7681.805462,1,14914.81081,25.13387489,9.357439041,4,49.91656494
3154,57.73331833,38.37384796,22.08346939,11.88835335,6.533096313,7954.840681,1,15457.36368,27.07554245,10.00071144,4,69.62356567
3155,50.68752289,30.88828087,18.10905266,8.341259956,4.95424509,3876.151638,3,29916.43969,18.32626724,7.184973717,4,134.0608063
3156,80.56861115,30.32918167,17.77256966,7.337573051,4.226991177,2577.479358,3,31130.63853,19.53274536,6.504647732,4,89.38394165
3157,37.22883606,40.07754898,17.27050972,8.640717506,4.490645885,3126.083122,3,44.22261651,16.72545242,6.398573399,2,183.2525635
3158,137.4044495,25.02518463,18.23409271,9.00757122,5.371403217,5901.428381,3,15402.01892,27.01224899,9.237231255,4,283.619751
3159,117.820343,32.0410347,19.39701462,9.63955307,6.00560236,7644.395257,3,15202.38373,28.20246887,9.040074348,4,105.6422424
3160,73.57510376,33.84048843,18.89863586,11.75820255,8.411575317,6116.851281,3,26223.96151,24.46137047,11.66615582,4,103.9867706
3161,73.22232056,30.87411308,22.13492966,5.915616035,3.209785223,3298.15731,3,30730.95315,15.36697292,5.533259869,4,295.5369263
3162,46.42835236,37.32764435,18.5192585,9.141926765,4.943003654,1989.361611,3,780.55731,19.73058319,6.610238075,2,167.0788422
3163,42.38589096,40.03526688,17.75625229,8.48546505,4.319550991,2508.308091,3,332.8345205,17.18124008,5.788493633,2,168.833313
3164,14.39823532,33.11604309,11.54957581,5.462138176,3.006860256,1708.253874,3,1751.38832,11.45603752,5.471596241,2,226.4312134
3165,114.8341827,46.39910889,26.55639839,9.748792648,5.195780754,9523.184689,3,24232.48361,25.24634743,8.226222992,4,318.3677368
3166,113.1341705,21.66249084,13.03549385,6.472284317,3.978334188,11777.54617,3,14592.75974,19.1722641,5.448156834,4,267.5805054
3167,15.19848919,23.24242783,7.167378426,3.517158508,1.619462729,3183.981479,3,17797.13172,10.98264503,2.2142663,2,94.76364136
3168,63.66228867,34.81502151,20.17048264,10.00861168,6.367965221,1257.640649,3,1443.576121,20.07320023,9.285682678,2,71.56504822
3169,46.13633728,36.42824936,23.87509537,13.56606102,7.595270634,8310.677632,1,14955.02621,29.13290215,10.21500874,4,58.51543045
3170,109.3780975,31.23089218,17.1744442,8.205336571,4.676613331,3374.957416,3,17490.79354,21.27135277,7.371204853,2,64.48612976
3171,24.23080254,25.52608871,19.14111137,5.93158865,2.83914423,2791.79435,3,17965.43717,20.14797211,6.138406754,2,192.5288086
3172,69.12282562,36.43872833,18.77215958,11.77962494,6.363820553,5758.985831,3,27037.18454,25.91567421,9.694429398,4,171.0817871
3173,157.7453461,32.27962875,24.95735168,8.273231506,4.535648823,1651.751124,3,13478.01675,23.77553558,6.908049583,4,314.4694824
3174,51.2142868,35.66204071,19.16686821,6.145841122,4.488360405,1508.557838,3,4895.686849,11.89336014,8.53099823,2,225
3175,105.9076157,31.78043556,17.3922863,8.306373596,4.862333298,1180.285234,3,2126.302484,19.32256889,8.760129929,2,235.2334595
3176,135.8460388,37.39493561,25.82465744,9.244194984,5.311617851,997.6626641,3,9295.146549,26.29195976,8.269294739,4,45
3177,95.9599762,23.26628494,17.49539375,6.995779514,4.436985016,535.7323858,3,10061.26437,21.68181038,10.29263115,4,73.70042419
3178,137.4988708,26.22881889,17.78580666,8.78993988,5.623208046,3345.711697,1,23318.85041,29.24004936,7.759982109,4,48.60876083
3179,176.1977081,23.83817673,15.03831959,8.460747719,4.999825478,1469.946461,3,21141.45088,25.3457489,9.122952461,4,131.8778687
3180,257.9596558,19.44629478,12.10379505,8.643976212,4.768656731,1193.460934,3,20735.37702,24.65904617,7.541365147,4,168.5112
3181,196.5629883,49.93955994,30.56302071,10.87650681,6.649418831,520.6906285,3,20023.14337,33.73337173,8.764230728,4,34.38034439
3182,145.1213531,22.86870384,16.80381775,11.17388248,7.422879696,91.46106919,3,19783.05374,32.54719925,8.678933144,4,312.8252563
3183,133.6664886,32.43669891,18.18885231,10.85750008,6.412662983,1188.628401,3,10455.08358,27.47548676,10.74434662,4,161.0541077
3184,38.55215454,41.71799088,15.84810162,9.352108002,4.522322655,2527.999568,3,3990.750075,16.30513382,8.299850464,2,90.97102356
3185,66.57756042,34.93318176,25.87377167,8.571212769,4.631071568,8682.485275,3,23419.89943,23.47875977,7.339127541,4,36.60707474
3186,118.2006989,31.28482819,18.33821869,9.934761047,5.751898289,8073.349859,3,22945.58816,28.59373283,7.486460209,4,255.4195862
3187,136.971756,32.13514328,16.86919022,11.62374496,6.000387669,10236.96419,3,24562.4432,28.49437332,9.558099747,4,235.0385132
3188,149.4614258,52.7066803,26.20443916,10.70799828,6.097397804,2977.060992,1,17366.91568,30.254282,7.698497295,4,276.6666565
3189,112.8520126,29.29679489,20.40255737,10.02320099,6.385054111,2550.452445,3,17495.25909,29.70406342,9.104846001,4,246.8014069
3190,103.5169373,28.84318161,21.78409004,6.593690395,3.82173872,5076.753563,3,15946.20731,24.45457268,6.836932659,4,38.84052277
3191,39.29862595,30.08251953,15.10415363,9.669346809,5.607073784,12103.56878,1,14618.67796,20.39945602,7.695706844,4,320.355835
3192,146.6638031,22.43460846,13.83233452,7.311697006,4.425275326,9151.377714,3,14116.94033,23.45363617,7.69033432,4,220.2363586
3193,83.28401184,32.27327728,17.24641228,9.281561852,5.098778248,5891.31703,3,26622.76689,22.30490112,8.358089447,4,209.4516754
3194,171.9968872,30.92847443,23.73736,8.931371689,5.055187702,931.244031,3,12708.57743,25.65433884,6.818579674,4,41.77547836
3195,43.66666412,30.34541893,18.07060051,7.636816025,5.457464695,1966.131503,3,4546.528606,15.70500183,10.58670521,2,189.4623108
3196,60.44119644,36.81617737,22.9961338,6.107815266,3.66639924,2231.099702,3,4535.715042,13.52203465,6.838929176,2,295.559967
3197,58.70336533,37.23461914,24.42402077,6.318521023,3.284813404,2887.940119,3,4100.930912,14.35469055,4.694475174,2,51.15947723
3198,113.3081436,38.61777115,28.90597916,8.399152756,4.710733414,5364.308057,1,15495.0061,24.78663445,7.97254467,4,31.48343277
3199,47.24881744,39.95307541,21.44989395,12.72157288,7.419528961,11693.08845,3,14645.46107,26.19850159,12.36216164,4,177.1014252
3200,99.39648438,28.2420845,15.02262592,7.687021255,4.173439503,6791.749403,3,15479.33263,21.6235199,5.714118004,4,168.6900635
3201,100.6564102,28.59953117,14.66391373,4.416405678,2.519827366,1270.874276,3,11717.02565,8.851565361,3.370601654,4,272.8624268
3202,92.05773163,31.3265152,17.63404083,10.73855591,6.062693596,10997.6235,3,14534.50462,28.34625816,8.466644287,4,156.6395264
3203,140.0163422,21.00118446,17.72628403,8.127209663,5.875146866,9592.616508,3,13677.28035,26.10109711,8.70289135,4,89.38059235
3204,69.70482635,38.46788406,22.85397911,5.495179176,3.247944593,4748.087769,3,1761.785917,12.74306583,6.03842783,2,284.0362549
3205,177.44133,34.19528961,24.74999809,9.239016533,5.407963753,6983.553231,1,15000.82308,26.0180912,7.756040096,4,289.2692871
3206,53.15380096,31.73737335,20.6384201,10.37695599,5.484892368,11778.47704,1,14469.2256,28.04619408,6.768866062,4,318.052887
3207,114.3820724,26.3709507,14.71945572,6.996871471,4.224740982,484.8650346,3,33042.85756,16.61704254,8.252995491,4,118.7397919
3208,7.096468449,36.90862656,17.63339615,4.077191353,1.790926933,145.3380864,3,33345.76978,6.612979412,2.968176126,4,150.5241089
3209,179.2870483,27.89477158,16.49832916,11.30144787,5.8182621,883.6618302,3,12681.8416,29.96829605,8.421047211,4,88.75299835
3210,125.7260361,29.06911659,18.16616249,10.2340889,6.828493595,554.3041899,3,11192.05461,24.78761292,11.88486862,4,229.242157
3211,118.5619888,34.27681732,18.08538246,10.92505646,5.709976673,2465.559331,3,9126.51054,26.22430611,9.73620224,4,304.3803406
3212,73.42381287,31.24699783,16.37699127,7.206002712,3.799878836,2245.973597,3,8679.169864,17.4736824,7.191801548,4,146.76828
3213,59.83876038,33.56804657,17.92419624,7.179405212,4.851583481,4546.68133,3,1942.190295,13.7091608,7.117431164,2,205.2011261
3214,67.53712463,42.71278381,23.67013931,6.09728384,3.399531603,4307.455209,3,1993.730942,12.76777458,5.481552601,2,285.6422424
3215,78.32253265,23.07030106,11.94085693,3.704937696,2.121241808,2135.213066,3,12516.27285,8.606681824,3.458839655,4,218.2236938
3216,72.86497498,21.55417252,11.22467327,3.763567924,2.114456177,2492.453533,3,12921.66244,10.30366802,3.400144339,4,214.3803406
3217,168.4365387,29.1907444,22.7874527,9.70326519,6.517730713,9420.895068,3,25546.60969,31.80235863,10.8859024,4,68.67488861
3218,134.9297943,29.73593712,17.96602821,9.810339928,5.296949387,6087.202658,3,26232.14075,25.16260529,8.590703011,4,194.4108124
3219,149.2588043,30.64785767,17.54726601,9.682858467,5.511834145,5708.44388,3,24992.87163,26.11741066,8.009110451,4,161.8581696
3220,119.818222,26.31569862,15.6644516,8.462792397,4.976296902,189.3872104,3,11951.08668,24.53834534,9.768703461,4,68.34857941
3221,87.42066956,29.69124603,16.98361588,8.668628693,5.081044674,1973.461609,3,8308.103473,21.92081261,8.334152222,4,126.8322449
3222,41.59460449,20.77819443,10.7968483,2.864087343,1.596632838,1880.080712,3,12366.46171,8.494648933,1.99244976,4,266.423645
3223,80.81637573,25.0331955,14.52478313,8.947545052,4.888720512,1680.706733,3,8015.078796,24.36763382,7.566462517,4,210.4889374
3224,103.8341675,35.67434692,17.04776382,11.13961792,5.925296307,1697.673004,3,8094.609994,23.92270088,8.005410194,4,162.8358459
3225,105.4837646,21.90280342,15.83292007,4.840188026,2.945719004,12068.03701,3,14110.42444,15.89636803,3.877086639,4,274.6354675
3226,209.0541229,25.04463768,14.67392349,10.1165905,6.822209358,1857.564153,3,17957.88752,29.22772217,9.880678177,2,239.3019104
3227,126.8900223,27.07295799,18.51190567,10.20593929,5.972699165,5242.234724,3,24227.16465,26.99267197,9.034433365,4,217.7058105
3228,61.37620926,39.46802521,20.06301308,9.069000244,5.164957523,3263.166956,3,687.6572098,18.69223595,7.432854176,2,109.5366516
3229,7.524698734,26.78481674,12.33349514,5.346772671,2.106440067,768.7881286,3,11354.16988,8.972407341,3.240180016,4,258.3638916
3230,12.26104927,31.25841713,14.97450638,4.430702686,1.987056851,1065.108088,3,11611.46191,7.639316559,2.617317677,4,259.8025513
3231,11.57553768,31.02981758,12.32246876,4.358505726,1.503174543,2410.159452,3,12751.10888,7.061788559,3.048745632,4,237.9946136
3232,188.5362091,24.20549774,13.78013802,9.393018723,5.450048447,3352.640667,3,16835.53571,31.26613998,8.229369164,4,236.9151459
3233,116.7713776,23.43515968,14.44754028,5.694506168,3.410737753,11997.05389,3,14400.89851,17.2111721,4.584784508,4,298.7398071
3234,165.3380585,25.94893074,16.4023571,8.577260971,4.979547501,2795.633504,3,17163.6453,25.10253334,8.742835045,2,98.84181213
3235,124.8654785,30.14305305,18.69871521,9.21940136,5.318916798,1817.509223,3,31788.50295,21.50986481,8.807224274,4,220.6012878
3236,57.90810394,30.14011383,16.44380188,5.82371664,3.490042925,3929.575915,3,18527.57272,12.85468674,6.050969601,4,115.7099533
3237,11.03424454,35.89561462,19.55127716,3.760972023,1.918321729,4389.743727,3,17780.45842,6.99607563,3.3713305,4,249.9047699
3238,39.02787399,43.56848907,27.81640244,7.910991192,4.259194851,3692.338457,3,3083.606405,17.30998802,5.953716278,2,35.86044312
3239,174.3574371,21.52871132,11.63450336,7.476994038,4.254415035,987.6309064,3,20510.45036,24.39270782,6.088500977,4,144.51828
3240,13.96346664,26.20345306,12.68687725,4.858191013,2.061307907,1474.129002,3,26950.1401,10.84019184,2.748754978,4,311.0464172
3241,68.65556335,35.82486343,19.23425484,8.992178917,5.700548649,1610.062508,3,27483.26701,16.74687767,10.12278175,4,73.44293213
3242,18.45803261,33.77905273,16.1911068,5.025052547,2.894138813,1485.409371,3,24816.81929,8.562081337,3.714354992,4,98.53076172
3243,83.96703339,28.86146927,20.85531044,5.409040451,3.734006882,2205.045995,3,24969.68774,14.50668621,6.415319443,4,79.04593658
3244,30.6196022,45.54536057,28.50421333,11.19591522,4.806718349,4489.264214,3,17949.51666,16.86917877,8.020960808,4,34.17699051
3245,49.71751404,29.58141327,19.64032555,7.337313175,4.244991302,4338.764366,3,2757.833717,15.39304066,6.620874882,2,274.1352844
3246,159.6971741,30.57208443,17.35255814,8.761363029,4.78907156,1450.147738,3,2803.893183,22.73949814,7.095046043,4,281.0486755
3247,17.79963875,30.83748817,15.88482952,4.085846901,2.310109854,269.972363,3,10859.33545,9.072379112,3.851533651,4,243.275589
3248,191.4221954,28.9937458,18.5036869,10.58568001,6.047139645,2288.846601,3,22405.03936,28.84314728,8.95783329,4,79.15969849
3249,177.587265,24.66330528,14.6542635,9.757521629,5.438980579,817.1653214,1,18272.30972,29.68120384,10.33628178,4,278.7461548
3250,56.68628693,26.28255844,17.50867081,6.085000038,4.367908955,3449.309784,3,30155.5905,16.83771515,5.785887241,4,287.8018799
3251,5.427729607,40.75726318,16.16753197,3.059281826,2.089015961,81.44569098,3,33192.28378,3.895184994,2.70797205,4,267.2736816
3252,44.69327164,24.87307167,12.74172497,3.761599302,2.413846493,4117.762502,3,14893.96191,10.99619198,3.74811244,4,244.7988739
3253,79.82479858,34.13196945,27.81225777,7.98774147,4.581509113,4942.860595,3,27232.22284,24.00168991,6.826834202,4,40.49532318
3254,103.6759262,29.7344799,17.02217102,6.163946629,3.327036619,3024.980643,3,30113.97582,16.71926117,5.353531361,4,237.2013855
3255,95.71122742,36.3698616,20.61605644,7.31315279,5.164681435,629.9573824,3,33425.97524,15.29776096,8.225090981,4,281.8794556
3256,18.08590698,33.47079849,20.9277153,4.566803932,1.896070123,1553.205304,3,27046.90166,9.13280201,3.847513437,4,260.3112183
3257,100.2631073,27.60191536,17.23444176,6.285142422,3.711250544,3423.516122,3,19494.42793,15.92498779,5.86262846,4,77.99770355
3258,53.5619278,39.73010635,19.75930595,9.771933556,5.406390667,1196.573342,3,1209.50499,19.67120934,8.053462029,2,183.189621
3259,145.1458435,28.14304352,14.5576973,9.342014313,5.033157825,1354.761903,3,2961.673146,28.45211983,7.735872269,4,148.834198
3260,75.82014465,29.24007225,14.09477997,3.944259882,2.010998011,1230.591775,3,11569.02667,7.963478088,3.377208948,4,212.4711914
3261,69.70327759,23.37404633,13.0326128,5.177992821,2.960077047,2786.186006,3,16321.54831,13.51950455,5.904817581,4,229.8666992
3262,39.65699005,31.05970573,20.96292686,9.46451664,6.453578472,6697.292955,3,26903.84556,19.24484253,7.095386028,4,173.1002502
3263,223.2853241,24.54428864,16.10419846,10.91646194,6.171299458,2333.008937,3,22394.98547,31.04383659,8.652773857,4,192.8937378
3264,181.3988953,26.09082794,17.37964249,9.945876122,6.351459026,2267.381042,3,22252.72661,31.70922279,8.938235283,4,94.53777313
3265,75.78278351,33.32553482,22.03972435,6.668376446,3.72841692,4675.724928,3,27593.35925,19.36955261,6.120116711,4,273.0127869
3266,72.99430847,36.52989197,21.58825874,7.144823551,4.088533401,2255.857366,3,30609.33244,15.91596031,5.586185932,4,309.8055725
3267,73.72503662,31.6025753,20.56028366,6.277697086,3.563824415,4247.335269,3,28953.52735,17.44512367,5.457620144,4,61.77882004
3268,58.60556793,24.2568531,16.26857567,8.543077469,4.23222065,2490.197665,3,30463.37833,23.30526733,6.808363438,4,330.255127
3269,150.1516724,29.4780407,16.43832588,8.925395966,5.210772514,1579.36795,3,3250.386693,27.32103539,7.654339314,4,218.8113861
3270,142.0947571,30.74909782,20.31935883,8.093740463,5.066955566,2505.510825,3,4910.825697,21.2269249,9.165944099,4,60.12400818
3271,132.3863831,36.2946434,25.07811356,10.93955898,6.803898811,6869.138404,1,27105.99768,26.86766434,9.60970974,4,54.30994034
3272,133.9707336,23.70071602,15.76994419,5.52912426,4.536220551,11205.13329,3,13575.97681,14.61602974,8.536322594,4,168.6900635
3273,261.5415344,24.33708,13.55398464,12.65855217,7.562833309,686.3030508,3,18722.81966,35.08468628,13.57452869,4,99.46232605
3274,74.89154053,30.83998108,20.19211578,11.47483253,6.486298084,5764.596857,3,25852.6155,27.24951744,9.993330002,4,163.3007507
3275,115.4995193,46.5776329,26.17284584,9.852162361,5.447760105,5279.378859,1,25712.48341,25.60046196,8.711082458,4,312.9545898
3276,84.41854095,29.02999306,17.62184525,7.709574223,4.523089409,1939.705815,3,27946.42605,18.37272263,6.625091076,4,108.4349518
3277,57.82538605,23.60095024,13.55127525,3.939029694,2.239925385,1695.255531,3,26259.71328,10.42592239,3.154593945,4,263.2901611
3278,39.87856293,29.23804092,21.19588089,6.473054886,4.106417179,747.7000431,3,5709.682947,15.89614868,6.083142757,4,90.86201477
3279,130.7827454,24.03485489,13.95983601,7.543025017,4.325946808,1212.030421,3,9403.381939,26.3330574,7.500182152,4,103.6958771
3280,183.8733063,28.8365345,13.68547821,9.132768631,5.137253761,3179.56667,3,23316.15214,22.7842865,8.646904945,4,194.7897644
3281,164.624649,30.09570313,20.52700233,9.410563469,5.598065853,7869.333848,3,14066.80121,28.51818275,8.23048687,4,84.48853302
3282,50.74163055,34.03017426,20.07467842,11.40512943,6.18022728,8688.18911,3,14500.03323,24.38038826,8.505915642,4,234.1301727
3283,167.2437134,37.7517395,28.09654236,9.509851456,5.605935097,8598.305664,1,13954.25538,26.87330055,8.321050644,4,61.76255417
3284,77.38817596,39.135849,26.03609085,9.295536041,5.533716202,12445.70767,3,13988.83504,23.2881012,10.59156895,4,47.22133636
3285,97.54199982,32.82130432,21.83597755,9.8376894,5.880865097,11457.13027,1,14145.67877,28.84742737,8.015016556,4,299.801178
3286,92.85423279,29.62698555,17.96084023,7.420777798,4.89222765,3626.591402,3,27442.3442,18.93549538,7.980820179,4,95.85601044
3287,9.198369026,49.35546112,23.7521019,5.548928738,2.5511024,1732.705587,3,27356.16789,8.523923874,4.359473228,4,23.34857941
3288,36.58246231,29.89374542,20.42432594,4.247465611,2.537368059,1867.082034,3,26992.58518,9.420710564,4.266190529,4,270
3289,136.0243378,29.84080315,21.47642899,6.638948441,4.058571339,2463.530141,3,28010.60554,19.3469677,10.04746246,4,55.59399414
3290,100.3966675,24.23827744,15.55531979,6.395939827,3.902053595,1880.901219,3,22107.68574,18.33538055,5.856687069,4,214.5922852
3291,109.3934174,25.45140266,16.16803932,9.512818336,5.866945744,1259.706362,3,10312.38104,27.73946571,7.17571497,4,297.1038818
3292,89.34082794,30.03872108,19.53341484,10.13718128,6.273872375,2380.114352,3,9152.55722,24.59101677,9.671160698,4,226.5664368
3293,147.8544464,26.23959732,16.83661461,9.484597206,5.425892353,877.4216176,3,8001.152836,25.04994202,8.389039993,4,207.7463684
3294,112.3286362,26.14291763,16.59593391,7.201237679,4.857001305,1931.683273,3,8265.378431,21.7359848,8.306727409,4,244.3583984
3295,151.0792084,29.55966187,18.2099762,6.583825588,4.246124268,971.9654936,3,9533.109302,16.27901649,7.305582047,4,48.57633591
3296,26.75324821,34.88114929,19.66659355,4.87922287,2.709193468,61.78197473,3,10533.38716,8.039298058,4.215700626,4,235.3048401
3297,42.34512329,18.72626877,17.91378975,11.91750336,4.331842422,2467.562497,3,30349.13228,28.55329895,6.470248699,4,345.091156
3298,56.17737579,31.85894585,21.4942894,4.907700539,2.888761759,2390.53638,3,26023.69487,11.51538754,4.773916245,4,225
3299,100.012291,32.50775528,17.44621658,9.123327255,5.197706699,1731.334238,3,23970.04707,19.57735825,9.746695518,4,116.5650482
3300,110.5370255,26.3657608,16.35696602,6.458104134,4.112989426,2103.146714,3,22003.70058,16.86567116,5.930256367,4,249.842392
3301,43.1517334,28.035923,23.3158741,7.176251411,4.72970438,3883.076815,3,3202.781287,18.16186714,5.62664032,2,63.43494797
3302,73.96863556,46.04036331,22.97498894,8.731150627,4.48540926,2637.658649,3,347.2891779,18.26025963,6.240143776,2,67.82325745
3303,65.29286194,46.96390152,24.99846458,9.141008377,5.011836052,1845.303815,3,290.396531,18.23123932,6.597814083,2,51.58194351
3304,114.5717697,27.76768303,14.24890518,9.585420609,5.050619125,2526.237842,3,4280.658404,27.04737663,7.168593884,4,144.9639587
3305,137.9041748,31.96673393,17.88982201,7.177827835,4.605642796,2036.11725,3,5001.794907,19.05544281,10.60189724,4,106.3895416
3306,49.99337387,38.04428101,27.73560333,8.366027832,4.990231991,1237.628023,3,5490.516259,19.09129143,11.33445549,4,319.1767578
3307,79.3463974,40.90010452,27.4619751,8.375395775,4.560572624,973.6333853,3,5661.033139,17.76151276,7.926932335,4,38.29016495
3308,18.61619949,34.09456635,16.90358353,5.245213032,2.823417187,1747.012502,3,24504.00643,9.635468483,3.771150827,4,243.4349518
3309,110.3821335,22.32821655,15.11022186,6.782757282,4.164182186,2801.965514,3,21672.65139,15.66076088,6.920604229,4,188.1300964
3310,95.24433136,21.65291214,14.85038185,6.490494728,3.934423208,2649.497884,3,21006.96199,16.88974571,7.871507168,4,175.0927429
3311,45.8133316,34.11500549,24.27345276,8.685463905,4.197684288,4921.672407,3,17832.01274,18.78108788,8.118398666,4,46.39718246
3312,109.5433273,20.39616394,13.13529778,5.445268631,2.950060844,4678.607743,3,16578.42634,17.5412159,4.652095318,4,225
3313,79.70040894,25.33914566,14.43226242,7.525170803,4.925209999,3120.541613,3,14961.51251,22.3269062,8.448393822,4,213.0558167
3314,62.5182457,21.71749115,10.50133324,4.18066597,2.315277338,4105.119527,3,14553.36044,11.4627924,4.178491592,4,241.7603302
3315,122.1394348,46.30779648,26.05231667,10.72980022,5.670504093,7805.928181,1,22572.27076,26.93133354,8.035490036,4,304.0888672
3316,68.72903442,31.94527626,20.15848923,11.07784367,5.74932766,6183.813637,3,26409.59383,23.18820572,9.931862831,4,60.37625122
3317,170.572052,24.5286274,14.27227688,10.12639713,5.309717178,830.9092393,3,20279.3628,31.03984261,7.93063879,4,196.5873413
3318,39.64801788,31.66105461,15.82819843,6.280234814,3.452187777,1916.816747,3,31752.56634,16.26844597,5.314132214,4,185.4773712
3319,33.90150452,38.91944504,17.75281143,8.428534508,4.797764778,1946.035762,3,31523.94694,17.86467361,6.075578213,4,92.18341827
3320,113.3921814,23.27700233,16.46493721,5.408703327,3.021672487,5177.808539,3,17104.34498,15.11408997,5.778560638,4,236.9091034
3321,10.73173237,27.61429596,13.72066498,3.269778013,1.80869329,2088.978339,3,12423.62626,10.38282299,2.234633207,4,238.1340179
3322,121.0979385,22.50265121,16.64961243,9.54220295,5.821928024,4635.64878,3,24062.91316,30.10224724,8.75057888,4,214.4608154
3323,31.85897255,34.56635284,19.48712921,6.604284763,3.878055573,610.8019758,3,6151.239794,11.36079693,7.314656734,4,247.905777
3324,101.7755966,34.36483383,15.11449814,8.587315559,4.998518944,2024.4564,3,8283.265654,22.96972847,7.762280464,4,187.3523865
3325,158.6197357,32.07253647,18.36570358,7.996948242,4.161348343,2954.446301,3,13187.20674,14.26248932,6.213660717,4,174.8629761
3326,171.4244995,30.87280846,18.50136185,5.556753159,3.161253452,3556.308081,3,13760.09904,11.70481014,4.753145218,4,284.8586121
3327,45.10559845,33.53094101,19.05938911,4.229226589,2.836352825,3072.486322,3,16094.03683,9.250543594,5.808084011,4,252.6164856
3328,33.62665939,37.26520538,19.69397926,7.15470314,4.188225746,137.1164822,3,18750.29761,11.79059505,7.255684853,4,115.0168915
3329,48.64530945,30.30810547,21.2537365,7.14781189,4.189437389,1824.394275,3,22955.01579,17.54631805,8.093486786,4,236.2264099
3330,48.55693054,33.0966568,22.97714996,8.559056282,4.703245163,2035.281503,3,23552.46908,16.97891808,8.38179493,4,296.090271
3331,35.78450394,25.71331978,15.70584488,4.882875443,2.47262764,4070.012432,3,15951.68887,13.1814003,3.862368584,4,241.6992493
3332,61.78785324,30.06682014,22.08703613,5.952851772,3.505038977,3315.946893,3,3793.97025,13.89766312,5.381922722,2,271.5720215
3333,30.13425636,33.68680954,22.42000771,10.01316357,4.903420448,1462.810666,3,932.2385664,19.87960815,8.39852047,2,192.1090851
3334,166.610321,29.16166687,16.82476997,10.58121967,5.780495644,7701.867613,3,22100.12588,29.69452858,8.987715721,4,162.4744263
3335,83.44161987,27.70192146,18.67078972,8.543308258,4.844185829,9125.310591,3,23447.04003,23.56982422,8.606643677,4,94.96806335
3336,141.7406006,27.43067741,16.86750221,10.2653141,5.726019382,424.3147608,3,19588.80758,28.30521584,10.22360706,4,150.7511749
3337,52.17089081,29.69488716,18.7992115,10.19047928,6.305307865,33.18629814,3,18789.47645,22.04045105,12.60146999,4,153.9704132
3338,98.80951691,36.30252075,25.64310265,8.756546974,5.691725731,4619.024882,3,23130.128,26.09051323,7.842087746,4,298.4829712
3339,112.0526886,31.18610573,24.74737358,9.613999367,6.23617506,5191.704174,1,23557.47025,28.07534218,7.659771442,4,38.10757828
3340,78.32845306,37.57138824,22.90382957,9.614479065,4.893470287,2486.504643,3,495.8236407,19.32808685,7.565200329,2,92.82483673
3341,172.8015289,36.4678688,19.23439217,10.09206009,5.531200409,2545.046138,3,4303.989581,25.37102318,9.335511208,4,73.87367249
3342,84.64454651,31.76039886,18.59765816,7.862723351,4.555543423,1973.241112,3,8475.677885,20.5049305,6.634820938,2,257.4417419
3343,137.9730072,25.5813694,14.16585159,9.911123276,5.604235649,9896.569063,3,24620.26886,29.13396072,8.811674118,4,220.3412933
3344,176.8667297,20.93245316,13.77660751,7.634392738,4.777329445,3567.978233,3,16349.56348,27.41920662,7.9747715,4,236.0134888
3345,178.6480255,25.07329178,15.48978043,9.129395485,5.144517899,4314.052845,3,15844.31434,27.41934204,8.909312248,4,188.5201416
3346,75.23036957,43.83451843,29.39853287,9.03621006,5.46333313,5377.463064,3,26104.83683,25.81841087,9.765222549,4,30.34417534
3347,83.81943512,32.56103134,17.11964035,7.017148495,3.945636988,520.7719202,3,32148.52778,14.99077511,6.85201025,4,149.6763916
3348,148.3514557,26.360466,15.86289215,9.99341011,4.95526886,521.7442163,3,7320.591396,25.29187775,7.566224575,4,179.4437561
3349,88.09324646,55.60313797,24.78657532,9.621944427,5.042766571,1588.161128,3,136.8746122,18.0285511,7.040262699,2,309.4245605
3350,26.03987503,27.73459053,12.77796268,3.139270544,1.791634798,3437.129796,3,13897.01258,8.618157387,2.495529652,4,252.8972778
3351,85.17434692,21.85393143,11.65858841,3.250142097,1.986218333,3546.856709,3,13976.86015,9.237362862,2.471909285,4,248.4985657
3352,110.4956741,27.76190948,18.43881416,10.82135582,6.069411278,10173.23434,3,14146.88908,28.31360245,9.132374763,4,183.3664551
3353,153.5126038,29.65855026,22.15091133,9.09264946,5.242339611,2208.267255,3,20648.82569,29.99180412,8.371254921,4,56.01032639
3354,93.77297974,34.05990219,23.98606682,8.795770645,4.821986198,5273.05942,3,26875.43088,26.41236115,6.888601303,4,295.513855
3355,99.03128052,29.47609329,20.18647766,9.589824677,5.419476986,5201.07732,3,26538.35375,23.68912697,9.091195107,4,265.6012878
3356,3.662959576,41.471138,19.70172691,2.20122242,1.188277245,967.356711,3,5682.05248,3.472126245,1.269079089,4,198.4349518
3357,90.03770447,31.42334175,20.8959198,6.625014305,3.936001062,541.9266673,3,9781.762834,16.19976425,7.067542553,4,64.35899353
3358,142.9190216,27.21867371,19.66118622,10.7476368,7.009488106,241.7078664,3,19380.15595,28.82017136,10.53108501,4,272.8155518
3359,214.8023529,26.05820465,14.60426807,10.37716198,5.933521271,914.7324953,3,19529.20704,36.34397888,7.826481342,4,269.5341797
3360,89.57795715,25.53162956,16.68335342,6.491055489,3.964005947,3287.8026,3,27946.9144,18.50605392,6.438192844,4,240.0684814
3361,93.12986755,28.33925056,18.00119019,7.309945107,4.135257244,3478.996739,3,29081.27453,21.10743332,7.55636692,4,74.93151093
3362,107.5505753,30.56850052,15.3410902,7.557365417,4.209410191,1898.533905,3,30936.58476,17.76020241,7.173617363,4,142.8533173
3363,33.4835968,43.08226013,26.35763931,5.870119572,3.200937748,4408.982613,3,18168.26419,11.41701508,4.347995758,4,321.8427734
3364,69.5769577,32.63135529,20.15748596,6.733710766,3.477069378,3865.782781,3,19103.64295,17.2132206,6.501892567,4,45
3365,27.81583786,47.78556061,25.58709908,10.84505939,5.63457346,1356.839213,3,799.0242584,20.73684692,6.459005833,2,48.57633591
3366,48.98841095,43.08448029,25.33488655,9.120864868,4.994261265,744.8006251,3,998.6259949,18.28844833,7.485257149,2,71.25366974
3367,26.70257568,28.12147522,13.21751976,3.814744234,2.122167349,2875.306621,3,13337.13409,9.944354057,2.834147453,4,243.4349518
3368,201.5058136,27.32048225,17.34813881,9.379198074,5.608187199,1616.060587,3,20161.82299,28.44000816,8.878332138,4,72.99432373
3369,129.4056854,31.22742462,21.54890251,9.866550446,5.997149944,2633.745445,3,21011.81036,28.14490318,9.33387661,4,291.1940613
3370,83.72007751,30.05711937,19.01690483,8.153905869,4.678807735,1054.336393,3,7301.10565,20.03386116,7.530407429,4,198.9703979
3371,72.20509338,30.90851212,18.10756111,5.213006973,3.449831724,513.2348664,3,10823.73157,10.56665421,6.095173359,4,261.4692383
3372,134.4369507,29.52987671,16.44476318,9.452760696,6.087234974,3948.364545,3,22758.98971,27.05161858,7.887003422,4,85.60129547
3373,81.30057526,29.10839653,18.75268364,5.821957111,3.214635611,2578.99053,3,30069.48634,15.45307159,5.119992733,4,241.9908295
3374,66.83026886,32.11188507,15.81508923,6.169945717,3.277339458,1860.432613,3,31263.54093,16.20134735,5.516685009,4,118.6104584
3375,138.0743256,22.39500809,17.2236805,8.498222351,5.440324306,3071.460638,3,30380.65082,29.17328835,8.463022232,4,224.4000549
3376,25.06474304,32.93959045,20.33138847,5.511636257,4.133917332,2752.09547,3,13211.17031,11.82186413,5.183074474,4,241.7672424
3377,39.80308533,42.40048218,18.59936333,11.5875082,5.547143459,2630.859038,1,16948.5303,25.70810509,7.868496418,4,46.20975494
3378,95.26857758,26.95389748,12.06197739,9.960731506,5.757217407,3079.710903,1,16816.74129,33.21861267,7.718080997,4,285.3851929
3379,81.8684845,21.25933266,20.92045975,7.584321022,4.996228695,2941.787702,1,16801.81279,29.68834877,7.994854927,4,253.0554962
3380,67.89289093,29.20517921,19.23739433,11.21392632,6.971250057,9295.743736,3,14062.48669,26.20131874,9.041478157,4,221.0995026
3381,111.5045929,30.58181381,18.16386795,8.888427734,5.316082478,12405.42021,3,13614.38678,22.72130013,9.61874485,4,233.2566833
3382,119.0380478,24.08540344,18.94863129,7.343837261,4.441781521,7791.688238,3,14685.35173,22.77588272,7.763358593,4,61.60697937
3383,79.24892426,19.60561943,11.67528439,5.806325436,3.394196272,6509.444581,3,15360.28617,18.60894203,4.368130207,4,233.1300964
3384,69.74094391,32.07761383,16.0916729,7.043991089,4.666692257,995.2812591,3,31706.29229,16.76631927,7.178347111,4,209.4225159
3385,2.438006878,50.25690079,14.73720264,1.726881146,0.89795655,1031.827504,3,5602.7597,3.390394449,0.968439281,2,218.9526215
3386,149.2228394,34.87205124,19.14387131,10.18697834,5.096894741,1874.328345,3,3602.99128,24.42160797,7.756430626,4,101.0977325
3387,28.91225433,21.75710106,13.92187691,3.427923918,1.989123344,1960.548487,3,12423.59162,8.513093948,2.679083586,4,214.4554291
3388,122.6404037,33.72407532,18.22831535,9.785081863,4.641038895,446.3767393,3,19172.50691,31.53595924,6.935163975,4,333.0686646
3389,27.7025032,29.41316414,15.98099422,3.49955368,1.94783783,1436.027883,3,31573.528,10.37756443,3.148211956,4,223.3634186
3390,59.1507225,32.76249313,19.25027275,9.334565163,5.405929089,2064.915264,3,24426.40415,21.47103119,9.330251694,4,171.3628693
3391,109.014328,35.26898956,19.81708717,9.769146919,5.275459766,1650.194713,3,97.20139885,20.13424683,7.407725811,2,102.6525574
3392,88.76371765,30.70970154,18.73319244,6.887243271,4.713951588,242.2894443,3,6662.858876,16.06898117,8.239888191,4,246.6863556
3393,237.0480042,42.92814636,28.95793915,9.220584869,5.410188675,7894.162452,1,26210.60791,29.26323318,8.033993721,4,306.5288696
3394,77.13259125,28.00349045,19.33722878,8.997056007,5.631945133,11299.28751,3,13761.31023,31.61359406,7.311212063,4,233.2567444
3395,129.6084747,25.31692505,18.66104317,8.72052002,5.329890728,4789.288734,1,24711.65793,29.8114357,8.361026764,4,308.5712585
3396,153.7404785,35.72597504,28.27505875,8.276111603,4.73824358,4439.827928,3,25033.52373,28.79813766,6.574650288,4,31.95436478
3397,78.55943298,24.65316772,15.9244194,5.207631111,3.266143322,3472.401123,3,15317.16951,14.35515785,4.045224667,4,104.5023727
3398,39.9505806,37.4514389,19.75811386,10.47458553,6.299312592,540.1880067,3,6065.378759,19.87018013,10.94242764,4,179.0608063
3399,8.638626099,34.81017303,17.52685547,4.311941147,1.730143666,887.0692293,3,5803.015269,8.333754539,3.127410889,4,108.4349518
3400,122.9310532,39.4968338,26.92685127,11.13803005,7.085462093,10476.33,1,13588.5115,32.3996315,7.915369034,4,326.8336487
3401,96.52464294,23.95586967,14.51764965,4.670688629,2.680202246,4592.025443,3,16437.81406,13.39241409,3.937865973,4,257.5226135
3402,3.763715506,35.66224289,17.77458191,2.606479168,1.434183121,1089.379587,3,5642.805727,3.833870173,1.736807466,2,279.4623413
3403,78.74178314,44.0722847,27.89553833,8.734213829,5.353056908,416.8304414,1,18413.78279,20.89046478,10.12347889,4,328.6005249
3404,61.65382767,32.79198837,18.59691238,11.68533802,5.887896538,729.3198875,3,18100.99071,27.72328949,10.40677261,4,235.8564148
3405,154.7997589,53.17362976,28.64951134,9.044186592,4.7315979,2683.7744,1,16464.87399,26.8362751,8.176766396,4,302.957428
3406,275.9277039,26.5490551,18.90948868,11.00161552,7.08164835,524.2765502,3,18829.3572,31.64126015,10.99242973,4,292.109436
3407,101.7242889,26.05065346,15.72512722,5.256999016,3.099999428,5059.763094,3,16937.31351,13.59138203,5.845152855,4,242.9279175
3408,63.06407547,51.55899811,29.21556091,9.125577927,5.985118389,2025.296441,1,9499.529609,22.93341637,9.654875755,4,259.444458
3409,119.6305237,30.78319359,20.90183449,7.89022541,4.439889908,2402.545163,1,16723.09722,25.86073685,8.086476326,4,76.842453
3410,138.5591736,23.69406128,13.84071445,7.033959866,3.886543274,8177.637812,3,13887.16305,21.4121666,6.749272823,4,228.5763397
3411,130.1612396,27.38042259,15.77283192,9.400047302,4.99367094,6233.830192,3,14679.70741,25.59626007,7.640851498,4,198.130188
3412,169.4771271,23.74774361,14.16312408,8.827227592,5.833755016,1435.252885,3,17716.53003,29.81136894,9.386667252,2,213.2146454
3413,200.6311646,23.59793282,14.37871456,13.97110939,7.713188648,452.0408875,3,18374.39282,35.98237991,11.75919628,4,102.963028
3414,14.21807289,21.74427223,12.36700439,3.117618799,1.458380818,1610.478066,3,11968.19135,6.195728779,2.057450056,4,214.3803406
3415,110.3199615,26.0494976,16.30084038,5.470816612,3.250051498,4298.030972,3,15780.43863,15.63823605,6.236094952,4,125.753891
3416,108.9132919,33.13666534,18.39081573,10.91294765,6.077694893,5404.094133,3,25551.75614,28.38130379,8.779454231,4,191.6114807
3417,137.9125824,24.32816887,13.52358341,9.665626526,5.942061424,1398.923491,3,17592.60187,31.47118568,8.470457077,4,226.2188721
3418,130.1930237,30.61092377,14.12474632,8.271796227,4.326830387,5885.820745,3,14883.68002,22.39464378,7.220399857,4,132.2297821
3419,4.984726429,33.77219391,17.15401649,2.743113518,2.690282583,492.6044009,3,6054.36845,5.547614574,1.143081784,4,221.528595
3420,114.9774628,26.42735672,19.36054039,7.413279533,4.311821461,1322.669892,3,9234.519883,20.84700203,7.083648682,4,60.33328247
3421,15.97150517,25.97158813,9.610785484,3.170938253,1.646943212,1990.60049,3,12379.13203,7.765018463,2.407726288,4,219.1401978
3422,25.20241165,27.24228477,13.51492119,4.335100651,2.373558283,1403.156357,3,11858.38474,8.688111305,3.300654173,4,197.4471893
3423,27.38412094,27.49673653,11.18333912,4.547851086,2.800070047,4287.346862,3,14649.92146,8.695928574,3.159377575,4,259.5006409
3424,74.21936798,51.30983734,28.23243904,10.02983379,5.863566399,5590.147724,1,25823.28245,25.93544579,7.597846508,4,309.5655823
3425,143.3862457,46.05689621,28.22677612,10.36875248,6.805582523,413.8772493,1,18796.35015,27.17433929,12.43256855,4,311.2309265
3426,67.96599579,50.85744476,26.81095695,5.058186531,2.850396872,2711.426141,3,26543.75985,9.651678085,4.296282291,4,304.1144714
3427,157.41716,25.28438377,18.27756882,7.15994978,4.28380537,4176.370918,3,19920.86767,21.25706863,8.098824501,4,90.1824646
3428,165.2918854,37.26708221,27.72480965,8.279280663,4.88572073,4812.922499,3,19255.07533,22.65771484,8.973642349,4,319.2434998
3429,112.2274475,33.27925873,18.42812729,9.494148254,5.600771427,630.732027,3,11027.83124,23.03264046,10.09124851,4,221.6335449
3430,77.85059357,31.04402924,19.43885803,5.040027618,3.436058998,2279.745274,3,5146.193458,12.07593155,7.959412098,2,251.5650482
3431,21.62434196,33.65843964,11.36161709,6.351964951,3.324441671,2057.46471,3,4786.221088,14.56595325,4.503890038,4,136.2188721
3432,78.38948822,20.59804344,10.01265907,3.633569956,2.220641136,3150.629447,3,13562.24306,8.934960365,2.53104496,4,258.6900635
3433,55.37929153,24.05289078,14.0777235,3.884856939,2.47480917,3576.798481,3,13925.13961,8.885786057,2.755516052,4,270
3434,114.4348755,22.55238533,15.06993866,5.372177124,4.381889343,10836.21304,3,13540.06367,15.09349537,7.5489254,4,241.3822937
3435,8.192304611,50.89705276,22.37093353,4.750304699,2.246414185,2324.32589,3,27317.03879,8.009514809,2.961626291,4,267.510437
3436,72.99950409,38.85441208,25.22937584,7.709614277,4.586714745,671.5426385,3,6676.188408,15.76156044,7.60969305,4,298.3007507
3437,36.51860428,46.86801529,27.28141022,8.710345268,5.465061665,746.1545095,3,6106.338814,17.79419327,6.63455534,4,299.0546265
3438,47.07619858,34.93431473,19.58920097,7.730242729,4.579639435,3054.645884,3,1256.260292,16.52015114,6.35230732,2,256.285614
3439,76.89498901,33.72882462,24.34485245,8.082748413,4.854733467,540.5619334,3,5807.875354,21.23237991,7.561695099,4,35.41705704
3440,118.1016617,32.51992416,27.16456985,8.905077934,5.594909668,3669.181004,3,30708.19317,27.03899956,8.019760132,4,58.27639771
3441,84.55574799,24.20837593,14.45765972,5.958692551,3.318205833,2239.948102,3,28103.56341,18.00800705,8.605861664,4,63.66691589
3442,95.47135162,20.31224442,14.26822472,6.033071041,3.776296377,3129.448013,3,20731.57109,20.45718002,6.973635197,4,247.7824097
3443,118.9230423,31.39519691,19.98391533,7.91854763,4.368369102,5547.859563,3,18112.81355,19.76362038,7.066603661,4,64.33480835
3444,48.43480682,59.56298447,25.82793427,7.598093987,3.939513206,2959.362322,3,576.8681568,15.72047424,5.754799843,2,336.1247253
3445,5.666316509,46.94739151,15.74137497,4.907812595,2.731452703,412.7483029,3,1540.838954,7.530619144,3.352069139,2,236.7572784
3446,106.9182358,32.29453278,18.35955811,9.506915092,5.116894722,750.0082097,3,2133.890585,22.48784447,9.57711792,2,208.237442
3447,90.79000854,27.07311821,15.54203129,10.63689232,5.42632103,9386.552691,3,23636.11854,27.77383614,8.439635277,4,202.9128265
3448,177.3781281,25.68988228,15.9956274,8.818357468,5.015539646,7052.551391,3,26366.28937,27.57764053,7.961716175,4,112.2333069
3449,90.50603485,24.34853363,13.0719738,5.673325539,2.884691715,2549.787912,3,29768.90642,15.57225895,4.218061447,4,307.4053345
3450,114.6519775,42.31941605,28.25114632,7.684671879,4.511216164,1642.632357,3,32535.14498,20.43746758,7.620425701,4,300.5999756
3451,60.28520584,26.88139153,18.42580032,6.081473351,3.503569603,3535.843487,3,20007.43539,16.63902283,6.552588463,4,58.13402176
3452,60.28539276,36.1934967,24.15811539,7.800573349,4.296503067,2062.865248,3,8952.661927,17.8936348,6.821912289,4,46.39718246
3453,43.52283096,27.30643463,22.46706581,5.245170593,3.241795301,4065.035413,3,3417.317551,16.06072998,4.532363892,2,59.29361725
3454,19.44210434,24.45272827,11.32981491,2.855549097,1.669810534,2025.637789,3,12488.28141,7.77874136,2.113106728,4,227.4465942
3455,32.82274628,39.48600006,19.52959442,10.07560539,4.780274391,5838.675714,3,26068.72445,19.25689125,6.653738976,4,118.3007584
3456,221.4568787,26.373909,15.13894558,9.234700203,5.02791357,3922.025153,3,24045.37949,25.24907303,9.425786972,4,193.2985687
3457,129.0917816,32.91040421,18.94358635,10.39918613,6.026879311,1345.043582,3,17521.38427,28.35151672,9.689391136,4,256.492157
3458,75.69800568,32.60116196,23.1167202,7.337748528,4.049898624,5051.630999,3,26060.72078,21.55475235,7.925293922,4,51.0090065
3459,232.5750275,31.89193344,19.51371384,9.031358719,6.011046886,498.6810492,3,12184.33837,21.30378723,10.47218323,4,63.43494797
3460,125.3063965,27.45011139,14.9063549,10.76001549,5.545070171,1439.772657,3,10070.33671,27.39664841,9.139006615,4,204.3903046
3461,24.32341766,36.22901917,17.99676132,8.310370445,4.2498703,400.3130578,3,1360.153159,15.46368122,7.183250427,2,84.26325989
3462,92.44416809,23.31082726,19.12730598,7.477141857,4.487715244,1377.074546,3,5012.536837,24.28455162,8.183829308,4,267.7888794
3463,11.0360775,26.26369667,10.23998356,2.143500805,1.287151694,2132.251732,3,12597.61171,7.396698952,1.649533987,4,254.0546112
3464,139.4629822,36.09928131,20.78386497,13.06729507,6.790229797,9658.219649,3,24438.48163,31.60954475,10.33874512,4,288.920166
3465,169.9214172,26.82849121,15.58279228,9.879678726,5.784615993,4649.682099,1,15486.07418,30.99348259,8.060041428,4,279.192749
3466,100.7240524,31.72261047,21.82752037,7.642489433,4.652980328,1965.750511,3,28711.57871,21.25137901,7.280354977,4,272.8912659
3467,29.20706177,59.43141556,21.81076622,11.03367805,5.055100441,2599.339842,3,31372.9911,24.83000374,7.216987133,4,323.8690796
3468,89.31253052,30.52172279,17.84357834,12.18664169,7.232883453,20.62317205,3,6907.897647,25.3001194,10.14255047,4,120.5999756
3469,9.302426338,25.70942879,10.53681087,3.851764917,2.014905453,2737.439312,3,13184.45183,8.718245506,2.049172163,4,258.0238647
3470,155.7473907,29.13083649,17.8392067,9.812672615,6.099658966,8171.389087,1,22435.71087,29.71972466,7.636458397,4,272.6844482
3471,105.3744736,41.30992508,27.89414024,9.368353844,5.565922737,11172.85671,1,13336.73463,26.71858025,7.317048073,4,47.43198395
3472,150.3596649,30.09517097,17.2631588,9.325810432,5.523835182,4274.082089,3,16374.40238,23.50565529,8.216054916,4,113.6293793
3473,122.6998138,34.48424911,23.23116112,7.27854538,4.189960003,4410.755077,3,26191.42433,21.19085503,7.204492569,4,277.1746521
3474,100.2499161,33.89414978,18.2303524,8.72399044,4.94475174,2541.856477,3,28295.71374,19.65417099,8.357071877,4,127.7697601
3475,129.2527618,23.45755005,21.28516197,7.702801704,5.1909132,3390.644277,3,31816.93616,27.55827522,7.890346527,4,59.38139343
3476,17.94840813,17.58358955,8.856851578,3.743788004,1.901290417,4154.976421,3,16017.74507,13.28007507,2.594775915,4,200.5560455
3477,125.4058456,27.1164341,15.22130299,6.745029926,4.033031464,1618.513691,3,9850.925379,23.19667625,7.777683735,4,254.2488251
3478,74.37728119,43.18552399,25.24299431,9.082502365,5.086268425,265.4077728,3,1052.861274,18.8156662,7.844219685,2,79.64372253
3479,80.97080231,27.36506081,18.63754272,11.96189499,6.524730206,4318.373725,3,24463.98987,32.91086197,11.81037712,4,196.504364
3480,108.3591537,44.78422165,28.52560043,9.864832878,5.142163277,934.3708494,1,17890.77401,27.83718491,9.299323082,4,36.05461884
3481,72.7564621,30.80231667,15.76115227,8.629573822,4.666525364,1281.847665,3,17560.79613,18.42576981,6.571712017,4,278.1300964
3482,90.95991516,27.19515228,23.0980854,9.372924805,5.7952528,9031.892246,1,13897.59103,29.96298027,7.956638813,4,27.07001305
3483,99.06822968,27.12014008,15.29432392,6.435945511,3.665176392,10598.81966,3,13304.4566,17.34726906,6.754432678,4,186.7661743
3484,20.97808075,34.61907959,21.67865944,4.739365578,2.53646493,2412.403351,3,27493.50189,10.38408279,5.230731964,4,41.82017136
3485,15.60820961,36.18614578,18.69668388,5.633133411,2.178599834,2438.867426,3,27143.67262,8.469662666,3.879691362,4,259.4121094
3486,16.6200161,32.75610733,20.59145355,4.891159058,2.785606861,2334.770751,3,24030.26015,8.876832962,5.204204559,4,95.52754211
3487,46.10154724,35.65274811,26.23206902,7.509083748,4.586717129,2217.250308,3,23228.62892,17.24226189,7.410676479,4,53.18286133
3488,68.9746933,51.86511993,28.78446007,7.942163944,4.42594862,2244.202104,3,376.2594001,18.35364342,5.582745552,2,329.0362549
3489,86.32125092,33.61346054,20.54845619,9.97071743,5.572841644,1798.912998,3,39.0812147,22.97654343,7.265649319,2,87.11682892
3490,17.98816681,22.66729164,12.76956749,2.544957638,0.952506483,2351.785036,3,12804.24451,8.811449051,1.47723484,4,269.2655945
3491,63.88259506,30.64333534,17.35719872,9.854128838,6.506558418,9603.369817,3,23664.82096,29.79798126,9.157662392,4,158.2976227
3492,148.1407928,50.33432388,29.66681099,8.517205238,4.8782444,6428.337601,1,26362.13459,24.45856094,7.014357567,4,311.2472534
3493,170.4673767,29.61414528,19.19414711,7.475894451,4.478791237,5933.935597,3,26130.26655,20.46627426,7.863273144,4,52.40722656
3494,38.61373901,36.31772995,13.29847527,13.70205402,5.335077286,4602.714054,3,24764.1803,26.89080048,10.33016491,4,213.1179504
3495,38.38140106,36.90645599,24.00528336,11.5405283,6.661829472,9780.486441,3,13511.86203,27.25403786,9.698562622,4,242.3971863
3496,120.1651993,48.22883987,26.80326271,11.23023987,6.195485592,12107.81648,1,13297.45718,27.76237488,9.23373127,4,308.9909973
3497,139.2507172,30.15698051,17.40442657,9.817090034,5.17569828,4122.121819,3,15614.86228,25.85257912,8.007824898,4,179.8545837
3498,108.9180603,27.45479965,15.71238613,7.954523563,3.799309254,3819.87409,3,22183.97477,22.81498146,5.917176723,4,128.0887756
3499,112.5675201,27.74834442,22.23761749,7.220109463,3.945979595,4257.448002,3,25746.09017,23.23217392,6.081959248,4,51.64347076
3500,121.0678635,30.08494568,23.96836853,9.577857018,5.356953621,3792.310292,3,31435.1688,26.81178856,9.01425457,4,262.8157349
3501,112.6343155,24.07949638,14.66873169,7.150277615,3.740548134,2458.590069,3,22183.8892,17.93531418,7.634110928,4,213.99646
3502,138.7177887,48.99255371,28.16361427,10.58089256,6.528887749,1772.074108,1,17043.77499,30.79475784,8.929729462,4,313.9646606
3503,63.44699097,25.41573524,17.49442673,9.32267952,6.315078259,11793.03807,1,13219.06758,28.3786602,7.718420506,4,254.7845306
3504,113.0389633,17.97525406,10.36985302,7.563623905,4.21744585,1287.045687,3,17595.13894,30.54126549,7.501736164,2,204.1466522
3505,172.1163025,35.20265198,25.54383087,8.13548851,5.043176651,3228.528715,3,28255.33064,21.79470634,9.885489464,4,63.96837997
3506,155.3809967,24.94301796,19.08456421,6.915670872,3.982771158,3625.302639,3,28319.92447,22.56302452,7.45931673,4,73.39302063
3507,126.335556,25.76847267,15.87982273,8.947033882,4.761549473,2821.285692,3,14597.9233,24.67758751,8.127597809,4,217.727066
3508,139.0343781,46.17064667,29.11589432,8.238723755,4.389812469,5936.889798,1,15007.26323,23.14925385,7.342395782,4,39.28940582
3509,161.5331421,27.35827827,17.63477325,10.32451153,5.530401707,5220.930058,1,14957.33062,28.64268494,8.741225243,4,182.238205
3510,110.6410675,36.21244049,23.82625961,6.400568485,3.949034214,3526.579578,3,27016.93097,14.90166092,5.976883888,4,296.5650635
3511,55.24060822,25.23472595,15.74590397,5.437267303,2.94205904,3764.46039,3,1886.649396,16.62120628,5.539256096,2,240.1634827
3512,64.96025085,32.6421051,17.78908157,6.364189148,3.601936817,3429.887372,3,1592.355148,14.35252953,6.292028904,2,178.9769592
3513,114.5803375,30.58661079,16.87665176,9.314293861,4.951199055,2187.151966,3,3890.104338,25.18267632,7.998682976,4,193.7905426
3514,76.25119019,32.49481583,19.76408768,10.78026485,5.826392651,2008.859806,3,4506.551547,23.81687927,9.286836624,4,86.26860046
3515,41.31230545,29.83171654,13.32791805,4.071443081,2.28187108,666.2488635,3,11059.49564,9.015166283,3.707982779,4,250.3461761
3516,18.47912407,30.04192543,13.18912315,4.585677147,2.5254879,1125.157178,3,11552.05356,7.571510315,4.160120487,4,195.1781158
3517,66.15763092,24.24863052,13.54577255,3.891899586,2.335692406,2648.859855,3,13032.53041,8.881786346,2.75139308,4,276.34021
3518,137.7631073,19.61380577,14.48771191,6.604719639,4.025918484,3008.911715,3,28236.1366,22.98867607,8.253974915,4,70.47627258
3519,45.43823242,30.42903328,20.40310669,9.93143177,4.70663929,2358.000965,3,23740.25162,19.34872437,8.866124153,4,263.9335022
3520,81.56718445,38.1975708,25.27949905,7.00194931,3.819990635,3189.388403,3,23489.53872,15.22876835,7.388278008,4,209.7269135
3521,140.626709,24.41435623,14.07836437,7.212014675,4.228945732,2424.243228,3,14187.74685,23.20089149,6.257825851,4,209.8270874
3522,115.03862,31.02745056,16.88611412,9.953847885,5.525310993,9370.961926,3,24231.30681,28.83269882,7.998545647,4,168.924881
3523,78.97395325,21.17579079,13.72531509,6.621076107,4.299238682,1859.386933,1,17154.8997,29.38030243,7.168405533,4,268.6677856
3524,155.9390106,26.85398293,17.34700394,8.504915237,4.811833382,1915.559659,1,16965.83312,25.69871521,8.594075203,4,268.8308716
3525,66.24771118,37.75379944,27.10746765,10.51302242,6.283817291,2935.764286,1,16528.98494,28.66069031,8.616511345,4,40.39546967
3526,165.1132202,41.86360931,28.0378952,9.029580116,5.501045704,3334.521682,1,15752.94098,29.36314201,7.379866123,4,35.82474899
3527,141.4767609,38.3345871,28.03340149,6.886142254,4.004581928,3772.458507,3,27461.23041,18.37349129,7.002146244,4,25.42687225
3528,66.60932922,39.31856537,24.8876133,5.705284119,3.460243225,1627.770263,3,6158.263185,11.65612984,6.466059685,4,55.30484772
3529,36.91810989,40.69681931,19.30724525,8.284547806,5.278130531,3963.809164,3,1995.48015,14.68675041,7.571679115,2,160.1579895
3530,231.4029846,25.81065559,15.55344963,9.813128471,5.307952404,508.4642469,3,20447.74125,30.35522461,8.769929886,4,144.8758087
3531,76.41120911,26.69749641,18.46019173,9.750243187,5.414707661,3706.419892,3,15896.7206,29.5904808,8.290315628,4,233.7073669
3532,111.9032288,34.09591675,23.11001205,10.372509,6.178981304,9305.47227,1,13524.33377,30.62772369,7.763635159,4,44.02897644
3533,101.1763611,26.57614899,16.72034073,11.66361141,6.350805283,1329.662798,3,19464.71135,33.32435226,8.769792557,4,300.3883667
3534,72.22157288,47.24637985,29.19719887,6.968120575,4.047044754,4461.174353,3,25733.96952,19.85167885,5.596778393,4,327.5288086
3535,81.15429688,29.01570511,18.61580276,9.06648922,5.470678329,1083.754285,3,33185.54009,22.73254204,9.566230774,4,237.5288086
3536,71.891716,25.99304771,15.5262022,5.761594772,3.278503895,3782.581298,3,15615.64006,15.83413219,4.790755749,4,129.0424194
3537,94.40045166,25.64271545,13.94215584,6.756260395,3.646949768,1669.698322,3,9767.651401,22.33967781,5.006014824,4,233.0786743
3538,135.5148773,29.73766327,19.93275261,8.685949326,5.089904308,1450.552549,3,9601.859895,24.38046265,8.054193497,4,69.16937256
3539,22.77572441,28.52376556,13.50638771,3.470243931,1.67466557,1911.418269,3,12363.09651,8.490325928,2.384622812,4,212.2382813
3540,110.6574707,34.42720795,20.32978821,9.884073257,5.798313618,9960.10431,1,23920.49737,28.8369751,8.115491867,4,287.1524048
3541,125.5036087,29.09055901,20.88088989,9.153614044,5.128563881,5061.985563,3,25285.37673,24.41344261,8.036290169,4,47.43664932
3542,60.78841019,31.40473175,25.29682159,10.29930973,6.481259346,3584.202325,1,15821.01766,31.19475365,8.178454399,4,36.18382263
3543,86.60289001,31.63617325,23.20399094,8.174398422,4.899095058,4248.921714,3,25426.91705,24.84616852,6.52318573,4,64.95023346
3544,43.06819916,28.51321793,15.92318058,3.450415134,2.045141697,890.8066772,3,31178.22089,7.77146244,3.734317303,4,98.97262573
3545,219.0611115,23.80974388,13.98379326,9.895972252,5.706552505,1143.5,3,12848.85254,26.62019157,8.550944328,4,124.339653
3546,69.53104401,36.49906158,19.89326286,7.352985382,4.1872859,2163.286636,3,8135.791474,16.35953522,7.382875443,2,268.4518433
3547,94.4500351,28.97804451,17.53392982,7.965071678,4.362568855,1309.888921,3,8951.950105,19.21996117,6.355933666,4,121.6491547
3548,47.35070419,31.12773323,20.53295517,5.888052464,3.598734617,188.2681349,3,10521.76219,12.2234478,8.135527611,4,247.3286591
3549,145.5718384,27.86958313,17.61555099,10.76999187,6.007628441,8352.873995,3,22423.82609,30.87934113,8.761554718,4,182.5447998
3550,155.1378174,24.16705513,18.10390282,7.277303696,4.442540169,3011.480179,1,16126.65647,31.24268532,6.785251617,4,64.33375549
3551,84.20214844,29.98222923,17.65123177,8.314463615,5.444529533,6675.514044,1,14173.03371,26.99047661,6.65465641,4,237.3390808
3552,80.25401306,30.65889549,16.37699127,7.877697945,4.244954109,1924.963729,3,30541.63477,20.87895203,6.957286835,4,71.26663971
3553,11.2335577,28.45736313,12.20569134,3.388870478,1.704718351,1243.807264,3,31186.60739,7.103549004,1.875781894,4,84.47245789
3554,72.95457458,39.94496918,23.84508705,7.313533306,4.438981533,393.0540449,3,32015.4555,16.7169857,8.301573753,4,290.8977661
3555,22.0542469,41.88100815,20.20490456,5.276847363,3.88590765,238.1306378,3,11296.64677,9.334052086,7.166718006,4,238.6713104
3556,38.6329155,34.84534836,19.85822105,10.84767628,5.611922264,626.9664282,3,10900.2821,19.75553513,8.160085678,4,188.408905
3557,79.84293365,24.29557991,13.6697979,3.51764822,2.152010679,2007.050719,3,12396.43134,8.376241684,2.651683092,4,275.5993347
3558,55.0130806,28.48280144,17.49516678,8.215195656,4.937800407,2973.829628,3,25432.21425,18.29909897,9.143503189,4,164.845932
3559,65.6919632,28.74994278,16.87983131,9.868832588,5.407125473,2892.209625,3,24857.78954,21.90330696,7.502094746,4,167.9052429
3560,79.82955933,28.55303764,18.21760178,6.55040741,4.205055237,2650.200245,3,24451.66026,16.92711639,7.591344833,4,95.82633972
3561,101.138382,39.98146439,25.70783806,8.747199059,5.106971264,1203.983985,3,10231.03005,21.1639843,7.489637852,4,331.2090149
3562,135.3238831,25.88799286,17.82350922,9.318739891,5.781952381,1015.264958,3,8550.788442,25.93609619,8.055404663,4,70.46334839
3563,144.605896,27.49669456,16.81841278,9.269428253,5.428902626,1135.142243,3,9052.784269,25.24547958,8.174307823,4,191.759552
3564,29.34049034,33.91257858,18.13695335,6.08398819,3.301446199,4326.177952,3,2383.482377,12.61635208,4.551291943,2,240.6209717
3565,151.4237061,33.57746887,27.08708572,9.629567146,5.83613205,4560.890574,1,25321.98058,28.99335289,8.426662445,4,270
3566,96.52351379,31.6607399,16.25028992,10.16945267,5.384543896,1559.444774,3,30150.4277,22.88614845,9.674132347,4,157.619873
3567,50.19834137,28.13188171,21.87142944,7.780347824,4.641147137,2880.465349,3,24054.01323,18.17437553,7.193432808,4,293.3650208
3568,78.86859894,34.43065262,19.32585907,11.44645309,7.325092793,163.5488715,3,11716.94305,20.99657249,13.2592926,4,71.38258362
3569,172.1005096,32.76915741,23.95266533,9.502715111,5.3982687,1206.990008,3,12829.05221,26.27064323,8.243980408,4,47.89156342
3570,37.05277634,35.76728058,17.88251305,7.937804222,4.236901283,4539.534776,3,2647.132496,15.28240967,6.046962738,2,132.053009
3571,90.3272934,48.83717728,26.50065231,8.087842941,4.698402405,1287.905054,3,7119.559923,16.40675735,5.961474895,4,323.8505249
3572,109.4086151,36.76673508,16.90976334,7.984780312,5.437580109,946.6146194,3,30055.92858,17.05090904,8.671356201,4,95.96047211
3573,84.36920929,35.10808563,17.18808556,8.369368553,4.3352952,879.4324203,3,30562.13766,18.22818565,7.100094318,4,176.0737152
3574,66.85605621,34.89241028,17.24745369,5.372083187,3.093582392,615.0046249,3,30943.20438,11.52149391,5.756184578,4,118.3007584
3575,127.7826691,22.75599861,17.70894241,6.049264431,4.28866291,3568.985866,3,20919.38426,22.19929886,9.446635246,4,269.4838257
3576,2.247643709,61.61204529,21.08754921,4.113273144,1.883372784,91.71893857,3,10216.82387,3.464853287,2.125316143,4,83.6598053
3577,85.21539307,26.96520042,15.2260828,12.69366264,6.455953121,9108.4994,3,23134.61295,29.59948349,8.959792137,4,125.7889709
3578,150.0430145,25.87322617,15.69334507,9.864233017,5.801851273,195.3858348,3,19916.52645,27.19085884,9.802207947,4,138.691391
3579,56.51184845,33.06151199,19.98090744,6.277552128,3.851822138,3917.575507,3,15730.6105,14.43444252,5.899403095,4,64.85521698
3580,89.92048645,24.67186165,17.28979492,7.985464096,5.118264675,53.47120632,3,5715.938956,19.75891876,7.787400246,2,65.37643433
3581,141.4971313,29.12462616,18.33356476,9.932956696,5.285422802,10756.47137,1,12973.19434,29.83920097,8.089990616,4,237.5288086
3582,62.13948822,22.36587906,12.13263321,8.111779213,4.133785725,3110.238591,3,14903.24621,26.85878181,7.957887173,4,220.3343506
3583,103.8040466,46.06468582,25.60793495,8.003899574,4.169569016,1586.498949,3,195.2379338,18.95998573,6.279253006,2,272.0559692
3584,68.03839874,33.66523361,19.91890144,12.4132452,7.484264374,9369.724243,3,23311.98287,29.07805252,9.941905022,4,267.2208252
3585,48.58818817,41.64673615,23.72678375,13.48983383,7.15833807,10033.30271,3,13154.63923,27.56351852,11.47604847,4,281.1655273
3586,150.6721344,27.99251747,21.20147324,8.393852234,5.097301006,6662.321756,3,14066.43895,24.62185669,7.984060287,4,60.4786377
3587,131.6270905,25.6989212,17.1724472,12.01856327,7.081643105,724.6394089,3,17791.27371,33.76600266,10.94655991,4,167.8247223
3588,142.3442078,22.9476738,16.41768646,7.857134342,4.354529858,4007.899782,3,21983.82776,26.32146454,7.382907867,4,45
3589,18.35144424,54.26292801,16.63323402,12.63758755,5.617803574,4728.539568,3,24010.55329,17.68934631,6.914672852,4,93.99091339
3590,56.73934937,22.76976395,11.15953541,5.353536129,2.822120428,4786.896938,3,16642.77482,15.61865711,4.206748009,4,221.0995026
3591,53.54708099,28.67617226,17.46194649,8.262236595,4.650389194,3982.236174,3,3881.587558,18.56594467,8.456519127,2,222.1014252
3592,112.8428726,28.86831284,17.61804008,7.15557003,4.283910751,870.3787766,3,6463.622215,18.93496704,7.843887329,4,259.2156982
3593,110.2878265,27.88133049,14.98651409,10.9398222,6.257365704,8931.446435,3,24463.47381,28.5631485,9.046487808,4,238.2985687
3594,140.1054535,44.22235489,28.36487007,7.930763721,4.40956068,5553.538364,3,25739.41138,20.19664383,6.451660156,4,45
3595,70.56208801,20.97262383,16.49769783,9.812606812,6.590645313,1197.572854,3,17384.31063,28.02447128,7.271692753,2,181.7711182
3596,28.06505775,30.73713303,15.14218616,5.327544689,2.946356297,326.6508412,3,9964.162457,12.96347713,4.093548298,4,86.63353729
3597,90.71360016,29.21683502,17.84314346,8.029961586,4.866745472,4448.812444,3,24658.01646,19.73280907,7.893271446,4,53.79740906
3598,149.2909241,22.1903553,14.96282864,8.851546288,5.275318623,2331.870074,3,20016.67762,29.04448128,11.02582645,4,90.53213501
3599,140.1996613,22.63969612,18.50501823,7.575068474,4.119149208,4254.721405,3,21861.6764,25.68103218,8.222699165,4,45
3600,59.90700912,29.10666466,21.74676704,10.24504852,5.023261547,4583.112581,3,24112.39225,24.22618866,10.53462791,4,290.5560303
3601,120.2012253,22.4153347,13.62244511,7.140736103,4.190588474,2438.737565,3,14181.80529,25.16034317,5.992956638,4,235.0079803
3602,63.25261688,35.29891586,18.2202549,6.752833366,3.874410868,2878.863679,3,1338.164519,15.26306438,5.934880733,2,241.9290009
3603,74.42920685,31.27210236,17.41141319,9.170492172,4.88694191,689.419696,3,2324.775161,22.96510887,8.047081947,2,201.2973633
3604,32.29419708,27.56589127,17.10751343,4.839346886,2.863916874,77.77135294,3,1489.052151,12.66226768,5.506733418,2,69.44395447
3605,94.84835052,29.65682602,17.46705818,9.792564392,4.995096684,1295.625138,3,3053.573377,25.54697227,8.04574585,4,193.5267487
3606,154.3836212,27.32326698,15.55917835,10.73708248,6.537177563,5514.748746,1,14552.84374,29.75110435,9.579224586,4,286.2940674
3607,77.34767151,28.05070114,15.41568089,7.644229889,4.30035305,6329.297152,1,14172.76599,23.25981903,6.26453352,4,146.8886566
3608,70.9988327,30.64611244,23.72036552,7.325530052,5.257230282,11540.94004,1,13037.78417,25.93391228,6.335865974,4,34.84573364
3609,111.4490356,27.67347145,18.75642776,7.845587254,5.256641388,11425.9232,3,12587.4719,24.49983978,8.4274683,4,269.3414612
3610,128.5623932,25.58165359,21.32847786,8.618348122,5.526342869,2758.523569,3,20493.02203,28.5127182,7.814473152,4,283.90271
3611,30.76703072,51.81222153,23.87838364,5.97004509,3.490268946,2924.320523,3,22912.55469,9.701231003,4.534748554,4,49.28915405
3612,90.55429077,49.88548279,29.72224236,6.847793102,3.604386568,3850.117668,3,15623.86658,19.81379318,5.80679512,4,33.00829315
3613,123.8119736,27.46173477,16.32300568,9.906243324,5.523846626,654.3891677,3,7600.199564,27.42178345,8.744447708,4,95.56344604
3614,40.0692482,41.94069672,27.72624016,9.499250412,5.590747833,4.495191719,3,1675.8359,19.67902946,9.455610275,2,281.7979126
3615,11.18238831,34.85826874,20.19106293,4.573222637,3.102940798,218.1972562,3,10119.28932,6.700581074,4.494247913,4,56.56571198
3616,46.79360199,30.57615471,16.27252197,5.738585472,3.344370604,460.1122335,3,10908.18014,10.44029999,4.869774342,4,185.1944275
3617,104.4438629,27.83478165,17.77355576,10.80692005,6.317640781,9707.151821,3,23528.99695,29.4097538,8.895587921,4,208.0091858
3618,156.8022461,43.15721512,27.83761787,9.451759338,5.582704067,4265.808249,1,24501.37082,26.16347122,8.437662125,4,67.5107193
3619,144.1455994,26.94502068,20.35197449,11.58403969,6.925453186,457.6101336,1,19231.53738,32.97574234,9.438031197,4,323.9726257
3620,195.9105682,51.91627884,29.08537674,10.58905697,6.300237656,912.9089362,1,18660.62397,35.09632492,8.791365623,4,238.0770569
3621,18.10771179,43.9999733,21.55449867,11.80194092,3.689527273,9884.079509,3,13206.54036,23.21774483,5.232683182,4,68.74949646
3622,217.5172272,37.72763062,27.37026596,8.290225029,4.469457626,1980.332051,3,20120.90497,26.04097748,9.812644005,4,32.00538254
3623,105.349968,34.3319931,26.01580238,8.198403358,4.476311207,4844.184592,3,22512.17261,24.03188896,7.148555279,4,303.0739746
3624,104.3936386,35.97706604,20.85245705,9.494091988,5.033386707,4633.588683,3,23164.65477,24.66704941,8.08786869,4,98.7033844
3625,117.4228668,33.09502792,17.58378029,9.14907074,4.639378548,973.2874013,3,29828.14159,20.18039131,8.446881294,4,185.4148254
3626,84.74260712,31.35448456,17.64655685,5.713304043,3.527905464,5079.015801,3,16907.16428,12.33634663,5.884411812,4,245.3006439
3627,76.62213898,27.2485981,15.76386261,9.346628189,5.119410515,492.6436001,3,10999.0159,23.38860893,8.951322556,4,283.2801514
3628,43.48664093,31.29413795,20.66309547,6.002986431,3.413333416,3654.242048,3,4306.211189,14.81509495,5.007854462,2,74.67466736
3629,53.7358284,29.35063171,15.68289375,6.560851574,4.193221569,3203.631627,3,23279.50827,18.36659241,5.714559555,4,189.2239227
3630,150.7314148,29.93441772,16.13675117,10.61444569,6.23576498,2860.977715,3,22998.88901,27.25819778,8.984741211,4,239.7435608
3631,131.1044464,27.05129433,16.66165161,9.890165329,5.669080257,9128.19996,3,13081.74602,28.90405083,8.586421013,4,113.0513
3632,101.1129837,26.57438278,17.32555199,8.454309464,4.973628044,2125.73449,3,32803.065,22.02108765,7.748459339,4,228.7152863
3633,149.8339233,22.77335739,15.97731972,6.901673317,3.896630764,3899.945833,3,21026.99393,24.97278023,9.003623009,4,307.631958
3634,103.8628998,44.47859573,26.66198921,7.660592556,4.257435799,3590.011601,3,21743.22398,16.44946861,8.635012627,4,306.6743469
3635,16.03256798,25.42263985,14.29130077,5.334090233,3.218420029,5480.059197,3,17336.24427,10.05839539,4.306758404,4,248.8559875
3636,47.03059769,34.50873184,20.33114052,7.284455299,4.265693188,4012.987446,3,15807.97433,16.0072937,6.501031876,4,90
3637,35.00093842,50.72348785,26.71791077,5.860963345,3.38095808,4436.757705,3,3241.208204,12.06542683,4.241728306,2,330.7347412
3638,42.89360809,36.56199265,14.86069489,11.66232109,5.338620663,2963.706817,3,23049.68614,25.13382721,10.46292591,4,263.65979
3639,104.3608551,31.99603462,16.72297478,9.261594772,5.100938797,4535.90003,1,15076.13247,26.09306717,7.987347126,4,244.083313
3640,102.522171,28.33407593,16.14081001,9.135969162,5.156860828,7004.401756,1,13863.19713,24.92785645,7.578724861,4,194.5344543
3641,106.0428619,27.58017159,16.31718063,7.261100769,3.888083935,10930.9475,3,12126.39857,20.94007683,6.943961143,4,278.7461548
3642,154.1993561,23.7169075,16.45256805,10.59433842,6.794251442,2943.491461,3,16302.41677,32.35139847,11.25984573,2,137.8623962
3643,73.95921326,46.14730453,26.24650764,10.11982155,5.544646263,4431.153434,3,23507.53139,26.07297134,7.724524975,4,303.6900635
3644,62.70427704,27.86033058,23.73883629,8.45741272,4.230696201,4379.546324,3,23697.50347,25.41923904,8.299891472,4,57.1714592
3645,77.58271027,34.55742264,15.90494061,11.02027988,6.25610733,100.8582211,3,7791.895435,21.76219749,10.07138157,4,132.9786377
3646,60.17376709,45.18577194,19.57158279,11.60026264,6.174560547,4111.1761,1,15438.35514,28.4360218,8.716543198,4,225.8722534
3647,49.54773331,38.63764572,23.1881218,13.07551289,6.483490467,9934.772238,3,12885.09271,29.28759575,9.3104105,4,75.39326477
3648,17.07077026,28.93028641,19.6153717,3.572547436,2.348948956,3313.48991,3,22741.53191,8.314856529,2.822612047,4,57.80426788
3649,35.746315,36.64892197,19.43655014,9.457429886,5.306830406,216.2836885,3,7445.279226,17.77480888,7.341062069,4,128.8620605
3650,143.5637054,28.1614933,16.46749115,8.534420967,5.104118824,4744.756291,3,24980.6144,24.84380913,7.562192917,4,89.45355225
3651,52.12277603,34.47974777,18.40279961,8.916285515,4.869215488,4921.347424,3,3185.280067,16.80007744,7.773994923,2,173.1163788
3652,21.0644207,63.01592636,21.27944183,6.549414158,3.392270088,503.7760358,3,9823.696655,12.72602081,5.555254459,4,37.87498474
3653,195.2298584,24.67711067,17.8852253,8.883246422,5.213824749,7923.350165,3,24867.02966,30.81437683,7.874742985,4,102.1714554
3654,139.3616028,36.7970314,26.37134361,10.18473339,5.599653244,11018.10673,1,12526.09622,26.83040428,7.71530056,4,292.2855835
3655,76.90602875,27.76934052,19.94194221,9.30188942,5.304664612,10287.76203,1,12717.25085,26.33040428,8.215616226,4,277.0853882
3656,51.72136688,30.59305382,19.16691208,13.34048176,6.489823341,1869.218711,3,16969.86056,28.61669731,9.18728447,2,188.0367889
3657,153.2154846,30.18169212,17.0675106,9.142468452,4.666407108,4343.252531,3,24282.69155,27.41950417,7.537014961,4,240.3501434
3658,113.2478943,26.45531082,17.82401276,6.964909077,4.23223114,315.8449842,3,11142.52673,21.27061272,10.3142395,4,250.658905
3659,34.54298782,60.74346924,21.67663193,11.19183922,7.371479988,272.4460415,3,1945.982719,22.19132614,10.96278,2,33.15792465
3660,51.91303253,25.73872566,18.437994,5.935299397,3.904566765,1113.612259,3,9192.221719,17.27811623,5.030647755,4,96.58194733
3661,144.544281,25.70588303,15.87285423,9.270380974,5.354225636,2118.316554,3,22153.87917,27.04512405,10.1822834,4,202.6568298
3662,133.7714081,40.83563232,28.79711151,10.10501862,6.320696831,2787.574463,1,15917.06057,31.27131462,10.25131989,2,314.1574707
3663,50.87776566,25.70145798,13.35087585,10.99547863,5.404294491,1461.828391,3,17216.86245,24.72469521,7.346808434,2,201.4477386
3664,104.8078384,32.70048141,26.23928261,9.545026779,5.377668381,642.3299232,1,17506.65261,29.49109459,9.916027069,4,312.2474976
3665,268.6305237,22.1374073,14.59055042,9.554237366,6.525096893,692.4324945,3,18417.14688,32.44215775,9.372340202,4,246.3706207
3666,106.3961411,39.03408813,24.37154961,8.279427528,4.77050972,2418.927287,3,20150.87482,24.8420105,8.317053795,4,62.9691391
3667,24.04865265,32.62900162,17.59872627,9.69093895,4.335204124,601.6091273,3,2357.023261,20.04591179,6.823215961,4,193.8286438
3668,28.38506699,41.7755394,15.08369827,11.21625233,4.370188713,374.6913134,3,2119.14718,21.6899128,7.928196907,2,76.70143127
3669,92.97137451,36.77130508,21.14499664,7.730419636,5.788313389,1214.006723,3,9141.000986,14.71209621,8.913591385,2,58.2366333
3670,83.98316193,42.7245369,23.58534431,6.694292068,4.092552662,804.9152231,3,9553.6704,13.30151081,7.013878345,2,296.5650635
3671,24.71758842,27.2026062,19.85875893,6.679197311,5.321566105,40.73392633,3,10365.06894,9.320611954,8.772658348,4,270
3672,141.4199219,28.79643822,16.77698517,9.653942108,5.768115997,1536.10876,3,21618.33806,27.77008629,9.968916893,4,105.6422424
3673,94.15809631,29.16367912,15.99777794,7.996732712,5.004384041,3609.772217,3,26063.50968,17.46363258,7.432733536,4,88.33985901
3674,135.9356384,26.69073105,16.10472679,9.534104347,5.301586151,218.9838795,3,20253.25238,28.03852654,9.620443344,4,149.2617035
3675,112.2441177,36.50131989,27.13834381,6.636276722,4.271977901,10765.20578,3,11982.8695,19.2976017,5.992456436,4,66.3865509
3676,148.9588165,26.51213264,16.66793823,8.432070732,5.018796921,7840.690068,3,12958.74357,22.6764698,8.197151184,4,172.6863098
3677,72.40715027,32.25763702,19.47616768,6.623316288,5.171075344,3259.377203,3,25712.47717,14.2814579,6.47428751,4,62.94142914
3678,69.43508148,32.03334427,16.61405182,5.328428268,2.948778391,5013.362979,3,16812.76895,12.72804928,5.395397186,4,234.7275848
3679,119.3404541,29.99443626,19.44676018,9.264259338,5.049985886,3832.529529,1,15345.30661,27.20173264,7.40294075,4,58.59723663
3680,185.540863,39.94624329,28.5317688,9.467921257,5.637862682,8359.39616,1,13503.52671,27.55521584,8.046867371,4,294.8637085
3681,112.7305984,27.02375412,16.32919693,9.092484474,4.829251766,5708.795876,3,15100.42911,24.54636955,7.763659477,4,158.1985931
3682,26.42470741,38.04526138,27.4758625,13.89056206,7.737557411,1942.059049,1,16792.98983,22.62567902,9.717885971,2,15.38961411
3683,125.3336105,27.78475571,17.40950775,7.651785374,4.647584438,3182.440303,3,25771.51863,20.95093918,8.176387787,4,84.80557251
3684,89.02875519,38.93318176,16.6386528,9.03190136,6.923291206,222.7993604,3,11720.22325,16.90818024,13.36145878,4,76.60749817
3685,16.77552795,62.19535828,18.53325844,17.64638329,8.09707737,511.4809768,3,2274.50939,22.40101624,11.62505913,2,64.44003296
3686,80.4310379,51.49578476,26.77889061,11.93396759,6.748963833,755.8684983,3,2416.10325,26.54483986,8.932190895,2,76.86597443
3687,83.98300171,33.47293854,14.71262074,10.25851727,5.107249737,2931.091247,3,23022.38939,21.0219059,9.5374403,4,237.4153748
3688,179.5564728,41.36442566,28.56792831,9.089354515,5.538450718,2104.886264,1,16259.1414,26.66746712,9.035388947,2,38.9909935
3689,175.1769257,18.75014496,13.98358917,6.238071918,4.037386417,4011.180633,3,24407.59104,28.71286964,6.41928196,4,267.111084
3690,100.76091,38.37385941,26.36293983,6.501895428,3.367613554,3795.963362,3,25918.49544,15.68079281,4.934109688,4,26.96354866
3691,59.08566284,31.94594193,13.81735992,6.037029743,3.177915812,4755.245348,3,16535.74824,14.32507515,5.067565918,4,202.7509766
3692,87.56871033,34.01501083,21.36315536,8.020179749,4.740898609,245.430778,3,1739.755977,21.10798264,6.637113094,2,281.7009888
3693,81.54603577,33.74543381,23.89806938,8.284828186,5.244184017,93.63379556,3,1444.66141,21.34801102,6.978502274,2,62.5255661
3694,59.87727356,26.18013382,18.2165451,10.32721043,6.568854809,1951.940651,3,4247.628211,29.16545296,8.634094238,4,112.3757935
3695,96.887146,29.72437286,22.94298744,8.326533318,5.23590517,795.5962121,3,5064.366605,23.71725273,7.832828522,2,243.0675507
3696,85.80251312,26.52362442,13.19908428,3.631672859,2.177393436,1288.513126,3,11677.64814,8.07075119,3.065150738,4,275.7105713
3697,70.54650879,29.90880775,16.70416641,10.75143528,5.676412582,8951.799223,3,22901.45562,30.25341415,9.940085411,4,159.655899
3698,258.6772461,40.63861847,28.90538216,9.453495979,5.38379097,7592.925706,1,24604.39126,30.47288513,7.680008411,4,52.12501526
3699,89.03749847,52.83162689,28.27881813,12.00759697,6.89790678,4522.873475,1,14792.18247,29.28319931,9.010623932,4,38.30632401
3700,32.2490921,57.67267609,23.53598404,8.600801468,4.47003603,4187.829514,1,15123.77861,16.49869537,7.085634708,4,296.5650635
3701,24.2565918,28.69087601,14.70544624,9.015259743,4.50116539,5425.52038,3,14656.63455,21.77617836,7.176826,4,178.6622925
3702,22.40350723,35.82160187,29.270298,8.842569351,6.671217918,1492.029171,3,17007.53958,20.0196209,6.71071434,2,16.44695282
3703,11.67465496,45.08300018,18.84874725,5.605305672,3.415931463,3922.228052,3,2266.36967,10.00631714,5.119240284,2,203.6293793
3704,79.82164001,30.07335472,21.43009186,10.10294628,6.454895973,1653.925982,1,4353.81381,29.5180645,10.5601778,4,312.6386108
3705,25.27315521,55.44530869,26.21065521,8.184135437,4.077807426,1245.710597,3,17141.64796,18.38101959,6.796290398,2,35.69588089
3706,146.5582733,31.62563705,27.78346634,10.14574718,6.479784489,3352.841338,3,23491.60489,29.70987129,9.503714561,4,46.1344223
3707,27.96133614,38.64676666,19.50878716,9.691829681,5.791053295,4301.158969,3,2573.683222,16.110466,8.968416214,2,183.8796387
3708,113.8650742,33.56844711,18.80849457,8.98034668,5.059989452,1064.69916,3,218.539262,19.48377037,7.198513985,2,135
3709,16.25639343,32.98666,19.89461517,5.380925655,2.877057314,365.6669864,3,10031.62267,10.86123562,4.42769289,4,55.25163269
3710,73.79219818,29.28401756,17.38282967,6.935786247,3.636137486,2136.385139,1,16379.63904,20.99183273,5.593959332,2,41.55062103
3711,245.5449066,22.56345367,12.69351768,8.600042343,5.001823425,955.5299852,3,18642.83103,26.42906189,9.56828022,4,182.4214325
3712,205.2516785,22.40089989,12.8945303,8.118839264,4.562111855,794.7183575,3,18504.29032,28.58531189,8.141179085,4,224.0906219
3713,128.8530426,34.72979736,17.26003265,8.065856934,4.63401413,1051.786282,3,29580.12511,20.13348961,8.882683754,4,106.0490036
3714,63.56249619,29.26146126,18.40781403,5.710519791,3.445299387,3313.15261,3,25120.88856,15.5373764,4.792272091,4,37.50414276
3715,75.5037384,25.7754631,15.53160667,6.244244576,4.307087421,3045.68141,3,5052.74473,15.77354336,8.749450684,2,232.3685913
3716,33.16984558,39.66665649,19.15100479,13.97565174,7.765910625,9002.815868,1,22885.47629,30.36091232,10.53790474,4,313.2988892
3717,209.7837067,27.57831383,21.07978249,9.008256912,6.581727982,7182.648706,3,24819.80208,30.25994873,10.39611912,4,52.12501526
3718,113.5622864,22.25671768,16.90700722,8.872218132,5.746030331,3717.928186,3,23930.4046,25.00939369,8.832602501,4,37.5540123
3719,191.6989441,28.63257408,22.40095901,7.034540653,4.006738186,1268.18942,3,16533.41697,21.38847351,7.02165556,2,280.7388916
3720,173.2962189,24.65886879,13.83010101,7.50070715,4.411527634,3791.811687,3,24185.2333,26.90069771,6.602547169,4,306.5983887
3721,123.4644852,27.07429123,15.88092899,8.766307831,4.999485016,2309.41614,3,13993.79916,24.42564964,8.351066589,4,195.4394684
3722,65.97557831,26.06883812,18.86055946,7.591433525,4.704084396,489.4840974,3,7177.916691,23.13739204,8.666899681,4,284.5066528
3723,10.69389439,28.03384399,19.47131157,6.851625443,2.651093721,3963.721375,3,2283.074354,12.1696682,4.849626064,2,220.7991791
3724,10.99837685,38.27807617,12.07214928,6.724999905,3.535625696,3827.934431,3,2170.749501,11.48400402,4.927827358,2,165.0522461
3725,74.17319489,42.11437607,25.2924099,5.994923115,3.578174591,3042.347367,3,1618.205933,14.53007126,5.198098183,2,310.524231
3726,65.12398529,28.28646088,19.06209755,9.868988037,5.950133801,1738.4462,3,3359.299545,25.38046646,8.66395092,4,177.900116
3727,57.80704498,41.77011108,26.45615005,8.742774963,4.765153408,1030.368068,3,9340.68155,17.07391167,7.028290749,4,324.2509155
3728,26.47104645,28.41516495,12.81255436,2.864387512,1.617577076,1328.066661,3,11662.65019,6.718522549,2.120238066,4,271.6365967
3729,47.8586998,27.36576271,12.53164101,3.665990829,2.19519639,1640.501973,3,11913.72047,7.90127182,2.788663864,4,266.423645
3730,29.76029587,24.23610878,12.74099159,4.287641048,1.948488712,2317.859027,3,12587.97897,10.14409256,3.238726139,4,267.3974304
3731,111.5941391,25.67362022,18.1957283,9.174121857,5.924063683,8635.584697,3,24092.57534,25.63324547,7.535346031,4,276.6495972
3732,33.16074753,22.33068657,13.34898472,8.45276165,4.451028347,3235.708259,3,23337.37932,18.27771187,6.361363888,4,213.6900635
3733,92.50841522,29.75547028,18.80312729,9.948485374,5.715388775,3271.628221,3,23478.12515,26.00240898,8.829156876,4,48.81407547
3734,9.338312149,27.47542,7.784685612,5.190814495,3.154585838,3076.287431,3,23187.31802,10.98091698,3.010017633,4,211.9790955
3735,17.62170029,34.02067184,18.96033096,9.164355278,4.100617409,3047.615926,3,23198.41339,15.22868347,6.181482792,4,214.7667694
3736,125.9774323,28.27164841,16.08535385,10.43018055,5.896625996,4422.498064,3,15360.05106,27.55862236,8.409349442,4,103.80513
3737,114.8692856,29.13273621,18.75890732,7.261471272,5.187782288,3761.147013,3,25281.82172,17.66558647,7.403896332,4,80.75389099
3738,134.9454956,32.51596451,17.59526062,10.51368999,6.133379459,2308.846218,3,13888.01477,26.75013733,8.651369095,4,169.5625305
3739,141.1643524,31.51289749,19.7986145,10.01451206,6.008522034,904.6224183,3,10505.40599,24.60094833,10.03318214,4,217.8286743
3740,16.44261932,49.88866806,25.21858978,5.664668083,3.375935316,4163.458269,3,2536.723431,10.14835548,3.800989389,2,322.1318054
3741,67.36502838,28.93675041,24.75738144,8.050676346,3.973490953,480.9495783,3,9956.614974,21.54684639,8.152975082,4,37.45475006
3742,25.67989349,24.80263138,13.26585102,3.753767252,1.740145683,2314.355459,3,12560.09254,9.817278862,2.796205044,4,276.9674377
3743,130.2683563,41.57855606,26.90576744,10.78461266,6.132498264,9312.094054,1,23310.86857,27.73329163,8.59382534,4,261.8215942
3744,170.3411865,47.91604614,28.19433975,8.488261223,4.945273399,9329.419406,3,12729.64371,24.95619011,8.01692009,4,44.26548004
3745,105.060318,38.57320786,26.09802818,8.182940483,4.799611092,2044.850014,3,19743.6234,23.74431419,7.702842712,4,86.18592834
3746,143.8514252,28.33948898,15.09313488,10.27000809,5.682506561,1162.076581,3,12675.92403,26.9300499,8.902708054,4,122.8557205
3747,110.9953308,47.53646088,28.89659691,7.875301838,4.347628593,1372.401931,3,7579.537425,18.3186264,6.935085773,4,42.61405563
3748,63.56712723,25.77526474,18.22107697,7.576325893,4.278497219,918.0309781,3,7150.981931,20.60630226,7.149657726,4,250.8187561
3749,43.4241333,27.82190895,21.01302338,11.67178059,5.908126354,2069.879637,3,3907.997233,26.99569702,9.957271576,4,196.7210846
3750,104.5001526,32.93367004,20.91330719,9.521842957,5.397485256,9116.706371,3,22825.24196,26.70641518,8.049017906,4,270
3751,134.0448456,29.21678352,18.68998909,8.035033226,5.731573105,1326.285353,3,21432.64171,20.98420525,11.51043129,4,189.6733551
3752,107.3905945,29.10036087,18.00977707,8.750068665,4.672951698,589.427179,3,20663.14319,23.98974991,9.4352808,4,211.4295654
3753,98.16585541,27.43050194,17.66762161,10.77950478,6.320584774,4865.481777,3,14593.6404,30.85514259,9.321329117,4,219.5164032
3754,201.2458496,27.00216293,20.02087784,8.397900581,5.457120419,2120.159873,3,15932.4731,27.96084976,9.435482025,2,65.05609131
3755,14.22576714,43.68959808,25.1406002,5.815438271,2.44166398,3408.45799,3,26288.83373,10.48648548,2.348915339,4,26.87308121
3756,27.42864609,38.24186707,25.49369431,8.920601845,4.874209881,3303.447313,3,22468.38408,15.22617149,8.370317459,4,264.4724731
3757,11.75795937,37.80065918,19.99142456,5.196420193,2.71766758,3794.27492,3,2187.662242,9.940524101,4.698212147,2,289.3590088
3758,70.6309967,59.31968689,24.99848557,12.07316303,7.343354225,1598.954767,3,3142.961878,28.14135361,10.39896297,4,27.58202744
3759,107.065506,44.09587479,25.47532082,11.2537241,5.665168762,1706.85326,3,3146.432767,25.42374039,9.224822998,4,94.92710876
3760,15.80470085,37.99227905,21.01459312,4.25303936,2.514012098,139.4613127,3,10317.00581,6.926979065,4.374275208,4,233.928833
3761,101.1200867,39.87424469,24.54039192,10.79797077,5.97295332,8301.089465,1,22198.83449,28.33194351,8.186885834,4,312.6672058
3762,175.8238525,29.5326252,18.56692123,10.644454,5.939074039,2721.657918,3,16094.24828,29.61865616,9.370934486,4,214.8244934
3763,27.89624214,38.58824539,16.45454597,10.55790043,7.404726505,5499.629166,3,14532.54391,24.37147141,9.444820404,4,65.74607849
3764,110.7179337,32.90388107,20.09180069,9.182215691,5.714019299,5369.976892,3,14069.855,26.77558136,8.140996933,4,68.06985474
3765,114.4153748,35.84564209,17.43379784,8.129061699,4.201556206,1297.800525,3,28836.68747,19.36652565,7.724198341,4,148.4957275
3766,26.19313812,43.08188248,21.68493271,7.145061016,5.12546587,155.7181357,3,31171.49186,10.69491768,8.36766243,4,303.6900635
3767,50.9602356,47.19704437,27.63935661,6.971309662,3.886807919,3111.158966,3,23664.54071,15.01335621,5.378626823,4,43.12116241
3768,173.5796051,26.07478333,21.34878159,7.927248478,4.983197689,5028.742999,3,21609.9017,25.33148193,8.417023659,4,267.0960083
3769,157.9828644,41.74894714,26.84382248,9.4966259,5.493441582,1390.128254,3,12860.28722,21.63255501,8.024344444,4,62.69739532
3770,11.3140831,38.10140991,17.46286392,5.332551956,3.85830164,358.6549916,3,1303.348607,6.272222519,2.406443834,2,73.55815125
3771,89.06263733,30.96369553,19.8612709,7.102945328,3.891785145,1308.542432,3,8939.959796,17.01332474,5.482153416,4,32.6546402
3772,88.91855621,24.58718872,15.69224262,5.056118011,2.749155283,2796.630543,3,12883.98453,11.63182068,4.641109943,4,173.6598053
3773,76.77959442,31.13086319,15.06181431,5.587639332,3.735164404,833.1779131,3,30397.85498,13.13835907,7.178053379,4,118.4259949
3774,29.43424797,33.06689453,21.87722015,6.109213829,3.127916336,3745.756604,3,26591.87835,12.88596249,4.178743362,4,38.05440521
3775,111.8814316,23.16063309,16.01105309,7.048818111,4.311416626,3719.041753,3,24324.82303,18.67224121,6.455333233,4,293.4590454
3776,55.4516449,32.06764984,17.42849159,7.133743763,4.224125862,6009.038605,3,17844.47849,16.6724472,7.206156731,4,77.47119141
3777,42.55441666,52.23308945,26.2109642,6.5187006,3.795768738,5535.815498,3,17320.35641,12.47672272,5.463347435,4,36.52885437
3778,85.06821442,25.55827522,17.32661819,6.444224358,4.224880219,10262.9632,3,13018.38978,17.62048149,6.874130726,4,264.3850098
3779,139.3353729,29.91506577,17.07439613,7.904554367,4.736845016,7616.454138,3,12922.73762,21.15198898,8.518808365,4,219.2894135
3780,174.9428101,40.55610657,26.56259727,7.943716049,4.494578362,1560.267993,3,16309.74822,23.63726234,7.728026867,2,47.98146057
3781,217.5587463,45.33154678,30.18858147,9.549904823,5.025489807,1873.607857,1,16078.67199,25.00233269,9.312587738,2,319.803833
3782,127.3130569,22.8859539,16.3524189,7.415020466,4.827651501,3033.247087,3,20636.52384,22.28533745,7.08616209,4,92.48955536
3783,125.7004623,45.70277786,29.24806595,7.956984043,3.918303728,3806.860066,3,22411.45983,21.51663017,7.815719604,4,294.7598877
3784,110.2356415,45.91378403,27.80630684,8.535405159,5.152512074,3541.247556,3,22882.653,23.25600433,7.125483036,4,274.4671631
3785,76.67796326,36.91194534,26.1829052,7.624548912,3.708776236,1068.39538,3,32722.68807,17.61568069,6.445501804,4,63.43494797
3786,158.2281494,23.91100502,21.59747887,6.872220039,4.377817631,4702.576958,3,23385.65013,24.88734055,8.927373886,4,54.13714981
3787,75.79430389,30.4893322,19.36583328,6.793166161,3.894686937,3302.626867,3,1918.000564,15.82422352,6.073019028,2,244.2306671
3788,43.51155472,30.8643055,14.89931583,4.197034359,2.619315386,628.1123548,3,11009.30868,7.992301941,4.53334856,4,239.5344543
3789,87.30418396,32.02991867,17.58421326,5.662763596,4.143607616,836.5783898,3,20767.13843,11.35175514,8.643291473,4,182.7263184
3790,68.81334686,35.26067734,21.27488136,12.63862514,6.792341232,539.3716976,3,20667.63018,25.05194473,9.655623436,4,75.04998779
3791,135.3635559,28.04063225,18.50078201,11.58961201,6.887570381,9500.075527,1,12411.38351,31.39678574,9.623470306,4,107.5394897
3792,131.176178,32.44017792,20.6280098,7.848223686,4.044613838,5889.190521,3,18531.79895,21.01591873,8.122254372,4,125.6060181
3793,22.45955849,33.16095352,22.76231766,4.643420696,2.780252934,5993.554914,3,17804.88325,9.411883354,5.57755518,4,107.5255661
3794,62.73066711,27.70903778,16.0730648,9.560256004,5.74163723,2948.602245,3,14632.29616,24.52612877,9.025958061,4,223.4518433
3795,110.1279755,36.87480545,21.25961113,10.50568485,7.212028027,788.2533893,3,12226.05445,21.11753464,10.63869095,4,78.83330536
3796,40.27049255,53.8730278,25.12046432,6.970074177,3.909492254,4915.325,3,3321.010302,11.53665543,5.227416039,2,303.6900635
3797,56.58551788,35.58815765,23.05765152,10.78506947,6.128830433,10234.09243,1,12291.7944,27.04278374,8.642640114,4,53.74616241
3798,87.73544312,21.49455261,17.10092545,6.300945282,4.3566432,10585.07105,3,11644.89967,17.19675255,7.25568676,4,93.81407166
3799,120.3690414,23.5068264,14.95173168,8.640291214,4.870685101,6808.500704,3,13368.52592,25.00864601,7.428118706,4,204.1932068
3800,50.83937073,28.39591789,21.26321983,12.25935268,6.734984398,3664.324752,3,15416.34543,29.43065262,8.423213959,4,158.7370605
3801,104.1092453,41.21152115,29.02881241,7.035476208,4.189791203,2343.044781,3,33152.2609,18.81147957,6.461940765,4,304.3552856
3802,125.72789,24.26646614,17.97764397,6.084309101,3.831298113,2504.000755,3,32656.77767,21.96473312,6.612529755,4,296.8781433
3803,179.5937347,21.67122459,18.05983734,7.06508112,4.68467617,2912.552061,3,32674.27956,25.93446732,8.422717094,4,267.473877
3804,90.32155609,27.55302429,17.66399193,6.72915411,3.553624868,4581.122599,3,16333.87492,20.52536011,7.741488934,4,277.480896
3805,78.89537048,23.7412262,16.90208817,7.355208397,4.676813602,3468.316029,3,15228.3134,22.90413666,6.59165287,4,47.57627869
3806,90.5631485,32.48136902,20.52489471,7.48111105,5.429749966,166.8249911,3,11267.04005,19.78567123,12.60841274,4,248.0936584
3807,81.83063507,34.84049225,19.62022591,7.473812103,4.520833015,1088.289363,3,411.80104,19.11816597,7.70105505,2,86.79023743
3808,38.44944763,42.37033844,27.35615158,13.72824383,8.780215263,289.9295642,3,1445.777219,21.83246422,11.49551773,2,294.4089355
3809,82.45328522,37.08615494,23.6473217,10.37921333,6.030293465,866.0067586,3,2387.899376,26.04841232,8.810023308,2,58.57043457
3810,68.69121552,42.66480255,29.38137054,10.12471676,5.44692564,551.8614523,3,19392.16928,30.1127243,9.021361351,4,43.78305054
3811,107.5428619,29.94062614,17.47120667,10.00055218,5.357159138,6014.747614,1,13893.23512,25.03276443,8.394427299,4,186.6629333
3812,170.5034637,25.63142776,23.05323792,8.171356201,5.436499119,5014.755876,3,22854.90404,27.53959465,8.944170952,4,280.1590576
3813,178.7632446,28.75853348,25.01072884,7.652827263,4.531401634,4987.189633,3,22331.35621,25.35462379,7.985147476,4,56.04093933
3814,92.49123383,32.27696228,21.25178337,8.520688057,4.958920956,3965.344722,3,15676.53256,23.12972069,7.73949194,4,77.42755127
3815,21.76130104,45.7527771,22.27619934,13.41714954,5.845106125,2838.631877,3,23024.2355,21.44276428,9.354675293,4,63.43494797
3816,111.1160736,26.84817886,16.77712631,8.688222885,4.982582569,7266.426227,1,13499.90131,26.59465599,7.655895233,4,297.3498535
3817,133.5670166,33.85828018,22.80070114,7.826484203,4.610546112,8905.379984,3,11674.51143,20.48797607,6.315198421,4,266.3915405
3818,121.8351746,27.41072655,13.89673042,8.38686657,4.634799004,8538.840412,3,13821.11174,22.32442284,6.443517208,4,164.6044617
3819,90.46729279,25.93987274,17.03000069,7.278591633,4.202679157,8346.376254,3,12598.38877,19.02875137,6.549319267,4,240.2551117
3820,9.493987083,49.82143402,26.8089447,4.079718113,1.638127089,3745.12369,3,26734.89886,10.7776432,2.511943817,4,35.92272949
3821,28.95178032,39.30913162,24.49481964,5.917800903,3.154502392,4331.271308,3,2905.360269,11.78042412,4.675531864,2,265.2363586
3822,10.13582039,37.04023361,15.54867744,4.442893028,1.662978888,538.0578682,3,1147.218658,7.922346592,3.320340395,2,53.13010406
3823,94.16455078,34.59860611,19.08386993,10.38440323,5.697322369,1420.49167,3,3338.889539,24.59860039,8.388709068,4,92.75950623
3824,109.7322083,24.27721596,18.84049034,8.394937515,5.086327553,5386.748583,1,14225.52011,30.33067513,8.094562531,4,241.9275055
3825,86.5083847,28.8852005,17.15794182,9.544744492,5.510246277,10595.38115,1,12292.7976,25.80395317,8.001932144,4,258.7705383
3826,125.8199387,26.05324364,17.16337013,7.082946301,4.251754761,9912.594156,3,11852.14294,20.07924461,7.273953438,4,122.9885254
3827,109.6475449,28.21208763,18.00633812,10.55947781,6.361730099,4354.927681,3,14827.11569,31.38274765,8.663781166,4,136.3639221
3828,62.33058929,26.21671295,21.14827538,7.827478886,4.86267519,3619.556891,3,24991.66279,22.5600338,7.160038471,4,30.42578506
3829,27.04403305,25.19762039,15.86469269,12.15709686,4.422938347,3263.8892,3,14961.34335,22.83155632,7.567062378,4,35.53767776
3830,123.8094635,28.90798378,16.85584641,7.486037254,4.304475307,3539.538862,3,23777.03553,25.59660339,6.196142673,4,105.4048462
3831,158.5116272,25.64843369,17.94044876,9.317749977,5.475321293,5843.076597,3,19636.10788,23.77608681,9.062464714,4,174.4975433
3832,47.72370911,28.38798141,17.71958351,13.38681984,6.147926331,4576.461146,3,3819.589582,25.41303253,11.86315346,2,178.3032837
3833,61.10153961,25.75402641,12.53744602,3.442537069,2.182436943,1395.760497,3,11624.43468,7.471403599,2.850033998,4,274.3987122
3834,159.9347839,26.31684303,19.1902256,8.109251976,4.94264555,3409.268949,3,23645.83704,28.23099709,7.087712288,4,51.0090065
3835,67.43560791,28.24987793,19.05727959,10.01731396,6.952843666,3639.474732,3,4683.185793,21.94670105,11.65202618,2,193.6958771
3836,43.37895584,42.46838379,27.48790741,7.477837563,3.73898387,4808.092097,3,3891.022644,15.064044,6.260536194,2,322.01651
3837,74.59643555,40.47436905,23.69518852,6.161811829,3.531353712,3529.014234,3,2158.066124,11.36906624,5.382729053,2,272.7263184
3838,60.50854111,32.26543045,20.12156868,8.656615257,5.761668205,497.9683054,3,1015.05779,19.95267868,7.384161472,2,266.5751343
3839,70.18737793,28.17074013,17.50442696,6.391431332,3.983948946,1851.904502,3,8449.190391,15.65559673,8.308773994,2,94.25932312
3840,31.38369179,21.38917542,12.20942211,4.593486309,3.083063126,281.4281794,3,10626.70079,9.543627739,5.459489822,4,246.0375061
3841,152.1970367,33.77212143,25.17904472,8.242170334,4.750776291,5056.056987,1,13922.95989,24.81154442,7.346065044,4,311.2359619
3842,123.3765488,39.96650696,27.78330231,9.000289917,4.999746799,5158.483693,1,14110.23406,27.9155407,7.36746645,4,45.84544754
3843,88.74145508,31.25434685,15.44104004,8.524917603,4.729872704,7686.099173,3,12882.65229,24.52822304,6.658886433,4,207.6900787
3844,140.0045929,24.04777527,16.40774345,10.77078056,7.94558239,8979.508623,3,12210.88016,28.92152977,11.53573132,4,92.04541016
3845,90.833992,29.14487457,20.46227455,8.977228165,4.957647324,4188.394009,3,22507.01098,25.21295547,7.278729916,4,63.12997437
3846,114.3262177,29.86107254,17.1721096,8.791220665,4.839214325,3196.272413,3,26438.09447,21.63987541,7.668913841,4,204.606842
3847,51.1571312,28.43789864,22.37996292,8.284244537,4.524455547,243.6403914,3,10129.06754,19.85717201,10.76795673,4,46.83854675
3848,20.81678391,38.20114136,19.64784813,4.32619524,2.866755247,79.89742193,3,10454.4168,7.914226055,5.255150795,4,246.1368408
3849,141.6176605,55.67256165,27.61019325,10.48776054,5.71694088,4177.62771,1,14770.17691,26.5955162,8.042541504,4,35.53767776
3850,35.89425659,30.90591431,16.70802307,8.451808929,4.247652531,6494.360858,1,13677.09686,21.9691925,6.143997192,4,138.691391
3851,87.56493378,28.28816032,15.80338669,7.970110893,4.301627159,6869.10026,1,13422.94931,22.64644814,7.086411953,4,259.5922852
3852,88.97639465,20.55978584,14.32080555,5.455024242,3.601001978,10727.96869,3,11818.5355,15.23632431,5.184207439,4,250.7099609
3853,46.33962631,34.7673378,20.41522598,17.33423424,8.635616302,3935.117429,3,15089.62111,29.13327408,11.01581383,4,181.9689941
3854,85.32175446,34.00048065,17.90883446,8.380590439,4.689610958,3551.633459,1,15153.46177,21.9418087,6.605826378,4,307.4121704
3855,34.84103775,40.45610809,27.13434601,9.321745872,5.211693287,3622.290117,1,15293.2737,26.78315735,8.679983139,4,322.4958496
3856,209.1377411,23.94116974,16.45011139,7.231472969,4.220324516,3422.584447,3,24077.74908,26.17845345,7.526711464,4,265.7937622
3857,107.0136414,29.77913666,18.51283455,11.80149841,6.77254343,320.3761371,3,8527.187163,27.23758316,11.69294167,4,124.5839691
3858,57.38877869,28.89356995,21.23628044,5.710338116,3.437226534,4930.115032,3,4248.409135,15.14353848,5.435104847,2,275.9575806
3859,62.39353943,54.82139969,25.91683769,8.912901878,5.190060139,1181.905016,3,494.2912868,16.93518257,6.726032257,2,299.1974792
3860,79.41464233,36.53278732,21.79559135,8.14228344,4.822007656,1067.787862,3,449.2837155,19.40574455,6.874955654,2,73.88658142
3861,96.20613098,30.66628265,26.32593155,9.710762024,6.079946995,1117.69955,3,4757.424304,29.51477432,8.12224102,4,36.49129486
3862,110.0008469,32.01844406,20.32175446,9.089291573,5.635046005,782.998082,3,4164.684639,25.07038879,8.915475845,4,264.7322998
3863,67.70134735,43.48911667,26.99362373,7.434910297,4.671974659,1797.236501,3,8587.788967,15.86101437,7.250626564,2,309.8718262
3864,37.811409,34.87900543,16.94236565,11.90033817,6.317639351,7223.17271,3,21307.147,26.80190659,8.520468712,4,189.5755463
3865,49.56277084,36.04005814,17.93307686,7.534628868,3.687531948,2913.930831,3,23141.79456,22.05280495,5.931641102,4,90.4814682
3866,153.9405518,29.8024807,21.46771622,9.270662308,5.835442543,1968.952413,1,22202.29627,27.26607895,10.75548363,4,38.23272324
3867,105.1695023,31.31095886,17.52404785,8.773846626,5.024914265,10666.8485,3,11978.81625,21.30724525,8.657101631,4,230.4525146
3868,125.7217331,34.00811768,22.81531906,12.92231178,7.405347824,183.8617495,1,17618.99724,36.2299614,12.59469986,4,66.6074295
3869,125.6019669,36.47144699,23.32793045,5.958189011,3.457928658,2281.966484,3,6626.242693,12.53418446,6.361045837,4,48.57633591
3870,24.54778099,50.97309875,22.54741478,4.349877834,2.580037355,2815.451486,3,5695.711799,7.101472855,3.82292676,2,45
3871,42.15624619,46.35057068,25.64074326,6.585100651,3.430291653,5341.464458,3,3911.010678,12.503932,5.265769482,2,56.49964905
3872,69.61353302,31.07165337,18.13199425,7.022425652,4.176685333,1945.595069,3,8447.429394,15.69439125,7.970942974,2,79.77783203
3873,109.3629761,27.39348602,19.11849594,9.679727554,4.926437378,622.9949245,3,19206.77996,31.92895889,9.497659683,4,252.923584
3874,107.3443527,32.03729248,17.43894958,9.408475876,5.508203983,7268.983612,1,13115.51965,26.20049286,7.56243372,4,232.0914307
3875,202.1711884,24.8370285,14.38263512,8.147277832,5.148867607,1141.741913,3,18877.16222,23.05921173,9.953361511,4,175.76297
3876,104.3075638,28.40756416,17.39367867,6.853215694,3.815491199,1704.543267,3,19383.6694,19.45580101,6.814960003,4,250.2777252
3877,87.95272064,31.81157684,17.27773285,8.501873016,4.133135796,1165.002024,3,28982.27841,23.34095573,7.749272823,4,223.002121
3878,124.725441,22.25406647,15.8439188,6.326336861,3.385904312,6109.121545,3,18566.55175,22.89502335,6.100769043,4,70.78733063
3879,126.3486176,44.75933456,27.72393036,7.671209335,4.42130518,3940.186093,3,15577.91731,21.28631592,6.719444275,4,67.20768738
3880,75.86456299,28.71708298,23.20593452,8.394235611,5.292935848,3300.390774,3,14959.99822,27.68864441,8.323863983,4,55.69418335
3881,85.1394043,23.15210533,14.57602024,7.220209599,3.684771299,2484.618415,3,14123.563,23.14808464,5.996060848,4,255.0866394
3882,96.72423553,32.31285858,24.62511444,8.423399925,4.77927351,610.1384304,3,7830.952811,22.39789772,9.632305145,4,318.5447693
3883,114.2902298,49.58721924,25.82587433,11.67725658,6.099743843,404.7603386,3,8228.607179,24.17595482,9.202677727,4,313.0908508
3884,83.95587921,29.31913376,16.76457787,5.12521553,2.998421192,4481.717473,3,16095.26527,15.73929596,5.15404129,4,246.6147766
3885,215.6895447,41.3054924,26.54901123,8.146852493,4.643788815,8451.770442,3,21917.87767,20.8392849,7.004731655,4,311.4677124
3886,225.2172089,31.0573597,17.89559364,9.828733444,5.691615105,8802.325765,3,22353.38124,24.32078171,7.677536964,4,235.0493469
3887,189.3634338,34.37526703,22.3618145,9.003189087,5.045176983,864.144442,1,18630.06825,31.09078789,7.147160053,4,288.1655273
3888,187.5612946,31.57775688,21.58223915,8.961043358,5.652000427,1376.35873,1,17809.45354,29.27972412,7.661950588,4,59.711689
3889,28.42371941,29.25929832,16.20517731,7.335264683,4.637897968,166.9315862,3,30730.36299,12.83351517,8.251207352,4,146.76828
3890,51.71808624,47.64014053,26.78586388,6.511277199,3.618993521,3834.1791,3,4861.44525,14.02121735,6.160776615,2,305.3802795
3891,68.56616211,34.2214241,21.59719467,13.26324844,8.149547577,375.5381483,1,19602.15274,30.04022217,10.54872322,4,320.4265747
3892,210.4074097,39.67478943,28.49237442,9.549696922,6.106266499,1802.607084,1,18084.88713,27.30655098,7.905842781,4,34.79560089
3893,41.93920517,45.80049515,23.12488365,7.141377926,3.795669794,1622.298222,3,6933.161613,11.51033306,5.493099689,4,215.3401031
3894,67.89123535,30.48937035,16.11678886,5.146168232,3.50452733,563.5885765,3,20509.85758,10.60663891,7.690559387,4,171.5730286
3895,157.5132751,22.19112396,13.81980705,8.157777786,5.039783478,1183.656005,3,18552.35481,33.3421936,7.130829811,4,246.6444397
3896,110.3113708,28.16623306,19.2622261,9.180256844,5.5413661,3900.849111,1,15042.56255,28.8223877,8.269351006,4,79.81304932
3897,23.25515938,34.75057602,14.40349483,5.028526783,2.784152508,383.0902333,3,30326.4222,8.182950974,3.835843086,4,135
3898,26.91303825,34.93642807,24.0364666,4.919597626,2.959693193,5802.222044,3,17598.05215,11.08549213,5.948747635,4,298.6861572
3899,75.65313721,28.79376221,18.18671227,10.56711388,6.161274433,2836.096519,3,14417.14576,26.17310524,9.811930656,4,226.9176636
3900,92.37182617,36.87313843,27.14637756,10.47446156,5.20241642,1090.46407,3,2548.761829,25.87456703,8.733231544,4,304.0802002
3901,76.35939789,42.95850754,26.74296379,6.011614799,3.518271208,2047.166348,3,7543.064457,13.21158218,5.042842388,4,41.34777832
3902,70.47800446,47.53531265,26.72356606,8.933384895,3.995811701,7160.812353,1,21167.88733,22.1770153,7.043541908,4,338.7531128
3903,83.60578156,29.48500252,19.25639915,9.293660164,5.112622261,6945.504925,1,20959.24312,22.0026722,5.535912991,4,335.3006592
3904,20.26946449,41.32104111,16.61398506,5.654989719,2.995590925,1468.125003,3,7191.104235,9.855937958,3.674547434,4,321.34021
3905,54.02962875,31.87356758,21.61977768,4.918989182,3.435764074,3609.289331,3,5394.248985,10.67064857,7.085238934,2,282.2647705
3906,117.8184204,47.65281296,26.23244667,8.439793587,4.602849007,1614.303251,3,332.7650717,19.53861427,6.663268089,2,64.23067474
3907,203.658844,27.83809853,23.07134247,8.470985413,5.192544937,6819.48666,1,24980.12057,29.7891922,9.226177216,4,294.8205566
3908,162.0216217,41.93966675,28.30980492,11.25878143,5.5968256,1457.285208,1,18483.00189,31.32815361,8.906797409,4,39.03059387
3909,206.3964691,28.31337929,18.78392982,8.678872108,5.392427921,1578.251174,1,18161.93862,26.86074829,7.787754059,4,288.758667
3910,10.76122761,28.34804726,16.46014404,4.196841717,1.967022896,72.16851688,3,30455.61162,8.21933651,2.237628222,4,130.3312225
3911,137.9587402,21.24092865,15.39557171,7.693610668,4.772681713,4481.36878,3,30227.94693,25.43615532,7.471001625,4,190.4258118
3912,159.737442,24.34968376,14.85069561,6.810372353,3.659053087,4606.405223,3,29381.21817,22.62115669,6.550906181,4,215.5376892
3913,166.6603241,28.98548126,19.2568779,9.801968575,5.37211895,614.5624057,1,10789.52962,27.34518433,8.834442139,4,312.646698
3914,93.34711456,26.00196457,20.79743004,8.982488632,5.630146027,254.7127066,3,9953.961443,25.29057693,11.19602585,4,53.34576797
3915,53.83462143,31.24019623,18.35974312,4.686686039,3.127141714,529.6680928,3,10743.86607,8.722517967,4.228650093,4,258.6900635
3916,128.3204041,37.66052246,26.21228981,10.54972363,6.405474663,6282.366068,1,13396.53381,30.52608871,9.120447159,4,322.4715576
3917,113.3953857,23.61731339,14.29328728,9.231809616,5.302538872,6237.524577,3,13421.43417,28.62186623,6.901865482,4,165.2564392
3918,35.09143829,44.23792648,25.74412155,6.762460709,4.744465351,276.033513,3,30598.15088,13.59969616,9.799624443,4,321.34021
3919,3.565470457,62.26509094,18.28006935,2.860002756,1.30917871,71.18345088,3,30737.56753,3.508467913,1.750073075,4,293.1986084
3920,66.13372803,34.05321503,17.88612938,9.671147346,5.548372269,1082.837679,3,31682.13865,19.13143349,7.979096889,4,189.4623108
3921,88.18499756,24.47123909,16.77837753,6.353268623,4.048395634,1378.381327,3,31913.2932,18.01003647,5.418425083,4,284.2436523
3922,141.2821808,25.48595238,15.38763523,8.394360542,5.096288681,4684.492293,3,29591.44543,23.51416588,8.110645294,4,166.0542603
3923,160.307312,24.90772057,17.86192131,7.116333961,4.373775005,910.8122301,3,12318.11046,20.31101227,7.72530508,4,56.72511292
3924,102.4936066,42.64229202,28.52646446,8.406808853,5.123101234,8936.341331,1,22608.51649,24.50115013,7.810867786,4,56.0549202
3925,95.40969086,51.2467041,27.87893295,9.830265045,5.785218239,4275.792735,1,14453.69091,29.25787163,8.127476692,4,330.5241089
3926,134.028595,25.2073555,17.3009758,10.21378136,5.872243881,3475.945778,3,21050.97197,28.19140816,10.0430603,4,213.3312225
3927,38.34207916,35.85139847,20.49399376,7.527130604,4.368737221,43.31427774,3,30110.38499,13.86053085,8.214868546,4,135
3928,41.97768784,35.79537201,20.59074974,6.587110996,3.991750717,639.6543651,3,31143.717,13.48464203,7.201080799,4,243.4349518
3929,34.23780823,38.04018021,22.99808693,6.236206532,3.367731571,5520.788878,3,17273.90105,13.14983654,5.354535103,4,63.59680176
3930,40.38048172,36.96777344,22.50057793,13.56349182,6.964015484,68.67064175,3,8759.025083,22.1570797,12.41562462,4,83.12518311
3931,141.9436035,40.64854813,28.95557785,8.826639175,5.519492149,9684.842623,1,12088.29569,27.50852394,8.040092468,4,88.42344666
3932,75.02542877,33.03316498,25.52566338,7.259660244,4.068229675,3969.85786,1,14567.12432,23.16086578,6.692606926,4,31.52684021
3933,118.9573364,23.8217907,14.45202065,9.541083336,5.968338966,3654.618734,3,21314.08732,24.72119522,8.053172112,4,151.6450348
3934,181.2735596,30.54521942,17.15201569,11.42851257,5.957107544,680.033892,3,10919.04791,29.90722656,10.49662876,4,156.8388062
3935,104.8119888,33.92945862,20.82122421,9.011092186,4.764505386,6878.474602,1,20683.70966,20.73648071,7.078275204,4,273.8717651
3936,153.8768311,36.453125,24.85584831,8.674209595,5.334665775,3084.336587,1,23311.47091,28.56214333,7.603309631,4,39.72610474
3937,192.0277557,26.81498909,17.3569355,8.94041729,5.868466377,1829.056333,3,18182.96129,29.0933342,7.974863529,4,236.7934265
3938,168.529129,28.72432137,17.81754494,9.652776718,5.724068165,9791.863069,3,11395.3767,29.76067924,8.869469643,4,96.44159698
3939,167.386322,38.72288513,27.94594002,8.149388313,5.05017662,9463.919809,1,10931.5534,25.13709259,7.120937824,4,298.0725098
3940,98.74472809,32.03884506,19.57215881,9.860534668,5.935583591,10122.30823,1,11482.06312,25.30861282,8.106874466,4,244.5731201
3941,85.44029999,28.43266678,16.07306862,8.523921013,4.93561554,2921.924351,3,15356.3818,24.93764305,8.493360519,2,241.189209
3942,143.3034821,25.98987389,15.15522003,8.186556816,4.522607803,2748.792552,3,24274.2074,23.38661385,7.754952908,4,165.4655457
3943,194.3314209,26.71340942,17.22747421,9.717479706,5.733905792,5261.838958,3,25338.23277,26.47087669,9.027908325,4,144.5083008
3944,47.60549164,32.00863266,19.58005142,6.201895714,3.724369526,331.6087351,3,30289.56117,14.35079479,7.8948493,4,297.6459961
3945,93.25589752,22.98660278,15.18302917,6.232247829,3.649086952,6687.898752,3,18474.872,17.86349487,6.52319479,4,101.6592941
3946,49.64955902,34.901474,23.18390083,5.950678825,4.118871212,6152.186253,3,17904.68809,13.37592602,8.326226234,4,270
3947,155.4289246,27.24201965,16.10929489,10.97630692,6.980240822,256.728758,3,11213.97464,28.96893692,11.31044483,4,240.9645691
3948,46.94572449,38.52529144,19.52082825,8.4719944,4.620718002,1088.315887,3,28127.32661,17.5281868,6.691912174,4,96.1466217
3949,22.13803291,34.84094238,20.12801361,7.954149723,3.879101276,1485.67848,3,32498.20324,11.70243073,5.691376686,4,301.2391968
3950,118.2940292,25.75086021,17.44759941,8.38858223,4.887685299,4371.791475,3,26208.54969,20.54055405,7.113366127,4,150.9454041
3951,106.2331543,26.28663063,16.12957001,9.727499008,5.392808437,3331.077159,3,14931.23078,27.5975132,8.436670303,4,66.08375549
3952,81.13261414,30.22824669,17.42064476,8.215181351,5.022304058,2285.926121,3,7245.986993,18.40426254,10.00533104,4,201.9487
3953,126.3651352,28.6841259,14.54506016,8.331251144,5.225354671,7099.18998,3,13057.03098,23.54211426,9.446634293,4,119.3481216
3954,170.1297302,29.31577682,18.07334518,8.730488777,4.901350975,2028.780915,3,24111.52632,22.62986946,8.419369698,4,135.7749329
3955,85.46348572,21.65480614,14.79894352,6.967905521,4.23087883,2264.932492,3,13799.42685,25.76852608,5.965744972,4,235.4708557
3956,91.95198059,48.2309761,29.88848114,7.446745872,3.648768187,11137.88808,3,12319.37838,19.77615929,6.023029327,4,28.36904526
3957,77.04370117,34.39851379,18.52624893,7.923003674,4.75382328,413.9102799,3,29287.10533,16.64659882,8.746416092,4,154.9831085
3958,130.1030579,25.3715477,14.99550247,7.10767746,3.760971308,4721.502327,3,28899.86294,21.24714279,7.388021469,4,193.4184265
3959,146.9987183,39.74168777,27.84884262,7.162937164,4.042433262,3829.87844,3,27930.42319,19.48167419,7.298936844,4,321.1929016
3960,42.04113007,43.1675148,23.78446198,13.14091778,8.76263237,229.9147333,1,19820.62931,21.44575691,14.84747791,4,299.6114502
3961,183.0278168,38.56498337,29.14520073,9.10252285,5.231081486,2771.643913,1,16713.94112,29.5841198,7.734806061,4,46.24381256
3962,150.7579803,29.56884003,21.21305084,8.673013687,6.073916435,3106.12878,1,16130.27778,31.72400475,7.254244804,4,54.58294296
3963,97.16493225,37.79190826,18.64746284,10.64646339,5.643507004,2462.82888,3,26677.54848,22.04751778,8.419740677,4,145.7615967
3964,49.85060501,47.55433273,27.31764221,5.515685558,2.676320076,1758.458337,3,7084.857528,12.10169983,4.674900055,4,315
3965,105.6678696,33.84219742,21.5627861,7.831207275,4.696037769,10347.98169,3,11656.00666,19.39132881,6.752055168,4,318.6914063
3966,52.6319046,31.85034752,19.20024681,8.639834404,4.336762428,3640.539595,3,14932.58982,20.84722519,7.457105637,4,245.344101
3967,13.32346821,17.79302597,10.78859711,4.741490841,1.67063868,2630.279818,3,20288.12203,15.0617218,3.169210196,4,132.8389282
3968,166.7319794,37.11711502,25.50993156,10.06415749,6.196868896,3089.827161,1,15743.58899,29.38132477,7.993863583,4,312.8113403
3969,63.11040115,53.41793823,23.09295654,7.368052483,4.695035934,2009.498747,3,8340.761443,15.51563072,9.306746483,2,48.09405899
3970,86.86733246,24.09604073,21.41626549,11.25207329,6.472276211,5571.323941,1,13672.35845,31.83426476,7.948433399,4,73.89263916
3971,56.27616882,33.90701675,17.12910461,8.387670517,4.747172832,3060.838581,3,1781.758627,18.52384567,6.821650028,2,166.759491
3972,57.56203842,35.11008453,20.04683685,8.203723907,5.549862385,466.3504625,3,19629.05792,19.70305061,11.34389687,4,270
3973,116.5147858,27.53449249,16.94232178,8.226949692,4.920073032,2023.846082,3,19589.9898,23.05330086,6.511127472,4,103.3318939
3974,62.2168045,27.82188988,16.71784782,5.841302395,4.141181946,568.2701443,3,28571.02837,14.08082676,8.009934425,4,186.565918
3975,147.7982941,28.54240799,17.8287487,10.42401409,5.632888317,799.1468608,3,9569.354329,30.87580872,8.559989929,4,116.8405075
3976,85.6567688,46.06855774,28.05882454,5.890320778,3.800498009,2508.611344,3,6658.909797,12.20451927,5.863366604,4,42.87599564
3977,87.97711945,36.13127899,24.03396797,6.317016125,4.709267139,3071.648748,3,6097.172059,13.88672733,10.08948612,2,55.30484772
3978,111.3871689,44.39398575,29.98017883,9.221899986,5.087194443,7067.310654,1,12844.86819,26.53896141,7.012553215,4,37.87145996
3979,65.58358002,25.87748909,19.87846947,7.087306499,4.502817154,4449.139998,3,25053.16672,16.92265892,7.254347801,4,280.4077148
3980,102.6401367,55.52965927,27.18016624,9.551082611,4.811040401,3607.333338,3,15118.47941,22.70903587,7.707577229,4,318.1798096
3981,47.59999084,25.27907944,19.81777573,8.412192345,5.785303116,3109.089437,3,14629.84515,28.48521805,5.92044735,4,41.90494537
3982,37.77986526,36.04880905,23.7776432,13.02272987,8.387785912,2893.112903,3,14414.19601,25.89894295,12.40677261,4,207.8637238
3983,54.75805664,37.00635147,21.37413979,6.950360298,3.853557348,2349.19047,3,7956.828074,14.19698048,5.921725273,2,253.3007507
3984,126.4399796,58.60316849,24.23412323,11.34016705,4.916402817,8838.239514,3,23798.62436,25.15036392,7.596173763,4,308.1182861
3985,111.2403793,29.35175323,21.73239136,7.929521084,4.595812798,7942.68636,1,12024.99213,25.59386635,7.858510971,4,292.1378784
3986,115.9144669,28.46318626,20.61655235,6.897260666,4.458581448,3784.393424,3,21621.16794,23.09557152,7.706986427,4,269.5411682
3987,14.17589092,42.76968384,17.35158157,5.2744174,2.492714405,92.44042091,3,29853.72938,8.729615211,4.704770565,4,165.5234222
3988,51.94811249,29.15226555,17.78921318,12.41360474,6.886798382,4315.897104,3,25313.22992,24.05629539,11.44727039,4,123.4303055
3989,57.06365585,25.16374969,15.38719177,6.167696476,3.753080845,5098.70489,3,16838.987,17.47693825,7.846364498,4,271.7357178
3990,104.8300781,27.30426025,15.34705257,7.353004456,4.259727478,3775.041722,3,15329.87442,25.21660805,6.825854778,4,76.21839905
3991,28.25823784,29.42399788,16.63617706,6.205592632,4.089719772,279.7545836,3,20315.04761,12.44221401,6.422732353,4,234.8193054
3992,45.22317123,29.00933266,22.59983063,11.03373146,6.969194889,145.5094911,3,19929.1231,25.13565636,11.30894661,4,101.8214874
3993,64.91055298,49.02816772,27.51907158,10.37851429,5.665374279,7750.898237,1,12525.82375,28.87553596,7.45837307,4,337.6824951
3994,97.2355423,33.96260452,24.22626114,8.325815201,5.053795338,8404.472061,1,11845.3434,24.63835526,6.552944183,4,299.3890076
3995,75.11608887,27.16633606,14.40735435,8.543863297,4.392732143,6031.80836,3,13318.19981,21.79276276,6.523350716,4,232.1250153
3996,55.16274261,35.34801102,20.89269638,21.56680679,12.61876392,4803.054105,3,14002.88618,38.7611351,14.66872597,4,108.1836548
3997,108.7251282,21.05552292,14.34356785,5.714493275,3.206230164,4324.544667,3,24269.22695,18.84768677,5.295586109,4,261.8699036
3998,88.58846283,26.44024277,15.71883869,7.52474165,4.206817627,4846.812958,3,16501.5756,22.72184181,6.750462055,4,277.8831177
3999,77.21494293,42.79825211,25.66684914,8.746220589,4.462120533,462.2127569,3,4934.732203,20.64630699,7.118251801,2,82.79394531
4000,138.2583313,23.27018929,14.90114594,8.713505745,5.780292511,555.2245377,3,8383.986489,24.82393646,8.648277283,4,274.1147156
4001,128.5718842,25.63122749,16.73951721,6.302416325,3.65126276,2997.590848,3,15088.53337,22.39281654,5.023077011,2,308.6155396
4002,45.18857956,45.1427002,25.22727013,6.365035057,3.492530107,4651.883086,3,4692.393767,11.71934891,4.63294363,2,48.05342102
4003,148.4825134,25.24357414,16.00931358,9.242944717,5.466433048,2257.40234,3,17233.82019,28.03880692,9.002396584,4,83.96674347
4004,72.5723877,30.39261627,18.15949059,9.142421722,5.345225811,625.5704437,3,17080.08659,23.89487457,8.539456367,2,134.2724762
4005,105.1209183,37.50569534,23.91072083,8.181397438,4.751007557,790.5817231,3,16879.29953,23.03172493,7.031989098,2,45.81912231
4006,49.50133896,33.99575806,25.80119705,6.911582947,3.896421671,772.7812723,3,30742.14004,16.99402046,6.757538795,4,35.15031433
4007,82.01295471,27.5470047,23.11877251,9.493078232,6.297316551,5911.506605,1,13478.99015,22.47701263,9.712328911,4,270.5672607
4008,87.90410614,28.69714737,18.23215866,9.85785675,5.79197979,5853.295812,3,13219.62344,25.92755699,8.416462898,4,188.5691528
4009,76.92514038,31.38457489,18.28676033,10.63268661,5.480086327,5157.062554,3,13688.42003,25.61589813,8.266065598,4,135.9877625
4010,149.4096527,25.6604805,17.99925232,5.587948799,3.347699165,3094.328243,3,14731.57682,18.58906555,6.204138756,4,264.0531311
4011,92.16872406,27.51988411,17.59004974,10.61331749,5.281130791,1713.542622,3,31914.32844,22.56326103,8.742715836,4,184.0856171
4012,132.9554596,19.62379456,14.24175835,8.007379532,5.128705502,4937.482151,3,27353.44665,23.33840752,8.043522835,4,173.6091003
4013,99.0226593,43.97668076,24.86523438,8.123123169,4.022147655,5205.245872,3,16855.83409,20.41368103,6.734833717,4,327.4935303
4014,88.87595367,24.95736694,16.24298668,5.971704006,3.55627656,5460.923756,3,17099.81412,18.16827774,6.30204916,4,286.6069946
4015,109.4706268,25.58530998,15.76275253,9.338133812,5.086238384,2266.768936,3,13698.81919,25.52648544,8.755068779,4,214.8244934
4016,135.3322449,29.81199265,17.58699417,12.1451807,6.900231838,402.0524654,3,9542.262868,29.77989578,11.02557373,4,90
4017,125.8462601,24.7427845,15.69891453,9.45085907,6.62570858,371.4705279,3,8838.12602,24.57125854,9.013781548,4,257.0053711
4018,39.49610901,36.51008606,20.3517971,6.489958763,3.462157488,4748.543036,3,3318.011688,12.04399681,4.837660789,2,59.03624344
4019,41.28495789,40.35536957,22.98027229,7.402841568,4.295141697,5176.822393,3,3712.281314,12.95703793,5.827642441,2,274.0282593
4020,42.92492676,34.69747543,19.2295742,8.058282852,4.931450844,4102.24751,3,2787.431182,15.53335667,6.326782227,2,125.3624573
4021,80.42221832,31.4822464,17.42126274,8.752566338,5.201388359,1843.41803,3,451.1007203,20.68591309,7.598098755,2,122.4306793
4022,45.29530716,38.78814316,27.46912384,8.704645157,5.128062725,840.3870026,3,5666.653595,18.12537003,6.778535843,2,39.8718071
4023,80.88141632,26.52232361,15.65552521,8.714445114,4.55992794,9852.229976,3,11156.75788,23.40817261,7.340910435,4,207.349884
4024,83.7678299,25.09182358,14.65636635,6.593028545,3.933768034,10000.58317,3,11219.92226,19.9671154,5.733241081,4,223.7678833
4025,118.1137924,22.09594727,17.14025116,11.61039352,6.63488245,67.75600768,3,17757.84055,36.61708832,10.42949867,4,228.5763397
4026,88.54912567,28.4213829,20.66139221,10.3447628,6.788290024,344.1217771,3,17340.14928,28.92497253,9.923862457,4,52.33570099
4027,98.59171295,48.38344955,29.43117905,6.959205151,3.72520709,1048.531055,3,29793.85617,17.44833183,5.412720203,4,292.7238159
4028,18.95330429,44.81304169,18.85694885,7.158267021,3.530303001,1707.246912,3,58.26278145,15.07291126,4.926040173,2,103.2985687
4029,122.7720718,31.48665237,18.17875099,11.51564503,6.57250309,2286.204114,3,19867.96421,26.07019997,11.65859699,4,204.7024231
4030,90.2292099,32.07343674,25.76738358,8.461145401,5.236975193,3778.764419,3,22797.90416,25.41632462,6.468149662,4,44.13195038
4031,77.96274567,28.47420502,15.85616779,10.61964226,5.114695549,3058.381051,3,22623.87792,25.04695129,8.401367188,4,158.0622864
4032,55.18970871,33.39402771,23.35875511,6.362297535,3.824605942,406.9304653,3,29491.28639,13.71691608,7.73907423,4,322.4715576
4033,165.8016205,22.55833817,16.85944748,8.038474083,4.790512085,5097.330365,3,27811.3781,24.66140747,9.701272964,4,155.1129303
4034,60.83547592,31.85344505,18.46618271,6.852933884,4.063606739,2862.658657,3,1538.542779,17.59497833,5.350962639,2,282.7712402
4035,73.93698883,31.28545761,17.08513641,10.10143852,5.409676075,226.3820172,3,5188.789446,24.89929771,8.492136955,2,136.507431
4036,43.46350861,28.92799187,16.09882545,4.110842705,2.568924189,1632.188072,3,11548.85682,7.800475121,4.007389069,4,180
4037,111.5140839,25.00032806,14.36960888,5.648258686,3.015122175,3619.705484,3,13421.43564,13.87226963,5.054282188,4,193.6713104
4038,27.04200745,38.39404678,21.41403008,6.425772667,5.04312849,90.02775766,3,19798.31434,9.655475616,8.782191277,4,146.9974823
4039,118.6113358,17.72344971,13.98675823,7.421777725,4.305393696,4045.905661,3,32315.06187,30.41534233,6.672194481,4,216.2141418
4040,102.6433563,32.9067955,20.00855446,10.02775574,5.772271156,690.9819987,3,2279.692231,22.82897186,8.844924927,2,143.3341675
4041,81.18680573,24.90040207,15.81540585,8.095462799,4.401555538,1394.836684,3,6458.614935,21.84715462,8.93488884,4,213.2109985
4042,88.88821411,24.68838501,15.73898506,9.35179615,5.64013195,3016.24418,3,23145.74794,26.69223213,8.057282448,4,183.1413269
4043,197.9201508,41.80218124,29.15744972,11.42002296,7.749859333,701.5251831,1,19300.69968,29.34243584,9.868801117,4,319.1181946
4044,237.4540405,29.43761063,21.13237572,9.133872032,5.216832638,1443.732616,1,18432.86594,28.33435249,8.959641457,4,294.5806274
4045,131.1297607,20.66516113,14.50929737,6.934791088,3.909213543,5101.995214,3,28806.59832,23.68565178,7.760230064,4,208.6895599
4046,31.94352722,39.80764771,22.34729767,6.742706299,3.592963934,5726.633826,3,17426.20613,13.46257591,5.652648449,4,95.33148193
4047,70.18312836,29.05729485,16.87071037,5.769282818,3.529184103,3840.926293,3,2556.157137,15.3151598,6.355065823,2,255.9637604
4048,76.10834503,41.64382172,20.48944473,7.557897091,3.765566587,2096.646636,3,642.6042919,18.49772644,5.84761858,2,59.36678314
4049,133.9018707,28.30077744,15.91233253,10.17921352,5.669403076,4397.582317,1,14419.10184,27.86392975,8.0167799,4,214.1435852
4050,121.4347153,34.74211502,25.39975739,7.588308334,4.41754961,4619.731913,1,14317.08473,23.76575089,7.229406357,4,47.29061127
4051,148.3366699,27.38476372,17.0812912,9.012665749,5.636453152,6548.089566,3,12968.02535,31.03002167,7.977133751,4,240.4662781
4052,102.2227707,21.24214745,18.16880417,10.27300453,6.636390686,2581.235614,3,23228.71346,30.82539558,9.124993324,4,192.3441467
4053,138.287735,21.61270142,16.23851967,9.044712067,5.563613892,2191.852022,3,23553.9843,27.79545784,8.400519371,4,195.1011047
4054,102.0339737,28.12483978,18.32307053,6.132008553,3.488176107,1082.190885,3,30090.51902,17.71728897,5.555548191,4,304.0366821
4055,43.2444725,29.83701134,19.79214096,7.274187565,3.750928402,1379.546737,3,31182.01645,16.26897812,6.469359875,4,253.9264221
4056,111.4982376,23.5675087,18.56974411,11.78888893,6.982599258,3364.206193,3,33202.814,31.69035339,9.942329407,4,170.6184998
4057,120.903862,25.34596825,16.68689728,8.180999756,4.463787556,4666.425772,3,26326.92709,21.32099915,6.410955906,4,48.60642242
4058,131.0651245,25.66466904,16.85614395,8.234000206,4.987745285,1038.329847,3,10609.17988,26.73421288,7.590296268,4,268.1912537
4059,86.04005432,27.38636208,17.01145554,5.715537071,3.428878784,4151.310602,3,5528.759296,14.35503483,7.26990509,2,242.8188934
4060,122.5910568,26.09583855,14.9042654,7.670375824,4.469420433,8240.459894,3,22973.40113,21.15519333,7.122835159,4,180
4061,204.9555359,37.18785095,27.41654587,7.865282059,4.500047684,5203.119436,3,25192.05418,23.78801727,7.662856579,4,41.30861282
4062,72.29740906,25.83636856,12.86950588,7.474836349,4.043379784,4130.534013,3,24207.58125,23.61017609,6.979409218,4,105.5241089
4063,125.2299347,36.42079544,23.77145386,9.888290405,6.068596363,3165.197527,3,14622.51234,26.56316376,8.377900124,4,52.19347
4064,6.951797962,41.60185623,17.90784454,5.459218025,3.280410767,1112.577618,3,6006.406191,6.583527565,2.823254585,2,286.5892334
4065,50.19156647,36.14872742,24.07077599,10.85007286,6.743400097,6086.643615,1,13128.57305,25.43322563,8.331630707,4,287.3869629
4066,81.99456024,27.50387955,16.77146912,7.266064167,4.236058712,9242.020536,3,10339.16032,19.72105598,6.429855824,4,120.5989151
4067,76.65772247,24.09865379,14.64352131,6.367248058,3.661241055,2089.48918,3,32155.54068,17.77144241,5.440589428,4,293.7495117
4068,62.69432449,33.17388153,19.20841408,8.395411491,4.845125675,2704.66998,3,32685.71655,19.87836838,7.582868099,4,159.3624573
4069,90.24499512,34.73428726,21.18315315,9.240286827,5.282257557,2634.129019,3,1061.558223,20.5500946,8.02134037,2,94.76364136
4070,37.83908081,50.91075897,28.21369171,8.018293381,4.600803375,1572.872885,3,17.42198158,17.89917946,6.264472008,2,322.594635
4071,97.63396454,24.69634819,14.69125271,4.313714981,2.596587658,3823.662245,3,13659.10549,12.85457611,4.343768597,4,216.1581879
4072,99.62359619,43.99685669,28.68543816,9.143564224,4.788010597,8203.371066,3,11914.64378,24.54358673,6.669446945,4,46.1457634
4073,115.659462,29.19110298,17.14619827,10.0680685,5.872923374,7377.546623,3,12497.25146,27.39050293,9.739722252,4,159.7260132
4074,48.58219528,26.4577198,9.866747856,9.424463272,5.285033703,4814.740271,3,28077.76436,28.65251541,6.26233387,4,176.0707092
4075,30.4985199,37.5237999,29.91929817,6.886826992,5.02675581,1946.603567,3,7253.199442,16.71807289,5.371850014,4,11.80173492
4076,111.506424,26.01983452,17.00354576,6.239963055,3.662996531,2433.946667,3,5982.892385,18.14720535,6.994390011,2,261.3045044
4077,90.69480133,37.71482849,27.54734421,6.902667522,4.008109093,2141.232373,3,6636.425045,17.14333534,5.498647213,2,331.1443481
4078,110.0151672,27.76811409,19.26691818,9.082694054,5.706744671,5727.932039,1,13368.71643,30.29974937,7.91021204,4,77.27259827
4079,89.16069794,26.55511475,20.3384037,11.40816498,7.54553318,4579.966477,1,14060.30954,31.21552658,11.0920639,4,276.7445679
4080,91.07672119,29.53586578,17.1490097,8.806588173,4.911769867,1763.829935,3,26854.39906,25.18749619,6.91319561,4,296.5650635
4081,92.29914856,37.25490952,20.2862339,10.06392765,5.247855186,687.0852689,3,27496.24418,20.264328,8.510115623,4,61.0549469
4082,81.53302765,33.61835098,17.77224922,8.558029175,4.698408127,804.1882136,3,27699.79815,19.40984154,7.441871166,4,155.6641541
4083,118.4206848,24.26132965,14.87786293,5.663505077,3.009241581,4565.682194,3,24326.34305,15.96732712,4.953043938,4,298.0725098
4084,128.3081818,27.55670738,15.78255081,9.600139618,5.522530556,1313.346171,3,10557.4567,29.19694901,7.313371181,4,237.458252
4085,98.37133026,33.70534134,23.07832718,8.14384079,4.736305237,2359.861519,3,888.5545267,21.30807686,6.492612839,2,78.46974182
4086,43.70396042,21.07895279,11.30575371,6.443712711,3.205447435,3938.145903,3,13716.9997,17.65974426,4.911513805,4,229.0869141
4087,138.9959106,26.07088852,15.73935509,6.929994106,3.88615799,4379.891204,3,24402.13421,22.26451492,5.977288246,4,59.2372818
4088,90.47377014,30.71601677,18.74189186,7.840326309,4.395291328,3423.885428,3,23470.87734,21.14103317,6.675197601,4,57.65027618
4089,176.2882385,25.53404236,17.5085659,7.913304329,4.830618858,1575.890728,1,18264.50279,27.58625221,7.289673328,4,277.0164795
4090,100.5656738,23.58543587,18.54341125,8.813402176,5.432467937,6549.685699,3,12965.24455,25.72192955,7.404036045,4,179.1930695
4091,71.37348938,30.56510925,21.83453941,6.42063427,3.383650303,1326.087717,3,30625.08472,19.17201233,6.496807098,4,49.04989624
4092,87.08847809,28.02178192,16.16693115,8.407885551,4.708325863,4715.684168,3,16242.71433,22.20793152,8.20775795,4,166.8274536
4093,126.6674881,25.08059502,17.12795258,9.631289482,6.286029339,3136.856771,3,15802.73427,28.89394188,8.635909081,4,245.7141724
4094,109.0290451,26.9223938,16.81794548,10.31296635,5.871712685,3793.494808,3,15086.707,26.07722092,8.403470993,4,183.7640381
4095,147.4496002,39.49934387,28.05522346,8.688456535,4.96916914,3781.837578,3,14090.73273,23.80013657,7.720992088,4,50.71059418
4096,118.3864517,26.2296524,16.9330368,8.066525459,4.629709244,5287.91414,3,26510.31676,20.59532166,9.680346489,4,146.3099365
4097,49.87131119,23.04364014,12.14339066,8.673845291,4.126931667,4710.192425,3,25664.41326,21.80648804,9.080696106,4,117.5252228
4098,48.68984604,29.31432724,17.92305183,5.802381992,3.808371782,6887.36952,3,18642.44508,15.03995037,8.675589561,4,115.4586182
4099,61.99564743,33.00051498,18.95751572,6.275971413,4.051497936,1049.406784,3,9088.606185,12.57122326,5.886010647,2,183.6522217
4100,46.47163391,29.86029434,17.10120201,4.679823875,2.867159605,918.6218724,3,10908.95689,9.138790131,5.177568436,4,225
4101,147.2022095,21.96442413,12.63723469,7.636820316,5.239109039,7724.049635,3,23403.38136,23.15440559,8.245547295,4,239.974884
4102,202.3253632,27.67236519,18.4364357,11.13548374,6.990518093,6848.012334,3,24331.42105,32.78118896,10.38879776,4,101.7251129
4103,84.92472076,25.56608582,21.46881294,9.239279747,6.556904793,4921.773205,1,13598.20105,31.7648716,8.250074387,4,305.6751709
4104,91.51592255,23.92346382,16.5438118,7.303417206,4.2794981,2974.403006,3,32897.56328,24.31976509,5.462627411,4,271.8881836
4105,58.19007492,41.80154419,30.36342812,7.613279343,4.258941174,6593.250819,1,20402.81193,14.12537003,3.235495806,4,25.82099152
4106,126.5343628,53.55662918,28.78408813,12.98638535,6.505753517,4574.009644,1,13666.40428,31.94083214,9.973308563,4,25.60506058
4107,106.5547256,32.15481949,21.00599289,10.16907692,5.7490201,4358.043178,3,13870.27629,28.56821632,8.354676247,4,268.3546448
4108,106.6018829,25.90074348,16.42520714,7.86283493,4.850410461,1263.241635,3,8196.862614,20.93745613,8.733011246,4,199.3816071
4109,69.50807953,28.65745926,15.42636108,6.56666851,3.845239639,4150.293678,3,14063.4255,14.19742012,6.405254841,4,166.4295654
4110,74.46641541,34.14435959,13.34793186,7.169868946,4.553079128,9850.594454,3,11018.12297,21.76743126,6.864395618,4,280.4516296
4111,32.22867584,36.02409363,18.31972122,7.090549469,3.941930771,900.9977396,3,28394.3422,13.29751873,5.994486332,4,203.4992371
4112,43.94239807,35.3044281,18.63819695,7.39220047,4.599402428,250.2304477,3,28675.69553,14.67613697,8.368784904,4,159.8535767
4113,93.93795013,40.9444046,26.47774887,7.164487362,4.179601192,515.084802,3,28633.3857,14.7739439,6.817033291,4,316.055542
4114,115.5710297,31.10742378,17.20181656,5.479161739,3.414663076,4683.996132,3,24994.22254,14.41469955,7.234041214,4,268.8308716
4115,94.28765869,32.20419312,20.200634,6.458481789,3.717228413,6131.904683,3,17752.80279,15.97179127,7.151488781,4,276.0407104
4116,75.35570526,19.23416519,16.66052246,6.091806412,4.301285267,9649.48627,3,10832.07539,18.92818832,5.196257591,4,283.0727844
4117,128.2741241,24.09130478,14.48865986,10.48607635,7.483616829,9591.426281,3,11737.71309,28.2702713,11.91584682,4,229.0856171
4118,40.88759613,39.02967834,18.26584435,9.952364922,6.797504902,6881.495101,3,12648.13367,23.7250042,8.980086327,4,131.1432037
4119,51.93191528,47.69773102,28.22971535,8.510652542,5.501845837,6658.619842,3,12586.57973,26.5072422,6.924513817,4,20.0952301
4120,181.9692535,27.1851902,18.01474762,7.89094305,4.677803993,2057.425492,3,24328.53045,23.07797813,8.891324043,4,235.6196594
4121,36.67404556,33.21716309,15.39214897,9.487118721,4.888597488,278.7443415,3,28174.40412,22.91304207,7.066847801,4,101.8214874
4122,129.5367584,26.14242744,19.14085197,7.565038204,4.44389534,5120.089921,3,30843.64334,23.44209862,6.558969021,4,59.74356079
4123,120.1890793,28.4342804,14.46566582,10.13955402,6.074484825,5080.681015,3,31741.59063,25.74287605,8.928496361,4,123.4078217
4124,146.3610687,32.44668198,22.56038284,9.152467728,5.116044044,6286.889898,3,19882.48599,22.66256905,8.351857185,4,76.78048706
4125,134.5204163,36.22839737,24.93416405,10.71565533,5.348432064,797.2116195,3,9720.410859,26.7338047,8.388171196,4,32.59664917
4126,81.82624817,30.04397011,17.2656765,9.685872078,7.139539719,3344.952804,3,6309.728272,18.56539154,11.97373199,2,88.37026215
4127,69.75286865,44.49866486,25.18617058,6.585442543,4.029601574,2589.797274,3,7691.413749,13.48507404,6.640126228,2,291.0375061
4128,131.7532196,26.61017799,18.19898224,10.34565163,6.30947113,1487.582689,3,21679.86204,28.37478638,8.94560051,4,171.7787018
4129,77.2203598,32.74325943,20.923666,10.60146618,7.280639648,698.3710874,3,20845.25859,26.18685532,13.93898869,4,72.64597321
4130,90.28961945,28.98605347,25.41874313,9.568865776,6.052745819,9977.525043,3,11375.71339,31.23597145,8.656068802,4,58.03687286
4131,103.3242493,27.93886948,20.9407711,7.115379333,4.196806431,9428.581345,1,10720.88898,20.70864296,6.066013336,4,325.5965881
4132,86.07334137,23.90927887,16.35127449,6.421597481,3.507162333,9373.308239,1,10577.62699,18.46404076,5.508815765,4,322.6506348
4133,161.3553619,30.06552696,24.01432037,6.771983147,3.67182827,7742.636583,3,11184.93469,21.01866913,6.328642845,4,60.04639435
4134,95.08408356,30.46796227,17.93036079,8.255523682,4.676733971,5858.742537,3,28353.28942,20.20065117,7.415271759,4,194.0362549
4135,148.5089569,21.25816917,14.41922855,7.857923031,4.790442944,6522.478955,3,21355.6586,22.50604439,8.08381176,4,114.0392532
4136,38.48894882,39.20962906,17.87774086,7.595720291,4.94344759,4744.113186,3,3465.848853,13.97298813,6.541957378,2,139.8990936
4137,46.1122551,22.98760033,13.17255402,4.472794056,2.630008459,3476.891603,3,13257.55674,10.99452782,4.734041691,4,228.9004974
4138,37.60058975,33.40515518,27.11762619,9.158827782,5.367550373,9471.549765,1,10834.18696,22.52118492,8.185612679,4,267.2157593
4139,94.87530518,35.54489899,18.78161812,11.25858307,6.224701405,642.0883834,3,26953.86729,22.05548859,9.319406509,4,78.04037476
4140,73.64781189,28.18355942,19.92994881,11.82406521,6.868450642,104.9522191,3,11522.53596,28.45905113,11.6912756,4,243.4349518
4141,52.42562866,42.00812149,18.3652916,7.574008465,4.278060436,4942.582739,3,3655.811202,14.09227276,6.376221657,2,212.957428
4142,72.0880127,32.57520676,13.78644371,5.150177479,2.969089746,2824.448344,3,12850.36396,10.43479824,4.557561398,4,235.3048401
4143,182.3208923,27.54630661,14.19528198,11.71047401,6.863992214,6723.047122,3,24176.38428,32.9814949,9.978952408,4,73.36360168
4144,140.6135254,29.5468502,23.00364304,8.675755501,5.3396492,6257.663514,3,24241.50385,28.83983803,8.289121628,4,64.6567688
4145,54.70333099,25.52040291,21.14753914,10.52667809,6.565514088,3.800385612,3,17726.89665,31.3717308,9.530093193,4,216.326828
4146,124.3903046,21.49425697,13.95611763,6.94853735,4.017277718,2989.202036,3,22248.23158,26.17290878,6.058915138,4,46.94148636
4147,45.64036179,30.51948547,17.3330307,7.36177206,4.12047863,1927.590408,3,31273.37171,16.00845146,7.75432682,4,267.3574524
4148,65.64370728,50.26770401,25.31246758,7.290770531,4.27345705,5845.152526,3,26414.35956,13.08976936,7.053704262,4,316.2188721
4149,129.8690186,25.26048851,14.57032394,5.845533848,3.384209633,4950.112724,3,24299.06042,16.1625309,6.073124409,4,271.3971863
4150,135.8513336,22.96681976,15.3691473,7.965979576,4.57708025,6683.810377,3,20833.52373,21.38809776,7.338211536,4,181.6846924
4151,128.539566,41.64453125,26.62673759,6.246134758,4.190235138,6611.864818,3,18184.77706,15.59982204,8.856852531,4,319.127594
4152,39.61487961,49.86499786,25.59926987,4.027961731,2.710995197,7076.362921,3,18739.28215,7.045356274,3.612858772,4,300.9637451
4153,92.64173889,48.13287354,27.72766304,10.33057404,5.751293182,697.0343082,3,12373.23174,22.83885765,9.653881073,4,323.3763123
4154,87.73382568,37.04642105,20.15122223,9.991059303,6.182296753,340.6265314,3,3027.369761,23.40821266,9.780489922,4,60.06848907
4155,98.12641907,31.90077972,18.32626343,9.21216011,5.193977356,125.2564641,3,3849.953971,22.90577507,8.579371452,4,230.04245
4156,87.79071045,33.09692001,23.72341347,7.144014359,4.177526474,1770.533352,3,5293.802354,18.34385681,7.763237,2,70.03725433
4157,62.77181625,45.27344513,26.19094276,8.323713303,5.026357651,2970.646184,3,7229.482204,17.74944878,6.946714401,2,290.2248535
4158,73.288414,23.31577682,15.63648701,7.727226257,4.53686285,10116.6193,3,11004.44387,19.44868279,6.689279556,4,196.189209
4159,52.0207901,65.96134949,20.27209282,10.76294708,6.872369766,297.4325697,1,17414.77972,24.51426888,8.173005104,4,39.28940582
4160,123.1690369,43.12054825,28.0176754,7.35214138,4.264208794,1515.292084,3,28975.08531,19.91848946,5.940284729,4,56.88865662
4161,3.654011488,68.22780609,13.06388283,3.44461298,1.37764442,4899.654786,3,25507.2531,4.339166641,1.965187788,4,45
4162,135.9522247,21.56197929,15.53547955,6.500536919,4.037941456,5168.775045,3,24457.97186,18.1006012,7.244326591,4,300.2149658
4163,107.7814484,23.17490196,18.67112923,6.516881466,4.157136917,5147.191814,3,25133.60853,19.21062469,8.768352509,4,261.4806213
4164,101.7150116,21.7868042,14.80916309,7.563685894,3.964277267,6932.509029,3,20323.23671,19.33914948,5.611045837,4,177.5940247
4165,24.16524506,37.23145676,23.83806229,13.42658901,7.143764973,3124.449035,3,6495.912931,21.93429756,10.65384293,2,62.72057343
4166,58.97322083,31.4613533,16.93235397,7.636883259,4.798220158,5102.506353,3,4699.34233,15.8415575,8.939539909,2,139.2363892
4167,81.14395905,47.53678894,28.00638962,7.87800312,4.100623608,2061.413201,3,613.0511246,17.86751938,5.83139658,2,296.1940918
4168,144.0039063,35.56708908,20.82290077,10.64380455,5.851927757,6650.663303,1,12754.22153,30.33242416,8.452875137,4,322.036499
4169,60.3675766,27.81059074,21.4008503,11.4827795,6.700375557,8282.472318,3,11847.48539,25.87296104,11.40041351,4,172.1582947
4170,73.81381226,25.00365067,18.3559761,11.22908401,7.210677624,5506.070513,3,13300.6072,29.76177788,11.61906815,4,167.7530975
4171,118.5508499,29.20689583,16.391325,8.746964455,5.42235899,961.6338332,3,16720.38468,24.62452507,6.967222691,2,125.8404999
4172,92.96864319,29.18732071,18.89467621,8.350169182,4.791949272,1412.399066,3,26020.78242,24.32984543,7.570709705,4,279.2701416
4173,87.25058746,26.63359261,17.33983231,9.798914909,5.076860905,386.6162252,3,4155.801908,24.73153877,7.227851868,4,186.7277069
4174,105.3612823,35.80459976,21.85508728,9.671463966,5.739871025,5591.35626,3,12514.45702,26.63851738,8.089660645,4,60.17334747
4175,170.6825714,27.52689362,22.70435143,6.85526228,3.976635695,2518.586394,3,22012.30298,26.84417343,5.720231533,4,54.36650848
4176,108.2539749,26.97092056,14.95558643,8.113518715,4.158003807,5337.186409,3,31383.75046,23.52231979,6.7873559,4,181.6065674
4177,44.47025299,35.25923157,18.57347679,11.11680317,7.233313084,7372.240667,3,19130.31991,17.4471283,11.78875351,4,111.0375137
4178,55.31099701,33.34922028,20.29424858,8.262190819,4.871684551,5218.192657,3,3932.524612,18.46121216,7.433882236,2,90.90937805
4179,36.51364517,27.11395264,12.78271008,7.826645374,3.324323893,4722.074119,3,15073.95263,11.46107006,6.059805393,4,239.0362396
4180,83.09989929,26.74845886,17.07825851,5.705555439,3.877080917,3982.84703,3,15115.64425,8.133021355,4.416675091,4,218.4844208
4181,160.8511353,27.3409977,16.14896202,7.975017071,4.380884647,4386.354767,3,24354.69449,22.19980812,7.471068382,4,103.172554
4182,94.53865814,39.9031601,26.38068581,7.577618599,4.264080048,7664.112157,3,12091.04574,23.34450722,6.785927296,4,49.01417542
4183,161.8153534,29.55890846,16.56907463,9.425251961,5.603816986,6874.030625,3,12478.85242,28.37843895,7.808271408,4,235.7976532
4184,70.65332794,28.58049774,17.79557991,9.002774239,6.187274933,2669.511049,3,32046.18822,21.21072578,8.486526489,4,202.4503479
4185,63.78166962,27.49982452,17.32366371,8.062659264,4.465454578,2386.437963,3,31559.05474,20.3295269,8.576573372,4,219.8055725
4186,153.6141357,34.11411667,16.87925529,11.840415,6.578425407,1009.921288,3,10816.23059,28.68429565,11.37675476,4,151.7596436
4187,87.6034317,29.22310829,16.21990776,8.585254669,4.653702736,2793.643676,3,6856.581894,19.56273079,8.025188446,2,206.8008423
4188,36.62643814,26.95365524,16.97378349,6.122783661,3.913967609,4521.610839,3,14607.93163,15.91458797,6.046330452,4,146.6336365
4189,65.0039978,32.60050583,15.829566,4.006120205,2.411369085,4606.84585,3,15455.09987,7.503520489,2.218980789,4,218.9909973
4190,122.5279846,27.34406281,15.70803356,8.993026733,5.207722187,2558.518136,3,20208.81994,20.63644218,8.08673954,4,149.4207764
4191,123.9676895,23.66701698,13.81818771,11.12788868,6.174533844,1721.087454,3,13249.69368,31.02655029,8.247792244,4,159.5671692
4192,12.19745636,34.27838135,18.95075607,4.465790272,2.629385233,4453.156146,3,14778.7585,8.271660805,3.814446449,4,242.1027222
4193,70.60149384,40.3459549,25.98264122,6.30625391,3.754511833,3374.181425,3,14702.29374,15.20966434,6.823067665,4,308.3674927
4194,121.0914307,23.77752304,15.75285053,9.340869904,5.38308239,5814.935389,3,13103.24148,29.52330208,7.348853588,4,93.96857452
4195,138.3587799,50.29812622,27.97422028,9.700432777,4.906548023,6107.393435,1,12798.0636,27.07966423,7.986604214,4,48.92220306
4196,81.77349091,25.84848213,20.90154076,11.33221817,6.348617554,9472.565747,3,10859.18294,28.91724968,9.986284256,4,82.04247284
4197,104.9007645,28.38186073,15.65677547,12.07624722,6.902139664,9180.447587,3,11328.16517,33.38062668,11.38919544,4,161.0141907
4198,106.1009827,44.45230103,29.18078804,8.186202049,5.100411415,7727.021046,3,11702.81993,23.2607193,6.886965752,4,65.88263702
4199,116.384613,32.90942764,26.80690575,8.353333473,5.718869686,6500.251036,3,12428.3972,24.15831184,7.896464348,4,24.77513885
4200,135.1391602,50.18838882,27.86073494,9.556792259,5.30966711,5860.136127,3,12524.99382,21.64122963,7.276713848,4,157.7509766
4201,172.3191681,30.00880623,17.31377792,9.569061279,5.238077164,1726.144947,3,24335.85022,23.53943062,8.954005241,4,146.8024292
4202,71.91478729,29.53760147,17.46125412,7.353402615,4.286382198,5348.314232,3,29525.96257,17.45869637,7.555033684,4,194.4579163
4203,21.86375046,43.13921356,25.82732773,4.092677116,2.342156172,5359.74578,3,25706.82278,6.958779335,2.938676596,4,45
4204,32.88090897,30.14277267,16.74922562,6.372992516,4.4807868,2127.179472,3,11955.99346,12.74038696,7.373599529,4,256.7594604
4205,177.9378967,27.98457336,18.50534821,11.5980587,6.423297405,5951.780654,3,19424.81233,27.26052475,8.402932167,4,185.0051422
4206,82.71030426,28.26034164,15.85486412,8.051030159,4.947685242,7436.073102,3,20758.45874,21.95730972,7.288750648,4,149.7701569
4207,22.8999939,48.07114792,30.1869297,8.13323307,5.181622028,6201.835901,1,12884.38227,21.90534019,7.247451782,4,18.59394455
4208,230.23172,23.43663025,17.34991837,8.940895081,5.736664295,2817.871622,3,20770.67849,31.5680542,7.991837502,4,289.9490356
4209,169.1325378,27.42545319,20.1421566,7.573943138,4.202410698,1736.165229,3,29458.25955,23.33908081,7.645769596,4,274.7817383
4210,71.03039551,35.95423889,17.47126198,8.913629532,4.633525372,5584.594672,3,30309.54264,18.19524574,8.294379234,4,68.60820007
4211,21.85489464,34.628479,19.26311874,7.942792892,3.347157478,5457.857595,3,29942.81252,13.31523418,7.613146782,4,215.0445251
4212,111.569603,27.78232574,17.01325989,11.70774174,6.284963131,987.1059901,3,12557.05614,28.82914925,9.404990196,4,136.3126526
4213,86.96567535,28.75131035,16.24647331,6.581051826,3.920110464,2168.68698,3,7480.462216,15.17261887,6.304953575,4,97.95752716
4214,143.5630493,18.58937454,15.88165379,5.88759613,3.585877895,2799.438165,3,22033.53578,27.90888596,4.609777451,4,54.46232224
4215,121.1140137,24.66461563,21.83832932,7.475410461,4.828237534,3981.259549,3,33054.60833,25.54025078,6.08408165,4,314.3839417
4216,88.06219482,29.58235931,21.85655594,7.741150379,4.443903446,4482.474185,3,32433.12022,23.18504715,7.354998112,4,240.4221649
4217,89.08269501,25.94273186,22.24655914,9.734002113,6.067106724,268.2095939,3,10218.22833,25.45885086,11.11919594,4,45
4218,41.26810455,30.5826664,19.77525902,10.95444489,5.660416126,2382.449102,3,22496.39797,22.47242355,9.076161385,4,175.7043304
4219,29.2709446,37.23342896,19.96077538,8.629487991,5.607441902,191.0763747,3,20412.70483,14.26989937,9.271901131,4,109.350769
4220,30.40131569,45.89429855,25.77333069,9.194548607,5.717570782,8578.336681,3,11440.05738,17.85084915,6.024605751,4,329.0362549
4221,58.25331879,50.01720428,28.64580154,9.370375633,5.794563293,8234.450528,3,11612.05159,24.22665405,7.195725441,4,325.4077148
4222,45.48262405,32.13580322,25.03977394,9.761002541,5.572574139,227.8107379,3,17494.13195,30.11505508,8.280753136,4,33.82697296
4223,50.80211258,26.22247696,14.96685219,5.433430672,3.158977509,2749.116299,3,12492.10908,12.23831177,5.495606899,4,212.2756348
4224,21.26358986,27.28726959,18.46585655,4.105552673,2.438787222,2330.800869,3,22410.76826,14.04078484,3.381386518,4,51.91122818
4225,5.134867668,45.92690659,16.87014389,4.168671131,1.796402216,57.6295473,5,20137.84494,6.055025101,2.724013567,4,166.759491
4226,154.3916168,27.36356163,18.8113327,12.44364452,7.161683083,7094.046414,1,12209.37111,31.48284721,10.24739361,4,319.9851685
4227,25.10879326,36.66144943,20.87134743,8.508506775,4.401768208,6333.758463,1,12736.4166,22.82820702,5.490373611,4,55.14554596
4228,114.6274567,26.69059944,14.13712883,5.589962006,3.176974297,9126.186998,3,10414.28857,18.11960793,5.253447056,4,261.2538452
4229,109.8613281,39.50691223,27.25039101,6.595520973,3.783541203,8682.274401,3,9689.313242,17.66338348,5.926229,4,299.9719238
4230,156.3057251,26.44368935,16.48742294,8.876543999,5.415530205,4828.642919,3,13128.74719,27.5757637,8.84896946,4,254.407196
4231,94.19067383,30.67667389,15.71709347,8.560663223,4.712691784,1383.532021,3,16298.89831,24.10605812,6.36811161,2,121.8404236
4232,180.2374725,28.11518478,16.98314476,11.78617477,6.936221123,494.960099,3,18105.16675,35.34938431,11.74724388,4,233.1980743
4233,194.9972076,30.4343586,16.42263031,10.73214054,6.484359741,906.0637073,3,18475.94757,26.66992188,9.218183517,4,163.7397919
4234,138.3793488,23.98134232,13.87338352,8.069111824,4.731474876,1242.812356,3,24241.15475,24.85466003,7.683232784,4,231.7098389
4235,110.2279434,28.63084984,17.42641449,9.511974335,5.531680584,1430.115854,3,24781.16649,27.00969696,9.076102257,4,88.17591095
4236,120.5113373,30.50099182,17.81521225,10.79536152,6.524926662,1721.079429,3,25507.06809,23.83696556,10.0524559,4,102.8042679
4237,117.5332031,30.60040474,16.85383797,10.61609936,5.348300457,1565.697176,3,25053.69976,25.98803711,7.936291695,4,191.4946747
4238,3.908209562,40.08079529,21.57927132,4.233195782,2.515235424,27.26664185,3,28213.79688,5.779537678,2.837237835,4,148.2405243
4239,100.4226685,28.86741638,16.25881577,9.591362,5.20038271,5819.824591,3,30860.9902,21.50989151,7.716927528,4,153.0700226
4240,40.65906143,29.3857975,15.88708305,8.348157883,4.609612942,3936.89164,3,2654.24685,17.77178574,8.801091194,2,200.658905
4241,67.15190125,30.4283905,15.46391487,6.151651859,3.373482704,3252.689338,3,1855.952744,15.97139645,4.366046906,2,236.5968933
4242,140.2126312,27.59547234,15.75241661,8.882978439,4.769893169,8478.399746,3,21557.07993,25.00063705,7.332787991,4,201.6147766
4243,71.24625397,29.36269569,17.66191101,6.645483971,3.515879154,3232.888946,3,23244.94078,16.90446472,5.900055885,4,118.8556595
4244,98.46317291,50.39335632,26.63739014,10.81670475,7.187509537,2939.468871,3,22922.98914,22.94893456,7.939586163,4,28.22117805
4245,193.2458801,38.53950882,25.34256744,9.533328056,5.700324059,614.3299206,1,19590.19519,27.17033577,9.521168709,4,312.1842346
4246,155.6289825,39.83583832,28.64877701,8.91689682,5.19098711,7419.577053,3,11365.14866,24.88189697,8.770127296,4,306.15625
4247,168.6944885,27.64323235,19.66802216,7.406745911,4.669852734,7154.597454,3,11306.83086,24.00933266,7.096310139,4,81.44281006
4248,57.61471176,26.1746769,16.08433533,8.080543518,4.397503376,2337.63106,3,22849.17423,23.18583107,5.860999107,4,39.95755005
4249,106.0291977,27.43745041,15.83303356,9.608846664,5.320684433,9087.001487,3,10503.01036,26.62862206,8.329999924,4,87.16588593
4250,54.68706894,32.29204559,24.73274422,9.188895226,5.538753986,8979.237323,1,10343.46531,22.80617523,7.877798557,4,290.6074829
4251,138.6022339,28.49492455,22.33047485,9.989574432,7.085189819,296.7874149,3,17369.70671,32.00990295,8.023710251,4,40.87268829
4252,89.95478821,21.12234116,13.24746132,5.998734474,3.345959663,2126.291857,3,22545.8061,23.9378643,4.296770096,4,71.23194122
4253,100.2378311,19.58486748,15.11719131,10.62382984,6.802595615,3759.257533,3,15199.48572,32.20893097,9.013669014,4,162.4138641
4254,46.13274765,57.22063065,25.74599457,8.530647278,4.420632839,6278.37651,3,24536.82706,23.75056839,7.399852276,4,48.27048874
4255,24.71965218,30.51447105,18.79817963,7.217402935,3.137228012,4975.335313,3,24885.0188,20.84114647,4.597172737,4,33.50343704
4256,123.7768707,32.03522491,26.867033,8.144560814,5.795560837,8827.869702,3,10480.97575,24.88638496,8.226835251,4,56.55025482
4257,85.73531342,35.6489563,28.82612419,10.03102398,6.339981079,713.1239945,3,17005.86276,28.50627518,8.259225845,4,331.3895264
4258,177.6224823,24.71222687,19.27425003,7.169868469,4.116940498,2044.030798,3,22130.33676,24.96064949,6.946870327,4,44.36340714
4259,99.17528534,35.37589264,22.33839989,6.973183632,3.970545769,784.918414,3,28297.24355,17.15304565,5.983742714,4,295.0169067
4260,68.61432648,32.19835281,19.38430977,5.638161659,2.960109711,4009.028423,3,2688.765418,15.21596146,4.797381878,2,315
4261,110.8251801,39.49462891,25.50893593,11.80208683,6.705366611,1290.718625,3,21408.06532,26.5565052,10.49559975,4,56.99359131
4262,87.66024017,24.79443741,20.70301247,5.167387962,3.332736015,1806.321728,3,30629.12051,17.82546616,6.94016695,4,49.93441772
4263,86.96312714,32.3490181,17.64325905,14.38615322,7.238530636,2105.041999,3,13650.30389,26.73625755,10.89991093,4,193.9776611
4264,4.634575844,28.96121407,16.22004509,1.816378117,0.843401432,1969.180908,3,11804.95941,3.341704369,1.100394845,4,220.9143829
4265,48.62041855,32.17276764,16.22842026,5.288560867,2.802085876,3981.333363,3,14509.82781,10.8878212,4.358250618,4,282.7243652
4266,43.07983017,31.509758,17.9316349,4.740088463,2.463806629,4421.611168,3,15337.6821,8.432999611,1.719379544,4,302.9052429
4267,146.1594391,21.20772171,13.1883955,6.956784725,4.439800262,7711.247903,3,23143.26157,22.18650246,7.700447559,4,224.2559357
4268,77.32217407,36.9015274,17.94115448,16.70166206,8.952950478,6883.837136,3,23804.14236,33.94388962,14.67339993,4,93.97489166
4269,188.5994263,24.74806023,15.26826572,9.661963463,5.498398304,4760.895977,3,24643.82399,30.26781273,7.963039875,4,139.1722717
4270,144.4013062,27.70869255,15.23030186,7.874425411,3.893461943,4277.999856,3,24222.54323,27.7301178,7.457471848,4,61.99082184
4271,157.1753387,28.85135269,18.69302368,7.849654675,4.227201939,2867.509315,3,22798.2127,26.64875031,8.162289619,4,65.68408203
4272,164.4969482,38.72155762,25.54585457,10.20162868,6.015722752,4880.041556,1,13936.7564,25.31510544,9.039163589,4,322.0283813
4273,183.8656006,27.41002464,18.5552597,8.519691467,5.326703072,1944.30559,3,15727.852,25.35222054,8.563212395,2,69.37646484
4274,81.97270203,29.83588028,21.68173409,9.883031845,5.528082848,294.8866748,3,11986.29991,22.35567284,10.287714,4,59.03624344
4275,95.59375,47.22923279,26.95404053,10.0276947,5.819088936,351.0816099,3,2279.537559,24.28027916,8.695890427,2,59.42077255
4276,23.48180389,33.52919006,13.87374496,7.272298336,4.005941391,5615.536074,3,17204.93115,13.88196564,7.701015949,4,317.129425
4277,10.09950447,34.84334183,7.281779289,6.005787373,2.685187817,5467.31906,3,17029.57711,11.72886372,2.515438795,4,220.2688446
4278,129.1437836,25.30348969,16.09321404,8.239647865,5.061512947,497.7675301,3,11291.3091,23.66085815,12.08113003,4,221.2359619
4279,119.3220978,32.83380508,16.98902893,11.27521038,6.014707565,1166.575318,3,10606.43232,26.72206497,10.90246677,4,149.5224762
4280,106.2666321,43.70289612,26.10048294,6.636470318,3.583606482,2288.482843,3,874.3401684,16.49819946,5.792807579,2,55.14228439
4281,49.59084702,36.16366196,18.76215553,6.98938179,3.882092953,661.4393247,3,779.5488218,17.54827118,5.577248096,2,265.3140869
4282,18.61053658,18.12461281,6.733645439,3.65922308,1.541068435,3357.389955,3,23340.60145,13.45854855,1.781956196,4,98.19841003
4283,75.19046021,34.06183243,14.94068241,7.54175806,4.549699783,3656.566589,3,23605.8185,22.66331673,9.006602287,4,107.8503189
4284,113.5730057,35.92707443,26.6458416,9.639655113,6.108613014,4770.912041,1,14095.48216,29.29526138,8.355937004,4,318.4690247
4285,38.35470581,33.33543396,24.85951424,8.030706406,5.442712307,6482.339442,1,12642.66698,22.22642708,7.001974583,4,271.4943237
4286,115.3846054,28.91478348,21.64244461,7.81345129,4.831091881,1176.603163,3,16506.41981,20.78748322,7.981101036,2,300.6506653
4287,78.50128937,34.30131149,16.84471703,9.009894371,4.27293396,517.5433363,3,27245.77175,21.17999649,8.12400341,4,173.485321
4288,40.78194809,30.95466042,16.41087151,8.804456711,4.983858585,26.32319706,3,27691.15176,18.70406914,8.85008049,4,125.537674
4289,133.4780426,27.74233627,22.85527611,6.860974312,4.283984661,2176.534879,3,30311.20133,20.66669655,7.762311459,4,308.2338257
4290,74.51880646,57.60425186,27.78810883,10.24962521,6.782943249,2581.795288,3,31230.17058,23.7472229,10.32988644,4,37.92937851
4291,37.51430511,34.11581802,18.71694946,14.39074421,8.581160545,3156.809171,3,32460.65099,26.4193058,10.72428036,4,193.8911896
4292,116.7098312,24.15704918,14.34214878,7.711371899,4.583193302,5128.64558,3,27613.54394,24.20339394,6.672957897,4,140.57547
4293,119.073616,29.07023621,17.71463013,7.804097652,4.273443699,2480.839858,3,24233.67962,22.44728088,7.124166012,4,233.3658905
4294,64.04923248,31.289608,17.64611435,7.482877731,4.999807835,7317.917364,3,19763.26091,16.94630241,6.848247528,4,129.6678467
4295,111.169342,30.67089653,18.5130024,8.153490067,4.844530106,2126.828507,3,732.1232058,20.81122971,6.811933994,2,99.76302338
4296,53.86667633,53.37086868,26.09005165,7.256186485,3.522827387,1091.950615,3,393.568999,17.14113998,5.200519085,2,51.06225586
4297,93.03903198,53.03416061,29.09727669,9.107512474,5.535858154,3432.227863,1,23345.51132,24.7605896,7.022778988,4,24.15162277
4298,32.9133606,42.88292694,17.15166473,13.53616238,6.351325989,3749.210752,3,15357.6001,24.00844193,10.02083111,4,89.61524963
4299,92.36882782,27.11204338,21.61026764,8.866829872,6.500730991,4314.013254,1,14805.89084,30.50475883,7.161849022,4,276.3874817
4300,109.1990662,23.87549591,17.98223686,8.409582138,4.59056282,7084.503557,1,12028.25635,29.43964386,7.57848978,4,245.441803
4301,32.32512283,33.0634346,14.87838364,11.86601448,4.56009531,5685.018733,3,30225.18278,21.71226692,7.711124897,4,66.6444397
4302,87.70210266,28.73740005,19.42365646,10.21488285,5.547262669,3097.405979,3,14518.161,26.04433823,10.45945549,4,142.9482422
4303,94.75377655,48.59223557,25.87547302,9.246906281,5.390367508,1483.715219,3,24.7745786,17.13468361,6.949830055,2,286.189209
4304,175.9389648,24.57628632,14.51420116,7.492270947,4.063213825,7392.930373,3,22910.32,22.62776184,8.191373825,4,220.1354828
4305,119.4063416,39.21492386,25.79303551,10.14832211,6.054847717,4334.521066,1,14634.2079,30.26857567,7.310470581,4,311.7462158
4306,125.8941803,44.56914902,27.90680504,9.153388023,4.859734535,6928.538451,1,11935.46685,23.75178146,7.54939127,4,309.4428101
4307,116.7880554,30.97010422,20.45095825,8.691987038,5.015712738,6526.863334,3,12319.63887,26.41436958,7.048085213,4,73.90917969
4308,54.9995842,26.75883675,19.26430702,9.061365128,4.67205143,10022.17701,3,10855.15707,18.88825035,7.754128933,4,175.8484497
4309,6.684578896,48.31354141,16.61621666,5.993652344,3.156450033,9534.13415,3,10883.31221,8.156101227,4.310251236,4,104.0296936
4310,76.5364151,48.04988861,28.10295868,12.78393269,8.516478539,8968.474755,3,11145.53973,30.91322708,13.50681305,4,49.65474701
4311,91.29090118,27.36164093,18.38081741,12.5394268,7.845117569,1355.665654,3,23437.68557,32.1593399,11.27190971,4,237.9313965
4312,69.29916382,53.50360107,28.47938156,7.723746777,4.563637257,5774.732069,3,30815.36308,18.9162693,6.929638863,4,306.525238
4313,65.04931641,30.575634,20.57078552,8.272395134,4.354800224,5554.738958,3,27890.68811,19.52877426,7.890718937,4,77.73522949
4314,76.34379578,26.83435631,16.67909431,6.095777988,3.568501472,5567.235732,3,27143.03987,16.69153404,6.286946297,4,182.7108612
4315,81.78970337,42.64582062,29.81813622,10.3866787,6.165511131,3029.444237,3,14477.09083,25.89635658,8.969940186,4,70.2011261
4316,75.00359344,27.73104668,16.57481956,12.34609699,6.453796864,2167.252092,3,13665.07707,30.83762169,11.07432652,4,230.1184387
4317,95.72001648,28.47598839,17.96065331,8.656371117,4.863591671,945.1104049,3,10523.24236,22.73186111,7.982341766,4,242.8822632
4318,55.0070343,35.94940567,18.52846527,8.549272537,4.914571285,309.2964874,3,1440.077921,20.27159691,7.147137642,2,183.6714172
4319,45.07343674,47.35916519,23.82317734,5.984496117,3.9948318,1422.149195,3,11189.27509,10.38684845,6.606105804,4,318.5399475
4320,11.46434593,39.46282578,20.7238102,4.634352684,3.144933939,1999.810484,3,11785.8191,7.284180164,5.609041214,4,221.1859283
4321,148.9524536,25.69810867,14.70974255,8.742107391,5.074865818,2880.333642,3,17006.85144,30.19195938,7.63452673,4,248.1831055
4322,152.4871216,31.51975441,24.20131683,8.716464996,5.251296997,3282.16724,1,16685.38615,27.8549633,8.128792763,4,292.8370972
4323,85.32305145,31.65740585,23.55440331,5.789055824,3.399055004,9280.204031,3,10198.61317,13.87384415,5.351556301,4,34.62883759
4324,38.55848312,43.74735641,26.18173981,8.462518692,5.492847919,3347.132436,3,32483.2813,21.94205284,7.153905392,4,323.4711304
4325,104.8556213,28.22656822,18.91328239,9.284522057,5.964960575,224.8650599,3,9885.5321,23.2776432,9.746723175,4,64.44003296
4326,106.1351089,25.23363113,17.16396713,9.511014938,5.96068716,454.2855126,3,9202.789101,24.31591225,9.892054558,4,222.3766327
4327,67.96133423,29.37059212,19.4765358,5.733505249,3.475703001,5291.126174,3,4581.504553,14.38651371,6.449735165,2,253.8075562
4328,50.93234253,43.73889923,27.37861252,5.288330078,3.10888505,3545.361747,3,2070.810311,13.21039677,5.050625801,2,291.9744873
4329,53.74642944,42.73684692,23.64108467,7.180810928,4.618191242,1167.367102,3,8953.447451,12.5488205,6.443008423,2,69.03236389
4330,53.07456589,26.59123611,19.40233994,9.593648911,5.610945225,13.53217869,3,9856.472271,21.05227852,8.23790741,4,206.5650482
4331,95.92842102,25.29970551,21.12625504,8.686130524,5.627362728,4237.747228,3,15040.09103,30.12262535,7.885465145,4,75.96376038
4332,102.405365,36.62900925,27.14312935,5.800487995,3.649138212,8781.643036,3,9631.762109,14.63104916,6.966112137,4,52.35237885
4333,147.2305145,35.9589653,24.18256378,6.881083488,3.800674438,8470.741065,3,10498.28862,19.9319725,6.062986851,4,300.7563477
4334,150.2182617,22.18314171,13.30443096,6.907084942,4.053814888,5597.259933,3,24886.64553,22.90538025,7.810719967,4,239.9816284
4335,77.23142242,31.22975922,18.22509766,10.78020954,6.295936108,148.0560857,3,2159.826996,24.72507858,9.05642128,2,164.1500854
4336,70.02075195,36.09945297,18.74032211,9.886693001,5.4483881,1964.485269,3,8116.631154,18.46961403,8.393900871,2,120.5792236
4337,72.61106873,41.06056213,25.02085495,7.178125858,4.329631329,487.2150152,3,9321.877196,14.83387375,6.894657612,4,45.95484161
4338,157.6709595,28.88495064,19.19841385,10.31847668,6.370804787,3796.624689,3,15935.7429,29.88123131,9.013820648,4,115.0394516
4339,176.4025421,43.9790802,30.04877281,9.321998596,5.73208189,4204.072631,1,15469.39279,28.6831131,8.226349831,4,330.5736694
4340,116.5991898,29.66932106,16.96840668,9.905213356,5.117473125,7745.160756,3,11569.88148,26.44499969,7.769629955,4,200.000946
4341,90.69021606,28.31658936,14.62938404,8.842543602,4.96809864,8442.380475,3,11223.58652,25.21979713,7.690686703,4,192.3996582
4342,130.9875793,35.76758194,25.98612404,9.321276665,5.504788399,8926.273622,3,11262.2889,22.89358902,7.850878716,4,61.79894638
4343,101.5514374,35.64873123,26.51820564,8.059531212,5.071528435,3144.452753,3,32018.67651,22.04310989,7.806440353,4,330.3215027
4344,44.62327576,49.92593765,27.34576797,8.193731308,5.414388657,5885.45168,3,29694.86055,13.91704369,7.835630417,4,37.23483276
4345,72.20120239,33.56267548,23.40087891,6.854622841,3.569309711,6189.84312,3,30370.00874,17.30384254,6.041931152,4,55.00798035
4346,66.56752014,41.86589432,26.99115562,6.295590401,4.377639771,6201.644412,3,26128.06785,15.00736809,8.385966301,4,289.9474792
4347,47.39553833,37.95507813,20.78573608,7.447305202,4.053565025,588.0777734,3,1155.500385,18.20477104,6.197945595,2,81.06912231
4348,92.37008667,36.20307159,17.34444427,9.582235336,5.673855782,654.6002001,3,4259.382688,22.17041206,8.148371696,4,289.9682007
4349,102.7360382,32.76413727,17.94851112,8.788783073,4.536961555,722.2602809,3,4224.160194,20.7429409,6.083737373,4,205.0168915
4350,67.85251617,51.61059189,26.21747971,7.615172863,4.223685741,1305.087634,3,8545.512984,14.90320778,7.012639046,2,293.1986084
4351,7.94961977,36.49352264,15.3162899,2.632403612,1.735261083,2271.47845,3,12012.60799,3.804681301,2.633865833,4,266.6335449
4352,12.41314888,26.75712967,16.72843742,4.782853603,2.53123498,2534.605695,3,12312.29905,8.416295052,4.294271469,4,212.4711914
4353,196.9618225,25.66929054,15.9159565,7.69355154,4.395966053,4805.953333,3,24655.93286,25.73795891,6.668156624,4,61.2923584
4354,116.6726761,35.50959015,27.45929146,9.509858131,5.398027897,2919.087277,1,16945.23418,26.9451828,8.080246925,4,28.57781219
4355,128.4759521,23.83447075,18.257967,9.401942253,6.882444859,9358.97125,3,9949.066709,25.44926071,11.20013046,4,268.4088745
4356,36.34575653,42.56838608,27.27638626,6.854615688,3.713793278,9768.957125,3,10542.97734,15.4346714,5.203365803,4,22.78094482
4357,126.1774063,24.0186615,19.52005005,5.952344418,3.535253286,3399.904982,3,32725.21273,20.90373993,5.434147358,4,292.4329834
4358,78.31034851,38.09981155,24.59084129,6.909152031,4.042167187,1332.54639,3,8324.266872,15.80861855,7.882099152,4,307.3358765
4359,32.87774277,61.59912872,26.04535103,9.358129501,5.145298958,1822.407402,3,11554.47529,14.76161861,8.559069633,4,25.81133461
4360,33.06565094,63.06788254,22.6966362,8.395698547,5.783023834,2094.816325,3,11865.90926,14.08724594,8.658672333,4,308.65979
4361,103.3907242,32.47217941,21.7768383,6.443975449,3.815676928,8923.046224,3,10208.05555,16.59631538,4.884449482,4,307.4053345
4362,137.0836182,24.13295746,19.48155403,8.352521896,5.153307915,2621.038671,3,29969.61699,27.2362442,8.571573257,4,68.28606415
4363,80.95475769,27.26387024,18.01210213,7.503899574,4.318463326,5480.902348,3,28757.08332,19.17817688,7.552647591,4,203.8752747
4364,82.56983948,48.61533737,26.23860359,8.602928162,4.715687275,1964.472662,3,8010.289023,17.32244682,7.120467663,2,78.55743408
4365,3.842623472,42.02690125,18.91010475,2.617512941,2.37010169,2122.359313,3,11860.55627,2.903464317,1.438849568,4,270
4366,32.09241867,27.81048965,13.50309658,8.691802025,4.705635071,1251.697575,1,16452.79429,26.54406929,4.344760418,2,96.45881653
4367,118.4365921,38.49240494,26.0888195,8.525680542,4.775093079,3918.067996,3,15505.11127,20.6411972,9.36062336,4,301.8824158
4368,87.79505157,23.39765739,20.67401886,9.52958107,6.704243183,1696.269396,3,23010.01763,30.07998848,8.098520279,4,40.87770081
4369,104.3989792,33.37971115,26.40177536,6.823564053,4.487551212,2213.779848,3,31059.43166,19.97914124,7.980397701,4,52.46056747
4370,160.1528473,28.71447563,21.30030823,7.048228264,4.435583591,6147.147852,3,18864.2259,19.86580467,9.278380394,4,285.2140198
4371,51.00892639,33.59444809,23.51326752,6.601932526,3.859241009,7208.450159,3,19512.71836,15.94976616,7.049319744,4,311.6335449
4372,78.36594391,26.32395172,15.53781986,13.70388699,6.206605911,4178.275956,3,15625.52172,28.82372665,9.523840904,4,172.3039551
4373,77.34187317,50.6341362,24.3584671,8.913344383,4.790978909,5391.20766,3,16893.9081,15.88400936,6.749918461,4,45
4374,41.99906158,42.0123291,18.94896889,14.76842308,6.941007137,2460.736915,3,13971.10822,21.70384407,12.18241119,4,79.26307678
4375,63.89094925,31.06871414,16.04082108,12.35900021,6.094152927,1473.415553,3,13077.45154,27.38559532,10.29664898,4,159.0946655
4376,40.76375961,57.98183823,25.04980087,14.3287735,6.888295174,116.6596459,3,3088.936633,23.84117508,10.80554008,4,333.2518921
4377,60.13449097,29.17265129,21.57095337,4.543550491,3.104329586,2821.454845,3,6827.740493,12.92983341,4.321112633,2,60.1618042
4378,6.806756973,48.01877975,19.08476639,5.362063885,2.759960175,883.5134742,3,10699.36979,6.450424671,3.500670433,4,236.3099365
4379,146.6564636,28.92823792,19.91627121,11.42488194,6.69875145,174.5347077,1,19947.98329,31.2855854,9.440436363,4,318.7893677
4380,106.2863617,25.02991486,18.60002708,10.40202522,6.439773083,549.2327125,3,20660.20886,28.95679283,12.2716341,4,147.6525574
4381,70.88777924,15.67222786,13.85664654,6.602437019,3.544016361,2566.662096,3,21602.19816,27.99041367,7.265751839,4,85.60129547
4382,63.78033066,51.47924423,28.66223526,9.553564072,5.078214169,4390.366512,3,15823.35542,23.16464806,7.851224422,4,16.55706787
4383,167.9821472,40.84467316,27.98786545,8.21979332,4.488835812,5111.380466,3,16798.41046,18.71992874,8.900832176,10,321.4709473
4384,55.01198959,62.05630493,24.43535042,10.22814083,6.065425396,3952.567527,3,15369.43251,19.49065018,8.562421799,4,318.2496948
4385,129.2242279,48.63880539,29.39367485,8.054638863,4.453800201,1279.2017,3,13128.45388,23.07047272,6.231739044,4,22.65935516
4386,46.27056503,32.40492249,18.50375557,10.40006924,6.293612003,49.11440311,3,3138.37997,24.16757393,9.288767815,4,113.1054688
4387,4.328322411,40.45973969,14.23089123,2.399991274,1.235170364,2578.03863,3,12382.82669,4.143424988,1.258503675,4,299.0546265
4388,66.16176605,27.60095215,13.08262253,7.484488487,3.551064253,7724.920019,3,20960.58797,22.98322296,7.07345438,4,230.1173096
4389,125.9451675,31.26645088,17.05775642,10.72299099,5.863406658,4759.888512,3,14074.48776,28.81529236,8.741014481,4,247.7360077
4390,182.975769,26.12654495,14.74610519,11.05382824,6.995594025,2216.438543,3,15473.25028,28.30800247,10.8651104,2,117.3498764
4391,37.2760849,38.51119614,26.08610916,8.609895706,4.64776659,1448.969229,3,16277.34734,20.15199471,5.918946266,2,311.6802673
4392,96.54055786,31.9918232,17.72832489,8.981732368,5.234305859,620.5977516,3,26096.17637,19.94435883,8.797385216,4,161.8278809
4393,66.06939697,31.91326141,17.16759682,8.533171654,5.08249712,5987.352405,3,27479.98982,18.70277405,7.987526417,4,62.42101288
4394,65.91587067,35.01708984,19.1250515,14.37524891,7.329530239,5020.797883,3,16490.36733,27.73287964,10.37158298,4,138.9011536
4395,67.50108337,45.61985016,28.50659561,9.850187302,5.0972929,1423.347372,3,13114.58866,25.0725975,8.158910751,4,339.1022339
4396,70.35601807,41.47862625,21.15750313,10.3347559,5.829296589,416.1001422,3,3019.979161,21.73513222,7.944532871,4,65.48296356
4397,147.6053314,28.19149971,16.98442078,8.78676796,5.014363289,8520.227075,1,21321.56704,24.19255638,8.648021698,4,299.2783203
4398,147.5490723,28.2185421,16.7510376,9.758371353,5.383835793,7998.809635,3,20449.18401,25.88468361,7.802828789,4,152.3948364
4399,97.00588226,25.00643921,16.50061226,8.471834183,4.773626804,5783.327766,1,13036.72688,24.44561386,7.052226543,4,221.058548
4400,99.590065,27.41370773,16.78118515,6.192184448,3.985487938,8441.735084,3,9688.806085,17.35913086,5.689264774,4,275.1944275
4401,269.3165894,22.96457481,15.36867332,8.860539436,5.106721878,2130.740744,3,20283.45688,26.76693535,8.493181229,4,202.5824432
4402,64.88908386,31.13255501,19.08994675,8.30329895,5.559763908,195.2513163,3,3625.952166,20.67315674,8.366092682,4,252.8972778
4403,91.26789093,27.82624054,15.12522507,4.435350895,2.72924757,3633.477041,3,13509.99943,9.325157166,4.618683338,4,213.9444275
4404,72.90792084,29.58421898,17.83670998,7.693000317,4.39714098,8437.741637,3,21779.8216,21.03738022,6.406371593,4,119.2082214
4405,144.7184296,21.14336586,13.55712605,7.151602745,4.322790146,5554.185898,3,24332.75936,23.17848396,6.374692917,4,153.4349518
4406,120.4922791,26.5493927,16.40022087,8.846431732,5.191374302,8612.671583,3,10089.77273,26.85942268,8.04213047,4,116.5650482
4407,11.85417747,66.18901825,17.16238976,5.919650078,3.640483618,8687.699892,3,10073.88566,11.99804497,3.644243479,4,316.5074463
4408,113.5849609,40.12841415,28.32094574,7.210407257,4.061838627,7941.683448,1,9401.117007,19.79572296,6.019238949,4,304.8753357
4409,100.6747131,30.09621048,17.74437714,12.59967804,6.586758614,3000.055506,3,14538.89715,28.97033882,10.23318672,4,100.975174
4410,56.35864258,49.65198517,28.32588577,9.115603447,4.851827145,2672.106322,3,14271.16074,23.87351799,7.795046329,4,323.3592834
4411,92.09944916,45.68007278,28.68852425,10.02598953,5.856611729,2407.665119,3,14031.3767,22.8094883,7.488596916,4,22.97478485
4412,38.54888916,60.82389069,24.39664078,11.15790272,5.830232143,1900.800767,3,13536.29367,21.41152954,8.407851219,4,306.2750549
4413,153.0917816,36.87385559,26.54871941,8.457576752,5.134860039,1718.260357,3,13613.76779,21.92137718,7.374381065,4,296.4490662
4414,49.32181931,45.98848343,27.98300171,6.588106155,3.988077879,2608.018266,3,12506.07736,12.99769306,6.213384151,4,305.8747559
4415,33.71994781,34.95445633,16.42246437,9.842500687,4.566527843,1621.525697,3,16097.50713,19.37019157,6.946666718,2,50.07233429
4416,123.7375107,28.29935646,16.22489166,9.259338379,5.429629326,1083.161221,3,18672.99175,24.14694023,7.969902515,4,230.9061432
4417,107.953476,32.0071106,17.84621811,10.2892065,4.717227936,1084.911935,3,22728.95513,21.1065712,8.477150917,4,176.0179291
4418,108.0606918,27.38609505,19.93664551,10.88327885,6.938402176,1133.315452,3,23037.74643,28.87638855,10.99042416,4,70.55217743
4419,88.91950226,49.65142441,30.0484581,7.163634777,4.009022236,3182.970277,3,32332.06581,18.70412445,6.590768337,4,31.94475174
4420,70.54972839,38.97949219,22.25424004,7.334858418,4.485200882,6311.030481,3,26402.04035,14.51086998,7.553257465,4,64.01608276
4421,110.4970093,29.16134644,22.57284355,7.725327492,4.693332195,230.7638026,3,12035.77723,23.39458847,10.95573425,4,51.28689194
4422,58.48639297,29.21177673,19.96703911,6.073043823,3.835801363,1654.491272,3,11506.43048,14.16515827,8.116493225,4,221.9059448
4423,63.50408554,31.90804672,25.29440117,8.483335495,6.136725903,643.3997663,3,10449.65428,20.59958076,13.95754242,4,46.60600281
4424,167.3488159,26.16678429,14.69775677,7.484331608,4.647193909,7191.755487,3,22687.69597,21.96139526,8.608808517,4,250.8209991
4425,63.34667206,28.17654991,18.0390892,6.531461716,3.949143171,3955.837199,3,23836.26174,20.34697151,6.332528114,4,81.43619537
4426,65.00337219,41.76139832,26.32014465,8.318164825,4.222690582,6111.124426,3,29518.05318,18.28407097,6.072133064,4,31.21840286
4427,92.32396698,30.91766548,21.21705818,8.913509369,5.293699265,6552.543611,3,28868.22924,22.86042976,8.018263817,4,47.90470886
4428,130.9201202,17.20304871,12.16315842,7.078595161,4.324679852,6228.945722,3,22202.40126,22.20748711,8.308086395,4,160.361969
4429,62.29256439,24.6989994,12.96874619,5.401119232,2.827184439,7789.400585,3,22850.93764,18.16330338,4.365872383,4,255.9637604
4430,76.2740097,33.55571747,30.32824326,6.585524082,3.854465246,3573.192125,1,23446.2985,23.54733658,6.9241395,4,341.8790894
4431,116.4957733,37.79960251,27.38267517,5.342027187,2.734625578,8162.213931,3,9457.533879,15.5294714,4.706466675,4,332.0151367
4432,95.60009766,24.00681305,14.46736908,8.573933601,5.141254425,4511.876704,3,32229.17007,22.26549911,7.43742609,4,98.66925049
4433,102.3135834,36.36211777,24.78372192,6.838609695,4.09827137,4558.622765,3,32083.17764,19.27425194,6.472668648,4,51.07515717
4434,65.47766876,36.07362366,23.3338089,5.905121803,3.27966404,4486.501809,3,3162.06877,13.97939301,5.815223217,2,266.2686157
4435,110.8833694,25.33169746,15.59380341,9.179948807,4.977389336,4509.102259,3,24325.75179,25.25303841,7.476929188,4,120.7841492
4436,177.862854,28.67572594,20.74973679,6.211529732,4.143894672,7128.115666,3,8451.441399,18.80104256,7.092354298,4,288.9835205
4437,94.44828796,45.39040756,28.15256119,8.24320507,4.147614002,6539.124966,3,29425.70335,19.76276588,6.658835888,4,323.6641235
4438,57.42090607,41.57240677,23.82946777,6.206661701,4.100563049,632.231716,3,10386.1986,12.70536327,7.028117657,4,309.1916504
4439,170.4716339,28.55979538,18.3802948,10.84805489,6.305769444,6048.106649,1,19244.67925,30.23490524,10.33223438,4,289.3731689
4440,75.52996826,28.74813652,17.30887222,7.201971054,4.432574749,8102.746944,3,22062.32077,19.9966011,6.957172871,4,244.440033
4441,196.8592834,43.53558731,28.61092377,8.341409683,4.838505268,2589.44368,3,22492.16439,23.53235435,6.826954365,4,48.57633591
4442,121.7306442,31.30740356,16.55211258,11.08297634,5.945340157,1320.499615,3,21364.64665,27.34015656,10.00814533,4,153.6528625
4443,119.9723663,27.3700943,15.68164635,8.956497192,5.346430779,1231.350326,3,19016.24817,22.58511734,7.142301083,4,124.6951523
4444,61.61460495,29.77527428,16.33424568,10.11555481,5.499780178,6343.715911,3,27841.18004,21.35343552,9.289821625,4,151.9009857
4445,41.19807053,33.20110703,17.27393913,6.369706154,3.485085487,5076.577133,3,3747.339666,12.86387825,5.284297466,2,287.0151062
4446,152.566391,28.90812683,16.8944397,13.55088139,8.42190361,1472.73131,3,19419.64663,32.2848587,12.27433586,4,272.9444275
4447,47.48683929,33.75485992,19.25283813,6.110989571,3.731910229,455.5531275,3,27833.91823,12.98294258,6.753704071,4,288.4349365
4448,135.4408569,19.16939735,14.6331234,7.652004242,4.78887701,5835.808791,3,23599.45684,24.27734756,7.658390999,4,197.8852844
4449,132.6629791,27.34560204,21.70148468,7.81350708,4.332025528,2508.716208,3,14285.2758,24.92814064,7.200386524,4,51.0090065
4450,85.4415741,52.38108063,28.62639046,8.289772034,4.430903435,2463.117046,3,939.8710749,19.39779663,6.085967064,2,330.9454041
4451,111.8650284,38.72130585,27.20004463,8.408473015,4.678744793,3817.783198,3,23602.31444,23.99367905,5.858244896,4,17.17590332
4452,103.1365967,30.37264252,18.05629921,5.643673897,3.07057023,8031.444863,3,9344.781922,16.60868073,4.881028652,4,286.2601929
4453,61.90965652,28.50537491,15.63497925,6.755173206,4.116518974,24.44256423,3,26885.99956,15.60213661,8.945757866,4,149.0362396
4454,120.2730789,30.13022232,17.06167984,8.290655136,4.574587345,1412.196801,3,28151.45452,20.59542084,7.806852818,4,247.3801422
4455,56.03406143,33.31252289,18.18130684,7.236785412,3.855192661,510.073594,3,27060.52494,14.94542027,7.082113266,4,300.2564392
4456,156.0989838,20.14452362,15.83145618,7.45471096,4.563446522,6097.694351,3,24313.27521,24.61236954,8.017631531,4,214.1861267
4457,134.1679535,26.00348663,16.83942795,8.936721802,5.221389294,927.0637631,3,8721.921231,25.19609833,9.160460472,4,223.374939
4458,98.00163269,29.4540062,17.97465134,7.884206772,4.553062916,4361.697614,3,2876.258412,17.61363983,7.029290199,2,200.8544617
4459,83.12909698,47.20388412,28.30753326,9.382110596,5.884396553,624.6397129,3,2067.464248,22.95176888,7.556415081,2,46.72743988
4460,83.63767242,36.76651001,18.34084511,8.698683739,4.730030537,672.5562089,3,4204.419572,21.03148079,6.495157719,4,251.5650482
4461,197.2407379,21.76527214,16.22436333,7.635230541,4.61352396,1334.764788,3,22167.36244,26.86538315,7.569441795,4,62.67527771
4462,36.8910141,30.7326088,17.04018784,7.856934071,4.940667629,6289.58989,3,27392.37988,17.57642555,7.623879433,4,137.009552
4463,140.0540009,18.77731323,15.76330757,7.175403595,4.409787655,5997.360824,3,22618.29577,20.97201157,8.25287056,4,163.3861389
4464,100.9095764,29.1648159,18.85202026,6.206861019,3.478271008,7049.944262,3,20507.36314,15.83359432,6.071371078,4,120.121048
4465,23.82888794,38.05909348,22.06205559,5.052355289,3.369689226,134.6022864,3,11741.90132,9.440437317,8.461853981,4,79.62415314
4466,53.26311493,33.42406845,19.02580261,8.716075897,5.174255848,151.706595,3,11794.04778,15.16053581,10.60206985,4,49.96974182
4467,49.25226593,35.51306534,22.86408806,7.926376343,6.299233437,496.6932426,3,11414.42405,17.94807053,14.77795219,4,214.045929
4468,75.10713196,35.89246368,21.90591621,6.813376427,5.222679138,850.5422991,3,11185.5214,16.95968246,13.63220119,4,211.9208679
4469,63.75223541,33.24920654,18.22927284,6.770388126,3.755319834,3825.084642,3,2420.800978,14.26092052,5.646586418,2,123.2317123
4470,80.40161896,35.32004166,18.41388893,8.092059135,4.399889946,715.3892915,3,2342.450516,21.21661949,6.032193661,2,80.03288269
4471,52.30375671,34.75445557,19.03326988,16.37325668,8.891816139,592.2621593,3,10332.83232,25.93889236,14.01655674,4,100.0626984
4472,67.08565521,22.39634895,16.01946831,5.759179115,4.024345875,9027.488908,3,9739.818631,14.84004879,5.332243443,4,87.51044464
4473,44.85381699,26.35165787,20.32748985,11.98140717,6.240206718,6019.299435,3,25067.65304,23.28528976,12.04106903,4,216.9952698
4474,67.17474365,37.57325363,25.36030388,5.976579189,4.005065918,6079.345197,3,25745.83964,13.41831779,7.859156132,4,40.06558228
4475,115.686554,24.77387238,19.10069084,8.538944244,5.171685219,6256.158604,3,18196.41357,23.80729675,9.085853577,10,82.03117371
4476,135.0602264,25.16487885,17.35297394,8.93119812,4.940713882,441.5793173,3,12341.53882,25.90244293,8.688030243,4,57.91781235
4477,33.04335403,39.17611313,19.63710213,13.49475098,6.75348568,5343.323155,3,4045.894662,20.99217606,10.77880383,2,122.1957321
4478,63.54714203,31.69004059,17.78611565,8.921677589,5.275285244,5414.706918,3,4612.692783,20.16433525,8.445286751,2,195.4149475
4479,71.11100769,36.02177429,19.97428322,8.777755737,4.793115616,1013.528718,3,4511.399218,22.73749733,6.748416901,2,267.9174194
4480,24.11978722,30.50140381,13.26792717,6.358469009,3.421057701,7465.188876,1,20522.69221,16.95078659,4.563248634,4,191.6114807
4481,165.853714,28.33972359,17.06380463,10.22456551,6.037977219,6280.906441,3,19039.58838,29.13550186,7.866193295,4,135
4482,146.122467,29.22838402,16.99792099,8.787417412,4.645867825,1492.224703,3,21483.0145,26.50489235,8.767250061,4,54.60520554
4483,107.10746,27.73761368,16.36096954,8.220356941,5.199243069,8788.160738,3,10881.9735,24.71860504,8.090653419,4,278.9356079
4484,56.52698135,39.52190399,26.00626373,10.0739994,4.867013931,1671.916502,1,16019.29655,23.07520485,8.491437912,2,299.3823853
4485,62.40049362,28.23193932,16.19299889,6.206560612,3.931160688,2976.421446,3,6174.233317,13.54652882,6.320486546,2,139.6354675
4486,116.2009964,22.72123718,13.90671635,7.486099243,5.658138752,45.95784514,3,20087.54751,21.52623367,7.377252102,4,271.5299683
4487,86.81995392,25.33964157,18.27137756,9.967703819,6.151589394,5139.188021,1,13806.22595,27.09513283,8.188124657,4,178.6468048
4488,59.61241531,37.31521988,29.06514931,7.962965012,4.621216774,6836.569647,1,12151.25028,25.55844116,7.049959183,4,43.57630157
4489,142.5959015,24.36103821,18.66921234,7.650302887,5.161349773,8093.183869,3,10816.75212,25.61482811,8.231904984,4,285.6422424
4490,189.2363281,31.68319321,21.59668159,9.208622932,5.438744545,2735.181585,3,14957.69278,26.6548996,9.835853577,4,57.16304016
4491,28.40846443,27.86149406,14.45541668,7.512586594,3.961369038,1866.091119,3,15861.73933,18.42030907,5.171652794,2,87.2194519
4492,124.9428101,33.6221199,28.26073456,7.023264408,3.678959608,1544.368107,3,16016.9247,17.66564941,5.992277145,2,328.6827087
4493,69.44180298,39.02713394,24.47173882,6.831967831,3.870973587,6422.657925,3,30028.58747,14.29946136,5.025033474,4,314.5724487
4494,133.618454,43.07269669,29.08196831,8.104908943,4.972568035,5120.753811,3,16547.38937,23.63282967,6.464251041,10,324.0652771
4495,116.1073456,37.77867126,25.09851837,8.469384193,4.268980026,5715.294015,3,17170.28299,22.38471794,6.582229614,10,315.868042
4496,116.3063507,31.36066628,26.53842163,7.815042973,4.322498322,1906.412537,3,13717.39599,24.93824768,5.944358826,4,37.78573608
4497,149.6800537,36.24876022,25.2196846,8.144144058,4.012217999,2308.644427,3,14156.86554,22.63668823,7.684937,4,309.3897705
4498,130.8384247,39.41487885,26.29947853,8.227257729,4.920908928,1035.649057,3,12887.26873,21.5993042,7.28992033,4,296.5774536
4499,88.13583374,28.76806259,16.68427277,6.754652023,3.762695074,3404.708297,3,1980.946944,18.0872097,5.448235989,2,241.5195923
4500,64.5814209,46.32518387,26.06705284,7.725026608,4.250239372,1136.129782,3,1370.99374,18.17520714,6.604427814,2,289.2449646
4501,43.14049911,34.32571411,17.60695076,9.734170914,6.297991753,840.8617521,3,1259.033954,20.99898338,8.249033928,2,112.1263351
4502,84.62023163,42.76959991,26.77873421,9.943470955,5.606148243,846.5264523,3,2379.486775,21.9248848,7.747787952,2,299.0522461
4503,112.9339142,40.63366699,23.6379261,9.842211723,7.220741272,854.1642819,3,16730.23639,23.17158318,10.61657238,4,101.7251129
4504,31.84839058,34.02489471,16.9937706,13.13151169,6.727677822,7145.193138,3,20076.49083,20.18936348,10.99072075,4,142.1250153
4505,75.71334839,26.13681793,17.65481567,5.752417088,3.597779751,4129.017666,3,5741.899884,15.08398724,8.699543953,2,205.0168915
4506,128.0384827,36.2149353,26.04011154,7.706206322,5.02459383,7841.515859,3,10995.99851,24.30860138,7.312149525,4,70.31288147
4507,149.4508667,28.2945137,21.28918648,10.55432224,6.713078976,360.8084492,3,17194.0222,29.92518616,10.34649086,4,53.55719376
4508,158.9824524,27.91072083,16.58922195,10.40514851,6.129590988,479.8850968,3,18047.8895,26.33541298,9.803155899,4,220.0152283
4509,46.99146652,46.76963043,29.00320244,5.156012535,3.126797438,5901.280336,3,25283.14902,12.48561382,7.043608189,4,19.7988739
4510,22.45444679,64.01587677,21.25411415,6.111805439,3.824480295,6873.39145,3,20204.81172,9.48301506,5.608242512,4,57.52880859
4511,142.7924194,30.83216667,20.47147369,9.703854561,6.157277107,5459.624306,3,17097.1848,22.85342789,10.05380535,10,92.1479187
4512,77.74620056,37.87724686,20.76918221,7.218744278,4.033687592,1487.401233,3,388.1423057,16.6725235,6.732880116,2,85.81508636
4513,80.23964691,28.04953957,18.71366692,9.808912277,5.862134457,4877.682341,3,14296.54727,26.70149612,8.635110855,4,236.7420959
4514,121.8599701,26.08291817,17.04463577,7.26464653,4.245000362,3459.932925,3,33017.26262,18.31577301,7.454777718,4,149.7204437
4515,168.6583405,38.57886124,26.63629723,8.142167091,4.631007671,346.7163121,3,12404.9875,22.95156479,7.902967453,4,42.39743805
4516,97.22631073,30.35956383,20.14804077,9.433955193,4.731858253,670.1776274,3,20667.84828,27.09178543,12.42642212,4,81.00402832
4517,101.8818283,45.01157379,30.38467789,10.91512108,6.735162258,7782.363509,1,11280.94453,31.63114166,8.149724007,4,336.1460876
4518,53.80797577,23.0992527,14.85743237,8.282629013,4.945890903,8150.928845,3,11187.97154,24.57423401,7.607406139,4,210.0124359
4519,67.43748474,30.82868004,19.84679031,7.779717445,3.720769405,8322.861487,1,10915.93258,21.63165855,6.761367321,4,331.5570679
4520,123.1716156,28.8961544,16.81613731,7.854972839,4.910309315,8832.356869,3,10433.86902,24.73388481,8.16023922,4,265.7214966
4521,15.06538105,69.84689331,16.8140316,5.002258301,2.214272499,8380.919224,3,9752.341907,12.26948261,3.147771358,4,337.8336487
4522,68.34672546,33.95732498,22.74206352,6.239114761,3.452752352,5744.935392,3,25850.00237,16.83078957,6.22176981,4,53.49871826
4523,114.5310745,25.23035049,15.93777275,6.514625072,3.777176857,6391.776778,3,21661.46284,18.51218605,7.387121201,4,144.462326
4524,61.30703735,27.29020119,20.94681931,7.00496912,4.445864201,6378.263084,3,19895.92773,18.08175468,6.957352638,4,262.8453674
4525,67.23057556,33.58704758,17.65138435,8.543721199,4.981127262,3319.277333,3,6607.851507,18.08762932,7.62513876,2,246.2505035
4526,125.8271561,26.1905899,14.8441267,9.902421951,5.247461319,1037.833787,3,20992.11917,31.85167885,8.927731514,4,132.4266357
4527,74.0630722,34.53019714,25.27648354,8.468892097,4.693723679,6584.689311,3,29708.88075,20.35631561,8.078145981,4,50.04244995
4528,49.13364029,47.54161072,25.77928352,7.062708378,4.15803957,6799.233266,3,27792.3677,12.20961475,5.70839262,4,322.9071655
4529,30.3604126,38.7883606,25.00828552,7.419145107,4.449099064,6378.851231,3,27162.60846,12.9760561,7.573007584,4,325.3048401
4530,132.0799866,52.30664444,26.2905159,8.413784981,4.465867043,6287.63614,3,27545.65256,16.91465759,7.134301662,4,56.6893692
4531,112.7975388,33.57331467,26.26267433,7.667488098,4.79094553,6043.28086,3,18039.84151,20.92970467,8.781271935,10,275.4038086
4532,202.5327606,25.93097878,14.96070099,8.668822289,5.510795593,1881.651185,3,21759.87118,28.11772919,9.779226303,4,109.1336441
4533,111.6347122,37.06269836,26.52878761,8.031515121,4.846673489,8491.850593,3,10507.00603,24.87134743,7.24140501,4,53.47114563
4534,43.08913803,24.92050934,16.06089592,7.396538734,4.223731518,6787.878456,3,20736.81378,16.51581001,7.535468102,4,156.2505035
4535,104.7022095,36.73680115,24.79073715,7.454949856,4.778395653,4280.419502,3,15861.78751,16.54040146,6.841365814,4,47.2457428
4536,103.8414536,36.29192734,30.61393738,7.401883125,4.756749153,4126.889244,1,23897.92106,24.69370079,5.935564518,4,16.33604431
4537,216.1752167,35.09567261,27.06804085,7.476631641,4.157702446,4622.596347,3,23996.4429,24.42700195,8.113962173,4,302.4711914
4538,135.8813019,46.34641647,31.16919899,7.380295753,4.827085018,3692.328678,1,23411.05211,24.52496529,6.833747864,4,321.5482788
4539,41.20118332,26.6640873,15.92393112,4.214338303,2.299189806,9264.134927,3,10126.35128,11.92696762,3.67952013,4,48.36645889
4540,256.6002197,23.20340919,16.7536087,8.565507889,5.083442688,1580.110523,3,21144.36155,25.94260979,9.19067955,4,190.732666
4541,110.4001617,32.58617783,20.94471931,10.13744259,6.657536507,3655.387132,3,15377.07496,26.55549812,10.32439232,4,84.98688507
4542,118.188179,42.34857559,27.20233917,8.038515091,4.187190056,3083.862622,3,14889.13327,22.90046883,6.85808897,4,37.63141632
4543,118.0810165,34.50260162,25.9734745,8.934064865,5.182128906,3323.124042,3,15092.89714,24.84253883,7.517903328,4,313.3153076
4544,3.063345194,49.04358673,15.2011795,2.735154867,1.770658851,3358.058515,3,6479.364488,3.880237818,2.29323411,2,227.2906036
4545,39.17199326,51.93198013,24.65650558,5.073177814,3.050756931,3820.174267,3,6155.591099,9.839434624,6.131474018,2,306.2538452
4546,147.485199,26.08590126,16.21230507,7.89061594,5.477662563,221.7891245,3,19771.98042,22.28524971,9.203304291,4,248.752655
4547,103.3677597,23.11372185,15.6381073,9.011631966,5.395134449,4548.196355,1,14980.38989,28.76512527,7.682054996,4,112.6593475
4548,58.27303696,38.85968018,27.36005783,11.7830658,7.011964321,4922.008615,1,14414.71228,30.86968613,7.64707613,4,46.18119049
4549,56.77124405,43.23914337,27.64137077,10.3474226,5.17643404,4873.564259,1,14571.11595,26.70655823,7.762443542,4,320.3893127
4550,120.8961792,31.29310226,22.41896057,7.588643074,4.51048708,6234.980942,3,12596.24881,21.8899498,7.901761055,4,315
4551,59.32802582,27.59059143,17.52700043,8.920320511,5.523267746,2963.106381,3,6824.357892,23.13056755,10.35680294,2,164.744873
4552,43.10958099,56.90016937,26.63783836,6.551033974,3.445092678,2953.541335,3,6973.876515,11.94722366,4.691479206,2,322.0181274
4553,195.2270355,17.24094391,14.01455879,5.751947403,4.202147007,5796.658945,3,23834.46747,25.29223633,7.577584267,4,77.93869019
4554,106.2481537,40.87346268,24.88173103,9.243343353,5.227759838,5641.54471,1,13353.65519,26.23379135,7.982539177,4,310.8653259
4555,185.5128937,28.83933258,18.10067368,9.017865181,5.392436981,2786.372267,3,14935.83801,28.74095535,8.580999374,4,82.05354309
4556,204.6542206,49.95078278,24.94410896,10.98516083,5.878050804,2773.455923,3,14913.88274,28.49267197,9.788733482,2,36.13537598
4557,141.7197876,28.42960167,17.2294426,9.683389664,6.776123047,2655.753035,3,14993.55716,29.87343597,9.481428146,2,75.51023865
4558,63.37611771,34.88704681,23.20497513,11.15466404,6.50047636,519.2833378,3,24779.19297,23.19196892,10.29023552,4,291.3889465
4559,104.23983,25.28007507,17.18720627,9.617703438,6.638408661,639.4677422,3,24496.10743,29.4354248,8.154985428,4,124.1917725
4560,69.62033081,38.09812164,27.05500984,5.311560631,2.980518579,5285.970519,3,24990.01119,14.08312893,5.675207138,4,36.32682419
4561,111.5607605,36.74692535,26.27641678,9.286009789,5.141113281,2846.197437,3,14624.53027,23.57406807,7.690744877,4,295.4077148
4562,126.2336197,30.01607704,19.55174637,10.19106483,5.723563194,1313.338843,3,8448.375662,23.847435,10.35232067,4,185.5826111
4563,176.9341278,25.59982681,16.37423897,9.970730782,6.120903015,1706.614046,3,20115.64808,26.37901115,9.926024437,4,169.7455902
4564,88.35525513,36.00071716,23.51849365,6.308385849,3.696312428,6098.263978,3,27242.16363,18.47686768,5.268045902,4,299.5037842
4565,36.89480591,56.86823273,25.6644249,7.424699783,4.346023083,5248.322412,3,4951.355016,13.0922327,5.838187218,2,294.6235657
4566,51.04825211,37.36300278,19.27438545,9.417309761,4.988601685,3090.08161,3,6773.911841,18.04147911,7.884951591,2,127.3039474
4567,212.0342865,23.30185318,15.00638008,8.128182411,5.205952168,689.3712442,3,19294.88348,24.31032181,9.695951462,4,235.3048401
4568,97.43203735,29.10375404,22.28882599,6.164867401,3.59677434,7219.710837,3,8398.540556,16.14801979,6.626852036,4,44.23610306
4569,126.7843628,39.5052948,26.5625515,6.314111233,3.65622592,6818.902178,3,7942.311883,15.28833961,6.317727089,4,274.4246216
4570,104.4658585,18.92490387,14.32428074,6.564684868,3.922013044,3018.978076,3,32546.6683,20.16202354,6.436855316,4,171.6897278
4571,26.37114716,52.5641098,29.82026482,8.368268013,4.496418476,5654.684698,3,4311.365561,14.71934986,5.423679829,2,30.02476692
4572,23.93143272,43.31111145,17.31735611,8.410035133,4.775513649,5404.710983,3,4055.743145,11.77947998,6.235757351,2,221.3441772
4573,57.07117081,52.20351028,25.43501091,13.38470173,6.768904686,692.0654407,1,20626.22497,28.73804092,9.895504951,4,329.6987305
4574,163.0606842,27.80418587,15.3409462,9.963765144,5.168140411,580.9273637,3,12574.1364,28.18422508,8.197177887,4,85.86502075
4575,100.949852,31.28062248,16.84402657,8.140582085,4.262273788,6165.990136,3,12687.9803,22.25994492,7.315774441,4,265.9143677
4576,83.84976959,24.78717804,20.50512314,6.174601078,3.977663517,7658.159144,3,8682.337778,17.17396736,5.548704624,4,288.4349365
4577,26.14977837,39.41376877,29.51470757,6.856411934,3.915364981,1409.259052,3,16261.33397,13.44996834,5.458249569,2,331.3895264
4578,88.66416931,27.32489204,17.18707848,6.333398819,3.604451418,5042.710884,3,31521.12802,17.57315636,6.380776882,4,181.000061
4579,5.142352104,58.55210495,24.90823555,5.557779312,3.197991133,6802.160648,3,28144.47092,6.053074837,4.245407581,4,294.4439697
4580,116.773674,26.66517258,16.93276215,9.839909554,5.964049816,1077.10716,3,10782.79614,25.73028183,10.01679516,4,246.3706207
4581,93.79706573,28.64907074,17.08638954,9.829143524,5.692717075,2067.47819,3,7720.811843,22.69935799,9.077420235,4,132.2993774
4582,44.9481163,35.58447647,21.055439,8.922460556,4.029549599,21.91564671,3,3509.408399,19.02750015,8.152527809,4,254.410614
4583,77.00294495,37.38136673,18.53693771,10.23527431,5.70904541,739.6381441,3,4268.249757,22.56829834,8.898542404,4,163.810791
4584,163.6286316,31.63402176,20.86296654,10.70561695,6.620126247,6999.27187,1,19637.29917,29.21265602,9.563107491,4,285.672821
4585,127.1070938,31.54663849,18.30673981,8.975688934,5.254031181,3982.099287,3,13693.98172,23.30851364,8.08290863,4,220.9143829
4586,107.4064941,28.60925674,18.26624107,9.976613045,5.565946579,474.0938997,3,18203.53048,24.63382912,10.57236576,4,199.0934906
4587,99.86457825,24.09457207,17.8408432,6.336513042,3.874663353,2646.787094,3,31637.41708,18.74346352,5.353264809,4,289.2900391
4588,149.9877014,32.51993179,23.32682419,6.910953999,4.126492977,4337.071963,3,26335.88978,19.35693359,7.78253746,4,63.54641724
4589,57.46304703,38.90340424,23.09856033,8.922581673,5.710148811,2468.464774,3,7465.273778,18.42200851,8.666201591,2,303.0835571
4590,69.20858765,36.8182869,19.74867058,10.62009907,5.547629833,231.443611,3,3760.761463,22.95089912,9.843162537,4,231.8415833
4591,246.3833771,35.88635635,27.52615547,9.261841774,5.515410423,1590.263171,1,18454.04626,29.59149551,8.362829208,4,36.60185242
4592,182.0374603,22.52271271,12.31980324,8.804056168,5.280034542,1416.886431,3,18625.54899,31.00943947,7.98540163,4,233.9453888
4593,96.46157837,25.29947472,17.58205032,10.07279778,6.665138721,2964.798871,1,16941.57376,30.76522255,7.848092556,4,198.0131531
4594,136.984375,29.09960747,17.05360413,7.794689655,4.094453335,3082.831274,1,16802.73488,27.07260323,5.819095612,4,283.8901367
4595,62.90292358,32.20145035,17.95414543,15.28997803,8.784939766,595.1050638,3,23045.33086,32.22226334,12.61699295,4,221.9756775
4596,110.0558853,26.69129181,15.83824921,9.677718163,5.652106762,8310.048995,3,9839.189961,27.3705883,8.235072136,4,111.5833588
4597,165.9528046,32.9796524,19.94877243,10.99075031,6.91076088,538.5630932,3,17037.16378,27.4745388,12.09671211,4,50.30910873
4598,46.38513184,35.27573013,21.49746323,10.73835278,6.693198204,272.8262331,3,17871.37521,20.57653427,9.037718773,4,223.2642975
4599,80.72194672,31.62096214,20.73456764,12.33717537,7.082431793,300.1822208,3,25082.95554,26.73984146,11.50857162,4,176.0274963
4600,10.81070328,46.9084053,26.15771866,4.253952503,3.039863348,217.4625138,3,26523.84764,6.95530653,4.65365696,4,278.4468689
4601,86.84279633,25.0187149,16.76094055,5.324989796,3.377565861,5513.868433,3,22999.57863,17.71539497,7.059241772,4,84.47245789
4602,35.16877365,42.28583527,25.91270638,9.141748428,4.313264847,6125.90485,3,21441.23763,16.10118484,7.223011017,4,318.576355
4603,153.4712524,41.74206924,26.50478745,8.064006805,4.495571613,5971.671921,3,19370.55459,17.28301239,7.1266675,4,51.34019089
4604,135.6420898,24.71229744,15.70057392,10.29667568,5.978205681,3659.826529,1,16211.20494,30.38470078,8.346094131,4,198.6387024
4605,138.8851318,27.20960808,20.47809792,6.956286907,4.342400551,7503.555063,3,9046.905787,27.99019051,6.609082222,4,51.57504654
4606,138.1343079,39.89937592,26.22395134,8.642162323,5.085065842,2362.062084,1,15217.4451,25.3349762,7.7911129,2,285.7086182
4607,103.9448013,52.45230484,29.61445999,6.973350048,4.230349064,1746.773948,3,15828.11134,21.13591957,6.545777798,2,23.38522339
4608,112.5274353,46.98706436,28.58783722,7.336467266,4.212108612,6110.22286,3,20986.08753,18.03126144,6.999584198,4,316.2874756
4609,75.26680756,38.38179779,25.52207184,6.157235146,3.750118494,1703.506735,3,263.1575922,16.67035103,5.371403694,2,39.85170364
4610,78.12145233,53.55472565,27.86965942,7.897243977,4.967412949,1625.93679,3,475.6729213,20.11364937,6.556816101,2,76.98872375
4611,140.1818085,23.39672661,16.86963081,9.093178749,5.422754765,4829.193471,3,15059.15892,32.43727875,8.226054192,4,105.0684891
4612,88.7919693,34.44801712,17.48434448,10.58275509,6.032567024,475.1653343,3,22754.58348,24.49232864,8.865556717,4,94.66671753
4613,63.67477417,22.35103226,15.33255672,5.868336201,3.84383893,2506.019704,3,31970.34045,17.66472626,5.253726482,4,212.0053864
4614,107.2668152,43.80297852,28.37105751,8.622749329,5.049764156,231.8382088,3,9881.917895,24.66770172,7.604681015,4,26.14684296
4615,76.58759308,32.2245369,18.83495331,9.834643364,6.127670765,83.2695115,3,9648.509316,21.17689705,9.707205772,4,109.3589935
4616,70.39320374,34.37354279,18.93253517,8.059311867,4.715958595,2648.253225,3,13034.81288,18.07713318,8.206040382,4,194.7759705
4617,219.2037811,23.37561798,16.08631134,10.61249733,6.822033882,474.2221269,3,21892.15091,33.01868057,10.01365757,4,130.9094238
4618,88.23491669,53.05739975,26.41376877,7.491216183,4.136704445,1356.979453,3,27720.26858,17.11066055,5.834279537,4,299.0546265
4619,58.88034058,26.40986824,16.22346497,6.131874084,3.040282011,5638.465571,3,30938.36808,18.2293396,5.796864986,4,206.9841614
4620,132.9019012,25.14182854,18.58909798,7.163485527,4.339640617,5946.099749,3,20617.39424,19.77380753,7.398437977,4,47.20585632
4621,76.89595795,39.90075684,29.12050438,7.742186069,4.403083801,8755.585736,3,10511.89543,22.33444977,6.774541855,4,44.69845581
4622,114.0115738,27.72320938,24.01840401,7.394376755,5.017745495,8712.37244,3,10352.66987,22.56468201,7.02823925,4,311.5834045
4623,180.9631805,37.94099808,27.51893425,7.562326431,4.383028984,6870.972002,3,11381.65504,20.7658596,6.721094608,4,313.9766541
4624,103.6951523,28.65085411,17.97393799,8.365949631,5.294989586,6482.381089,3,11523.34654,21.37656021,7.710342884,4,98.29803467
4625,42.96983337,46.06172562,26.02789879,8.625975609,5.281692028,593.0519904,3,26351.80977,16.49876785,8.909686089,4,51.34019089
4626,68.25230408,35.32064438,19.84305954,7.377307415,4.546654224,885.7209299,3,26875.31652,16.51942253,7.405280113,4,248.3136444
4627,54.75924683,24.79948044,16.37477303,6.545300961,3.827591181,2176.919613,3,31609.18353,18.58049583,6.365336895,4,127.5685883
4628,55.45547867,28.87976265,14.90034485,5.600979805,2.726377964,6178.195822,3,30407.56422,15.77893448,4.821935177,4,180.8814087
4629,12.83061218,32.46518326,18.56604958,7.151845932,2.799929619,6867.573415,3,28291.67866,11.74187851,5.323244095,4,85.91438293
4630,100.141098,34.12126541,20.15887451,6.253884792,3.729623079,4125.457187,3,2697.514783,14.74769688,5.610151768,2,296.2001343
4631,30.12891006,47.39333344,26.85222816,6.962889194,3.953415394,5642.533873,3,4190.362943,13.58555794,5.290065289,2,45
4632,66.37812805,37.25125122,18.47628975,9.097736359,4.543574333,2699.359366,3,13935.95392,19.08315659,7.331627846,4,158.9624939
4633,166.3067169,24.50683594,14.09321594,7.08020401,4.115473747,6933.359806,3,22513.67403,23.00026894,8.102190971,4,223.9724274
4634,120.009346,30.82633781,18.73734665,7.839657784,5.213443756,7928.972929,3,9466.647753,27.82055855,7.388565063,4,65.87901306
4635,130.1307068,31.3796196,20.17030716,7.031832695,3.965634584,5948.362786,3,27863.73287,18.16093254,6.372117996,4,295.9743958
4636,43.22696686,33.17479706,22.94791031,5.259284973,4.003997803,1044.340175,3,11052.28962,15.05851555,12.63106918,4,208.2681885
4637,62.71061325,30.48145103,22.28175735,8.385205269,4.631586552,459.7251,3,10113.27832,26.2314682,8.163432121,4,49.98519135
4638,15.27259254,53.33045578,15.3697567,14.25087833,6.970551491,203.3233416,3,3328.08291,17.46018219,8.312718391,4,63.82471085
4639,56.47032166,29.77692604,17.32129097,9.309054375,5.096796513,647.0971343,3,2884.162751,20.90183258,6.254668236,4,121.4934235
4640,76.65074158,31.1018219,18.42815208,7.989337921,4.989695072,2231.623614,3,12311.22333,16.30025673,8.66429615,4,196.3138428
4641,139.1832123,50.76046371,27.3656292,9.39256382,4.81146574,5117.848604,1,14757.88788,27.6497097,8.480821609,4,80.87735748
4642,19.52573776,25.79901314,14.18739891,12.4015131,4.391405582,92.12700247,3,17699.45501,26.81969261,6.620362282,4,42.67847061
4643,18.51210976,46.2400322,9.285959244,12.92856312,5.518963337,2299.156303,3,28850.11702,21.45864677,7.62531805,4,270.9710083
4644,79.0915451,23.09857368,14.52486515,5.946184158,3.50966382,3666.018225,3,32903.48098,19.04208946,5.966835976,4,238.9438324
4645,72.04480743,34.06482697,18.70174599,9.384981155,5.004940987,2528.20027,3,14094.76331,19.03253174,7.190629482,4,287.5008545
4646,168.0997009,21.2450695,17.8050499,6.250608444,4.020049572,5230.011417,3,23634.8779,26.2324028,6.356154919,4,44.38059235
4647,92.10372162,37.32550049,27.38119698,8.033315659,5.476622105,7907.649122,3,9535.120448,22.04342461,8.717490196,4,316.2730103
4648,153.6194611,37.04673767,26.1281395,8.945191383,5.186076164,7917.561591,3,9524.990793,26.17708015,9.117959023,4,313.8065186
4649,113.0984116,30.33430862,17.0784111,9.112654686,5.056276798,2431.739211,3,28375.11801,25.12136078,7.329491138,4,203.3224945
4650,40.50377274,31.35330391,20.66166306,7.999966621,4.527412891,6726.327596,3,28411.60074,16.72779083,6.270769596,4,300.4266663
4651,104.6032562,32.49700928,24.30011749,8.393360138,4.920252323,319.3994472,3,11794.13791,22.3196125,9.509261131,4,39.95755005
4652,73.64548492,44.64307785,22.59822845,10.0036602,6.995215416,557.3420448,3,11523.69493,17.83017921,10.30025482,4,66.31791687
4653,43.21982193,32.82816696,17.72399521,5.037733078,4.335690498,4007.886595,3,6120.249422,10.58782482,7.326041698,2,232.7434998
4654,233.6623535,24.82676506,14.01129627,7.443593502,4.672541142,2593.238666,3,22349.69321,25.25111771,8.32635498,4,102.8287811
4655,150.0343475,32.70433044,28.06711197,6.722194195,4.272213936,5499.734632,1,14361.00497,26.96778679,6.773609638,4,39.68545532
4656,91.07845306,28.7419529,20.38083839,9.225589752,5.795306206,5418.962042,3,13997.22424,33.27889252,7.198678493,4,59.46723938
4657,99.89066315,29.19551086,21.85711861,8.289039612,5.265997887,5645.618292,3,13587.71062,27.51185036,7.9515028,4,261.6239014
4658,125.9736633,33.8561821,20.84393692,8.572428703,4.91545248,8025.81744,3,9616.06206,24.15173149,8.3832407,4,272.0454102
4659,153.8159943,42.44314575,22.31689072,9.040917397,4.18757534,800.5350963,3,16747.67877,23.67054749,8.001034737,4,72.0451355
4660,198.4233398,36.68667221,27.07007217,8.733280182,4.871040821,1258.646216,3,16349.98789,26.61437798,7.593803406,4,41.76029968
4661,122.6009827,34.64345169,18.54870224,9.282665253,5.312028408,7150.770099,3,29017.30212,21.82326698,8.292898178,4,88.15238953
4662,51.49380493,27.6089077,19.79977036,7.070980072,4.011507988,2449.290041,3,395.4489017,16.77206421,7.279570103,2,213.5180054
4663,25.93665314,45.33047867,29.47967529,5.124782562,2.285672665,4276.656275,3,23898.99383,21.02740097,4.212804317,4,22.94250107
4664,28.47613525,36.29970551,22.09007835,8.168192863,6.076896191,374.9155489,3,23457.91155,14.90787792,8.909162521,4,188.1300964
4665,74.13370514,55.54463577,26.18902397,6.903167725,3.824197769,5492.576519,3,25798.04735,15.25958538,5.896675587,4,285.0684814
4666,62.15132904,39.88747787,21.78928947,7.649979591,4.725768566,5850.011189,3,4796.159388,13.71833611,7.548819065,2,231.0895996
4667,76.5953064,34.43564987,17.6649704,8.568253517,4.808171272,1541.903787,3,1735.374387,19.27890778,7.04611969,2,128.3674927
4668,41.49758911,42.78009796,27.50063896,11.62099552,5.663933277,471.8799061,3,3057.988601,24.38743782,9.757256508,4,323.4490356
4669,76.61933899,44.31805038,26.32635498,9.479674339,5.298404217,269.6388918,3,3177.481384,22.86871147,6.955814838,4,57.52880859
4670,55.94470596,36.89306259,17.24980545,8.280267715,4.043135643,2720.786996,3,7147.892684,17.04273796,6.333001614,2,241.504364
4671,70.9443512,34.14665604,19.1501236,8.054943085,4.786342144,1745.838841,3,8124.931461,17.12744713,7.069997311,2,87.74453735
4672,58.45150375,32.92343521,22.86339569,7.739151478,4.005814552,1214.673764,1,21091.52041,25.97042465,4.910480976,4,33.00310135
4673,68.12469482,23.93367386,15.5239315,4.94268322,2.956485033,6218.012053,3,30412.73688,14.71287918,5.523452759,4,244.9191589
4674,57.87073517,37.52646255,19.72431755,6.897208214,4.04131937,5001.023461,3,3570.564788,13.87150288,5.951397896,2,231.9838867
4675,235.2242432,34.7362709,25.48023033,8.200677872,4.494240761,1807.120998,3,21417.32188,24.55106544,8.619852066,4,40.21266174
4676,100.2401733,31.7838707,19.60096359,9.642292976,6.142977238,430.3993917,3,20333.56036,27.32672119,8.845472336,4,76.07696533
4677,46.53559875,36.18586349,21.73450661,13.49838543,5.798060417,5643.121877,3,12177.61971,26.94358826,10.9290123,4,128.7361145
4678,74.40820313,42.02384949,26.99527168,7.862345219,5.001545429,5820.216482,3,11868.03685,19.04153442,7.900322437,4,66.16320038
4679,137.6581726,38.170578,27.36784172,9.933840752,6.094394684,275.0969022,3,17435.98248,28.99524117,10.39490795,4,39.53367233
4680,21.90464592,32.61234665,26.97960472,9.893889427,5.321617126,449.7880187,3,23323.78322,18.71559715,10.81469059,4,204.2894745
4681,72.72303772,22.94586182,16.31965637,6.405449867,3.889306068,3707.852019,3,32852.76253,16.54806519,5.012953281,4,176.7584686
4682,121.7002716,38.15206528,26.29700851,7.486689568,4.075659275,4833.694958,3,27011.43171,17.58959198,6.149221897,4,311.423645
4683,79.30038452,43.98674774,26.67344856,7.452831745,3.934579134,5288.116172,3,26437.8837,16.07102013,5.823477745,4,300.4476318
4684,129.8035431,27.79562187,15.08238983,9.343402863,5.492959499,2867.992616,1,17120.85106,30.50117302,7.878619671,4,121.6481628
4685,143.3540039,36.61779404,27.57435608,9.351761818,4.889838219,5575.946375,1,14179.57088,27.87335968,8.22225666,4,305.4170532
4686,97.92630768,33.88241959,17.71443176,8.779594421,4.424416065,6966.584287,3,11892.06822,21.55155182,7.079218864,4,180.7252197
4687,67.08675385,33.23987579,19.10939789,9.272870064,5.397233486,5130.651871,3,12584.94436,20.70859909,8.278778076,4,240.6422424
4688,115.9653854,34.27160263,24.40861511,6.913090706,3.695868492,5169.423482,3,27258.02919,17.46028709,6.172841549,4,55.72600937
4689,67.45819092,29.11762047,17.96031952,5.955208778,3.715980053,4575.294202,3,3178.136223,15.87279606,6.372081757,2,249.655899
4690,91.1220932,31.52702141,18.32538986,9.659790993,5.384799004,1051.210728,3,8651.25631,21.85533142,9.551076889,4,146.0108032
4691,184.6295471,21.68162727,12.27340412,6.196022987,3.704893112,2644.289237,3,22345.57009,22.98581886,5.373371124,4,66.50143433
4692,147.4650726,26.1997261,16.5551281,10.46330929,6.073477268,2901.893071,3,16994.72589,32.0366478,8.902051926,4,133.905304
4693,93.34461975,28.50097847,14.45176601,6.00165987,3.176835775,6508.168435,3,30172.79365,15.38919544,5.927613735,4,175.7081909
4694,56.02812576,26.48330879,18.55587006,5.607542992,3.23795867,6017.960788,3,21983.45404,14.73237896,6.133278847,4,158.4286957
4695,45.25819778,42.89745712,21.98317719,6.500306606,5.010928631,3537.621642,3,6520.114964,10.17631149,6.932327271,2,96.57394409
4696,88.7101593,28.56278801,16.4029541,5.642206669,3.384582281,3322.727849,3,1694.241243,15.77881908,5.449515343,2,257.1292725
4697,62.93324661,29.49818039,18.94599915,5.798885822,3.422679901,2861.588245,3,864.1122039,15.07003689,5.203126431,2,62.60250092
4698,86.41330719,23.04972839,16.20385551,5.712743282,4.838283539,8188.824768,3,9036.500022,16.69189453,6.880889416,4,86.92254639
4699,70.33050537,31.215662,27.15830231,10.37909794,7.010050297,97.417889,3,24891.46838,31.82738113,7.730853558,4,335.497345
4700,125.1237793,45.47664642,26.83069801,8.618002892,5.016185284,473.4786961,3,25637.56521,21.56735611,9.11488533,4,283.5870667
4701,74.03075409,33.5197258,18.10052109,7.52795887,4.536569118,5334.877346,3,23803.47902,16.03882599,6.600215912,4,300.0686035
4702,8.74323082,35.99212265,24.38594818,3.080617428,2.341346025,5712.733673,3,22172.92067,6.586933613,2.827054024,4,77.00538635
4703,47.31086349,56.12904358,26.20575333,6.526148796,4.591442585,5547.636673,3,21971.6857,13.46671009,6.626461983,4,38.65980911
4704,121.4693832,20.12609863,12.57807446,8.918806076,4.884290695,1839.782529,3,21527.99862,24.1584034,7.496953964,4,55.68491364
4705,82.50817871,28.11674881,17.45775795,8.253229141,4.897264004,1947.955662,1,18114.93516,30.74393463,6.514668465,4,269.6441345
4706,167.085144,30.02552605,15.9044342,10.37047672,5.724136353,2287.343713,3,17554.76078,31.26882362,8.269151688,4,138.4682312
4707,78.83152008,40.39622879,27.43525696,8.937771797,5.119514465,6356.900724,1,12529.39917,23.59783554,7.76829195,4,295.3809509
4708,52.67829132,33.32947922,21.66657639,12.60808277,6.93835783,515.5524329,3,23110.9666,23.0010376,10.85995483,4,168.6900635
4709,63.0004425,45.06628799,26.48950768,11.01099491,5.901968956,206.7327831,3,23081.97514,26.80297089,8.42351532,4,26.56505203
4710,93.2206955,27.36430931,19.97886467,6.00565052,3.613320827,4830.538201,3,31739.85078,17.82440758,5.980381012,4,66.39230347
4711,52.89190674,31.01951981,19.75610352,7.408308983,4.543636799,4999.924348,3,24285.48046,19.14403534,7.563211918,4,251.5650482
4712,80.94367218,46.6908989,25.64695549,6.706656933,3.820020676,4352.404495,3,23129.06814,12.68135357,6.375984192,4,302.79953
4713,134.2303925,30.48695374,19.82394791,9.751664162,5.857852936,8353.343398,1,20653.02287,26.03512573,9.105194092,4,274.1151123
4714,41.20212173,21.78602982,13.86062431,7.616950989,4.751730919,1388.778418,3,21163.49833,21.19472504,6.860664368,4,33.99645996
4715,136.4263306,27.99125671,17.4573288,8.637593269,5.014641762,4156.713915,1,15745.87446,25.89528465,7.807821751,4,295.9422913
4716,120.2193451,40.42277527,24.53253937,12.22702885,7.628013134,281.4990578,1,22016.99847,32.29782104,11.19372272,4,296.274231
4717,31.58536911,50.2852211,25.45040512,10.01113319,5.680196285,280.8798749,3,22959.92614,25.14601517,8.534488678,4,328.5704346
4718,64.6526947,32.38124847,18.27110481,9.474497795,5.41437006,1734.839062,3,27379.92051,21.08574104,7.973522663,4,206.3721313
4719,134.8236237,27.92362976,20.15111923,8.113424301,5.154200554,4712.061306,3,22084.40781,21.91723251,8.290917397,4,274.864502
4720,124.714592,34.45981598,23.99846077,8.185563087,5.589086533,118.3415877,3,11732.48179,19.29099464,9.039250374,4,60.94539642
4721,194.5407715,20.9876709,13.66808128,7.164652348,4.566354752,1679.916655,3,18251.93915,33.00891876,7.864237785,4,251.7228851
4722,115.9087677,43.07365036,28.49835205,11.53194809,5.593849182,726.31826,3,24845.25773,26.03514481,8.8440485,4,58.34237671
4723,89.63547516,41.82607651,26.96267509,6.928118229,4.433457375,968.1704723,3,10914.02092,16.26721764,8.810256958,4,53.4033699
4724,70.75577545,27.60840034,20.53749466,6.668557167,4.71296978,267.6823627,3,10069.21587,15.43012428,6.363627911,4,284.9313965
4725,57.77445984,24.2945919,16.08787346,9.250654221,4.80482626,8401.98373,1,21320.80867,25.84475136,6.667770386,4,126.6561127
4726,35.80173874,46.32249451,29.22647476,10.45341492,6.557358265,5652.679279,1,12122.21189,24.6505909,8.080666542,4,315.8303223
4727,114.6910934,33.49242401,21.83637047,10.10547733,5.56391573,1532.654721,3,20085.87527,28.21474266,9.381197929,4,265.4358521
4728,31.18236542,36.00545883,9.805680275,9.117291451,4.00467062,2498.235852,3,29107.29968,23.41072273,5.327609062,4,289.0757751
4729,151.5032349,29.27178764,21.31040192,7.551644802,4.284952641,2529.856865,3,28456.59512,23.33706093,7.149409294,4,264.1505432
4730,126.3975449,27.41864967,16.72729301,11.43573856,6.379330158,220.2677032,3,12341.84692,29.4104538,9.459767342,4,132.7318115
4731,90.72080994,50.67017746,24.17003632,9.151772499,5.177807331,1367.435621,3,8362.859085,16.98108673,7.380441189,2,61.20470047
4732,137.1160126,28.39854622,16.39234924,8.050003052,5.154810429,3198.926353,3,22577.61897,17.55396271,9.609547615,4,148.0948639
4733,159.2126465,29.35454369,16.75393867,8.191119194,4.924878597,6938.713059,3,10933.42013,19.61242104,8.670646667,4,92.08325195
4734,120.0947342,25.33141899,17.5639019,7.191596031,3.767396212,5549.829575,3,21682.4343,22.75452614,7.306326389,4,303.9335327
4735,75.12654877,28.18323135,23.87655258,5.567018986,3.28966403,8262.712361,3,9897.762891,20.47184372,5.752421856,4,46.72912598
4736,93.87921906,38.80297089,27.73700523,7.27216053,4.312354088,4422.362583,3,22705.26036,17.68912125,6.278671265,4,53.88620377
4737,41.33335876,45.90872574,23.13209343,8.472369194,4.614305019,1601.060653,3,988.6531785,15.05140305,7.944898605,2,268.5812988
4738,67.55921936,30.94675827,20.57117462,9.821885109,5.867194653,549.4752147,3,9259.710632,21.73451805,10.58690357,4,84.90788269
4739,76.47097015,28.39960098,17.68807411,5.905088902,3.394120693,0.413003022,3,9866.649624,15.31650352,6.097338676,4,276.1466064
4740,134.6860657,33.13005447,16.23807144,11.95499992,6.757156849,7001.451206,3,19369.43244,31.92198563,8.062698364,4,248.1985931
4741,115.2732697,25.79095078,17.18019104,7.595094204,4.853481293,7468.113571,3,8308.822512,21.83916283,6.530174732,4,130.6839752
4742,47.0434761,29.20948029,18.12337303,5.955849171,3.695168734,8323.830762,3,9020.908135,14.29012394,5.182003975,4,145.8179626
4743,98.29505157,16.827631,10.14392662,5.465386868,3.167790413,7989.866222,3,8793.646549,18.55402946,5.750833035,4,102.3807602
4744,178.0776215,26.13432503,18.38850594,8.137532234,5.835674286,1319.89348,3,16257.95696,23.73398972,8.888324738,4,75.19161987
4745,49.24425507,37.56554413,27.761343,15.37030411,7.832819939,116.6518815,1,23301.59534,29.92967033,11.52300167,4,21.50400543
4746,57.82855988,30.5001812,22.51986885,11.44061184,5.422907352,263.0244538,3,24646.45764,22.24851608,10.50521278,4,185.9005585
4747,114.5674515,27.79125595,20.47614098,8.939003944,5.355737686,791.9686521,3,24416.69774,25.00098801,9.455516815,4,272.2025757
4748,57.06426239,36.01172256,25.171381,13.22044563,7.690319061,1763.478173,3,8108.984874,23.77800751,11.40443516,4,178.0250549
4749,81.07706451,48.35545349,27.38049698,8.577335358,5.29774332,1911.633529,3,1618.875846,19.06470299,7.795656681,2,76.67546844
4750,65.93575287,39.8858223,24.64289284,8.170021057,4.773871422,1095.564453,3,2221.565242,23.08791542,6.402313232,2,306.9727783
4751,18.20177841,35.792099,13.70932293,4.009828568,1.889501452,8163.948228,3,21423.74227,12.83573723,2.757237434,4,237.3141174
4752,148.3498535,26.93413925,16.05296135,11.01840496,5.45752573,969.0617792,3,13124.7264,27.95219421,8.730834007,4,180.507019
4753,140.8817444,42.57051468,27.38522911,9.056786537,5.025025845,1527.002596,3,8949.448851,24.85772514,6.679727554,4,63.26790619
4754,132.0458527,34.46442413,22.55161095,8.578934669,5.243615627,7056.282103,3,22183.4243,21.24035645,8.207015038,4,305.3359375
4755,155.9279175,24.09664726,12.65675449,7.548954964,4.59970665,2601.088414,3,22219.43843,22.27886772,7.698797226,4,99.41125488
4756,101.4734344,36.74315262,24.33265877,9.367427826,5.194764137,323.7107299,3,22711.49411,27.46269417,7.808499813,4,289.7540283
4757,71.86329651,27.11596489,20.70071983,9.331731796,5.70791769,280.3018933,3,23927.47224,21.56501007,11.91667271,4,202.9040375
4758,20.30369568,60.10946274,27.4561367,10.53423691,5.223423004,1788.309611,3,8158.097143,18.48661804,7.55951786,4,336.6147766
4759,40.201828,36.59490585,27.37841797,10.3587923,6.107192039,2046.898441,3,8045.090534,21.41807175,8.800582886,4,36.68972397
4760,59.95848465,31.01945877,22.02175713,12.06320763,6.222636223,2294.258197,3,7753.446091,23.79590416,12.46230888,2,213.3981628
4761,60.877388,28.40182686,21.88770485,11.68541336,5.864848614,2614.38921,3,7526.057089,22.45035553,9.534947395,2,193.1300659
4762,35.70264435,36.19982147,21.6914959,5.288396835,3.832685709,4260.080708,3,6014.017922,11.48141766,9.047345161,2,200.2248535
4763,44.80995178,31.2234993,20.68265724,10.61345863,6.098696709,3161.110416,3,7032.046662,21.1519165,10.64205456,2,160.671814
4764,232.6841888,22.47856331,13.64204884,7.368801594,4.475174427,1345.714773,3,20811.76006,22.75151634,7.126914024,4,94.32505798
4765,87.89714813,29.22872353,23.80586624,8.11017704,5.243789673,113.4328546,3,19689.13938,26.11460686,8.333630562,4,46.68468475
4766,177.5643158,39.25209427,26.28194237,9.175579071,5.157966614,985.6471386,3,20247.54173,24.42539215,7.751682281,4,33.53046799
4767,153.3191681,37.48823929,28.25827026,9.969500542,6.067141533,415.9961887,3,23586.16798,29.49066544,9.19677639,4,34.10102081
4768,21.8056469,53.88936996,22.69630051,18.77881813,7.804698467,63.67551114,3,24507.71665,24.63826942,11.54549503,4,312.8944702
4769,92.14007568,29.94096756,20.51800537,12.11335278,8.333766937,272.3031203,3,9409.603806,27.11494255,10.50575733,4,52.71189117
4770,69.91983032,44.89807129,28.00142097,8.069458008,4.584666729,3325.820815,3,7131.38685,17.09016991,7.634643555,2,331.189209
4771,63.19651031,27.30065918,17.34602547,8.776684761,4.200958729,464.5577968,3,3825.183964,24.28180122,9.687072754,4,239.9314117
4772,74.64537811,35.51924515,19.11813736,9.684583664,5.500828266,864.2581618,3,4080.53138,21.78305244,8.015070915,4,218.6598053
4773,47.9725914,34.72241592,17.78694344,7.363759518,4.200221062,2451.282871,3,7292.608414,16.99898338,6.37658596,2,215.5376892
4774,16.85183525,15.37891579,10.43763351,5.771209717,2.139340401,1124.626501,3,18815.80188,21.34160423,2.73374033,4,207.3707581
4775,116.4559555,30.03726196,19.0182476,10.09955978,5.662173271,6304.331549,3,12830.22982,27.00196838,8.141451836,4,231.5819397
4776,106.9276505,42.7654953,27.58992958,7.656140804,4.288977146,6573.683958,3,11144.63137,22.02317619,6.77377224,4,58.95296478
4777,97.76964569,28.02100372,17.97603798,10.43455315,5.812830448,724.9874436,3,23972.66737,28.95802307,10.84528446,4,68.34341431
4778,41.8388443,46.95699692,22.44865799,5.581956863,2.930674314,5407.256657,3,3995.652805,11.06008244,4.584240913,2,290.8544617
4779,36.20265961,39.27587128,22.39264107,9.575583458,5.128722191,154.8434781,3,3509.976917,21.48168373,7.904703617,4,67.83365631
4780,68.2769165,23.60583496,13.47558403,5.819072247,3.006500959,6742.528589,3,29952.78406,20.06987572,5.184028149,4,225
4781,69.87111664,30.97266197,19.38314438,6.566241741,4.062151432,4548.411078,3,23934.19162,15.57419872,5.574671745,4,267.5805054
4782,101.9350586,29.89751053,18.73536873,12.35818672,6.930120468,3.204064223,3,9813.289684,28.23122406,10.23451996,4,140.1481323
4783,130.6410217,32.26888657,22.80285263,8.641431808,4.989802837,830.5580108,3,9456.546809,22.83239174,7.280040264,4,305.4832458
4784,72.64793396,26.81267929,14.86682796,7.426964283,4.223068237,702.4915914,3,19173.921,19.81448936,6.390106201,4,211.4129639
4785,109.4805527,43.98906326,27.81277657,6.310730934,3.49909687,7665.409684,3,8966.013216,17.37599182,4.908068657,4,324.1867065
4786,75.56665802,30.05645752,21.44833565,11.41609383,7.374330044,5158.92397,3,12511.2603,32.56763458,9.504500389,4,238.5358582
4787,35.93936539,30.53756523,21.53500366,8.721010208,5.616470337,458.101506,3,18386.73446,16.49744987,10.94799995,4,204.3764648
4788,78.89662933,32.12110901,20.13183212,9.876612663,5.992085457,112.1611328,1,17951.32546,26.21915817,8.097530365,4,308.0189209
4789,38.12405396,58.73269653,25.48415947,11.29252338,6.225759983,255.5535699,3,18244.45805,21.27455521,13.60939503,4,140.15242
4790,49.39281845,32.52719498,19.2149601,9.297678947,5.171390057,565.1063117,3,18623.01665,17.41998863,10.96063519,4,199.2900391
4791,76.56269073,25.5113678,16.5512352,8.272947311,4.615317345,8614.342506,1,20901.22544,24.84129906,7.179506779,4,136.3639221
4792,143.9629059,35.85562134,23.16068077,10.94597626,6.246929646,3371.662274,1,16309.05532,32.14157104,9.406777382,4,292.7552185
4793,143.9469757,38.50827408,26.89219856,8.04414463,4.375016212,7414.001307,3,8935.872686,23.42879677,6.9199543,4,297.2073059
4794,120.3280106,32.05073547,23.67539978,7.070717812,4.430474758,7321.077594,3,8731.45267,20.42743492,7.673591137,4,47.59810257
4795,15.52102947,26.93602753,11.94971657,5.169705391,2.976914883,8188.629832,3,8936.352892,13.93645668,3.96713233,4,155.0352478
4796,124.7883377,27.42495346,15.9379034,7.709266663,4.700295925,8991.011126,3,9318.898133,20.99169159,8.291261673,4,187.594635
4797,47.60903549,35.96229935,20.62139511,10.13092041,6.058421612,1196.813869,3,26744.24995,19.27948189,8.408302307,4,253.9911194
4798,87.90284729,21.05951881,14.64417744,7.254034519,4.442744255,1111.22402,3,30081.78063,19.53776169,6.477968216,4,174.1435547
4799,92.37194824,26.54906654,16.99459267,9.290330887,5.223677635,1532.466609,3,30931.96163,22.67704964,8.298602104,4,153.7257843
4800,115.7197266,36.92850876,26.08203888,7.410495758,3.886207342,5893.954877,3,17368.08101,19.68811989,6.517287731,10,79.2910614
4801,79.13616943,53.93521881,28.3990612,11.3445797,6.734127522,1171.968873,3,8784.129654,26.43189621,9.361412048,4,329.5344543
4802,162.8310699,21.61697006,13.01419544,8.639750481,5.715770721,1505.74263,1,18220.2423,28.58351517,7.475719452,4,289.9165039
4803,125.6868515,33.02877045,22.09202385,8.136975288,4.653448105,6165.092399,3,13523.8755,24.10401917,8.091049194,4,78.12615204
4804,117.6955261,27.32716942,22.40517235,8.061056137,4.790393353,6711.89424,1,12982.98933,26.44204521,7.493186951,4,287.5647278
4805,96.57621765,32.34355164,17.15034294,10.40170193,5.963843346,6913.198472,3,29281.45142,23.70664597,9.200658798,4,122.7464447
4806,115.007576,32.59849548,18.37891006,11.93493462,6.678489208,305.4092571,3,10511.83453,26.98709106,10.47878075,4,131.6498413
4807,124.5906067,49.17062759,28.00861931,8.864312172,4.318016529,1767.502498,3,8634.171122,22.55094337,7.120944977,4,325.6875
4808,82.31092072,47.31450272,26.50302124,6.953992844,4.160095215,5556.469124,3,5124.263127,12.91410542,6.731670856,2,183.5289154
4809,112.7457657,32.3897171,16.42992592,8.820741653,4.678030968,8025.962205,1,21261.43667,24.33356667,6.930599213,4,269.045166
4810,124.5921173,26.39909935,17.62334251,8.115785599,6.823532581,8364.970407,3,8821.172858,20.4340477,11.45134258,4,257.7352295
4811,112.3976517,23.61620522,14.51650333,6.883415222,4.077385426,2738.557417,3,14838.07861,20.59855652,7.220855713,2,216.4692383
4812,159.6194153,26.82992554,18.23353577,8.950427055,5.002338886,1513.714535,3,19747.14151,29.18549728,8.744376183,4,244.3443298
4813,115.7262726,38.21907806,27.36180687,8.715186119,4.854746342,578.8783997,3,22836.86708,24.30003166,7.957289219,4,48.05288315
4814,83.639328,46.32114029,27.84560776,7.202420235,4.192055225,1747.486379,3,12748.60944,16.84943199,7.539200306,4,51.63889694
4815,50.59661484,31.77908707,16.62810326,5.54067564,3.146807432,2977.447798,3,22475.26753,12.61224461,7.645162582,4,86.54593658
4816,105.9698944,37.7697525,28.48585701,9.42653656,5.632955074,6491.321178,1,12922.66132,32.60343552,7.467402935,4,33.14492798
4817,77.75041199,31.02371407,16.97396088,9.029241562,5.124084473,6899.738425,3,12132.0964,21.88296318,7.513244152,4,186.3401947
4818,32.79219818,51.80971527,27.0330925,5.538326263,3.222811699,8060.046297,3,8694.740821,12.05930042,3.691083193,4,290.3589783
4819,109.0330505,34.03001404,24.84358978,8.864447594,5.223927975,776.9410869,3,22960.76193,25.03128052,7.675001621,4,288.1721191
4820,139.7368164,35.39709854,23.86500168,7.574391365,5.200978756,1274.669923,3,25431.81949,21.92176819,8.647827148,4,84.40065765
4821,122.7614059,50.73432922,28.99791145,8.290273666,4.336283207,1390.644529,3,25642.12026,21.05762672,6.894006252,4,327.77771
4822,16.50950241,25.83549309,17.9425869,5.202765942,2.87698102,5708.012989,3,30922.9053,12.22979355,5.546431541,4,198.4349518
4823,99.22369385,51.80545807,28.63277054,9.400595665,4.686955929,5975.697739,3,28629.18447,22.50583267,8.466836929,4,34.12902832
4824,100.5144882,28.37641144,19.5733223,8.661427498,5.0172019,6252.514643,3,29026.96674,25.42616272,8.11021328,4,306.5846252
4825,133.1339417,45.48936462,29.41932106,7.110251427,3.94373703,5734.857886,3,28085.37478,18.13703728,5.687195301,4,32.07400131
4826,111.8488541,30.39571953,21.26001358,7.131689548,3.980976105,5816.007361,3,28410.92996,20.1243782,6.538022041,4,312.1724243
4827,75.35671997,36.69993591,24.5922699,5.489735126,3.167243719,4774.772851,3,24923.59507,14.57087708,5.087768078,4,63.96064758
4828,141.111557,25.79015541,15.25318336,9.744356155,5.444572449,1226.151412,3,13381.38598,29.12700844,8.278794289,4,90.57872772
4829,12.63700676,39.22755814,24.05558968,4.475265026,3.238251209,4714.977445,3,5821.56473,7.286811352,6.476552963,2,216.8699036
4830,50.76609421,32.46136856,17.24678612,8.107025146,5.106049061,2072.849257,3,13974.70411,12.87827682,9.821528435,4,178.0566254
4831,37.50634384,31.01661491,21.01460457,10.79550362,6.182337761,1997.229046,3,13586.3967,18.50860214,11.76033211,4,217.2348328
4832,88.92063904,30.70579147,19.32657051,7.406857967,3.824261427,6396.391527,3,11499.22003,20.16663551,5.926433563,4,40.7578392
4833,55.98411942,27.12127686,16.37246132,5.592064381,3.169525623,4006.106614,3,32563.53332,14.41772556,5.279885292,4,234.462326
4834,69.47172546,51.17834091,26.06040192,6.202077389,3.497937679,3912.928636,3,6616.870815,11.1151886,5.299020767,2,43.50583649
4835,34.27077484,36.68100357,25.7560463,5.396649361,3.21647954,5681.85615,3,4285.153278,11.97150993,4.208152771,2,59.53445435
4836,50.15026474,37.77989197,22.56293297,6.336566448,3.928295374,1776.311961,3,615.8505884,14.77898216,6.896986008,2,69.04421997
4837,68.37038422,26.19669342,18.52778244,5.287374496,3.130952358,2377.057887,3,256.4403042,15.45786762,6.24928236,2,102.7643127
4838,20.99022102,33.24326324,12.94938278,5.584218025,2.840907574,1977.597137,3,554.4630595,10.97903728,3.76033473,2,81.60707092
4839,76.68412018,34.09197998,16.85220718,8.186173439,4.435986519,1442.447337,3,4641.079607,19.12731171,7.320314884,2,188.0043488
4840,86.50725555,26.42697716,18.12336731,8.270411491,5.09158659,1883.272768,3,5080.260345,19.00172615,7.845834255,2,187.3343811
4841,37.10344696,62.16474915,24.22647476,8.420564651,4.641181946,1752.539222,3,12078.05965,18.53028679,7.54486227,4,320.1281738
4842,55.39940262,29.08208656,22.92494965,6.750555992,3.969447374,4167.043362,3,24633.83616,18.94934654,6.066284657,4,41.36613846
4843,19.21722603,33.0991745,8.198449135,8.611281395,4.866573811,2797.838276,3,22287.55463,13.6888895,5.014004707,4,66.19405365
4844,43.36418915,27.35671997,21.38966751,8.321928978,4.85770607,2183.051591,3,31739.66813,17.93653297,7.708162785,4,199.3980103
4845,158.6273193,28.98031616,16.02057076,10.52076054,5.768729687,1591.40565,3,13763.50434,29.29177094,8.473893166,4,160.8209839
4846,18.99090004,40.87833405,20.31848717,5.639699459,3.268538713,2436.381085,3,620.0946179,10.1045866,4.84259367,2,275.6190491
4847,63.8431015,35.43314743,17.86667633,9.376980782,5.110230446,2995.422151,3,6191.545498,17.54490471,7.357100964,2,208.0511017
4848,119.8222351,29.91699219,20.59612274,7.477427006,5.280880928,740.4101975,3,19052.95164,21.09342003,14.87501907,4,225
4849,102.110611,36.83663559,26.64147186,8.20832634,4.894733429,1480.772823,3,26044.96499,22.24140167,7.073097706,4,80.89266968
4850,125.6055145,31.73002815,25.33684349,6.946704388,3.701756001,4349.47298,3,25888.48155,17.71611977,6.220074177,4,305.5376587
4851,110.63974,42.4286499,26.49737358,7.009104729,3.560566425,3401.500134,3,25306.25616,15.74770069,6.041764259,4,294.0755005
4852,76.88366699,30.70131493,19.75614738,5.54679966,3.545480013,4475.085637,3,23314.33614,14.68552113,5.639630795,10,75.25643921
4853,137.2034607,27.46091652,15.94522762,10.01926517,5.488987446,2302.99307,3,14432.75683,25.14317894,9.035745621,4,172.4750214
4854,136.5150146,31.19986725,17.39175224,11.27046967,5.784049034,6837.774501,3,19264.91991,29.24553871,8.774971008,4,154.503479
4855,77.84621429,37.23065186,16.50719643,8.989571571,4.873291016,810.9335473,1,18887.54717,24.21447754,6.329118252,4,298.9403381
4856,109.3015976,32.19603348,17.16910934,8.407217979,4.6055336,7426.955246,3,11430.59148,22.87765503,6.938623905,4,284.2158508
4857,58.4049263,26.65026474,14.12169647,5.614435673,3.153282404,6691.294236,3,8154.918478,15.71658993,4.819587708,4,216.0273743
4858,66.23802948,27.93783379,16.96626472,7.120298862,4.036631584,5667.729853,3,19681.83672,18.94600487,6.201832294,4,257.79953
4859,89.32051086,48.16598892,25.79128265,7.177738667,3.597755194,5307.296617,3,19862.54226,19.84304428,6.826348782,4,331.3138428
4860,72.53689575,27.24541855,17.43044853,7.806650162,4.59197998,4197.291534,3,16064.03725,20.08001137,8.008616447,4,176.6335449
4861,78.40353394,36.45547485,20.80021095,10.12874031,5.657325745,319.8232118,3,2887.489557,23.57821465,8.209306717,2,104.2158508
4862,49.954319,28.90119553,20.79671097,7.734987736,4.438725948,1227.281664,3,11708.50745,16.33611298,6.558867931,4,289.857666
4863,67.33786011,56.1097374,24.56782722,6.869847775,3.396725655,1440.589913,3,12076.71009,13.72338104,5.329643726,4,57.35502625
4864,92.24597168,25.65671158,19.17586136,8.7186203,5.344871044,100.1381017,3,19232.92585,24.83602905,8.340873718,4,62.08506775
4865,164.5305176,24.96050644,15.43974972,9.490591049,5.633923054,901.4311012,3,18541.50569,27.94403267,8.880252838,4,254.5159607
4866,58.84901047,26.03742409,13.19754696,6.815295696,3.462555647,7104.017409,3,8051.483796,19.77661133,5.926291943,4,190.5915222
4867,125.137558,43.52262115,26.07381058,8.638601303,5.222178459,4354.256759,3,13342.87115,21.77725792,9.9718256,4,312.0390625
4868,56.65600204,56.37220764,26.51914024,7.879737854,4.24759388,1962.645779,3,27067.50043,17.32183456,6.001520634,4,298.6978149
4869,63.56613922,31.14252853,19.29881096,7.536652088,4.43883419,5366.807783,3,31363.42414,16.4068737,6.46476841,4,79.59228516
4870,27.25518608,27.71685982,16.87389755,4.81568718,2.503401279,5968.170763,3,30756.3136,10.8475647,3.98106885,4,219.95755
4871,70.96725464,26.99488258,14.79006672,6.751320839,3.578480244,6765.404966,3,30029.88807,18.52316856,7.655417919,4,193.9637146
4872,51.99707413,39.55080032,24.36162758,10.19467354,4.890291691,13.81575119,3,3212.356744,22.06185913,8.493546486,4,298.6756592
4873,81.93293762,48.31138992,27.26133347,10.65180969,5.871329784,351.3300424,3,3549.225024,24.62745667,8.148560524,4,65.11258698
4874,35.59569931,36.62616348,20.54281235,11.33965206,5.938446522,3253.608317,3,6502.46536,23.70859146,8.408844948,2,135
4875,98.43920898,47.31380844,28.6557579,6.428516865,3.681444168,7113.103252,3,7803.974134,16.77405548,7.333479881,4,47.23117447
4876,87.20429993,29.32464409,18.56783295,9.550730705,6.158435822,5075.920946,3,12611.7295,26.16842842,8.036084175,4,229.0856171
4877,61.74717712,37.09123611,28.73666,12.43676758,7.771508217,248.5186878,1,18333.67699,26.63288498,12.75210571,4,26.09542465
4878,66.25998688,28.09184647,16.5390625,5.106144428,3.058211565,2970.390562,3,32528.34814,13.5544548,5.207642078,4,256.7594604
4879,46.80529404,25.21654129,17.12010956,5.763724327,3.304465771,5345.319817,3,20205.22278,15.83367062,6.188858032,4,281.1452942
4880,119.2718582,29.82973289,16.0345974,10.73634148,6.202908039,3037.451795,3,15097.73622,26.39542961,9.005979538,4,156.4191284
4881,48.72885513,53.96666336,29.38365555,7.249695778,4.226007938,2560.046769,3,7800.964464,14.86102104,5.450873852,4,17.48799896
4882,144.0405121,30.73571968,21.61281204,7.752010345,4.480384827,2129.085483,3,8409.012897,24.80780029,6.435069561,4,50.93251038
4883,53.54969406,40.89431381,24.65275192,6.391987324,3.741487741,2673.597572,3,7034.762533,15.88657475,4.9286623,2,324.926239
4884,142.1275024,24.08090019,14.99397373,8.018774033,5.026909828,6500.315375,3,22429.02499,24.17956924,7.652979851,4,222.0643311
4885,129.722168,27.02081871,15.78091526,8.29941082,4.793178558,7282.722703,3,8918.966001,24.69128418,6.924190521,4,164.4758911
4886,61.70369339,32.80775452,21.88761139,10.08153725,5.805170536,1858.077668,3,26713.55531,21.22953415,9.092254639,4,261.7592773
4887,33.42635727,39.81289673,22.81741905,4.426912785,2.447705507,4371.278575,3,6281.731564,8.10519886,4.19077301,2,52.90716171
4888,71.59151459,28.39134598,17.85623741,5.607992649,3.649224281,5536.967504,3,5515.472478,13.69625854,8.0367136,2,250.9583435
4889,72.23426056,31.13178635,21.56558228,10.78937435,7.155592918,158.9033106,3,17768.77826,23.74827576,10.26522255,4,111.2505035
4890,66.91914368,33.96243668,20.66517639,9.413743973,5.249279499,2753.865563,3,27716.86675,21.53636169,8.932246208,4,242.2414551
4891,129.0988159,27.24979019,16.71761894,10.54775429,5.975075245,1812.102205,3,17542.80583,31.00066757,9.12151432,4,177.0215759
4892,105.2541122,31.60157776,16.29802704,10.67663193,5.568387508,4912.144735,1,14943.58955,27.87909508,7.991978645,4,182.9506531
4893,4.509022713,58.39811325,20.92033768,3.053105593,1.719790936,4845.601701,3,5923.31405,4.030474663,2.189381361,2,73.15496826
4894,164.2136688,29.80422401,18.68462181,6.346696377,4.004264832,3432.710553,3,22695.71408,16.07979202,8.437116623,4,82.0198822
4895,137.4566498,25.74017143,15.7243576,7.312494755,4.522791386,6237.326398,3,7805.764278,21.76486588,7.980454922,4,79.33361053
4896,140.0205536,30.90057182,15.77417755,9.405007362,5.301989079,6564.458588,3,8118.334703,22.84052658,8.695345879,4,146.5346222
4897,71.57460022,51.28709793,28.09580994,5.442193508,3.063818693,7465.966709,3,8551.697068,13.40656567,4.05177927,4,36.02737427
4898,53.62222672,26.14749336,17.26231956,4.9791255,2.659636021,6830.975818,3,7833.508004,14.25530148,4.224554539,4,90
4899,150.6110229,23.37553596,15.67332745,8.276079178,4.550280094,1867.514794,3,28743.98608,26.43863487,7.610786915,4,224.0289764
4900,118.6894073,27.54586601,18.15026855,10.06428814,6.205364227,878.9474406,3,29640.84475,26.69130516,8.216815948,4,85.60129547
4901,119.3577042,27.52869415,17.34957314,7.500213623,3.740388632,2628.185468,3,8259.63099,22.6399231,5.595625401,4,51.76617432
4902,77.65579987,33.03148651,20.98985863,7.260778427,3.664700985,26.85206517,3,10043.35325,17.71968079,6.252774239,4,249.7408142
4903,24.02185059,44.44097519,30.10181999,6.429747581,4.267409801,1773.220601,3,13358.82031,13.97921848,6.657395363,4,28.35670853
4904,144.6320343,19.96284676,13.8755579,6.255221844,4.540251732,6121.798294,3,22550.0108,22.34133148,8.788408279,4,245.9244995
4905,112.8189774,25.44584656,16.0830574,7.247641087,4.619796276,8049.522836,3,9707.838757,20.6035881,6.758532047,4,166.0362854
4906,103.3100357,24.98243332,13.40290165,6.70875597,3.864049435,6690.301969,3,8209.288029,18.47288704,7.311194897,4,114.7733917
4907,134.0159302,27.17554665,17.0483551,7.00065279,3.772459984,3560.72585,3,13988.01482,20.17500877,7.481626987,4,88.71396637
4908,108.0779495,33.92897797,16.65490532,9.72726059,4.936554909,1065.066863,3,20502.87829,20.65409088,7.868391037,4,156.6147766
4909,112.2630234,33.76031494,24.6387043,7.296778679,3.816428661,2619.204062,3,31896.37035,18.60360336,8.539463997,4,285.6231079
4910,74.52087402,26.83590508,15.93213177,6.16642189,3.405200243,4264.705464,3,32410.15876,16.478405,5.777945518,4,196.2247009
4911,4.947738171,59.29131317,18.47219086,3.715453148,2.124647617,4706.402844,3,6003.176425,3.961997747,2.548272848,2,53.74616241
4912,34.04495621,37.57127762,21.97812843,13.70923042,6.231174469,3087.298644,3,6283.167025,24.63800812,10.25219822,2,175.2363586
4913,56.72798157,35.70858002,20.71616936,7.750068188,4.137182713,2881.091766,3,6827.105215,17.88516998,5.811606884,2,264.2250977
4914,34.85120392,48.41049957,24.9762249,8.335770607,4.772749901,3093.625286,3,6289.0127,19.42779541,5.494706154,2,323.6156616
4915,67.96892548,30.9650631,18.83874321,10.05937958,5.708528042,1224.850495,3,8580.632423,23.50294304,9.090795517,4,170.5368042
4916,25.20384026,32.34918213,20.54516602,6.859259129,3.890768766,3304.482839,3,32712.00546,13.93867493,5.788525581,4,208.057312
4917,51.27715302,28.35746574,19.17276001,10.07884598,5.43148756,832.856593,3,9036.168603,23.04881477,11.84361172,4,107.4576111
4918,21.83431816,32.52843475,19.55415726,5.615358829,3.421212435,555.3756491,3,9353.002805,10.66443443,5.850527287,4,313.5679016
4919,86.76264954,42.26066208,25.81665421,6.918865681,4.012810707,743.7331061,3,9266.89376,15.73742962,6.984504223,4,308.0189209
4920,66.6957016,34.49868774,22.33153152,7.363888264,4.099581242,1117.978542,3,13407.50064,17.05149651,6.309651852,4,303.1079407
4921,82.53030396,51.45658875,27.42392921,7.320796013,4.385578632,1468.066242,3,13804.43658,9.379336357,4.776286602,4,333.6798096
4922,68.24748993,31.20478439,16.76580238,8.866087914,5.132233143,7519.55684,3,21411.44674,23.99748039,7.694493294,4,182.4465942
4923,31.04465675,19.56134605,8.538658142,5.53201437,2.151656866,6274.505574,3,22500.99637,18.47764969,4.020886421,4,255.4665527
4924,176.2384033,26.8888588,16.01325226,10.98762035,6.68121767,1378.696694,3,16460.65449,28.75583649,10.01242542,4,121.4572449
4925,134.1776886,44.88737106,31.0608139,7.101689339,4.237456322,1742.307676,3,31255.87118,23.01837349,7.453228474,4,49.90008163
4926,34.68539047,32.85225296,21.15811729,5.470782757,2.867924213,2962.693079,3,32349.04821,12.73578072,5.657206059,4,51.88172531
4927,64.30815887,27.73347855,17.55435944,8.211145401,5.034499645,4842.638029,3,31970.86094,18.26134109,7.508929253,4,167.8668976
4928,93.89252472,41.96710587,19.64344978,8.023940086,4.467355251,2377.374136,3,7421.695076,15.02376842,6.426108837,2,84.38498688
4929,52.7872963,34.12118912,23.44266129,9.252410889,6.027712345,5468.631288,3,12200.19966,25.50835609,7.616789818,4,48.69138718
4930,101.5831757,31.2093277,21.93805885,6.708808422,3.745681047,3605.477381,3,25648.65692,17.46343613,6.395567894,4,69.34108734
4931,82.72956848,31.42186165,17.72498512,7.330807686,4.129219055,3687.079793,3,1891.770677,16.94715691,5.923079967,2,192.6525574
4932,169.168808,25.10043335,18.728405,6.629564285,4.204723835,7748.842001,3,9931.483815,17.90283966,6.881574154,4,90
4933,167.5980072,36.14912033,27.65566063,6.83380127,4.134643078,7264.86119,3,10407.46452,17.94607544,6.422402382,4,308.2901611
4934,72.51573944,36.09899139,21.73267746,9.279128075,4.904791355,1434.611406,3,8398.868739,21.67998695,7.411151886,4,60.67952347
4935,140.1190491,22.90589523,14.08481884,6.950033188,4.301062584,3947.04633,3,23129.17986,21.13310623,9.370835304,4,96.63442993
4936,143.6227264,30.11859322,16.03608513,9.862413406,5.702014446,5205.791561,1,14463.75597,29.51951599,8.89078331,4,264.3770142
4937,126.535202,28.23065948,20.43484879,7.257111549,5.10065937,8863.777539,3,9096.535855,19.70567703,7.63078928,4,278.2758789
4938,95.52325439,30.97977066,17.48713303,9.89594841,6.077151775,4532.208797,3,13171.62845,23.30013275,10.67355061,4,222.6140594
4939,106.3064804,37.88269806,21.40543747,8.097249031,5.164029598,4592.4918,3,13070.5402,22.40311623,10.33238125,4,308.6925659
4940,2.737681389,66.84888458,17.41656494,2.81192708,2.221100807,4773.851749,3,5982.525907,3.521274328,2.519445419,2,64.20903015
4941,123.8345261,27.40564728,17.88037491,10.18918514,5.79794693,6329.876045,3,18710.52487,31.46440315,8.177600861,4,187.3313599
4942,140.0157623,35.75276566,27.03046799,8.17568779,5.292266846,102.8038317,3,18275.06697,25.72625542,8.802474022,4,47.48955154
4943,52.24082565,24.48898125,17.32552147,12.53530598,6.616914749,836.2960418,3,12909.86929,30.7437439,9.74666214,4,133.5679016
4944,75.14511108,45.4038353,27.99407959,10.41101646,6.105825424,3.859529454,3,11985.28814,24.33208275,9.322264671,4,324.7017822
4945,51.60589981,21.9414444,17.18492126,6.401582241,3.763006926,3758.309779,3,32904.01722,15.70342159,6.148053646,4,194.8425446
4946,75.24990845,26.61484337,13.86752415,9.399863243,4.872365952,1448.643789,3,4646.664639,21.98597717,9.274804115,2,245.7941132
4947,36.48662186,50.25024414,27.54700089,10.66381836,5.092366219,2687.969721,3,5883.601995,23.6055584,8.368522644,2,326.5346069
4948,48.09973145,36.5814743,24.35347939,9.971021652,5.742087364,1316.434259,3,13201.24796,20.21426201,9.003687859,4,88.29864502
4949,107.9166336,29.89943695,16.11859512,7.629093647,4.384562492,7998.972716,3,10853.35386,21.28342819,6.073811054,4,205.6651917
4950,95.92952728,31.68091583,24.94412613,8.320141792,5.163198948,435.3098993,3,22432.14813,26.1594677,7.740692139,4,51.70983505
4951,68.33152008,14.41028023,6.794181347,7.838226318,5.305320263,5210.489035,3,21709.38004,27.34955025,6.596831799,4,303.9590454
4952,79.5100174,35.39204025,25.57819366,9.874281883,6.106525421,932.8842187,3,12912.21503,28.41820526,8.754444122,4,328.6964722
4953,123.7281265,38.89964294,29.0926075,8.17163372,4.374283314,924.3348744,3,12810.6224,26.7348423,5.928245544,4,30.09750938
4954,55.66091156,37.98469543,18.79287338,10.17458248,5.174921036,2162.608176,3,7638.585511,19.46781921,8.062247276,2,185.1944275
4955,54.06228638,40.64236069,19.37784386,9.735243797,4.838086605,1793.445006,3,8022.486292,17.61727715,6.827024937,2,190.3734436
4956,58.24037933,39.75120926,19.83346558,10.28036976,5.092364311,1961.778362,3,7853.920606,19.26776695,7.277030945,2,87.60829163
4957,175.3353882,24.03094673,14.96884823,7.982629299,5.476037502,6115.962032,3,22351.16057,24.40932083,9.16225338,4,244.204834
4958,65.55825043,32.34957504,24.19625664,6.008255005,3.864865541,7672.311734,3,8215.701892,15.13062477,5.900140762,4,61.69924164
4959,45.47814178,32.42302322,18.22185898,7.3510952,3.846287489,4420.45061,3,2955.894211,16.87108994,6.68159914,2,170.4050598
4960,86.76522064,29.69444084,15.93399525,7.014121056,3.922717094,3503.805968,3,1965.254171,17.376194,6.587160587,2,171.5288544
4961,67.932724,32.84811401,19.38033295,9.490433693,5.36052084,2936.788226,3,6299.077168,20.47595596,7.230338573,2,247.4794312
4962,23.18605804,25.137537,13.51558018,5.18640995,3.194103956,7041.538024,3,21809.39938,14.34370708,2.596627235,4,251.8573608
4963,104.0507889,26.94212151,17.48201942,10.78988457,6.616983891,4121.155717,3,15344.51248,30.49279213,9.301644325,4,165.8465881
4964,53.72823334,30.83332062,19.3608532,10.68006229,5.026653767,6885.668808,3,12267.89319,27.50815201,9.467409134,4,214.7852478
4965,47.64961624,18.35251808,10.32332897,5.930685997,2.912964344,7331.002435,3,10442.24698,19.48217964,4.363352299,4,31.39945602
4966,164.6516266,18.57111168,14.11556911,9.315977097,5.720765591,1041.52343,3,21144.35451,31.24756241,8.258255959,4,199.0691833
4967,101.7015686,30.26890373,18.3218956,9.719791412,5.584462166,483.4918763,3,29088.39097,23.59311676,8.850213051,4,147.0114746
4968,152.8937836,24.99659538,16.87800217,8.797992706,5.605870724,5407.253985,3,20749.45487,21.26455498,7.288963318,4,75.1013031
4969,36.01031113,64.92385864,21.21501541,6.625253677,3.571223259,5021.208004,3,3618.515207,11.68700027,4.873986244,2,46.84761047
4970,69.18344116,32.45782089,19.62678909,8.548825264,5.13328886,1619.651798,3,1800.816564,20.4968853,7.608311176,2,117.4807892
4971,87.26662445,27.4789505,16.78516769,8.722099304,4.877942085,8245.446127,3,20199.20535,24.60558891,7.04057169,4,152.1027222
4972,31.60942268,12.68960571,5.862900734,4.481809616,2.192205906,5938.636666,3,22609.99057,22.77649498,3.59947443,4,248.8059387
4973,84.64086151,26.05662918,17.62746239,7.186552525,4.820380211,7821.123862,3,10017.219,19.66763496,6.946506977,4,75.69206238
4974,124.8782272,31.69302368,23.15342331,9.832231522,5.820404053,1469.571374,1,16643.36659,27.97419739,9.209882736,4,310.1181946
4975,83.38659668,29.8373642,18.39418221,8.861117363,5.016664505,521.2609641,3,17714.16089,25.91719246,7.050688744,4,262.875
4976,57.77042389,39.72040558,25.96494865,6.523694515,3.433413982,1904.502846,3,27674.35175,14.3844595,5.704426289,4,255.5280457
4977,70.58601379,28.660532,16.68411827,6.260567188,3.387912989,1863.715314,3,28294.47889,17.2142067,6.239600182,4,308.5169067
4978,92.19426727,27.275383,18.66029549,6.827408314,4.17727232,1232.427555,3,28493.55106,19.02047157,7.575949192,4,171.1796265
4979,108.3400192,47.49204636,27.17839813,8.958374023,4.780243397,4085.124125,3,21480.24787,18.1752243,7.825620651,4,309.2894287
4980,96.36447906,34.42702484,24.52138901,7.925774097,4.629586697,4472.163736,3,20477.15732,21.07487679,7.844259262,4,299.6661072
4981,144.9711151,31.66032982,17.97832489,9.067106247,5.169298649,3290.799384,3,8017.604129,19.4427433,8.962555885,4,112.6255188
4982,40.46821594,28.91569519,18.70276833,9.096762657,3.908385992,1133.699022,3,4331.171334,18.10013962,9.312724113,4,228.3870087
4983,82.97388458,31.5298233,16.75668144,9.005954742,4.896922588,8040.348807,1,21016.2906,25.51001549,6.998699665,4,224.0077972
4984,63.31371307,34.87904739,18.32388878,6.965684891,3.977283001,6697.108455,3,21987.25646,15.43342495,6.194301605,4,281.5516968
4985,190.9023132,22.48816299,13.58990192,7.638670921,4.677741051,4741.107597,3,23340.54472,27.76697731,7.819290161,4,107.3829498
4986,123.266922,26.02710724,16.02208138,9.507274628,5.53339529,752.3465624,3,20194.28886,26.0205555,9.202825546,4,78.69006348
4987,142.571701,32.35836792,18.29723167,9.520449638,5.553066254,1152.209149,3,22002.65561,22.90689278,8.761236191,4,236.9969025
4988,131.6120758,43.96299362,27.53552437,9.016797066,4.828502655,827.5676173,3,12677.04913,24.3766098,7.175654411,4,297.4998169
4989,58.38846207,29.12364197,19.16524887,5.934354305,3.584157705,5505.159334,3,4047.192758,13.21140575,5.759699345,2,240.5241089
4990,32.05261612,45.8900795,23.98623085,6.756769657,3.690504313,4721.869868,3,3203.354026,14.1078186,5.196028233,2,69.30455017
4991,77.29532623,27.50013351,17.58852768,10.12746048,6.526216984,8549.705647,1,20241.96143,26.03671455,9.811392784,4,302.520813
4992,126.7401581,24.22262383,13.84126759,10.01028633,5.49979353,2460.405721,3,17295.64475,31.83778381,7.173429966,4,214.0661926
4993,44.90171432,46.31864929,27.72645378,13.54125023,7.453669548,5433.916958,3,12256.13395,30.30259132,10.99785423,4,45
4994,148.8391571,32.30240631,19.34376335,14.17623234,9.337683678,653.4123583,3,19298.61927,33.0545311,15.13637257,4,231.0487671
4995,175.6613617,41.98625183,28.2275753,8.895179749,5.218497276,1433.741899,3,21617.47871,25.21957588,7.781030178,4,320.0006409
4996,72.53419495,45.22357559,27.50907135,7.508433342,4.440650463,2741.962073,3,27303.18166,18.35426331,6.608689308,4,53.36205673
4997,75.07820892,56.00843811,24.98696709,6.767434597,3.576909542,5187.213907,3,26664.91115,16.01752853,5.411509991,4,52.12501526
4998,16.2097702,36.68022156,17.87575722,5.263463497,2.220756769,4236.580913,3,2667.403899,9.942531586,5.27708292,2,210.9637451
4999,47.99658966,31.85613632,23.01797485,5.424870491,3.353209257,2954.369506,3,62.59497318,13.32937717,5.96295166,2,273.8140869
5000,68.06757355,32.34613419,19.46960258,6.057248116,3.363431215,2560.945752,3,709.1270336,15.80650234,5.709043026,2,60.59281158
5001,52.67581558,50.41698837,28.81886673,8.381834984,4.787757397,3183.474729,3,6520.137642,17.46906853,6.505840302,2,27.97947311
5002,66.16077423,51.34814072,28.51605034,7.512710571,3.826142788,387.3784854,3,9680.502312,17.46389198,5.384271145,4,39.28940582
5003,64.5365448,34.84323502,17.24566078,5.694684982,3.330940485,2802.871583,3,21769.34056,10.90590286,5.44801569,4,131.6335449
5004,44.24111557,29.73783112,18.91474724,10.88211346,6.30781126,239.0546728,3,20752.00591,22.41819,9.327936172,4,140.0131226
5005,150.2950287,41.12679291,23.25042725,9.921150208,5.385009766,1013.37998,3,21017.50829,26.7227211,8.85317421,4,278.1300964
5006,102.5521851,23.90412712,16.06436539,7.608680725,4.373358727,4544.884892,3,21490.18825,21.47182655,7.447985649,4,93.21035004
5007,117.7231369,48.26040268,26.63856125,9.968977928,4.881425381,7434.760368,1,12054.25968,26.4887886,7.383926392,4,315.6295776
5008,43.95345688,54.70875931,26.41152,8.927562714,4.483115196,7046.53379,1,12204.46321,25.00337601,6.666069984,4,23.06151581
5009,54.14038086,36.89703369,25.31641006,10.26420498,6.493449688,7361.135983,1,11764.9504,27.8319149,6.962711334,4,334.0412292
5010,52.89791107,33.28446198,19.23442841,9.211074829,5.559737206,7606.150509,1,11403.4832,25.1077652,7.456945419,4,246.9384766
5011,88.1363678,31.4342823,17.63745499,9.25403595,5.239471436,5209.14162,3,12480.79755,28.06837845,7.419810772,4,261.8936768
5012,73.08148193,27.33240318,16.89954758,9.473632813,4.939806938,865.3049139,3,30273.0631,21.13107491,7.73021698,4,155.5683594
5013,92.40370178,32.82913971,27.33368683,7.941571712,5.48015976,1321.754216,3,30877.69009,25.11512756,7.27630806,4,316.1573486
5014,50.97602463,33.35595703,24.82890511,11.37919617,5.24363327,690.3111181,1,30241.63982,26.59858513,10.1994915,4,308.65979
5015,62.38387299,31.52651978,19.09160423,9.406573296,6.280321598,6954.935034,3,29763.33614,23.14259338,9.451881409,4,177.5633545
5016,107.8253708,31.73975945,23.06824684,7.505582333,4.845455647,6268.386747,3,30796.6194,19.56677055,8.49027729,4,275.6413879
5017,154.8682098,56.43909836,28.03307915,8.44037056,4.695075989,1329.798519,3,10054.56355,22.47458076,6.645021439,4,32.47119141
5018,55.46319962,41.37850189,15.22814941,8.489057541,4.627266407,7181.593558,1,21574.3131,22.41079712,6.201452255,4,238.2985687
5019,25.13724327,38.4767189,19.68266487,12.04060078,4.565852165,2467.272254,3,16871.00978,23.27181053,7.424497604,4,174.283844
5020,122.9107361,41.89600754,26.86298561,8.732110977,5.148473263,7907.667507,1,11404.75948,25.5599556,8.658802032,4,283.0368652
5021,39.92037201,23.8722744,16.21060181,11.182024,5.96363306,6908.967252,3,7792.942474,23.83301926,7.823717594,4,163.0724792
5022,20.29118156,30.65329361,18.31705475,4.71809864,2.765045881,6199.536863,3,30619.79572,8.909302711,5.14830637,4,168.6900635
5023,32.34527206,60.98160934,24.07396317,6.020423412,3.539525747,6199.988153,3,30731.14947,10.49238014,5.314898491,4,51.48635101
5024,25.43147469,58.3087616,24.87277985,9.999149323,5.399867535,6769.412346,3,29884.82792,16.65969658,7.851177216,4,26.88923645
5025,99.4942627,27.22170448,16.00171661,10.18493366,5.230250835,1275.28122,3,13400.1665,27.4227829,9.886077881,4,142.9696045
5026,128.4093475,32.13674164,24.28872299,8.447083473,5.391597271,1266.851327,3,13204.76323,26.70243073,7.785553932,4,324.9777222
5027,72.72898865,41.74188614,26.69206047,9.919427872,5.688609123,1998.384689,3,5193.991664,22.92375565,9.957350731,2,317.9376221
5028,53.82357025,43.30437851,25.4201622,6.778643608,4.105361938,2557.483638,3,5968.002246,16.37085915,5.748129368,2,74.27761841
5029,71.14344788,27.3482933,19.48362541,9.013394356,5.066349506,1112.144239,3,8918.18808,18.22677612,8.596788406,4,271.0910034
5030,77.40262604,21.5725174,13.98752499,5.787419796,3.391461134,6444.93088,3,7460.346408,16.76749039,5.848155975,4,104.2372818
5031,27.91788483,31.21463394,17.79897118,6.953905582,3.272066355,6710.139126,3,7627.543873,21.13459587,5.694604397,4,93.17983246
5032,24.26091003,58.51256943,25.91671944,7.565732479,3.874673367,6670.700274,3,7552.045316,14.69846725,5.201878548,4,334.242981
5033,78.38683319,40.31941986,27.8659935,5.992509365,3.325848341,6318.849697,3,7099.221483,18.01566124,4.67083168,4,322.125
5034,92.60320282,43.95427322,27.1501255,5.919284344,2.830120564,6169.27853,3,7001.500449,14.81940937,4.554608345,4,58.28252411
5035,53.35261154,31.74459457,24.11959839,9.149652481,6.045481205,1726.189358,3,26408.9219,27.028965,7.415218353,4,61.27344131
5036,77.58168793,29.99630165,17.82130432,9.649657249,5.235169411,2596.633608,3,26775.42934,23.90067863,8.357085228,4,254.4329834
5037,7.591051579,58.48965073,21.08487701,3.787125826,1.804443479,6624.621767,3,30283.09676,5.908716679,3.334253073,4,56.30993271
5038,137.7115479,51.7084198,29.58547401,8.500917435,4.237596989,2355.522392,3,8403.619858,23.39920235,7.402585983,4,46.25625992
5039,17.75743103,37.56937027,27.37333488,10.27792454,5.529737949,899.9559552,3,4097.275953,18.52816963,5.360695839,4,26.22286034
5040,67.05751801,33.65259552,19.45630455,7.173694134,4.281572819,829.8213649,3,11133.15908,16.19637871,6.412772655,4,93.81407166
5041,150.5654297,29.48563576,17.52025986,10.48734951,6.738194466,6846.390413,3,8476.89183,26.52433395,9.215003967,4,264.4527588
5042,40.85427475,41.20954895,22.60378075,14.50447178,6.225234032,5505.444517,3,12198.31774,24.40426826,11.42321396,4,93.76254272
5043,95.15013885,34.38635254,24.0475235,6.803884506,3.808290482,5990.243576,3,30111.26816,16.98057365,6.533123493,4,45.81845474
5044,136.6342926,39.36729431,24.92479324,7.252615929,4.254554272,2906.146053,3,8026.227583,16.44055557,6.535900116,2,74.74488068
5045,170.4669189,38.70662689,29.38490677,11.16838169,6.688429356,2984.134434,1,15822.75254,32.7509346,10.19534016,4,35.82379532
5046,140.2071381,24.49216461,16.97010994,9.795493126,5.903801918,3267.908739,3,16007.94452,29.61375046,8.987812996,4,210.1413879
5047,128.9997406,26.51731682,15.27846718,8.192130089,5.124502659,6488.011223,3,8123.173553,24.55573082,7.837658882,4,196.1134186
5048,94.04060364,28.99885368,17.78173637,11.96995449,7.3422966,541.2556478,3,11017.37686,26.70524406,12.34364891,4,214.168335
5049,76.17436981,40.46205139,24.07230186,11.55500984,6.708398819,599.5650386,3,3796.050481,25.19217491,8.789146423,4,76.96803284
5050,59.63208008,29.38981819,22.44656944,9.010157585,5.078625679,1151.889489,3,4347.964147,21.65779114,8.60546875,2,252.3948059
5051,97.90402222,31.45863533,19.41366386,11.47418308,5.816570759,5680.184354,3,18146.59041,34.81309891,8.035232544,4,210.068573
5052,98.62532806,25.79261017,17.26901054,11.0424099,6.040379047,1061.252159,3,18034.85236,29.44716835,10.11705112,4,197.9738464
5053,87.90689087,31.73876762,19.75439072,9.980634689,6.130173206,5205.643588,3,12444.6873,25.93627167,7.894872665,4,234.1839142
5054,88.51849365,32.11006165,17.94848442,8.318027496,5.10848999,4490.270367,3,13074.97124,21.30216217,7.759255886,4,230.4544067
5055,146.0874023,20.94436836,12.93094158,8.193095207,4.819728851,2272.783495,3,15439.21168,25.53668213,7.327927589,2,148.1906128
5056,131.8397522,30.37999344,15.3956213,15.32526016,8.968223572,399.0199665,3,19389.84974,31.31892204,12.71170998,4,194.0111847
5057,112.3724899,35.26225281,24.11215782,8.932061195,4.308142662,749.1017356,3,25019.3606,25.75921059,6.817141056,4,293.3485718
5058,150.6916351,31.04665565,18.19377136,9.104812622,5.145662785,2283.703791,3,25275.59419,23.45262337,7.902508259,4,91.17852783
5059,55.27128601,31.28133774,19.62813568,5.881543159,3.54634738,3687.331418,3,24081.29241,14.59473991,6.70086813,4,265.3645325
5060,162.5738831,46.62872696,28.42347336,9.1522789,5.196775436,523.5753911,3,12290.22974,24.44384956,7.753565788,4,164.8827057
5061,29.94928932,24.7749424,16.3442688,9.508351326,4.82909584,2831.883334,3,2.820318161,18.16496658,8.475672722,2,160.8663635
5062,97.88320923,26.58718872,18.56820297,9.854168892,5.927894115,7531.528816,1,19478.08489,30.43126678,8.245070457,4,218.7856445
5063,90.15818024,33.90222931,19.37510681,12.71053219,6.93593502,614.3872826,3,18492.1368,29.69785118,9.931442261,4,260.819458
5064,109.428688,42.95408249,26.35469437,11.11834621,6.590063572,2106.028672,1,16953.78595,29.0277977,9.159452438,4,331.8536682
5065,110.1547546,28.08129501,18.67230034,7.194048882,4.225570202,8394.994611,3,10479.84233,22.69415855,5.971012115,4,311.1338501
5066,64.39086151,26.1670475,16.21759605,6.750038147,4.564548492,6182.206244,3,7582.008213,17.62398148,6.942739487,4,206.21138
5067,26.46676636,15.30414867,4.177828789,7.642585754,7.236124039,6138.810026,3,7417.425823,17.06689835,6.220376968,4,270.9740601
5068,139.8761902,30.96297073,17.63746262,6.940367222,3.571569681,5614.572637,3,6932.829125,18.1600647,5.852537155,4,187.2243195
5069,78.03343964,58.09968567,25.88435745,5.735850334,2.97244525,6076.824839,3,6960.60526,13.46259117,4.305708885,4,319.8991089
5070,35.58802414,34.50782394,20.57537651,9.995270729,5.221455574,5707.744419,3,31185.00582,20.1656189,9.318357468,4,129.2392578
5071,123.9848938,29.30383301,16.58855438,7.5154109,4.255633831,4724.864122,3,16602.14696,21.11473083,7.60993576,10,68.19859314
5072,3.92401886,47.06776047,14.83922291,2.939949512,1.078923941,2974.096505,3,66.12557727,4.751768112,2.002557516,2,45
5073,69.54520416,32.1241684,19.95611954,7.840747833,5.085850716,2873.850664,3,648.6245323,17.22294044,8.327579498,2,94.97200775
5074,104.2721786,41.38404846,27.51471519,9.575975418,5.570600986,7952.815692,1,20785.57357,26.85536575,7.611527443,4,292.9887085
5075,142.3503265,33.51944733,25.03922462,7.678864002,4.373245716,6692.579816,3,21716.75845,22.19005775,6.783932686,4,326.2374268
5076,200.4581299,26.62427521,15.27420712,8.249399185,4.501726151,726.9884741,3,19787.80131,22.79226303,7.837255955,4,108.4349518
5077,33.13360214,27.33011055,18.04133034,8.950388908,3.57580328,241.1882262,3,18789.88765,14.56467819,6.828737736,4,86.98721313
5078,109.5675049,33.45452881,18.5566349,9.325605392,5.246687412,7919.127449,3,9569.023238,24.39726067,7.263298512,4,113.7100754
5079,92.37888336,31.03519249,17.34270096,7.431670666,4.247903824,6530.879716,3,11129.99113,18.39058304,6.528228283,4,76.84484863
5080,94.25572205,44.40842056,26.00729561,7.256213665,3.808044434,6349.362015,3,11255.01357,15.39896965,6.708276272,4,104.0362396
5081,44.03224182,35.91368484,22.60955238,8.555742264,4.477112293,79.65495957,3,20721.62858,17.25839615,9.405854225,4,315
5082,131.424057,22.70654297,17.92702293,7.013632774,4.88275671,1087.818583,3,30488.06883,26.94970894,7.679906368,4,274.3987122
5083,45.21175385,55.70769501,24.1742363,6.960443974,3.636405468,3387.354441,3,24388.64586,12.70090771,6.417966366,4,48.98685837
5084,126.7222214,24.71783066,14.07018566,6.194035053,3.769017696,4801.602852,3,16736.27028,22.07048416,6.632430077,10,109.4569702
5085,60.89894104,27.8852005,16.90910721,12.18754864,5.513347626,3593.761527,3,15677.51151,25.9185257,9.577178001,4,194.0362549
5086,31.33418274,30.00790024,18.91716194,6.590498924,3.921337605,4535.912971,3,2931.924518,14.91448498,5.189310551,2,73.21735382
5087,59.02066422,47.08515549,26.50872803,5.587274551,3.27004528,3205.301778,3,1039.855608,13.03957081,4.501630783,2,56.15946198
5088,29.69525146,34.10799408,17.18041992,9.930412292,4.895869732,2136.016371,3,1191.174757,17.56913567,6.286201477,2,158.8003998
5089,65.97053528,33.34780502,19.96040344,10.81959438,7.215559483,1413.687798,3,8531.596781,20.60388374,12.04307556,4,97.06233215
5090,37.45051575,51.64611435,28.04888535,10.22501659,5.463932037,5819.699847,1,18097.56497,24.64936829,6.944397449,4,30.79323578
5091,82.3291626,36.43054962,19.52659798,7.215355396,3.889853001,6149.077841,3,18295.16264,20.44305229,5.602600574,4,296.3330688
5092,40.94510269,58.44219208,23.40603447,14.56902409,7.680468082,6226.108742,1,18457.31909,27.05164337,11.39168167,4,220.5425415
5093,51.70553589,33.86706924,21.86126518,9.96978569,5.498235703,6755.436511,3,18892.16337,27.04786491,8.529983521,4,181.9250793
5094,75.28421783,33.20966339,25.7891407,9.821130753,6.330397129,7283.43304,1,19091.44816,29.34412956,8.576796532,4,37.20792007
5095,107.0998917,23.60730362,11.81268311,6.649380207,3.591485262,3882.594635,3,22914.28878,21.63230896,7.857396603,4,85.22290039
5096,159.4862823,27.61670113,17.88830757,9.701236725,5.708558559,5288.641035,1,13667.2352,27.25102234,8.711403847,4,270.725708
5097,50.31580734,42.08572388,28.27458763,5.902386665,3.484395981,7627.665868,3,10153.99203,18.7011528,4.293729305,4,16.86684036
5098,80.69549561,38.72777176,27.92424583,6.309239864,3.460793495,7559.186381,3,10152.47961,16.86508942,5.502944946,4,36.02737427
5099,43.5044136,36.45461273,27.35406113,9.967939377,5.288106441,5550.714347,3,12094.07555,24.4521389,7.586538792,4,43.17227936
5100,144.5408173,42.06137848,27.83938026,9.905776978,5.641427994,1949.209031,3,23214.10092,25.77096176,8.799899101,4,283.7994995
5101,25.21998787,50.78207016,24.78155899,9.746366501,4.858366489,2353.02773,3,26439.76507,18.65725517,7.217961311,4,54.57422638
5102,98.31372833,31.16493988,21.11190414,8.27907753,5.094445705,6260.085344,3,31350.10647,21.07330322,8.526231766,4,76.60749817
5103,112.4308472,25.67522621,15.75014019,5.409261703,3.520378351,4195.553021,3,16284.92998,17.3712368,6.639714241,4,75.48789215
5104,30.65359688,40.20977783,23.38332558,4.97869873,2.788460493,4618.452382,3,6834.889574,8.758881569,4.292579174,2,82.63141632
5105,42.09666824,53.30194473,24.52355385,5.295260906,3.267923594,2548.401441,3,21367.59479,10.43839359,6.682350159,4,122.6882172
5106,104.4807587,26.074543,17.51391029,10.1278286,5.876615047,1146.072857,3,23482.09371,33.36976242,8.540018082,4,114.3838806
5107,103.7091675,39.1242981,28.83136368,6.716280937,3.642176628,3256.83726,3,32234.36094,18.75589752,6.939519405,4,65.74607849
5108,67.85990906,31.52893257,22.377882,7.369645119,4.065342903,3089.804682,3,25126.20344,17.51930618,6.920005322,4,77.57405853
5109,13.42513943,55.08981323,24.491745,10.58230782,5.460132599,1526.991377,3,13585.30921,18.34207153,9.798536301,4,335.3551025
5110,92.96691895,31.58754158,17.20806313,7.094182968,4.436408043,6264.512149,3,5266.307602,15.35928345,8.818189621,2,208.6104584
5111,78.44078064,28.51929665,19.94591904,6.054485321,3.281765938,2485.972119,3,713.3516048,16.32821655,5.595781803,2,45
5112,192.0913239,34.57343292,22.62604332,7.018111229,4.000707626,4527.693933,3,23293.33963,24.17965889,7.205779552,4,47.24813843
5113,108.2927628,32.02806473,21.60183716,10.01056957,6.638694763,4102.581865,1,15053.09443,32.03068542,9.171080589,4,315
5114,102.2635345,31.91489983,22.42581177,7.790958881,5.157420635,7187.136414,3,12362.46125,28.36589622,7.101944447,4,61.08887482
5115,104.9525833,24.74853134,19.53931808,7.890817165,4.899349213,7652.037956,3,11784.6665,30.42178726,6.268100739,4,69.81419373
5116,85.19667816,21.96690178,14.27279663,5.271512985,3.356939077,6208.937265,3,7218.999818,15.7162981,6.217063427,4,59.35093689
5117,132.3753815,35.09369659,26.24048996,11.23406982,7.215270042,326.9838164,1,20113.33464,32.48227692,11.51628017,4,316.9391174
5118,27.27509308,40.6798172,22.34724236,7.394142151,3.630186558,619.4087607,3,11242.13897,11.90795517,5.618206501,4,303.1573486
5119,105.1304016,39.90675354,28.16490936,10.12915993,5.974181175,5443.063409,1,17758.04324,26.33413315,1.497932673,4,5.599342346
5120,43.97465515,24.5792942,14.5185709,8.658222198,4.199728489,779.4969983,3,19802.50705,14.89792156,6.472171307,4,95.40881348
5121,51.27077103,12.39205647,8.405988693,6.063951015,2.537665606,55.89739964,3,19084.17382,18.10046005,5.286473274,4,95.01311493
5122,111.4700851,27.23143196,17.31668282,11.80797577,7.573306084,184.1614458,3,19839.57112,30.43429947,11.23593998,4,150.2046814
5123,150.2397156,25.27202988,22.68663979,7.736518383,4.68675375,2314.956146,3,23567.75501,28.69741631,8.227696419,4,46.39718246
5124,158.3336334,23.66773796,18.30425262,8.134999275,4.972281933,2226.594485,3,24241.30996,28.5579052,7.553644657,4,267.43396
5125,95.43761444,30.18498802,17.57008553,7.050934315,4.152430058,308.3899887,3,29316.11987,18.90644264,5.961047649,4,290.1600342
5126,37.34241104,28.57658195,17.89372253,4.565508842,2.456822395,4224.248779,3,2530.832432,11.88229561,4.603845596,2,233.3256531
5127,34.92362213,38.62399292,17.29634857,7.787791252,4.495491028,507.9423712,3,10978.54665,16.83521652,7.192579746,4,115.0216522
5128,84.62899017,31.87722397,19.80111313,6.656563282,3.651397943,690.8552087,3,11762.00604,17.48825455,6.382223606,4,274.1151123
5129,115.8613434,19.82050705,11.61762238,7.395274639,4.614744663,742.4706832,3,19656.58039,18.51953125,8.666334152,4,93.30308533
5130,76.18608856,34.7600975,22.78335381,9.555051804,5.038722992,1569.110667,3,22807.70762,25.46879768,8.391152382,4,84.83029175
5131,154.4713287,26.1082077,17.99357796,8.201919556,4.69187212,4941.31332,3,16919.11643,24.13357544,6.85397768,10,52.12501526
5132,94.44522095,29.85070229,14.85227776,10.3685379,5.047967911,2030.731687,3,14202.90378,26.66560555,7.918456078,4,164.3277588
5133,58.92069244,35.760952,19.54128265,8.666383743,5.174860001,8.538598125,3,10402.50686,18.48556328,7.067634583,4,99.56668854
5134,75.41165161,43.85359192,26.70967865,8.225914955,4.656751633,7973.892426,1,11186.47827,21.34033966,6.459851265,4,96.30796814
5135,121.0531769,28.21484566,16.96404648,6.45233345,3.935002327,5406.703792,3,29015.64726,18.7697525,6.623374939,4,230.7105865
5136,89.09513855,63.61029816,23.05588341,9.722003937,6.252109528,2299.998622,3,14424.34739,24.64033508,10.44066334,4,333.4349365
5137,66.28455353,57.36841202,28.08693504,10.68022728,6.089713573,1795.314847,3,13851.68811,25.35892105,9.452617645,4,337.4161377
5138,142.018631,27.61369324,22.11410522,7.29017067,4.63684988,1711.247796,3,13557.12928,24.32103539,6.368408203,4,294.0452881
5139,118.2505112,33.44562149,26.99796295,8.03937912,4.666526794,2037.361306,3,13899.13867,26.25827408,7.35320425,4,36.25624084
5140,84.11158752,38.61621094,20.95123672,8.777533531,4.62970686,400.5515479,3,2796.303531,21.48105812,7.384339809,2,282.4033508
5141,58.3265419,31.56350327,16.99578857,9.405859947,5.070166588,1040.355177,3,2158.576114,20.98433685,6.79820013,2,132.2388611
5142,73.67727661,35.98326111,22.66610718,6.879563808,3.710553646,1401.158895,3,12263.60114,16.44949913,5.252950668,4,300.3791199
5143,61.40559006,33.3468399,19.20910645,8.908099174,5.280711651,447.1409765,3,12372.08694,18.54661942,7.63817215,4,97.69605255
5144,54.75292587,25.4679203,14.66507626,5.787453175,3.254208326,3462.996558,3,22304.77233,13.30805397,6.761603832,4,116.5650482
5145,92.6979599,30.9241581,22.457201,10.58760834,5.770213604,1012.730335,1,17849.13124,24.4498558,8.34553051,4,330.0684814
5146,101.1584473,27.59782219,15.88189697,8.307027817,4.837328911,8487.130622,3,10469.55199,24.05400085,7.865689278,4,251.5650482
5147,33.55270386,40.66919708,27.74813271,7.275614738,4.070608616,3699.955832,3,32820.15296,14.95719337,5.479703426,4,28.30075455
5148,54.57890701,35.74758911,17.83840752,9.314995766,5.483083725,899.056448,3,2298.682874,20.76645851,7.399391651,2,94.89909363
5149,88.52213287,41.93377304,28.94153023,10.88271141,6.183795929,6751.393898,1,18737.23894,31.38699722,8.720211983,4,327.0947571
5150,21.39398384,30.16059494,26.07505608,8.526879311,5.694785595,295.444848,3,18670.10333,18.55204391,6.094742298,4,103.6713104
5151,172.5217743,25.92967415,17.8490963,7.016722202,4.156438828,734.0951975,3,19552.30738,17.79854584,8.376031876,4,80.92591858
5152,12.07016468,31.76973534,18.2045536,2.512230873,1.130369663,5901.952881,3,7378.597103,9.207565308,1.810157537,4,135
5153,129.5339966,33.88328171,25.52480316,7.771327972,4.483132839,2736.472764,3,14622.19488,21.70835686,8.338225365,4,45
5154,45.39624405,26.37353134,17.46569633,5.845581055,2.637176991,4609.203802,3,2951.575993,13.51316071,5.784043789,2,73.6861496
5155,99.59003448,31.16316986,19.61890411,9.447860718,5.636615753,1485.470883,3,20347.86238,20.60983276,8.578307152,4,45
5156,61.42807388,28.8652668,16.26588249,5.976871967,3.517445326,5925.646775,3,7318.305891,16.11940002,4.352853298,4,302.0053711
5157,15.42665195,51.6193161,24.71104813,7.872588634,4.136786938,4192.75679,3,32667.5651,13.05439568,5.694923401,4,33.98517609
5158,133.7811279,28.74156761,23.63528442,7.891119957,4.926938057,3151.024591,3,15079.74045,23.07457542,7.918159485,4,278.9266357
5159,80.46166992,32.81900406,18.6537571,5.822057724,3.254025459,3740.123646,3,1750.186169,15.44641304,5.568992615,2,276.5755615
5160,73.20684052,18.33738708,16.03543472,10.2913456,5.959513664,1800.003988,3,20598.55392,23.98758698,9.131245613,4,111.3378983
5161,74.68871307,29.03346825,15.99246311,7.423220158,4.5204916,5355.601758,3,6791.30293,19.3804493,6.154980659,4,245.5560455
5162,124.3680344,24.86736679,14.05944157,6.547468662,3.7360394,5623.396321,3,6886.59916,19.23715019,6.756594181,4,225
5163,55.77106476,27.84824944,17.62426758,5.630818844,3.201216698,1907.132449,3,27896.33561,14.51006794,4.737854004,4,277.9170532
5164,39.56443024,34.74681854,22.39417648,8.472397804,4.50145483,5065.478511,3,32098.58212,15.56508064,6.452827454,4,120.4988708
5165,37.52299118,37.65513992,27.59360123,6.718321323,3.647669077,5915.821871,3,31069.2722,15.20805073,5.175727844,4,334.0256042
5166,58.42443466,32.36357498,23.16046906,6.319233418,3.786336422,5546.910531,3,31691.15984,15.51461887,5.535500526,4,323.3929138
5167,51.4217453,27.1386261,16.62363434,6.478761196,3.277193546,4756.195245,3,3047.271786,16.63012123,5.173269749,2,84.90591431
5168,60.17820358,34.27527618,17.77397919,6.362886906,3.385183334,3442.327409,3,857.2722448,14.39438343,5.695951939,2,119.8759918
5169,34.72182083,36.29064178,19.90743256,11.50752163,5.526336193,1753.250336,3,8203.705141,24.70952415,9.244120598,4,182.2156677
5170,131.8824005,34.35729218,25.79086876,7.03975153,3.968794107,6468.891569,3,18194.53608,19.05404854,6.945862293,4,313.6980591
5171,132.5939026,28.44659233,16.50590324,7.675359249,4.293780327,6549.484193,3,21435.53003,21.28384399,6.595639229,4,158.7283936
5172,160.7902832,46.94326782,29.1481266,8.787914276,4.86443758,2612.983114,3,25338.78396,21.6139679,7.043485641,4,315
5173,92.64439392,48.65628052,27.73833656,9.546922684,5.086467743,805.0249759,3,30124.32472,21.75418854,7.200089931,4,74.61038208
5174,59.56893539,22.32712173,17.84515381,5.334792614,3.034636974,3093.11519,3,32202.63642,19.54703903,4.809056282,4,57.74528885
5175,40.60083389,58.1757164,23.05760002,11.5921154,6.377414703,2778.195265,3,14950.23847,19.27653694,10.3276577,4,35.59322357
5176,132.5121002,27.34062767,23.30088806,8.560243607,5.607181072,3694.222027,3,15640.72163,24.99864006,8.206088066,4,64.47657776
5177,174.3291779,27.91551208,20.23786163,8.69817543,5.099757671,1634.579386,3,9593.204992,26.38900757,8.878046989,4,254.6498566
5178,97.67354584,28.28395844,17.61818314,5.319503307,3.375359058,6432.661623,3,5343.498401,13.22415733,6.341614723,2,270
5179,58.31919098,31.19401741,18.74111938,5.370833397,3.192942619,5729.730661,3,4858.551459,12.08252716,4.987228394,2,83.15722656
5180,90.300354,42.81092072,26.46629333,6.44597435,3.808918476,2160.28475,3,1038.557797,16.40186691,5.647332191,2,240.2712097
5181,70.48087311,54.44764709,25.02530861,7.941808224,3.775289297,97.561647,3,10451.65385,16.025177,6.266396523,4,48.09405899
5182,123.0019531,29.47075081,16.09835052,9.475175858,5.45075655,8443.340732,1,20143.4494,26.91366577,7.579103947,4,239.1215057
5183,235.6618652,21.50780296,14.68399143,5.995539665,3.848220348,3787.002795,3,22390.95934,21.44075012,9.422912598,4,72.73852539
5184,59.04418182,32.18181992,17.77458572,11.56617069,7.348191261,416.884199,3,18371.02639,23.67115211,11.87175465,4,266.8550415
5185,124.3092499,23.94584084,14.06809044,6.708378315,4.331398964,7453.031921,3,9111.286177,19.09314919,6.609494686,4,227.7759094
5186,101.3212509,30.03879356,17.64562035,8.67698288,5.161821365,6799.19495,3,8457.564563,23.07179451,7.595387936,4,186.4415894
5187,44.75501633,32.9985733,14.31637478,6.589374065,3.58882165,7416.647806,3,7874.673235,15.04218578,5.458818436,4,116.1139145
5188,35.78565979,40.47364807,23.95026016,5.89333868,3.388032436,7645.170959,3,8015.172107,14.31174469,5.304748058,4,276.4197693
5189,149.4165802,23.98829842,13.43814754,8.004203796,4.904114246,2635.923073,3,15086.98239,23.4372406,6.759457111,2,105.8986664
5190,140.8821259,30.90416145,19.82327461,9.429542542,5.427687168,2906.646058,3,25325.26517,23.70412445,8.429187775,4,79.28688049
5191,28.23614693,44.77277756,22.69216156,6.667512417,3.219119072,3214.358283,3,15381.7011,12.80511761,5.32227993,4,42.04778671
5192,63.9470253,33.26651764,22.29427147,7.140996933,4.1612463,135.8498855,3,10761.35976,17.1661911,6.790037632,4,81.37446594
5193,51.64370346,33.50082779,22.31121635,6.420330048,3.936506033,194.3539282,3,12761.66973,16.04061699,5.664186954,4,296.5650635
5194,66.38871765,24.6475811,17.72872162,10.1214056,6.057421207,7851.532439,3,19612.74715,24.08449936,6.707241058,4,165.0517883
5195,64.58198547,47.70895004,29.92016411,7.785900116,4.713092804,8124.321641,1,19622.08056,19.26613235,7.158198833,4,23.0171814
5196,42.44364548,24.67407608,17.21016884,9.462162971,6.963132858,1966.261946,3,20753.37002,23.86898613,8.34606266,4,108.8576202
5197,110.939209,26.41993141,15.45253563,6.300310135,3.712141275,5205.651151,3,6184.672965,17.62987137,5.713531494,4,217.405365
5198,98.19987488,27.570961,14.54872799,6.765413284,4.322141171,8806.795178,3,8940.455223,18.25978851,6.132767677,4,198.4349518
5199,60.70803452,38.73412704,30.7826519,6.939770699,3.767983675,7911.514156,3,9821.876243,17.33752251,5.143030167,4,23.65041351
5200,130.102356,39.4838028,27.72879982,9.268348694,5.242168903,911.0247824,3,20587.91614,26.63586998,7.960804462,4,35.13247299
5201,180.8357544,39.31122208,26.14503098,7.817816734,4.80464983,5437.934128,3,17622.39666,17.79417229,9.425188065,10,45
5202,157.8383789,26.25893784,17.48297691,11.05413342,7.144565105,597.8495057,3,12440.27434,30.83374214,9.583172798,4,91.68468475
5203,75.88827515,31.59655952,17.93120384,6.496910572,4.002046108,3602.666918,3,1905.982715,15.69873619,5.774819851,2,262.6942444
5204,78.50791931,31.17412376,17.83198547,8.72105217,4.894746304,1771.035738,3,4974.957929,20.60574532,7.365773201,2,221.5986023
5205,138.7770844,30.34141922,18.99661636,10.74825573,5.740580082,5784.547613,3,21999.643,27.95086479,9.229446411,4,132.7973938
5206,250.6189728,29.32959557,20.34671402,9.954071045,5.456485271,2609.862936,1,15870.99266,29.79578781,8.922294617,4,263.7680664
5207,53.95750427,27.94136429,22.20957375,6.020285606,3.474498749,5944.342297,3,6887.546368,16.00656509,5.725362778,4,46.36392593
5208,107.6515884,41.24949265,25.99940109,8.402662277,4.485366344,3054.46695,3,25907.82263,19.81064224,7.475832939,4,62.54291916
5209,98.95072174,36.54541779,24.79792404,6.211925507,3.381737471,3976.346208,3,32629.02688,19.17034149,7.984628201,4,43.84001923
5210,88.7614975,22.90596581,12.17340088,5.133583069,2.728072643,4420.784087,3,28190.23414,18.26829338,3.794531345,4,227.7691193
5211,89.20955658,21.47964478,13.03616905,6.074036121,3.290589809,4261.028278,3,27907.22215,17.81285477,5.038957119,4,185.355835
5212,172.4511261,25.64038849,16.09474945,6.963757992,4.447178364,5440.716879,3,17487.32049,17.63060188,7.98546505,10,137.2026062
5213,89.38759613,39.20339203,18.94453812,9.05482769,4.655984879,2539.144093,3,7321.026479,17.72542381,7.310145378,2,132.2721558
5214,75.78961945,38.88147736,27.37820244,5.851902008,3.879074812,319.0120222,3,13165.87652,14.53676605,4.110169888,4,57.0404129
5215,143.4108124,44.19667053,28.23400688,9.519940376,5.818802357,5922.166137,1,17564.27575,23.15318298,9.424258232,4,46.04162598
5216,120.8136444,25.02927589,17.80857658,6.871898174,4.358003616,5412.664241,3,6940.418088,21.05561447,7.273191452,4,92.43774414
5217,126.0781555,29.83197975,19.92535973,8.647508621,4.968292236,5218.230139,3,12329.35535,23.74802971,7.753112316,4,270
5218,83.11534882,29.290411,21.65908432,8.310951233,5.426086903,196.2418809,1,18775.99949,24.25605011,9.921761513,4,37.19450378
5219,50.10396957,48.96056747,28.77671242,7.8431077,4.7556777,4809.392539,3,32233.14858,15.32147884,6.57838726,4,38.23382568
5220,119.1660843,31.00168991,23.94459343,10.14468098,5.388032436,81.10868579,3,11515.21856,26.42133331,9.480427742,4,31.18084335
5221,126.5241776,26.22628784,17.37509155,9.668823242,5.541269302,614.7146551,3,10901.82054,27.8148365,10.5190649,4,276.8427734
5222,94.99475861,28.12658882,18.49089241,11.46490574,6.273800373,66.07947962,3,11365.0859,26.99625206,10.70450497,4,85.87240601
5223,72.03511047,32.54776382,19.77229691,9.715302467,5.628279686,288.4232812,3,10497.29095,21.19810295,8.886499405,4,305.0279541
5224,84.11925507,33.77502823,25.14608383,6.509451389,3.603718519,7724.632452,1,19063.85187,18.19952965,7.601567745,4,289.1556091
5225,204.0323334,23.98165321,14.62668037,6.449284554,3.737983942,1334.024867,3,20007.11468,20.04674149,6.191876411,4,111.9090195
5226,70.09250641,49.76519394,25.74518585,9.935376167,4.657847881,1643.141181,3,22925.86417,22.51419449,6.715658188,4,296.2219849
5227,55.4980545,34.44836426,18.82127571,7.994605541,4.608971119,4851.932284,3,3654.007585,16.42796326,6.53232336,2,111.3294601
5228,78.03648376,29.51330376,19.65202713,6.270505428,3.190285683,1124.867748,3,8911.461382,17.11340141,7.015554905,4,272.9507751
5229,55.00580215,28.15201187,17.93223953,6.59807682,3.736198187,621.9988629,3,13355.00706,14.4990797,4.274355888,4,305.1341858
5230,61.37307739,40.26739502,29.81072426,8.431979179,5.233082771,7902.304346,1,19451.71603,23.39332581,6.656714439,4,318.2954712
5231,95.70545959,17.56735992,12.13572025,5.290638447,3.829435825,5245.689518,3,6478.816415,17.62474823,4.582979202,4,260.5005188
5232,115.3182144,22.93828392,14.33958912,7.139969826,5.266136169,4936.681243,3,6009.522342,18.63098717,8.03401947,4,135
5233,177.6991119,57.34278107,27.63181114,8.810674667,4.937939167,632.7245439,3,18086.97146,30.10565376,7.109478951,4,343.5378113
5234,19.60440445,34.10635757,14.77007484,11.72570896,4.516334534,196.8060226,3,18920.3017,17.48407936,7.165262222,4,52.59464264
5235,83.33017731,28.55250359,18.14185905,8.837583542,5.326274395,45.96948653,1,18696.60717,29.63835335,8.428461075,4,47.41254425
5236,140.7832336,52.09945679,29.34903717,8.404753685,5.121697903,3617.646451,3,32250.06824,22.56248283,9.960378647,4,332.6212769
5237,97.80581665,22.31175995,14.86336708,5.171412945,3.115605593,3730.808477,3,27358.79628,16.09263611,5.664617538,4,192.8042603
5238,44.03477859,32.94309998,17.33543777,7.741408825,3.51195097,4422.442535,3,2544.547503,13.83513641,6.775294781,2,227.2906036
5239,84.6184082,29.60289192,16.74100113,7.593514919,4.49317503,537.0897156,3,9239.194901,17.84963799,7.794761181,4,236.5921783
5240,62.90151215,46.45806503,28.4852314,9.496721268,4.908121586,3542.589747,3,15287.57652,22.5215168,6.774696827,4,46.28733063
5241,125.3562393,26.43238831,15.61687756,7.144021988,4.521950722,6527.320533,3,7111.518691,18.32216072,7.72852087,4,98.71473694
5242,116.3771744,34.2021904,24.80347252,5.866865158,3.344858408,6526.880777,3,7009.193463,15.63222599,6.630375862,4,49.52926636
5243,96.86753082,19.52396011,13.54281807,4.689564228,2.922320843,8729.428592,3,9057.440694,17.91038895,3.937601805,4,277.2243042
5244,29.64029694,37.13349152,26.39772606,8.264659882,3.426030397,8118.36775,3,9613.272298,19.66901016,5.966464996,4,35.94211197
5245,99.5372467,26.60095978,23.57846069,8.255950928,4.907909393,937.7460152,1,17268.89809,26.30781746,7.75942421,4,45
5246,78.21199799,41.88867569,21.54853058,14.09394073,8.768391609,349.2704959,3,19137.88449,26.36070824,13.27401066,4,243.6873474
5247,70.36302948,26.49642181,16.90212631,8.731853485,4.991132259,2663.458623,3,26691.06086,21.127882,6.724149704,4,234.4464417
5248,61.68457794,33.33341217,18.43334579,7.036753178,3.914550781,1650.983924,3,27183.18892,17.55462837,6.32435894,4,242.3933258
5249,32.78770828,38.88720703,17.22515678,9.317101479,4.332527637,1695.260904,3,8332.068476,15.08150673,8.284560204,4,59.50016785
5250,183.5071259,31.54327965,17.55306244,6.77319622,3.965333223,1899.416242,3,20330.97107,15.23287773,7.423195362,4,115.8082275
5251,89.24917603,18.3238163,15.082798,6.359008789,4.029942989,92.84610089,3,18868.22034,18.62687683,6.030843258,4,96.84277344
5252,65.87354279,34.15000916,19.4519062,6.702436447,3.943117142,7637.31706,3,7916.230957,16.84942627,6.42979002,4,260.0439148
5253,148.0631256,28.85759163,18.54496193,8.501174927,5.245824814,527.3913656,3,18115.19823,28.44492722,7.952036858,4,76.23191071
5254,130.1772766,27.60845375,18.37239265,7.768523216,4.615626335,3405.910636,3,32193.70467,22.48871422,8.292613029,4,79.81025696
5255,57.75016785,52.44308853,25.00824356,9.529528618,5.488013744,1087.210422,3,2111.184364,19.18518257,8.228139877,2,25.748909
5256,55.11486435,53.0695076,26.75643158,8.659028053,4.869950294,503.210697,3,11459.85566,17.06997108,6.911930561,4,48.99091339
5257,53.27476501,26.4288063,20.8098526,6.900276661,4.333877087,243.851165,3,11124.54105,17.02800369,6.381022453,4,275.7927856
5258,90.98834991,29.62772942,17.17145157,7.809673309,4.44343853,6556.61115,3,18378.08753,18.91400528,6.72232151,4,283.4486084
5259,9.116148949,38.6899147,15.73944283,5.805578709,2.729551077,3095.295949,3,21794.49263,8.398186684,3.612215519,4,151.8450317
5260,36.07175064,38.9375,22.92861557,8.62866497,4.972187042,5704.063365,3,11879.63043,18.78859901,7.314128399,4,82.04405212
5261,107.7459869,23.75618172,17.62334442,7.616969109,4.904673576,947.7560525,3,17558.06873,23.40320778,7.158682823,4,285.3745422
5262,173.989975,37.81018829,26.98013306,6.991955757,3.974930763,1572.020768,3,16918.13883,19.42608261,7.902236462,4,56.41188049
5263,23.36752701,38.68945694,18.71066856,11.98445892,5.369981766,1690.868296,3,8312.788313,18.70519829,9.058485031,4,114.9284744
5264,108.0703354,41.56087875,29.21683884,6.96460104,4.66195631,6078.334316,1,12664.42148,20.64125824,7.450824261,4,27.01266479
5265,77.462677,25.29965973,14.9836874,5.6242342,3.119473934,4020.123767,3,20235.25984,17.61422157,4.507339001,4,237.847702
5266,87.28775024,46.26780701,23.12846947,10.71129131,6.123095512,2570.611604,3,7360.170954,20.19544029,8.571725845,2,69.19002533
5267,30.7133522,54.00497055,24.99178886,8.288443565,4.539950371,1588.851334,3,8317.49185,14.61975765,7.624760628,4,309.505249
5268,139.6331482,29.45230103,16.75167847,8.162999153,4.52645874,7727.435334,3,20647.01941,25.50762367,6.599013329,4,227.0213623
5269,52.11700439,24.46105194,17.47727394,10.61616421,5.466697693,4750.928219,3,23124.03403,30.65567398,8.55922699,4,19.11972809
5270,141.4696655,37.09571075,27.64055634,9.584194183,5.733037949,4777.606803,1,14047.22859,28.64147186,8.841310501,4,38.9909935
5271,123.3932724,24.79513931,17.46350861,10.84903336,6.707014084,4010.393084,1,14910.74886,33.29791641,8.631357193,4,256.0716553
5272,132.631958,23.33208847,19.67322731,6.651646137,4.092074871,2211.00127,3,31429.51725,23.70993805,7.32766819,4,55.78429794
5273,59.73897171,27.11124039,17.44748306,6.870004654,3.918955564,3735.202255,3,15904.7946,15.28396034,5.881573677,4,91.4005127
5274,107.0124741,35.45230484,25.52718925,11.3887682,6.316442966,3556.688582,3,15696.1027,26.94257355,10.82528591,4,308.1182861
5275,135.2810516,32.08506012,16.84706116,11.28085709,6.003436565,5602.349286,3,22109.50123,30.31715775,8.371146202,4,227.7712708
5276,83.59844208,33.3058815,21.75782967,7.292646408,4.210886478,6725.754958,3,12135.30666,19.04071236,6.700798512,4,270
5277,107.0264435,26.78484726,16.1266613,5.641642094,3.367932081,8761.618088,3,8923.938193,17.21304131,6.049145222,4,234.51828
5278,25.04057312,37.19486237,29.27145958,6.193562508,3.101397276,984.3248031,1,17380.88211,20.18487549,4.230840206,4,340.4124146
5279,137.3006592,29.84612083,21.71589279,8.43161869,4.682038784,2496.204369,3,14342.94986,22.18354988,9.048452377,4,293.4590454
5280,204.4881897,44.86128235,28.31974983,10.36196804,5.6355896,2239.91385,1,16260.97744,25.88237762,8.071567535,4,52.35237885
5281,106.6622543,30.02666855,18.00790024,9.690942764,5.591288567,6164.618209,3,7783.629889,28.26291084,8.307403564,4,261.9683228
5282,41.47224808,26.98511696,18.55130768,6.171416283,3.64546442,7111.238583,3,7462.486471,14.39243507,5.25941515,4,75.96376038
5283,223.7765656,43.08350372,27.64515305,10.12702656,5.607160091,800.6789928,3,18039.78841,34.55522919,8.458422661,4,24.70215607
5284,71.10449219,27.72270775,18.0719223,5.730165005,3.353391409,4078.848301,3,3063.652536,13.86912346,5.630417824,2,274.7922058
5285,109.6317062,33.37407684,19.2246933,6.239340305,3.453209162,2117.928149,3,1079.884901,16.00922585,5.502747536,2,94.08561707
5286,93.49317932,33.77463913,23.09102631,9.172039986,5.399535179,641.3361228,3,3883.776402,23.80487633,7.674263,4,278.252533
5287,150.7842712,27.79701424,16.88949966,10.49002266,6.799569607,5278.533273,3,22415.74999,31.26432228,9.375065804,4,175.2034302
5288,78.12670898,23.32759857,15.59470177,9.985367775,6.220649242,480.2350183,3,18170.73883,22.65054131,9.887919426,4,249.6915588
5289,82.57733154,33.81012344,22.42462921,7.752077579,4.484746933,7255.96194,3,18612.13807,19.21963501,7.880440712,4,60.06848907
5290,211.1181793,24.69243622,14.8194685,7.217418194,4.140442371,1754.552707,3,16674.79659,21.3960247,7.442418575,4,273.809845
5291,50.90509033,50.0223465,27.48873901,8.197348595,4.229558945,8370.866545,3,10688.79597,19.38704872,5.792202473,4,38.54118347
5292,94.26282501,33.31394958,17.23420334,9.530292511,4.939029217,8243.163337,3,9871.733433,23.81793594,7.542290688,4,185.7106018
5293,102.8241501,24.40833473,15.40967846,7.122433186,4.086538792,4046.131771,3,19929.66143,19.2400341,5.975010872,10,191.5601196
5294,84.03741455,34.59324646,19.17671394,10.59723282,5.887372971,48.25487175,3,3243.202482,24.62179184,8.294750214,4,102.5288086
5295,73.87619019,33.2783432,17.88426018,9.683532715,5.653307915,8597.786379,1,10433.25508,24.75255585,7.517649651,4,98.40891266
5296,145.8876801,44.03213501,29.86794472,10.50245094,7.621112347,172.0489049,1,18715.8525,31.24456024,9.724502563,4,29.87929726
5297,42.12368393,16.64869308,6.804308414,4.066273689,1.6823982,4193.587472,3,22722.5934,26.23727036,2.030131578,4,91.73570251
5298,215.7392426,21.36814308,14.28586102,7.840482235,4.909210205,4047.520725,3,22330.17832,31.1162262,7.295039177,4,82.74680328
5299,206.144516,26.19712067,13.99663162,6.811795235,3.793018818,1404.614922,3,19961.49568,18.52436447,6.624028206,4,79.42730713
5300,19.68181801,26.98379326,13.45655346,4.540901661,2.787411928,46.79394194,3,18559.81069,16.4047184,4.803902149,4,110.3231354
5301,75.1541748,25.96922112,12.90726566,8.633166313,4.399646759,6824.687073,3,8479.980569,23.83230972,8.377076149,4,157.0007019
5302,143.0886688,29.56483078,17.85930824,9.672013283,5.824881554,3985.61784,3,13595.18199,25.04633141,8.453720093,4,113.1120453
5303,179.6158905,24.19036674,20.79666138,7.564902306,4.932784081,1522.345187,3,17126.04408,25.71659851,10.4979744,4,321.1792908
5304,153.4693604,30.89488983,19.41684151,12.05580711,7.295602322,657.536321,3,19623.83583,27.3176136,12.09092617,4,234.3418884
5305,110.4225464,25.05996895,15.072752,8.681684494,5.094898224,3104.38482,3,14594.97824,24.29725075,8.415726662,2,213.7420654
5306,45.03326035,35.71564102,19.47329903,8.535589218,4.529569626,1092.347379,3,27784.80788,17.49655724,7.140762329,4,145.7843018
5307,132.3955536,25.22733879,15.43725109,7.962365627,4.967286587,1465.257166,3,30206.73509,22.34575653,7.784393787,4,194.3493347
5308,107.2626419,30.35767365,18.77641296,7.734822273,4.583659649,2378.866279,3,24597.78295,20.41653633,7.740971088,4,79.30097961
5309,56.13738251,41.24263763,19.93815041,10.74888039,6.278810978,2215.498371,3,7710.339733,19.69889832,7.743274689,2,125.8111649
5310,205.7760468,44.58395004,24.52102661,8.147668839,5.104976177,1434.060852,3,19682.19042,18.83528328,9.106647491,4,56.17383957
5311,38.72736359,28.93091965,18.69235992,6.703483582,3.733613253,42.82783162,3,18477.87528,15.26104546,7.517102718,4,71.56504822
5312,119.5615158,30.83794022,17.29734039,9.580309868,5.429841518,3607.028192,3,14041.86678,23.07581329,9.703922272,2,78.69006348
5313,118.3105011,23.38534546,15.54494476,7.237978458,4.018030643,3225.971297,3,23263.92808,21.30640602,6.505345345,4,204.2593536
5314,74.04632568,28.26134491,18.93759155,6.102354527,3.514293671,2047.98588,3,15.43277965,15.92453575,5.528588772,2,255.0162659
5315,84.17489624,36.57909012,19.12944984,10.93282223,6.118322849,3004.989498,3,6942.319139,21.5653553,8.93219471,2,164.1676025
5316,178.4421997,50.1280098,25.77952957,11.81170273,6.071314335,3653.913519,1,14675.17543,28.26538277,8.724379539,4,317.6958313
5317,144.1199799,33.82801437,24.57252502,10.26106739,6.463256359,4439.405683,1,14095.84754,31.5546608,8.683247566,4,260.073761
5318,72.18001556,28.32966423,20.04160881,7.422335625,4.625522137,8627.336044,3,10240.07639,21.37556458,6.339172363,4,205.6078186
5319,105.7960052,32.86521912,18.82107925,8.866014481,5.752356529,2842.714386,3,23676.57774,20.74126434,8.176353455,4,98.50870514
5320,135.6194458,30.02684784,17.11081505,12.69349289,7.057385445,145.8340745,3,11962.01554,29.79771233,10.13027,4,109.2592926
5321,131.3751831,38.01234818,23.8813324,9.456441879,5.71773243,5874.876402,1,7525.035524,27.75534058,8.623292923,4,319.31073
5322,140.3651733,35.3829155,17.69626999,8.342050552,5.447014332,5967.866206,3,7608.219234,25.8503952,8.586295128,4,262.1168823
5323,177.916626,27.37217903,18.0375061,8.106283188,4.289863586,528.6861127,3,18254.02817,32.96561813,5.615560055,4,74.82189178
5324,74.66065216,48.18070221,27.42328072,7.405414581,4.554913044,2782.631453,3,24998.87298,15.02691936,6.60038805,4,266.8583374
5325,30.73774338,31.98765373,16.62208557,8.088685036,4.529058456,1223.312853,3,1973.949604,19.32758713,5.064909458,2,129.8978271
5326,57.87699509,36.74714279,19.58196449,7.436558247,4.179358482,2127.78796,3,5794.871633,17.41841125,6.578439713,2,233.6710358
5327,28.26292419,62.70746231,25.64389801,6.573108673,3.367907763,7791.136494,1,19751.24088,14.36812782,4.209736347,4,342.6130371
5328,147.0981293,28.54477692,16.38007545,10.91327667,6.316663742,5123.126226,3,22436.93608,33.24655533,8.970274925,4,234.2886963
5329,135.95224,25.31907272,14.58202171,8.417248726,5.110778809,735.0349148,3,17638.61663,22.19327927,6.847238541,4,268.4234619
5330,81.99643707,22.13792992,18.03876877,6.354130268,4.423236847,5974.879405,3,12944.55919,24.53494453,6.968241215,4,71.41584778
5331,119.3929214,27.86163902,15.52449703,8.202949524,5.147176743,5281.772656,3,6864.835067,22.7081337,8.160125732,4,138.3664551
5332,105.5379486,44.0549736,28.04981995,9.524095535,5.991096973,4843.942972,3,12703.69508,24.07402229,8.376502037,4,321.7661743
5333,47.62635422,32.32829285,19.82938957,9.918112755,5.353522778,1718.643421,3,5142.09565,23.26753426,8.290168762,2,223.712677
5334,68.68572998,52.72744751,28.23920441,9.303081512,5.945566654,1219.019639,3,4446.696772,23.23760605,8.140698433,2,35.09680939
5335,82.42354584,47.52402115,23.72394943,9.038510323,4.700556755,2846.39015,3,6729.381605,17.60363388,6.942240715,2,61.18920898
5336,137.2160797,30.77880287,18.72726822,7.856559277,4.269688129,4940.106316,3,6545.135881,22.37338066,7.372407436,4,61.47330475
5337,121.3078156,27.8757515,14.86043453,8.474838257,4.287541389,3413.305568,3,22690.02239,20.69966316,6.943677902,4,190.1513824
5338,77.2831955,46.53505707,27.48435211,6.178432941,3.826008558,3900.941562,3,7837.995863,12.75221062,6.702262402,2,72.70225525
5339,34.47137451,61.31082916,23.50452423,9.267670631,4.668961525,1327.634953,3,1869.186072,16.08241463,6.346000671,2,102.9946136
5340,54.76263809,33.75525665,21.90665627,7.297330856,5.09267807,1467.35884,3,1728.776456,15.73746681,6.104868889,2,81.38563538
5341,112.7667694,26.34006882,18.62321663,6.909687519,4.060069561,3793.863467,3,19915.79671,20.52877808,6.703409195,10,282.8477173
5342,64.85229492,32.47238922,19.35359192,8.688518524,4.84005928,412.5399394,3,9810.055263,19.42168617,8.298635483,4,206.8893738
5343,45.60645676,48.49701691,24.73901558,7.172186375,4.315736771,5983.227489,3,11564.93455,14.7446394,6.506977558,4,98.65254211
5344,114.2140961,38.65858078,21.91327477,10.00710583,5.287016869,4163.766822,3,13434.17441,28.60314751,8.479823112,4,46.17179108
5345,69.3476944,32.83307266,24.11367226,8.098589897,4.130120277,1865.224464,3,22986.73534,26.82517624,7.043542385,4,45.67412949
5346,29.82791138,31.49690819,21.60656738,9.742919922,6.209566593,2445.473581,3,26639.12913,19.70171165,10.50839233,4,214.3034973
5347,86.76180267,26.88464928,14.2660408,6.431024551,2.867835045,4588.47443,3,28487.2437,17.10033226,5.523152828,4,174.4208984
5348,40.97133255,30.15027428,18.19064522,6.78186655,3.885578394,4566.760524,3,7535.678873,14.05138206,6.904017448,2,109.5922852
5349,17.64883995,46.08383942,25.29891205,4.437470436,2.142216921,5320.876887,3,6824.339922,8.885518074,3.440052748,2,45
5350,100.5685272,24.13912582,17.07270432,4.357469559,3.286858082,6395.282328,3,5669.915649,12.78184319,7.814501762,2,266.9059448
5351,46.86495209,48.5039711,31.10175705,7.316886425,4.017694473,1453.332856,3,4933.869646,18.52865982,5.584794044,2,20.22486115
5352,76.24168396,25.87350082,16.44632912,7.045228958,4.227236748,5353.431476,3,6179.002867,17.73332024,6.094070911,4,146.7251129
5353,87.93353271,23.55819702,15.13289452,5.819699287,3.292110205,5477.392751,3,6209.240279,19.75463104,5.044738293,4,220.7108459
5354,57.07526016,29.5893631,17.56901932,7.054049015,4.173939228,7711.225748,3,7898.683329,17.08742523,7.586901665,4,206.8008423
5355,89.2493515,41.08439636,26.26374817,8.494856834,4.6699543,5462.07493,3,12088.75174,23.72309113,7.714470863,4,300.6436768
5356,64.28671265,32.19961548,16.82980537,9.033595085,4.442682266,2670.190671,3,1454.006343,21.92455673,7.616246223,2,167.7903442
5357,28.54392624,32.31105804,20.9799614,8.2532444,4.100672245,1714.432862,3,8097.673363,17.62065506,5.913305283,4,319.6721802
5358,143.2795715,25.45709991,17.6000309,9.083080292,5.228466034,436.8745397,3,18715.96879,22.93951416,9.305607796,4,85.86473083
5359,86.01792908,31.17848778,19.69993973,9.522004128,5.347216129,7810.044876,1,9435.075181,25.44452286,7.41444397,4,279.428894
5360,116.6087646,33.7763443,23.42350578,5.708415031,3.482646704,7849.830976,3,7880.128267,15.3614521,5.159515381,4,305.909729
5361,101.3074188,29.2413044,14.18657494,11.57529449,7.091376781,2324.813056,3,15580.36297,26.98326302,8.4161129,4,158.8762207
5362,79.73441315,45.76062393,28.92185402,6.286844254,3.670286655,2450.173227,3,26111.09981,16.41653061,5.405798912,4,322.01651
5363,99.12496185,49.7735672,29.29684067,6.239135742,3.328208208,1540.203731,3,26768.03321,16.22015572,5.826047897,4,29.74488068
5364,42.02462006,40.97502136,26.79847908,7.260543346,3.813216448,4263.322664,3,32818.03664,16.66169167,5.659194946,4,312.3217468
5365,42.72945404,28.1720829,19.97265816,5.941957951,3.09126544,4630.606072,3,32706.83857,15.2818985,5.51150322,4,139.0210724
5366,59.21905518,52.37398911,26.27985382,4.746388912,2.345434427,5323.679299,3,7464.130135,9.46126461,3.581284285,2,264.8055725
5367,104.8055801,46.37613297,28.37282753,7.739641666,4.454612255,947.9713044,3,4516.30685,20.39385223,6.412369251,2,312.0643311
5368,35.86073303,31.9041748,20.44050407,10.33925247,5.826869011,2034.003796,3,7627.78272,21.51166344,7.096242905,2,112.4258575
5369,209.8849792,31.31401634,19.23202515,8.227935791,4.818374157,4616.258424,3,13037.97288,24.56020164,8.485881805,2,62.81888962
5370,178.7233734,27.95299149,15.17561913,9.002458572,5.838209152,4191.859125,3,13452.36508,23.89556694,9.457687378,2,128.4105988
5371,47.24852371,28.30654907,10.74666309,6.925173283,5.493839264,2496.651496,3,15503.4575,25.0845108,4.48700428,4,117.8658752
5372,98.22315216,27.30381012,16.82813263,10.44558334,6.170143127,2982.416805,3,14990.39785,24.80417442,9.336192131,2,127.2566757
5373,51.77935028,28.40554428,16.84130287,7.315288544,3.226921797,3331.263144,3,27002.89542,22.39049911,6.645989895,4,287.3540039
5374,128.2773438,44.07268906,25.42729759,6.544364452,3.635663033,2067.170134,3,817.9411067,16.56308174,6.011647224,2,26.24134827
5375,93.97846222,28.71600723,17.86132622,7.10871315,3.824103355,2110.623862,3,937.6835078,19.76461983,6.551242352,2,79.41836548
5376,64.33984375,37.73897934,25.47562599,8.403429031,4.714584827,1544.65153,3,7975.794366,19.81193161,6.396660805,2,285.4884949
5377,71.52471161,30.63090134,24.45152283,8.536608696,5.015162468,1150.3872,3,8492.876751,21.57957458,8.770918846,4,45.52240753
5378,134.0082397,27.27726173,15.27119732,8.280727386,4.543986797,3453.77606,3,21773.09717,24.18982124,6.748581886,4,168.5716858
5379,91.79758453,35.46253967,17.52693748,8.397271156,4.379075527,7750.135919,3,9403.313884,21.43795776,6.085538387,4,190.2440796
5380,111.1453094,22.30277252,14.11243248,6.86351347,4.08288765,2248.647757,3,26574.69403,27.35436821,6.572237492,4,239.3721619
5381,118.0230331,34.3778801,23.81655121,7.43600893,4.415703773,7619.4155,1,20208.78777,23.28284836,6.735330582,4,313.4621582
5382,29.66099167,21.80190086,14.7249527,5.548948765,3.226435184,6934.292305,3,7219.123716,14.08797455,4.289599895,4,85.86473083
5383,58.79000854,34.45800781,21.92228889,5.012278557,2.55211544,7189.095529,3,7350.211548,12.04817867,4.292834759,4,302.6919861
5384,37.93065262,20.15860367,8.289173126,6.847034454,3.108140945,2465.069029,3,15529.72565,26.84057617,3.588170052,4,110.1756897
5385,60.52449036,26.38930893,16.09949875,7.925584793,4.32378006,1935.6444,3,16419.22939,19.26087379,6.42753458,4,198.7586517
5386,137.9375916,29.15949631,16.75111771,10.19282341,5.631698132,1603.850864,3,20456.21954,27.2967186,7.952839851,4,169.1861267
5387,93.56761932,23.79649353,15.05978107,5.538948536,3.745681286,3155.876569,3,27464.16567,16.19695473,8.532119751,4,211.6075134
5388,105.5111008,21.62891769,12.83295822,7.349644184,4.136833191,3260.124743,3,22640.21206,25.0936203,6.42591238,4,213.0515594
5389,20.98237419,45.77086639,23.5916729,7.822827339,3.252667189,57.51303777,3,11453.53996,14.8255024,5.02529335,4,334.3736572
5390,81.86778259,31.3235569,16.49780273,8.450200081,4.457224846,2408.58135,3,21977.64216,23.3614502,7.113337994,4,165.3432465
5391,77.21089935,30.86582375,18.01308441,7.258545399,4.557910442,792.7873314,3,28503.50397,16.65748405,6.824591637,4,228.3664551
5392,18.45330238,28.98469162,20.43858719,7.459141731,4.066843987,2150.088365,3,30930.30472,15.49637413,7.346434116,4,199.4434814
5393,116.748085,23.28534889,15.22870255,7.522640705,3.926137447,2463.200089,3,26953.83883,21.44019508,6.824716091,4,150.7153473
5394,45.79018402,60.51954269,24.47475624,5.300982475,3.110286951,4868.117459,3,7589.021137,8.758695602,3.966276407,2,288.4349365
5395,57.30422974,32.03681946,19.01463318,10.01126003,5.653458595,2222.607394,3,950.3131633,21.34456062,9.306934357,2,106.3428574
5396,78.59669495,23.70482826,16.46782303,5.307056427,3.593821287,1910.409763,3,598.2106958,16.39907837,5.566027164,2,279.8658142
5397,101.2967987,30.37463188,21.11984253,10.76823616,6.452477932,2166.298686,3,16060.29783,27.21638489,10.27131462,4,235.7843018
5398,81.70148468,43.60202026,24.70840073,8.203437805,4.339125633,2178.488131,3,26194.69363,17.56463623,7.939633369,4,57.61932373
5399,98.23714447,26.51596451,17.14205742,6.10021925,3.746963501,2107.906619,3,30264.2416,18.40439034,4.83172369,4,264.6392822
5400,95.8924942,29.93253517,18.48776436,7.61153841,4.28455162,1918.784084,3,30242.62323,18.98843193,6.017921448,4,198.1130676
5401,112.9964066,20.83941841,16.25709724,5.927686214,3.980182886,4323.440301,3,32589.32197,22.30249977,8.035963058,4,87.39743805
5402,72.93909454,28.13872719,14.11524868,4.86560154,2.591549158,4153.320308,3,19101.05157,12.69090462,4.251191139,10,196.3895416
5403,195.6420746,30.03244781,16.96510696,10.45462418,5.762851715,1082.823664,3,13018.09636,27.03070831,9.761933327,4,151.0908203
5404,89.78656006,27.97151184,18.1023922,4.656789303,3.303140402,6430.833937,3,5892.247728,11.2610445,7.329271793,2,262.6942444
5405,63.14229584,33.35112,26.1061058,6.909399509,3.737464905,7564.702655,1,19410.81147,20.21974754,6.092097759,4,29.82708359
5406,157.1436768,29.94034004,24.3568306,9.01406765,5.26452446,3402.907198,1,14890.51567,31.15715218,7.751147747,4,40.64892197
5407,93.33995056,36.53019714,16.95176888,9.670757294,5.334096432,8394.222294,1,10341.33022,23.30146027,7.151173115,4,176.0051575
5408,90.83528137,27.28601265,12.84209633,4.909874916,2.93206048,5314.939637,3,6607.963479,14.61490059,3.831183672,4,221.8177185
5409,122.4485168,22.31297874,14.69574928,5.943615913,3.66970396,4339.30032,3,5639.250856,18.6142292,5.456571102,4,256.6074829
5410,122.3796692,30.10922623,19.58752441,8.356139183,5.350008965,6353.675089,3,21469.63947,21.29561424,7.607421398,4,255.5475769
5411,37.30282211,30.48472786,13.97374916,7.299273968,3.393578291,6952.586971,2,8606.394946,18.59229851,7.533018589,4,222.990448
5412,36.20230865,38.73133087,20.67821693,8.400211334,4.626809597,543.203307,3,28002.73063,17.9998703,7.557048321,4,59.41277695
5413,79.30648041,44.4771843,29.64979744,6.553124905,3.99151969,4651.714766,3,29480.71954,17.99396324,5.631361008,4,33.95906067
5414,34.92744827,32.35362244,20.2872982,8.443525314,4.875181675,4684.670134,3,29010.24901,15.87136269,7.952185154,4,230.4148254
5415,92.99239349,19.75458717,11.58856106,4.883574486,2.988093138,3952.904551,3,27967.2672,15.61089897,6.326715946,4,204.1455383
5416,96.50957489,30.51226616,15.56918526,8.151843071,4.947279453,7215.370142,3,11388.07289,22.7046814,6.815334797,4,166.7989197
5417,66.52731323,41.48001099,17.27787018,8.236938477,4.141582489,4290.602084,3,5714.715565,15.74224186,6.193824291,4,157.0112915
5418,103.0881042,22.13094902,13.29110527,5.349954605,3.506427526,6236.10018,3,6627.588656,16.94645882,7.132430553,4,99.03144836
5419,132.4713745,29.44205284,16.50394249,11.08013248,6.287206173,2730.450818,3,30869.24922,25.47455025,9.176917076,4,155.7493591
5420,113.6683273,35.85908508,25.27233887,6.985144615,4.24936533,5512.248781,3,32687.06381,18.51782608,8.651073456,4,54.79985046
5421,18.3079586,25.46898079,17.27591324,3.925335646,1.949488878,4283.149596,3,28729.16163,9.513552666,3.097780466,4,213.2585602
5422,24.03687668,25.3235321,14.2253828,4.106730938,2.28227067,4119.513771,3,28552.6293,10.96513939,3.621768475,4,214.5625305
5423,63.37481689,38.24828339,23.57774925,7.262288094,3.971639395,848.1824308,3,2347.51082,16.98926735,5.685051441,2,287.9108276
5424,48.72579956,36.19602203,24.16862297,6.189898968,3.337393522,1899.474691,3,5606.202374,16.60236549,4.094324112,2,310.6012878
5425,132.9600677,32.73611069,21.95511627,7.288193703,4.206842422,1316.658763,3,5255.061919,19.73978806,6.578453541,2,275.3607178
5426,149.6465149,32.55945587,18.46602821,10.70840073,5.954305649,5198.856102,3,21997.803,28.92956734,9.853482246,4,255.1600647
5427,92.92654419,28.53094864,16.25037766,8.918527603,5.472285748,7454.316006,3,11097.44477,26.49394608,7.831635475,4,236.4510498
5428,107.268425,32.15923691,18.59023285,9.295339584,5.694930077,8117.884396,1,10392.59764,27.75099754,7.408470631,4,78.31976318
5429,27.35624313,36.72599792,19.38612175,12.02690125,6.607120037,6932.017748,3,8580.976554,22.58447838,8.372579575,4,120.3432465
5430,102.8903732,29.89274979,18.0007515,9.324666023,5.252194405,7024.891769,1,8659.925513,25.72898293,7.266434669,4,104.0917053
5431,136.4681702,24.03042603,17.94497681,7.860753536,4.856416702,3170.215165,3,15065.7264,25.27022171,7.72080183,2,302.3349304
5432,76.56241608,33.48447037,27.47629166,8.823868752,5.024754047,2545.206297,1,15679.45827,28.14865303,6.725105286,4,43.30500793
5433,77.52140045,26.74233437,15.73756695,6.984720707,3.683930874,3712.610647,3,20765.36166,18.54886627,6.166203022,4,142.9071655
5434,146.3681793,26.42082024,16.06348419,8.749155998,5.207521439,2874.493165,3,21818.4025,23.37795448,7.7791996,4,106.6010513
5435,92.06318665,26.58406258,17.13500595,8.717948914,5.188768387,2771.287879,3,9704.75957,22.55684471,8.686707497,4,94.62039185
5436,70.35649109,37.62675476,26.86249352,6.615557671,3.389822245,3542.065158,3,9070.136526,17.68476105,5.779726028,4,319.6106567
5437,127.8174438,26.1945343,19.43931198,6.094946861,3.759087086,1019.090805,3,12946.18556,16.47594261,6.506747246,4,217.565094
5438,106.4051361,32.3535881,17.1457901,8.671924591,5.503574848,2723.153589,3,20723.83101,17.41068268,9.723454475,4,180
5439,134.8718719,25.59547043,16.01545525,9.487526894,6.098948956,992.5232895,3,19840.65508,27.3122406,7.816504002,4,229.6174011
5440,84.44228363,38.0606041,23.90434647,7.122913837,3.778954744,4433.119492,3,20989.85238,16.62513351,5.166501999,4,60.36349869
5441,114.1029587,30.87501717,16.5080204,9.334005356,5.334078789,6464.622931,3,20997.00327,28.07636833,6.94597435,4,120.777977
5442,102.5658035,27.23640633,17.95228195,11.06922531,7.005240917,53.85951228,1,18938.36662,31.4886055,10.38078213,4,55.12467194
5443,39.66543579,43.06805801,22.43733597,17.27552986,9.429841042,363.8218989,3,19222.71385,26.53239632,14.6191988,4,240.2116852
5444,36.5448494,45.01292419,23.60908508,8.057386398,3.74527812,969.3925032,3,27571.8058,15.35489368,6.161684513,4,47.08256531
5445,84.32139587,27.82778549,21.11421013,6.290549278,3.83121419,5732.992297,3,32248.54109,16.3487072,5.966368198,4,274.0095825
5446,24.32907867,37.37322998,21.73476601,4.649544239,2.375147581,5673.582673,3,6832.416588,8.06888485,3.484745741,2,60.52410889
5447,117.5688019,35.68196487,26.29763794,7.148914814,3.992454767,1465.555098,3,12337.48009,16.91125488,7.009171486,4,81.39803314
5448,210.651123,27.93240356,16.2486496,9.257514954,5.395812511,5717.402681,3,16853.25988,28.46261787,7.880324841,4,228.2892456
5449,133.4942932,30.03388214,20.4514904,7.27243042,4.131388664,6514.801305,1,17939.90645,20.18859291,7.538922787,4,308.1909485
5450,129.2282562,26.73856163,17.97122192,6.004268646,3.724496365,5910.590999,3,6266.586308,17.64629936,7.376031876,4,56.92932129
5451,35.74385071,29.27436447,22.88702202,5.205030918,3.438969612,6916.614662,3,7071.117613,13.44675255,5.190858841,4,268.958374
5452,60.74700165,33.29217148,18.42153168,7.615489006,4.495218277,942.1409792,3,29191.07384,16.56988144,5.856298447,4,192.4259338
5453,83.15306091,37.99528885,27.15166855,6.683581352,3.684221029,5152.040358,3,32808.71811,17.83667755,7.826004028,4,60.33328247
5454,82.49493408,47.64692307,28.64213943,7.269899368,3.9932096,5069.411084,3,30070.29832,17.23175621,5.396126747,4,311.423645
5455,28.99915504,37.06243515,21.68071556,10.10252857,5.380865097,436.0930513,3,11737.32158,18.9179554,7.676533222,4,259.5085449
5456,189.463974,39.2816391,25.14717102,9.08831501,5.121900558,1732.91626,1,10804.40996,25.50941849,7.355256557,4,323.647644
5457,168.1993103,29.64858246,17.59282303,9.261819839,5.417722225,1604.981497,3,10527.44467,27.35076904,7.960626602,4,241.8050232
5458,75.67435455,32.73714066,24.06293869,8.072069168,4.908982277,916.2355224,3,4386.606325,23.0526123,7.819023609,4,59.88457489
5459,16.53843689,73.55464172,12.41278076,8.917529106,3.837607384,17.8894972,3,11497.42373,13.91026497,5.469631195,4,41.18592453
5460,73.65537262,39.99621964,24.52069092,8.040567398,4.748396873,743.0322148,3,11812.90883,19.25230789,7.678497314,4,68.74949646
5461,171.7488098,44.95817184,27.99581909,11.26777172,6.598534584,5341.686267,1,16084.14453,31.64768982,9.084650993,4,333.711731
5462,89.53498077,33.51348114,16.77607346,9.000188828,4.539874554,7294.143149,3,20513.55251,24.76040649,7.174577713,4,184.9271088
5463,186.7407837,26.60565376,16.39815712,10.52662659,6.562412739,743.7144462,3,18133.48643,32.01264191,8.970848083,4,100.2348022
5464,85.12805939,27.68836784,17.38809013,6.76432848,4.020121098,2703.918928,3,22226.10765,21.84313202,6.102488995,4,272.1362915
5465,111.7756119,32.91088867,21.15980339,9.811249733,5.570384026,2862.502754,3,22412.46662,24.96128654,8.613745689,4,79.50852203
5466,51.87124634,32.65859985,25.81012535,5.477688789,3.339344978,4832.559056,3,32818.06852,14.30669498,4.185626507,4,23.40468597
5467,110.0665741,22.88902664,12.92274666,5.787611485,2.986007929,4825.018667,3,16997.95231,15.62251663,4.836431503,10,84.89622498
5468,61.19813538,37.29339218,24.75752831,9.340890884,4.876140594,4151.483506,3,16266.34188,23.2569046,9.279438972,10,307.3464355
5469,77.64090729,39.30845261,24.33952904,8.268434525,4.397582054,3353.446986,3,9387.791679,20.04024315,7.152600765,4,38.54335785
5470,137.5598907,44.50730133,28.35847282,6.344117165,3.701430559,1855.770878,3,807.46752,17.16803551,5.992042542,2,41.63354111
5471,125.0243759,33.40950775,20.33691216,9.700698853,5.644776821,1604.420909,3,20473.14911,28.45856857,8.276960373,4,284.0362549
5472,132.9759979,25.73478889,15.98568439,9.352385521,5.214079857,3456.134016,3,23005.78,25.92617607,7.62484026,4,217.9620667
5473,109.9164429,23.10686874,16.20037079,8.102772713,4.447699547,3050.617986,3,31223.89858,25.88401794,6.977472782,4,211.954361
5474,76.73588562,32.84204865,19.19840622,7.907618523,5.005858421,440.9522163,3,10782.55549,18.42766571,8.280225754,4,223.3153229
5475,64.4808197,26.61025429,19.60007095,7.758923531,4.374084949,96.62135079,3,18955.53776,23.82130241,11.02976799,4,59.18429565
5476,79.54436493,36.2485199,19.3614254,11.66449451,6.408264637,2722.07871,3,6647.63041,21.1795826,9.096916199,2,142.8203735
5477,117.270401,18.92461395,11.92936993,6.755862713,3.80763793,4327.282838,3,22356.55205,25.45396423,7.338613987,4,141.4610596
5478,122.8200226,34.75138855,20.73138046,11.19130611,5.947161198,6282.908918,1,7941.011918,28.35099411,8.727718353,4,312.6784668
5479,50.97735214,25.99975777,16.23614311,10.05950928,5.22132349,4586.825041,3,6038.287673,24.6361084,6.719424725,4,243.4349518
5480,113.5779114,45.78361511,27.8497963,10.03271961,6.350357533,600.333134,3,18255.3104,29.27920914,9.499569893,4,69.67907715
5481,69.4422226,30.92635918,22.55359459,11.7796917,7.744333267,365.6730136,3,19213.64838,27.66963577,11.11272049,4,236.4091644
5482,17.79392433,18.47949791,6.635799885,3.024894953,1.200362444,3446.205442,3,27616.94828,9.521479607,2.13520813,4,210.9637451
5483,77.83979797,31.65894508,21.36315346,6.813509941,4.136034489,98.98725515,3,8919.931705,15.83787441,7.994226933,4,273.4682312
5484,13.41160297,73.54450989,15.4065218,5.155443668,3.298325539,7142.105299,3,18593.86913,6.865572929,3.450831175,4,322.9355774
5485,64.42810059,30.99985123,24.14232826,5.818299294,3.095738888,6383.702765,1,12398.24528,18.5634079,5.077830315,4,41.42366409
5486,129.3781281,30.94732857,18.50950432,10.6730814,6.187140942,6273.231912,1,7920.670502,28.15472412,8.738511086,4,259.5085449
5487,154.1249695,26.05861473,15.40097809,8.74407196,4.923240662,5320.487784,3,6978.881909,25.24100494,7.166247368,4,197.15242
5488,66.01387787,30.31105804,18.73008728,6.723281384,4.069038391,352.253745,3,28333.55912,17.79395294,6.657980442,4,265.1560059
5489,138.7832031,26.84281158,14.64701748,8.709377289,4.671732903,1761.499009,3,26043.44512,24.13598251,7.410707951,4,191.3099365
5490,145.9597015,26.49958801,15.13586807,7.2476964,4.314382076,2872.993644,3,20675.24104,22.38025475,6.730774879,4,240.6422424
5491,161.9728546,17.81456375,12.57903194,4.243879795,2.300817728,5110.625597,3,17283.56921,19.49186134,6.025511265,10,76.46691895
5492,75.74228668,23.1314621,12.87921715,5.410957813,3.379193068,6759.968407,3,5795.707383,12.57516766,6.103399277,2,248.4740448
5493,65.77932739,52.935215,28.05842972,5.672097206,3.162380934,3633.167548,3,2375.309238,11.99672413,5.142210484,2,312.3920593
5494,94.86265564,48.15247345,25.98134613,8.807570457,4.682445049,2584.140212,3,6522.278054,18.94319916,6.746237278,2,42.42631531
5495,28.69295502,35.57304382,23.67994308,11.1487875,4.713124752,1880.753457,3,7557.546894,22.16607666,8.392548561,2,288.328064
5496,235.3246155,27.52233696,19.44481659,7.274064541,4.168818474,1871.331732,1,16291.62821,21.08209038,8.774651527,4,316.736084
5497,95.61620331,28.72107697,16.30049133,7.8031497,4.270534039,5300.471742,3,5910.319354,22.84620476,6.780882359,4,248.4286957
5498,73.83988953,33.76560211,24.68549538,6.652924061,3.982287645,5690.578505,3,11857.19676,20.41701508,7.568009377,4,277.6506348
5499,74.40892792,35.67345428,20.50592995,9.223436356,5.941310406,394.3168655,3,27703.51448,20.19280434,9.174586296,4,87.60404968
5500,15.01753807,27.60763359,14.13149643,3.846389055,1.799437165,3687.102515,3,28351.03009,7.911079884,3.944219351,4,213.6900635
5501,130.4395905,22.33096886,13.51296139,7.007616997,3.698638439,3135.190256,3,22456.24308,25.46260071,6.608259678,4,239.6181335
5502,80.08944702,27.80424881,14.96483994,5.524983406,3.350245476,4146.294814,3,18975.58557,14.83514881,4.711334229,10,172.2693939
5503,109.3399582,32.0306778,18.78151321,8.411533356,5.250053406,3885.429608,3,9013.071652,17.89316177,8.266135216,4,87.87890625
5504,118.6769562,51.94086075,27.61574745,6.408022404,3.374980688,3978.474473,3,8857.429981,14.42799187,5.160806179,4,57.21811676
5505,91.07223511,49.44311905,25.46094513,5.556281567,3.315410852,4408.295605,3,8351.824039,10.22670746,4.348070145,4,272.6759949
5506,58.8481636,31.83324051,20.83812714,6.077961445,3.134267569,2430.461321,3,1670.810666,14.19651127,5.763460636,2,51.89647675
5507,38.80351257,27.66694641,13.13077641,8.683115959,4.850188732,5596.743492,3,12746.27563,20.62948608,6.254472733,4,240.9453888
5508,117.5988464,25.66851234,15.4628067,5.50364399,3.32811904,7120.954822,3,10434.52082,15.11484146,5.711386204,4,111.2179718
5509,84.3214798,28.04170609,14.85735035,7.461604595,4.064012051,2077.694177,3,16385.41843,19.46557045,5.527957439,4,285.4138184
5510,22.00562477,51.77820587,25.22890282,8.532183647,3.108475685,1689.683743,3,16803.69223,13.83061504,7.165415764,4,304.455719
5511,154.552887,19.48809624,11.83518791,7.164616108,4.003760815,1273.366615,3,17360.13465,23.81095314,9.196484566,4,324.7162476
5512,81.85233307,15.72768974,12.81667042,5.449705601,3.451980591,3974.706047,3,32338.42721,27.23651314,6.305291176,4,34.69515228
5513,44.50842667,57.53371048,28.70785713,8.416261673,5.19624424,4267.569367,3,29032.23175,19.92241287,6.127898216,4,21.15500641
5514,11.69773865,36.06676865,24.66868019,4.710088253,2.527624846,3959.390451,3,28600.21508,7.477593422,3.322207689,4,217.6942444
5515,128.7694244,31.88224411,25.73514175,7.161433697,4.128629208,863.4704613,3,4765.11066,22.77588654,7.085206985,2,39.8718071
5516,95.8525238,35.7972641,24.50458145,8.997708321,5.315136909,6835.484531,3,18573.02821,23.24132347,8.498842239,4,286.9979858
5517,146.1030426,37.65209579,25.77141571,7.843654156,4.695372581,4231.444403,3,22107.83505,20.67556953,10.11160946,4,58.58987808
5518,150.3413849,25.22859383,14.67180061,8.180407524,4.380402088,1019.40252,3,19097.83136,19.42245483,7.448508739,4,108.0041656
5519,133.1704102,22.24061012,18.86353874,8.305350304,5.587025166,4700.524569,3,31874.64596,26.80417442,8.255827904,4,236.8931274
5520,31.69503975,24.96756554,20.46867943,7.319496155,3.591513395,4069.94296,3,28861.32196,20.03208733,5.552611828,4,24.30455017
5521,79.30619812,22.71657372,12.25738335,6.041932583,3.459327221,3939.845691,3,19366.34352,16.71311188,5.281094074,10,113.9288177
5522,19.25519371,37.90317154,19.76874352,4.638086319,2.27199769,4368.551997,3,16509.387,15.06116295,3.572697401,10,86.16540527
5523,122.2520294,45.19154358,27.41923523,7.425163746,3.81617713,2083.389858,3,1058.816721,16.98479652,6.334354877,2,310.9143677
5524,83.67893982,22.48274994,20.13088226,13.60634708,7.777211189,221.4940893,3,18320.50932,29.25031281,12.20644379,4,106.3768311
5525,159.1668243,28.47896194,16.87570953,7.660814285,4.487257481,928.0776061,3,17263.90701,23.52103806,6.213386536,4,263.0656738
5526,89.77515411,27.11539459,20.87616348,8.346921921,4.916338444,274.3764087,3,17696.78868,21.28597641,8.331177711,4,283.2337646
5527,74.57366943,30.58384132,17.25738525,6.761275768,3.71237278,6009.373199,3,11549.06904,17.30983353,8.224300385,4,227.8624115
5528,109.0696335,18.44228935,12.71784687,5.21092701,3.350177526,4896.053884,3,17061.20113,15.98371506,4.706473351,10,93.12213135
5529,60.98820496,53.16735077,30.22059631,10.43136597,5.627981186,4619.558901,3,16728.13378,23.22471046,8.159900665,10,340.3013916
5530,92.57472992,39.76420593,24.47182083,7.652498722,4.006624699,1467.845057,3,1726.17216,16.68831635,6.317016602,2,258.2126465
5531,248.0301971,30.24694443,20.06399155,9.65557766,5.859648705,1265.946651,1,16692.58787,28.42019081,9.846230507,4,301.8587646
5532,7.881522655,21.37724876,10.50217628,2.353372097,1.481247067,3485.086891,3,28004.22541,7.435034752,1.75438118,4,219.8055725
5533,71.21292114,33.56051636,18.74543762,8.036064148,4.477417946,7078.294943,3,20209.4544,23.28469276,6.288475513,4,107.0028534
5534,117.4096298,26.46744728,17.56152153,7.99601984,4.343623161,1133.19519,3,19112.63504,19.36591721,7.987237453,4,86.12874603
5535,94.7253952,32.65750885,20.29606628,7.325185299,4.013051033,5027.642584,3,12898.06426,20.59359741,6.819543839,4,285.0684814
5536,99.08786011,26.08311081,14.30367756,8.355112076,4.646249294,6396.446014,3,11921.49695,22.50156021,7.471940041,4,138.0127869
5537,37.20890427,31.29704094,20.17173576,7.360724449,3.80197072,4482.079453,3,5979.703484,17.79613113,5.801967144,4,87.27368927
5538,109.4107666,26.81965637,19.56505203,10.6242075,6.437867641,71.36640506,1,18779.06587,28.29249954,10.26478291,4,60.64224625
5539,80.41901398,45.96300507,25.0718956,11.78613186,6.266610146,765.3535497,3,19612.54167,25.99416924,9.010190964,4,307.3331909
5540,124.0024109,22.06962013,14.34539127,7.597959042,4.558013439,1556.451396,3,25726.85916,20.11549187,6.536636829,4,175.7806244
5541,112.9249344,29.26283264,16.64107323,9.262364388,4.949535847,2758.332284,3,21477.74506,23.57902527,8.331068039,4,214.0387726
5542,124.2559586,17.06222916,10.33645344,4.602136612,2.667241812,4959.699213,3,17726.24192,18.58249474,3.946568727,10,95.06361389
5543,91.2609787,26.41884804,19.29068375,8.566622734,5.649581432,628.3908166,3,8388.229586,22.132967,9.861104965,4,79.94566345
5544,60.06833649,48.35658264,28.79099083,7.210253239,3.806859732,7184.073376,3,19386.46846,21.31341362,6.881299973,4,315
5545,137.469101,30.87834358,17.18241692,8.173569679,4.90707922,6419.854994,3,19137.6353,23.32044029,6.87848711,4,122.6045914
5546,52.23031998,28.90654755,19.63623428,9.130521774,5.177412987,3476.073542,3,14445.95,23.66684341,8.250496864,2,192.7683411
5547,62.93009567,22.37018776,19.79636192,6.188808918,3.439103127,2481.03643,3,15970.10992,18.59904671,4.999549389,4,262.5686035
5548,135.8033752,22.522192,17.26800346,9.286684036,6.20437336,3864.835821,3,23732.56874,28.55980492,8.443682671,4,91.66028595
5549,158.1375885,43.20448685,29.76360703,7.62019825,4.468824387,3216.445573,3,25313.61036,20.40893173,6.571822166,4,324.6197205
5550,218.5426636,28.89330864,17.33162689,7.360568047,4.504490852,2504.682519,3,20327.54086,18.07773209,7.085539818,4,117.0720825
5551,74.50018311,36.78582001,27.3735466,7.171456337,3.943626404,4366.726917,3,16690.2977,20.61203384,5.992539406,10,42.79740143
5552,81.3514328,29.30512428,18.52522087,5.327849388,3.575224161,6638.798821,3,5803.743086,12.93614483,5.886433125,2,275.0131226
5553,66.75453186,26.54129982,19.80574989,8.854434013,5.082255363,1795.443338,3,1390.923678,21.77106094,9.399535179,2,103.3318939
5554,87.19219208,25.22525215,16.33074188,6.670530796,4.21060276,1511.569208,3,839.3404601,19.14294815,5.974058151,2,278.1300964
5555,33.86672211,33.73208618,23.00177574,7.757462978,3.697003126,2084.215943,3,7373.987328,17.72689247,7.254813671,2,101.5921783
5556,109.0883484,21.01932335,11.833004,6.988539696,3.775667191,1730.165541,3,19570.15504,20.00896263,6.232607365,4,150.8025208
5557,92.6372757,31.05231094,17.2634716,9.579913139,5.119915009,7630.38516,1,9233.287261,25.45825958,6.98826313,4,255.7354889
5558,124.5933685,28.36925697,16.16714287,6.480786324,4.061312675,7614.738216,3,7561.343304,16.74848938,6.433479786,4,236.3099365
5559,93.98061371,27.08453369,17.39097023,8.413243294,4.330287933,5920.045099,3,11654.80146,25.63348389,10.27235413,4,253.4151154
5560,113.3394699,33.45236206,17.52927589,7.680210114,4.552217484,6445.456959,3,11193.77468,18.68662071,7.245795727,4,232.3860474
5561,86.64434052,27.74911308,22.56937408,7.680976391,4.643385887,4484.765028,3,32492.40796,23.42689514,7.374162197,4,60.15406799
5562,50.54214096,39.54035568,26.01799202,7.038183212,3.939907074,3435.951598,3,28501.5751,13.24398232,6.790912628,4,320.8560181
5563,99.87953186,28.80220222,17.56124306,9.878686905,6.103105068,2656.324113,3,21270.58308,24.49280167,8.18137455,4,110.3764343
5564,157.0908661,28.20754242,16.59745407,10.07650948,4.963588715,1388.864713,3,11180.47115,26.59860611,8.295906067,4,258.8637085
5565,79.98869324,25.99600029,16.2314167,5.418201447,3.051375151,3196.584633,3,2813.858227,13.83801174,4.945097923,2,252.1811066
5566,110.2700882,30.81792831,17.80111694,7.661913395,4.508512497,1250.036893,3,1968.448077,19.76202011,6.996798038,2,96.12124634
5567,105.4356995,23.56901932,14.81207466,6.979932785,4.40288496,2081.043876,3,19782.21776,17.81106567,7.943620205,4,154.2048492
5568,50.18877029,34.35451889,17.75069809,11.6754837,5.588257313,8129.152464,1,9712.221582,24.7355442,9.243313789,4,124.4680328
5569,119.6595764,25.83558846,15.83631134,7.722394466,4.746616364,4421.221169,3,6015.144668,21.7345829,7.978994846,4,96.4432373
5570,168.900116,25.19582176,15.69965553,8.828425407,4.893462181,5217.460071,3,12535.32225,24.86646652,7.881480694,4,171.1273499
5571,80.09340668,19.52740479,12.46444607,5.558685303,3.353734732,4234.967767,3,18789.62522,19.0310173,5.182982922,4,232.0088806
5572,76.72105408,28.56266212,21.59366608,8.633921623,5.180204868,4301.97144,3,16331.25329,24.70451164,7.510990143,10,281.1452942
5573,154.0438232,43.76778793,25.47147369,8.0756464,4.598275185,1270.669863,3,11398.4584,19.69601059,6.843049526,4,317.4916382
5574,86.68380737,33.76438904,23.09449005,5.774185658,3.031456947,1864.04511,3,241.9766966,14.94472504,4.288796902,2,326.1754456
5575,69.23539734,30.04302788,21.61530685,6.916900158,3.593908072,6786.526737,3,18153.29235,19.5236721,6.860184193,4,38.53216553
5576,83.3988266,30.67133904,16.94501305,8.898134232,4.974088669,4355.118781,3,13622.71092,25.58890915,8.275030136,4,164.7954102
5577,34.93266678,39.30518341,22.77169991,12.82865429,6.4550457,4046.015829,3,5508.758839,20.87055397,9.076071739,4,242.9755096
5578,80.04691315,32.84137344,22.75255775,7.198071003,4.149137974,5392.02147,3,30310.20844,19.05135536,6.636676788,4,72.51200104
5579,5.49691391,46.76078415,12.45550156,8.179517746,4.020856857,3552.065353,3,28362.14302,7.35710001,3.369690895,4,319.3987122
5580,66.29781342,33.02051926,21.4457798,3.878135204,2.312535763,5270.333281,3,7441.970576,9.204575539,3.813059568,2,48.4713974
5581,42.96906662,34.29166031,18.41547966,3.496421814,1.740411282,5633.756876,3,7038.382869,6.711947918,2.70199132,2,62.81888962
5582,40.67589569,31.77305412,23.56586456,11.47164059,7.124191761,77.46190967,3,3252.651386,22.98156357,11.35579872,4,281.1319885
5583,124.861618,38.95887756,24.38957596,7.637382507,3.963479519,130.4367324,3,3721.734276,21.00580406,6.707998753,4,322.2369385
5584,93.6210022,26.36082649,14.47476768,7.598631382,4.383176327,397.4182544,3,3913.349986,24.2649231,6.350002766,4,280.0079956
5585,42.74382019,21.64486313,10.53616238,5.82721138,2.583218813,4272.626959,3,5801.290201,15.60623837,3.78161788,4,57.80426788
5586,112.441597,28.9657135,20.20717812,7.070006847,4.339978695,3971.386584,3,5512.51433,22.21274567,6.213391781,4,71.24134827
5587,54.09390259,27.96436691,13.34872913,6.895369053,3.584950447,1171.195918,3,29260.01708,18.94252396,5.014045238,4,212.9885254
5588,131.3070068,24.39006615,16.80766487,7.64312458,4.732182026,3730.751734,3,18786.93487,22.66383553,7.523364067,4,96.121315
5589,55.96369934,32.2146759,19.82352448,4.76273632,2.865299225,5356.153724,3,7387.348928,9.061094284,3.710690737,2,79.38034058
5590,70.02987671,36.2036171,19.02208328,8.805911064,4.786409378,237.9229642,3,2988.75313,20.59043121,8.117791176,2,77.28971863
5591,119.3278275,36.43967819,20.74977684,11.13138103,6.260804176,2324.908266,3,6248.39475,21.58211136,9.627932549,2,124.6951523
5592,110.8128128,26.16046715,17.17785835,9.540596962,5.832038879,6151.704833,3,21266.85746,30.49601936,7.182663918,4,224.0289764
5593,90.78669739,29.66935349,17.49242973,11.84180069,6.755616188,537.9416367,3,19389.66444,27.9222393,10.95853043,4,216.2538452
5594,76.41650391,31.2002964,16.41030502,8.69526577,4.643499851,2966.798581,3,25344.9967,20.40555954,6.971156597,4,180.7539673
5595,80.75465393,40.73374557,25.22950935,8.438173294,4.486048698,2721.39147,3,25846.79427,19.46895409,8.128286362,4,57.63336182
5596,57.27171707,44.35954285,26.03100204,6.735712051,3.94719696,2899.919988,3,27747.39862,14.22645283,6.295221329,4,271.4881287
5597,66.80197144,32.94422913,20.39645386,7.722110271,4.028309822,1307.482424,3,7853.754694,18.53029442,6.455014229,4,265.3645325
5598,19.43652725,41.32263947,29.76618767,10.26879025,3.844660044,1895.388845,3,7428.984071,19.34734154,7.342299938,2,289.9830933
5599,88.43737793,29.82086372,18.10440445,9.8377285,5.708920479,5796.44155,1,21441.4113,29.39787102,8.93312645,4,141.9343567
5600,111.3824158,26.31475067,16.62559128,9.783631325,5.389226437,536.4463687,3,18329.11229,26.29325104,9.323988914,4,91.01005554
5601,101.8489914,43.35111618,26.70842361,6.835112095,3.925825357,8658.447584,3,8537.955126,16.8778038,6.188157082,4,321.9112244
5602,152.9021301,29.31539154,18.53380013,9.992394447,5.78834343,822.7661996,3,11808.82261,23.91308022,11.27400494,4,275.0290527
5603,68.48975372,26.43171883,14.08033276,6.623505116,3.889576912,2121.31662,3,1855.038154,16.87514305,6.518913746,2,158.8601685
5604,116.8782272,55.48817062,25.21621132,8.881402016,4.68762064,2426.896282,3,6322.01211,18.32636833,6.784466267,2,35.24501038
5605,145.9647827,42.64640808,27.73673439,10.59819126,5.76607132,3995.763694,1,14309.23678,31.93100739,8.881356239,4,49.06760025
5606,66.70359039,26.41975975,22.45887566,7.752975941,4.187713623,2802.738922,3,15560.57837,24.79363632,6.692474365,4,56.23740387
5607,162.8748779,20.18284416,13.6733942,6.18912077,4.313044071,2184.607447,3,16482.86487,25.53635979,8.097915649,4,280.9560547
5608,53.08482742,28.03905106,16.7759552,6.807662487,3.964235544,3922.96225,3,28925.0727,17.18335724,5.221048355,4,64.64470673
5609,65.61605072,26.28235245,16.11263657,6.486504078,3.636971712,4464.671211,3,17394.84541,19.50431061,6.328911781,10,73.30075836
5610,117.0490036,41.09880829,20.71629524,9.530174255,4.740347862,2628.671664,3,6469.560257,18.53462029,6.824433804,2,83.41805267
5611,77.9066391,32.1351738,17.75654221,9.431521416,5.269981384,4645.269502,3,5489.665137,21.42452431,7.620453835,4,168.5649719
5612,103.0400314,25.45004654,15.98227215,7.58645153,5.099454403,4966.286155,3,5508.970739,22.63322449,7.108276367,4,311.3477783
5613,62.20180893,26.91221619,15.15076542,6.119620323,3.799220324,1687.548423,3,30005.19877,19.5497818,5.35092783,4,256.6074829
5614,36.22663116,41.90478897,17.43768501,12.18550014,6.041576385,1468.220547,3,29259.86254,22.45038033,8.827293396,4,179.2071838
5615,76.3651123,25.36204338,15.82125473,5.443594456,3.584219694,6535.666873,3,6037.716724,13.7442379,7.158671379,2,260.1503296
5616,114.58461,23.46331215,15.21047115,6.280826569,3.562110186,1755.606587,3,774.1186427,20.65371132,6.6729002,2,64.62895203
5617,159.9128723,33.94817352,22.95737076,8.581418991,5.213550091,4545.669013,1,6203.965199,27.92835617,7.289660931,4,293.2423401
5618,31.00534821,23.56318092,15.01549149,4.774792671,2.843173027,6469.957132,3,6670.9218,11.14637756,3.962674856,4,86.98721313
5619,41.6951561,42.04003143,23.74162865,9.213945389,4.749169827,3756.381516,3,14178.54367,19.05994034,6.817706585,2,45
5620,55.76597214,37.5747757,19.41370392,10.17144299,9.217587471,191.7239279,3,12329.54221,17.24933624,14.99809361,4,99.16234589
5621,26.1555481,44.17277145,21.04690933,3.447939157,1.655606151,6257.799034,3,6333.79727,7.444074154,2.872148752,2,317.6504517
5622,99.50645447,25.80101204,15.82971954,6.786769867,4.290180206,1142.46536,3,472.5141634,19.46979523,5.870975494,2,228.3664551
5623,110.8589096,30.66664314,17.34200096,8.981182098,4.629396915,6811.262473,1,8419.652279,25.92059708,7.474969864,4,143.2758942
5624,104.9860611,32.74159622,17.57468224,10.32368946,5.648343086,2612.738006,3,30369.59185,22.88753319,8.21952343,4,173.9444427
5625,61.83773422,24.17414093,13.3001833,9.058992386,4.544331551,2629.123394,3,23297.69345,23.73525238,6.887326241,4,188.2079468
5626,204.1179504,30.57476997,21.93930626,9.189555168,5.227940083,1333.172978,3,13462.57416,24.37224007,8.724047661,4,40.12072754
5627,61.76047897,52.72323227,26.54973412,8.329947472,4.645637512,1401.467423,3,7591.584052,18.37054443,6.029734612,4,275.1944275
5628,62.29652405,30.77363396,21.66873932,8.589138985,5.931804657,1785.792422,3,7236.158406,22.00368881,7.564872742,2,294.5410156
5629,62.68158722,31.05647469,21.15119743,5.534303665,3.304775476,4928.927407,3,32821.76667,15.60001755,4.687112331,4,72.59939575
5630,67.59716034,29.76512146,16.57582474,6.498466015,3.769402742,2464.703893,3,27813.49042,18.07263756,5.960548401,4,100.7131195
5631,14.85189915,27.41720772,18.5010643,7.443982601,3.47838068,945.6077066,3,10241.55321,12.44404697,8.533380508,4,170.6224823
5632,103.3244553,25.80774879,15.05498123,6.814763546,3.980235815,706.7452761,3,10985.76055,17.35737228,7.100135803,4,277.5785522
5633,92.71926117,21.96027946,14.01933289,7.838768005,4.606012344,1412.137148,3,19184.49745,18.81001854,7.910865307,4,175.1354828
5634,7.846166611,39.03280258,29.10522461,5.716726303,3.301469564,6613.15081,3,6711.105002,7.973237038,4.670917034,4,273.8140869
5635,69.28224945,32.58743286,16.97158241,6.217790604,3.524139643,6361.71871,3,11225.13325,16.15771294,7.680183411,4,225.7050171
5636,127.2132187,26.26555061,15.01906013,8.085586548,5.282876015,4452.390236,3,13552.54227,20.13394737,9.099441528,2,103.172554
5637,137.9948883,28.73083305,18.10151291,8.478833199,5.137477875,3971.941755,3,14314.31276,22.82974625,7.999147892,2,278.7905273
5638,114.5506516,32.60945129,17.97189331,11.83071423,6.451981068,1704.544056,3,20673.49519,26.39603233,9.654359818,4,140.8394928
5639,88.31468964,28.0842762,16.6566124,8.380552292,4.523538113,2714.017804,3,21978.73239,24.53168869,6.549824238,4,245.3093262
5640,112.6945267,31.3478508,19.09101677,9.747881889,5.562071323,1541.290618,3,20767.4936,26.7118721,8.423945427,4,278.6731567
5641,75.7175293,34.89198303,20.46088409,5.602365971,3.043838739,3582.622234,3,3404.579774,11.53190422,4.604775906,2,300.5297241
5642,81.92538452,50.55009842,27.53337479,7.504445553,4.290796757,611.9648041,3,9525.697861,15.4483223,6.925543308,4,76.18497467
5643,88.99926758,26.00649071,17.26172256,5.908040047,3.963977814,1216.568322,3,10608.3295,15.13502407,6.480366707,4,258.1246033
5644,55.33228683,33.38302612,19.58997345,7.82909584,4.53745079,4647.774647,3,4278.683119,16.59140205,7.985356331,2,122.0053864
5645,110.968605,26.60334015,15.53178501,9.221263885,5.507343292,908.8279746,3,18540.21142,22.66372299,8.769573212,4,154.5731201
5646,120.6282425,24.64440536,15.53350925,7.761571884,4.46125412,3607.176338,3,4751.379547,20.73897171,8.164286613,4,158.3585052
5647,102.7388763,25.20450783,14.24275017,6.289671898,3.411891937,5551.948059,3,5860.511883,21.06568336,5.944746971,4,103.8406982
5648,111.4120712,28.61602402,19.2624054,6.317875385,4.197865486,5638.12252,3,5819.712906,17.48082161,6.741967678,4,48.36645889
5649,228.3934479,25.64678001,17.74445152,9.296613693,7.260562897,3308.658808,3,15547.64442,26.66759491,12.70381165,4,282.319458
5650,114.2220154,24.61193466,17.46983719,7.519927502,4.56527853,2768.736212,3,22617.95131,26.92469978,8.154654503,4,291.9377136
5651,141.3522797,23.68881798,14.57686615,8.450986862,4.6723876,2349.478436,3,23258.63161,29.03616524,7.815415382,4,305.2795715
5652,116.777092,23.8702507,14.79303169,7.437476635,4.259596825,4136.711809,3,18158.87519,20.06875801,7.125270844,4,188.4239655
5653,92.36066437,32.26154709,20.6547699,6.485302925,3.748540163,4659.04998,3,17596.79552,16.53756523,7.059149742,10,59.54644775
5654,118.4759903,43.64194489,27.82812119,7.262627125,4.320284367,1490.827067,3,1893.553329,15.99269199,6.111087322,2,313.8308716
5655,148.1243591,27.76756096,15.60712337,10.53812408,5.91069603,3141.487472,1,14605.66433,31.90646553,9.040846825,4,227.1210938
5656,67.97376251,28.94212341,15.72203827,4.922203064,3.08511591,6002.456042,3,6054.895885,13.42747116,5.820784092,4,57.26477432
5657,138.8492126,29.78408241,21.71235085,6.307106495,3.931297541,7747.126596,3,7579.624366,15.78920364,6.013439178,4,303.6900635
5658,36.31660843,27.46905518,20.56332588,4.548827171,2.551560163,6656.299574,3,6655.475276,11.20421124,4.212429047,4,268.531189
5659,139.4213409,30.72717094,21.62918282,11.26894474,7.83214426,2039.678711,3,16826.22191,28.75950432,13.59929848,4,102.1664581
5660,248.0590057,40.05502319,28.68012047,9.57297802,5.022321701,773.1983754,3,18076.51102,32.79230118,7.996628761,4,45.44761276
5661,108.1905365,22.5934124,16.00074005,8.311769485,5.308089256,3164.465795,3,25032.28577,27.07597542,6.855300903,4,88.66777802
5662,152.0718689,22.99570084,15.89302349,8.246479988,5.16277504,3975.799176,3,24175.45499,28.62168884,7.843841553,4,220.674942
5663,69.91698456,30.24916077,17.23507118,7.966257572,4.718607903,2190.573649,3,25792.64108,18.78492355,8.074131966,4,211.6101227
5664,71.13026428,29.83189201,15.4880619,7.664661407,4.200021744,582.998453,3,27280.33073,17.38488007,6.500484943,4,133.958374
5665,110.576683,24.74941826,18.59074402,9.192756653,5.923169136,291.2663649,3,3295.803089,27.84743309,9.746805191,4,258.1785278
5666,56.50881958,38.62442017,23.11885643,9.401657104,4.913423061,721.7360922,3,2729.912479,20.41047478,7.417922974,2,75.86089325
5667,130.6707001,32.28216553,16.4712677,9.372378349,5.473991871,6355.089316,3,19518.55357,25.0407486,8.523988724,4,215.1341858
5668,173.0335541,46.00383377,28.08406448,13.51450825,9.691365242,1538.074823,3,17309.37649,31.959589,14.42125988,4,321.7493896
5669,55.30310822,34.2465744,20.7050705,12.21890736,7.510050297,970.4532232,3,28630.51474,24.65966034,11.21178341,4,129.1519928
5670,143.8286133,29.25615501,16.51593399,10.76510811,6.056713104,3533.795907,1,14166.65354,30.37184525,8.75560379,4,169.777832
5671,139.8863831,23.97571564,18.03014183,8.439242363,5.274907589,22.93349756,1,18831.05059,31.61149025,10.31523609,4,36.1963501
5672,68.77433777,28.00858307,17.18408585,7.038938999,3.810230017,4349.466233,3,29676.27519,16.69852448,6.278625965,4,120.5895996
5673,28.81944084,63.88332367,22.36335373,6.966000557,3.480651379,3726.884567,3,29186.11967,12.0446167,4.712553978,4,328.240509
5674,91.9412384,34.57902145,20.23414993,12.33660984,7.109726906,5954.932138,1,19724.66997,28.85751534,10.24804783,4,275.486145
5675,110.0294418,33.66699219,17.98348045,11.64708138,6.36773634,6302.931883,1,20334.92491,30.2614994,9.32123661,4,102.5789337
5676,158.4150543,27.34824562,17.72254181,9.884723663,6.044271469,261.7110733,3,17514.58203,25.10364914,11.00795078,4,269.5340576
5677,128.8309021,27.9383564,16.04196548,10.56511402,6.468586445,2817.674579,1,14868.37912,30.70691681,8.862299919,4,124.719162
5678,93.10944366,27.63405037,17.9494648,9.020300865,5.602220058,7335.83793,1,8894.247375,28.02897453,7.64582777,4,229.0251465
5679,112.7488327,32.01081467,18.93301964,11.28252506,6.068565369,6827.900602,1,8402.269348,28.12265778,9.024348259,4,153.8023376
5680,133.0765839,29.07306099,24.18261719,6.487958908,4.056304932,3757.348185,3,14993.16658,20.09274483,6.524055958,4,48.23210907
5681,106.5916824,23.82906342,20.3452301,7.10915947,3.984209776,1635.778523,3,17214.53945,29.29166031,6.183063984,4,51.99192429
5682,175.4036255,26.88725471,20.08515358,8.542160034,4.894645214,861.8821871,3,17985.29428,32.03235245,7.820534229,4,46.56935501
5683,69.40513611,29.85617638,20.33882523,8.625599861,5.05861187,1533.5982,3,29072.64519,23.02051735,7.30284071,4,301.5513916
5684,121.2305222,23.65827179,13.10937691,7.834704399,4.25520134,1631.216234,3,26426.55488,25.29593468,6.529096127,4,141.3401947
5685,26.89016342,18.57980537,12.7180357,5.484661579,2.416998386,2636.780731,3,22336.11338,20.21119308,4.898888588,4,117.6459732
5686,127.5326157,28.25738335,16.08986855,9.884473801,5.923683643,2970.410724,3,15263.58597,25.25799751,9.315313339,4,80.39479828
5687,112.180069,27.92430878,16.18682289,8.624270439,4.817358971,6202.679276,3,19737.80951,25.2718811,6.638298988,4,139.3020325
5688,108.8582306,28.12710381,17.92449188,6.748194218,4.020998478,6181.322405,3,11883.39224,17.90350723,7.512709141,4,61.44422531
5689,127.1633911,26.87376404,15.30364227,8.816202164,5.163180351,7268.590208,3,10353.2069,23.70801353,7.477820873,4,225
5690,100.5428314,27.26727295,16.15953445,7.949140549,4.420404434,2691.545719,3,24037.23278,20.68608093,6.947668552,4,200.2851257
5691,28.13197899,37.96986771,14.77341175,12.83142567,3.898126841,2121.300067,3,23903.19262,20.00381279,9.142003059,4,176.6335449
5692,60.8442955,34.24329758,27.46631432,8.58072567,5.056411266,6470.28508,1,18002.07223,26.17086601,8.098269463,4,23.33467865
5693,70.19029236,37.42082596,24.76765633,6.530437469,4.027945518,2872.349652,3,28700.89875,15.21627712,5.868683338,4,287.061615
5694,142.7198944,33.16913605,17.33512306,9.20072937,4.928566456,1856.81868,3,22124.50061,22.62304688,7.667163849,4,97.49585724
5695,65.66503906,42.83452225,25.92096519,7.569072247,4.325701714,4232.030937,3,17187.82064,20.19760895,6.466540337,10,323.3005981
5696,117.7781754,28.75708771,15.13782787,9.824417114,5.178633213,2439.779764,3,14694.30553,26.77479935,8.992201805,4,190.7320557
5697,137.1248016,21.06089401,11.24125671,7.921658516,4.44353199,2062.002694,1,15835.36491,25.75493813,7.395733833,4,292.0856934
5698,160.8597412,28.27836418,15.06561184,9.150359154,4.703136921,2624.16834,3,14968.64215,29.10188866,7.150461674,4,207.4287415
5699,80.70103455,32.92367172,17.65771484,9.388320923,4.761395931,2392.584164,3,29753.25922,22.99115753,8.01866436,4,181.500885
5700,67.3019104,19.51680756,12.38221455,6.971586227,3.885684252,2441.727984,3,22409.61437,24.22039413,7.674533844,4,133.3760223
5701,177.0758972,28.66947937,17.81968307,11.04545498,6.55317688,1667.223105,3,11313.04773,29.51348114,9.482653618,4,156.3439636
5702,66.22615814,25.04466057,16.19384575,5.131915092,2.855076313,6235.063474,3,6020.842368,15.36732388,5.818701267,2,241.1296234
5703,38.17102814,29.32420921,16.0569725,3.78054738,2.205850124,5845.709151,3,6690.952015,8.216344833,4.035647869,2,213.3106384
5704,115.0345535,27.04725647,17.48922157,10.57014751,6.28929615,7573.026558,1,9333.282086,29.66760254,8.212488174,4,254.8091125
5705,108.3915176,28.16052818,18.99973869,10.02261162,6.682506561,7644.993477,1,9176.168633,30.65750313,8.398553848,4,71.26663971
5706,84.86287689,31.88549614,21.67815399,8.391133308,4.982288837,4163.219974,3,5779.490982,23.16504669,8.655943871,4,48.69959259
5707,89.3660965,46.40962219,26.88349533,6.81478548,3.657047749,1823.984628,3,26448.62334,16.98127747,6.032561779,4,316.03125
5708,161.66008,27.88369179,15.3800087,8.644138336,5.444936275,1215.76538,3,22875.3031,20.21226311,8.178114891,4,210.6772766
5709,155.6201935,30.65563393,18.0491333,8.427472115,5.000961304,1812.349818,3,21134.90913,21.06772995,8.348205566,4,247.0679016
5710,42.48893738,45.64428329,25.41263962,4.47580719,2.533720732,5148.146529,3,7546.141964,9.070616722,3.451625347,2,45
5711,50.06461334,35.98085785,20.05084419,3.682008743,2.014439821,5601.633306,3,7021.234155,7.675983906,3.434714079,2,86.81037903
5712,75.68521881,29.49848557,16.8492012,6.965788364,4.053971767,1448.756375,3,11177.18402,17.76351166,5.57042408,4,236.6114807
5713,63.81219864,47.65715408,27.15857697,9.576910973,4.667162418,2451.43475,3,21827.16634,21.80914688,7.781425476,4,266.9089966
5714,102.0691376,25.84550285,16.6390152,8.722867012,5.295500755,5883.053958,3,7522.575736,27.47649574,7.273969173,4,214.2930908
5715,81.25075531,54.78312683,27.01247597,7.306128025,3.817888737,3142.3059,3,9627.331,17.3123703,6.698137283,4,315
5716,150.6087189,29.9736805,17.2129612,10.19864368,6.52613306,2198.350578,3,10701.90572,25.82355499,11.43148136,4,150.0434265
5717,139.8210754,27.89126396,19.43710518,7.701320648,4.696526051,2431.278061,3,10433.40769,21.45700073,10.01035881,4,267.7758484
5718,172.0545044,23.97736168,14.9641552,8.637237549,5.852008343,2365.552052,3,16359.17135,29.70219803,8.942200661,4,296.9149475
5719,68.14009094,25.67896461,15.64017963,7.3860569,4.326050758,1485.829821,3,26888.38234,20.74543953,7.191767693,4,201.9063416
5720,25.69371605,35.89519501,14.37595844,11.75923729,6.392699718,2150.023076,3,23843.44571,18.26296425,10.54337978,4,157.8482971
5721,23.39144516,25.29682732,22.08843422,10.50026894,5.923904896,2121.548934,3,23760.95262,20.59570503,9.115384102,4,288.0604858
5722,175.263382,30.78983879,16.16957474,11.48532104,6.225656033,1102.711202,3,13569.56137,27.46475792,9.926242828,4,138.150116
5723,172.7944946,25.1746769,18.89087296,8.572372437,5.132184029,1697.795711,3,11242.23566,27.09646225,8.011955261,4,274.9817505
5724,38.65864563,26.83321571,16.79776001,4.98220396,2.858412266,4162.101168,3,4047.945466,10.61555481,4.067232609,2,279.9368896
5725,99.49501038,25.51485825,15.96520138,6.404756546,3.259214878,853.4536228,3,721.4565164,17.7449379,5.078959942,2,311.9872131
5726,38.02661896,33.19919968,17.06365967,11.33769703,8.694154739,6292.905581,1,7900.848964,31.31494522,7.028861523,4,285.6362305
5727,107.1395721,30.17832184,16.89135742,8.510148048,4.760504723,3333.344819,3,4694.650099,22.17414665,7.004499912,4,231.3401947
5728,114.7080994,28.04714394,19.07521439,7.039673805,4.249316216,3121.358304,3,4039.158895,18.43520927,6.110813618,4,301.3508301
5729,99.08024597,28.21068001,21.48230934,6.223390102,3.851195335,4402.86861,3,5080.576705,18.63975716,5.856924057,4,296.0296021
5730,66.1520462,26.77301407,17.41490364,5.075612545,2.898397923,2142.197675,3,2214.909016,14.76988792,5.001161575,2,77.66091156
5731,72.90293121,24.56963158,18.86622047,7.93161726,5.698866844,1564.066613,3,1951.307461,22.36944199,8.654538155,2,108.7586517
5732,43.44557571,30.20186806,18.30429459,8.12753582,4.742594719,1188.276946,3,1619.169188,20.35241127,6.93669939,2,282.3080139
5733,130.1101532,27.28217888,16.67889595,10.05361176,5.564116955,5255.3518,1,21587.33118,29.14182854,8.227550507,4,188.3439026
5734,233.8764038,26.47219467,15.43717766,9.723860741,6.049008369,3385.71226,1,21197.68617,31.76481628,11.11923695,4,71.56504822
5735,120.1178741,31.47897911,19.38180351,8.705897331,4.977095604,3200.580998,3,4732.92721,25.88518715,7.83888483,4,77.2756424
5736,116.4348373,32.55653763,15.77905941,8.475412369,4.226384163,4455.1921,3,4823.990602,20.4169178,6.038192749,4,151.5257874
5737,79.2000351,26.78697395,17.66366196,6.86406517,3.58392787,649.0536078,3,27052.5143,18.41517258,6.027227879,4,55.12467194
5738,54.66403961,29.53923035,17.00639534,10.51496601,6.210012913,26.69543824,3,27482.81873,22.65139961,8.805975914,4,98.59513855
5739,106.3450623,29.2969532,16.72350311,7.100898743,4.082049847,1430.229702,3,25586.00815,18.18374252,5.745142937,4,255.6063995
5740,157.2718048,24.30109787,15.25489235,6.54175663,4.060159206,1393.402426,3,24011.50017,20.6205864,8.878100395,4,247.0112762
5741,221.2414398,27.45858955,15.4590168,7.378232479,4.316292763,1448.202868,3,23083.14953,18.94777679,8.869843483,4,148.9077759
5742,173.0858002,29.39211464,17.9005394,10.72407532,6.174917221,3260.722989,3,4893.564011,27.95732689,8.817521095,4,164.0545959
5743,128.6816101,29.50055695,17.63236237,9.222536087,4.914361954,1038.872071,3,26423.82447,23.572155,8.367053986,4,116.4616241
5744,73.4214859,24.41503716,17.13694,8.738826752,5.076494694,434.4762972,3,27919.23736,23.14406204,9.404940605,4,227.8624115
5745,34.6479187,34.15210724,21.42564583,10.57007122,4.214389324,3012.955385,3,30440.13335,18.46089172,11.24818993,4,159.8141937
5746,128.9993286,36.05653,25.71513748,8.781823158,5.198358059,4847.822657,3,31301.36653,24.49494362,8.530520439,4,83.92754364
5747,124.3175049,26.34544373,16.15053558,7.192326546,3.98286581,1220.358265,3,25113.77839,20.26887703,7.965646267,4,184.3160248
5748,103.323288,30.82083511,17.2856369,7.145328045,4.552937508,1174.986005,3,24657.27889,17.71995354,7.930936337,4,101.3099365
5749,163.4655151,32.19141006,19.34691238,10.59268856,5.61935091,4760.877405,1,21879.47165,29.73482513,9.158875465,4,274.4971313
5750,275.5915527,27.92892647,15.49312973,12.3806963,7.924510479,3581.276474,3,21160.94966,34.69960785,12.01038742,4,90
5751,57.30958939,18.64232635,10.88510513,5.828909874,2.486888885,2162.129537,3,27368.92312,18.6375103,5.582988739,4,149.6390076
5752,124.3221741,32.61012268,17.43882751,9.461537361,4.996320248,1011.366804,3,25738.79581,21.07799721,7.583632946,4,141.8631287
5753,100.2676315,29.21176338,16.41778183,8.955773354,4.637666702,987.2861718,3,25640.01615,23.44750786,7.942147732,4,215.3401031
5754,132.443573,24.84447289,14.50226307,8.992575645,5.085079193,49.89415688,3,3809.632148,24.78945541,6.865743637,4,234.6197205
5755,143.8121796,22.80072212,14.38329887,7.455694199,4.394224644,5877.250643,3,18567.9569,21.51561737,6.48365593,4,182.6425476
5756,142.8191833,32.44099045,18.61834335,10.80572987,6.260733604,5611.154047,1,11910.10202,28.22751999,8.851478577,4,216.135376
5757,125.2644119,28.27772522,18.85062981,9.276583672,5.788910389,5777.674257,3,11633.74821,25.9436512,8.332312584,4,117.6459732
5758,98.49358368,28.20331573,15.7577486,7.564549446,4.116797924,4586.607482,3,4774.011126,20.80953598,6.504290581,4,253.9509888
5759,53.45630264,29.47952843,17.5187149,8.860829353,4.634461403,6298.670637,3,32179.44529,19.33390617,6.985847473,4,110.9459839
5760,56.8043251,25.17787933,21.27263832,8.685434341,5.590309143,5886.369143,3,31299.7723,20.77565575,7.377744198,4,270.203186
5761,26.76885605,33.1489296,19.17994118,8.0745821,4.296600819,2003.300395,3,27511.63029,17.64538193,5.67194891,4,31.33944511
5762,173.089859,25.70028496,14.9799118,7.966993809,5.133475304,2713.86853,3,19776.03337,20.85100746,9.163560867,4,224.3293304
5763,95.17440033,27.72430992,17.2665863,5.481719017,3.254549742,3197.507203,3,3359.072345,12.69966125,4.214196682,2,259.9920044
5764,262.2909241,23.40381241,12.90075874,8.834211349,5.18474865,1111.0375,3,16570.75646,30.89815903,9.367865562,4,227.5637665
5765,149.8481445,25.23496819,15.52466679,10.12733459,5.335309505,2365.581589,3,15215.43053,31.16326523,8.781158447,4,135.8814087
5766,30.41472054,35.68403625,19.28899193,10.34784889,4.531389713,3222.167682,3,30494.59221,21.23205948,6.996582985,4,310.135498
5767,36.2406044,39.6820755,26.53341293,8.453688622,4.291949272,3105.02473,3,30237.59625,20.97796059,6.622998714,4,308.7459717
5768,115.7255783,32.56367493,24.12968254,7.942941189,4.607950687,1578.811108,3,27550.96568,24.02986908,7.181510448,4,52.21426392
5769,114.3785248,45.73581314,26.86852646,8.97257328,5.003783703,2415.726641,3,5845.671655,18.67883492,6.740571022,4,305.5376587
5770,123.5725327,25.31405258,17.84761429,7.55153513,4.567511559,6516.369752,3,10636.79155,22.23814583,7.393801689,4,73.61045837
5771,91.86856842,25.64172554,15.43974209,7.255558968,4.296708584,5966.690599,3,11229.1221,21.54479027,6.137872219,4,238.8345947
5772,57.83636856,50.72836304,30.87308121,12.15748024,7.349803448,5894.535361,1,7513.695558,30.71055794,9.149007797,4,17.77019882
5773,120.248291,31.58479881,19.4807682,10.33269215,6.233963013,729.9405902,3,19650.8589,27.82010841,10.90338898,4,226.6602783
5774,78.60262299,38.86392212,27.15565872,5.698726177,3.162931204,4504.465049,3,30227.03617,13.53016186,5.080717087,4,46.81875992
5775,51.88079834,28.81838036,17.51946068,12.09343243,6.510235786,14.40222416,3,17593.10921,27.8878994,12.65813923,4,227.4540253
5776,103.4021912,27.11787605,16.86084938,9.835177422,5.585127831,1551.881785,1,16093.06084,24.2539978,10.39417171,4,287.8189087
5777,230.0883789,29.82457542,17.20056534,12.22976875,7.876459599,1521.520843,1,15843.41355,32.57164383,11.70324802,4,267.3425903
5778,156.6513062,37.02207184,24.67642021,9.172650337,5.362618923,4758.8693,1,6373.888499,23.99052238,8.089673042,4,286.1134033
5779,121.6247864,42.84339905,26.0590229,9.942239761,5.132370949,3786.61965,3,30491.09461,23.39822197,7.604243279,4,273.671814
5780,155.6724396,28.48537445,17.01529312,8.68880558,4.7275033,1475.939426,3,22522.40291,23.07564735,7.233241081,4,103.3245316
5781,82.4008255,30.01844978,15.9410944,9.030288696,4.672195911,3575.748468,3,17995.45093,22.4081955,8.181360245,4,152.9125061
5782,99.37081146,29.02440834,16.84237671,10.22250462,6.202608109,3720.993807,3,16784.54545,24.96565056,9.05237484,10,128.2901611
5783,138.0780182,21.249506,14.25035191,5.565432549,3.453843594,7667.294996,3,7391.240588,17.85336685,5.761965275,4,241.2771301
5784,127.1259842,34.39641953,24.96194077,6.159183025,3.469195843,7290.41852,3,6965.325354,16.15227127,6.290791035,4,315
5785,143.5546417,24.63392258,15.31724358,5.350381374,3.218353033,7362.453005,3,10185.74148,14.99449921,4.470753193,4,67.32865906
5786,70.78089142,21.15327454,14.2579422,6.086223125,3.820002794,8990.212229,3,8483.601497,17.19592476,6.466448307,4,154.6134644
5787,163.8439331,26.26173401,19.0545845,8.351672173,5.143128872,2549.990895,3,24879.20292,27.00349617,8.136843681,4,290.8894653
5788,107.9194794,26.58316422,17.3555088,10.18570518,6.574652672,3256.815033,3,24513.35679,27.6403656,8.928078651,4,170.9421082
5789,98.69113922,33.98412323,25.14767456,8.036198616,4.279993057,1913.353302,3,25767.41385,23.92821312,8.347745895,4,304.611145
5790,113.6207504,24.86858368,18.1099205,7.371221066,4.197086334,3877.435766,3,30680.10699,24.19949722,6.53985405,4,269.3400879
5791,155.4580688,25.44395256,15.48594856,11.44826317,7.022975445,783.696669,3,12075.74734,27.03862381,11.29767799,4,260.6031189
5792,40.30818176,36.82545471,19.71440315,8.272349358,5.43742466,183.9944199,3,12638.71297,12.41172886,8.541454315,4,78.86799622
5793,33.31356812,30.0703392,16.87841606,5.109494686,3.065657377,4214.397659,3,4271.390572,12.78473473,4.811441898,2,259.2156982
5794,168.1704102,29.32823944,21.39837265,8.549500465,5.313541889,2283.304848,3,5535.289896,22.14789581,7.475130558,4,82.62623596
5795,30.45651054,40.05213547,13.62398624,9.445979118,4.641293049,6064.781045,3,17711.24804,19.65714836,5.984046936,4,273.3177795
5796,112.4262314,25.26510048,14.70970821,9.296000481,4.870474339,5853.697624,3,18203.83319,27.87327194,7.784826756,4,94.044487
5797,110.8551559,33.92679214,22.18408394,10.81445217,6.430202961,6173.151936,1,7726.605315,30.6770134,8.699169159,4,301.6831665
5798,85.12493134,35.13477707,22.23246765,9.687680244,5.281544209,5683.570783,1,7279.507306,25.45595932,7.715604782,4,294.5504456
5799,81.3003006,32.03199768,15.51890373,7.890732288,3.849018097,4126.465636,3,4513.720122,20.2542057,6.382754326,4,220.3645325
5800,106.8676605,26.54228783,19.33714485,6.066919327,3.844424963,5409.305423,3,5269.680931,18.29184532,5.888506889,4,66.37062073
5801,35.14620972,29.54245377,18.64289093,4.818440914,2.552557468,4953.110306,3,30546.32121,11.84593964,4.202390671,4,114.8194122
5802,108.6711044,27.39959717,16.89094162,9.799432755,5.790402889,3744.028028,3,16185.58623,25.7281189,9.510068893,10,185.9606934
5803,131.7375488,33.26614761,18.54987907,9.792941093,5.939387798,5176.63848,1,17183.0944,25.4052372,8.537851334,4,272.9688721
5804,157.9180756,27.41404724,15.49913311,8.899487495,5.115240574,5548.015014,3,17373.26686,25.1529274,7.016533375,4,182.3662415
5805,83.3208847,31.4156189,18.23776817,12.46106434,8.034435272,6170.6197,1,20598.22687,33.31166458,9.495674133,4,241.3489075
5806,259.5731812,27.6993351,17.66321182,11.66502285,7.390706062,677.1107136,1,16879.54808,31.53402901,11.71469402,4,271.6365967
5807,74.16133881,28.06696892,19.16330719,5.916377068,3.253144264,5503.977839,3,31183.22405,16.45530319,5.468377113,4,259.6409302
5808,92.76555634,42.64949799,29.67177773,8.028823853,5.018921375,3801.169224,3,29835.58249,19.97740936,7.849453926,4,307.9611206
5809,53.66251373,28.56544304,20.20565796,7.072507381,3.437986135,2314.344687,3,28078.2719,21.19106293,7.613400459,4,37.03038788
5810,89.67800903,24.14445496,16.15889359,7.010603428,4.594383717,3651.143605,3,15933.25624,24.73091125,8.248517036,4,241.2469788
5811,117.5063858,28.60870361,18.45901489,8.372537613,4.736536503,573.4506493,3,615.5914458,19.4712677,6.624958992,2,211.5185394
5812,61.65956116,22.35049248,14.54625416,6.314462662,3.055738449,1569.447292,3,19143.04154,19.1359539,5.767435074,4,141.7889709
5813,112.4191742,36.04024506,21.27720451,8.97614193,5.489038944,1574.097465,3,21125.12782,26.20521736,8.101822853,4,279.2697144
5814,15.4427948,37.84173203,24.31514549,9.510976791,4.825655937,146.1445901,3,17700.87965,13.55712986,6.299879551,4,31.29303741
5815,125.6071014,29.80316734,17.29363632,10.5652256,6.064986706,1447.694846,3,20931.24994,28.22781754,9.261050224,4,172.6314087
5816,129.0879364,26.10446548,20.41389465,7.621213913,4.561681747,3678.264359,3,30290.16259,23.39891815,7.06237793,4,256.0362854
5817,113.3689499,39.66516876,27.60668945,7.156612873,3.968418837,3627.037725,3,29896.03712,18.91035652,7.004785538,4,251.7463684
5818,24.45884705,31.7370739,17.59276009,7.344545841,3.245476961,4593.694668,3,4647.24277,14.6430912,5.656420231,2,70.97439575
5819,93.31767273,27.55182266,16.58670998,7.580672741,4.559010506,2060.311462,3,2981.986576,19.23748016,7.720769882,2,117.6459732
5820,34.55599976,35.62605286,24.55026436,8.80628109,4.811302185,928.7808906,3,2802.9928,16.68347931,7.121733665,2,64.83244324
5821,51.08322525,13.84711933,7.37757349,9.413874626,4.492434978,5852.995994,3,17595.7457,28.10026169,7.326490879,4,191.5267639
5822,283.0446472,39.27178574,25.90407753,11.6005249,6.929277897,3235.564388,1,20788.03336,36.51713562,10.69111633,4,32.29763031
5823,124.0179901,28.76019096,16.89863586,9.441383362,6.021365643,353.4540497,3,17927.85526,24.33961868,9.99138546,4,99.56549835
5824,76.39819336,21.68799973,10.05796528,5.504466057,2.781455755,402.9399143,3,17163.19773,31.87369919,3.486461639,4,270.9421387
5825,256.1083984,24.1342392,13.8757925,10.21485901,6.359745026,1086.481908,3,16381.45046,28.34095001,12.02757549,4,197.1671448
5826,124.3869095,29.29779243,17.23857307,8.736894608,4.927755356,4657.373101,3,13003.8452,27.86582375,7.596058369,4,241.7976685
5827,47.38029861,31.63765144,21.56081581,11.49844742,6.002510071,697.1867399,3,28019.91713,22.01675034,10.56747341,4,180.2864685
5828,105.6891937,29.16399956,16.1822052,9.868849754,5.902343273,3456.720797,3,17735.47466,25.97890091,8.527181625,4,251.5650482
5829,68.64096069,27.88833809,16.31765938,4.856119156,2.770250797,5071.753975,3,7515.880157,9.757006645,3.525773287,2,77.73522949
5830,45.8953743,30.83546066,18.95650291,6.007106781,3.555359364,4627.118086,3,4851.818779,13.31485844,6.767027378,2,86.28910828
5831,118.5470047,31.90089035,16.71725655,9.85991478,5.539195061,5150.906887,3,16613.77338,25.57143784,7.562913895,4,158.0088806
5832,21.76143456,28.80006027,18.13288307,8.46650219,5.052921772,1316.518239,3,18882.77662,20.12707138,7.853981495,4,41.48375702
5833,81.71743774,32.78188705,18.57451248,11.18026352,5.869118214,75.5459366,3,27250.04358,22.562397,10.05854321,4,121.6544647
5834,68.94804382,29.58141136,19.25951576,10.56572437,6.427561283,1760.46298,3,29048.02149,24.59597969,8.731715202,4,190.6456604
5835,97.25319672,35.04579544,25.91773033,7.978042126,4.917628765,956.5442244,3,27953.54294,19.72078896,6.50207901,4,334.149353
5836,19.35193253,41.20994949,15.71260166,7.103901863,3.832496643,928.2544616,3,26683.53592,13.41567898,5.282333851,4,169.0193481
5837,57.12521362,26.07402611,21.46942139,8.401887894,5.451376438,664.8313857,3,3097.063648,22.96272087,8.599813461,2,253.7952881
5838,186.9195404,32.62299728,21.96870232,9.926934242,5.784410954,2315.67702,1,19891.32123,27.26512527,11.48769093,4,51.0090065
5839,99.65555573,47.25728989,28.82438278,10.57406902,6.218617916,1686.463969,1,19247.04336,27.23697472,9.060186386,4,326.5751953
5840,118.607338,35.45492554,27.02481461,9.539993286,5.36474514,954.7808914,1,18525.14504,28.29017258,9.50924015,4,32.47119141
5841,51.19935226,36.16654587,22.69538689,6.318665028,3.46214819,6349.540295,3,31818.76193,14.89339161,3.811644554,4,50.24139023
5842,75.57704163,43.82613373,28.17326355,6.030813217,3.560903311,3316.582531,3,29142.85074,14.26008224,5.711585522,4,35.04937363
5843,47.2973671,28.33830643,17.62748528,6.879721642,3.67272687,4100.513756,3,4468.300327,14.71823025,6.15329504,2,255.9637604
5844,116.4950714,27.67408943,18.27613258,7.447284698,4.12441349,1750.040668,3,1812.665794,19.57916451,7.025037766,2,100.4336624
5845,69.83943176,26.81523514,19.61399651,6.345547676,3.980422974,1821.17665,3,10472.0104,15.6292429,6.792590618,4,264.8055725
5846,146.8161926,31.82144547,22.11128616,8.936519623,5.30300808,3714.575951,1,13741.13437,30.73825836,7.544012547,4,296.3421021
5847,111.4983673,55.34508514,29.05665207,7.771878242,4.641226292,1707.595788,3,28604.77596,19.77668762,7.256641865,4,319.5377808
5848,95.74625397,40.5859108,27.69704247,7.601786137,4.133191109,2353.727329,3,28842.91223,19.14197922,7.584109306,4,46.76398087
5849,113.4785233,36.18469238,25.06538773,7.109952927,4.187327385,2685.440632,3,29148.66764,17.8253994,6.799180984,4,286.1443481
5850,87.29032898,49.11063004,29.1954689,7.215060234,4.481266022,2666.124147,3,29503.55016,19.52283287,5.98782444,4,335.0952148
5851,111.3816833,26.90327835,20.87072754,7.333287239,4.331763268,6613.310738,3,32631.95475,22.11311913,7.024047852,4,82.62623596
5852,56.603302,34.03861618,22.68834496,7.435877323,4.613482952,1284.28998,3,9936.236662,17.39239693,8.028429985,4,52.98932648
5853,65.91586304,28.73226547,17.21461678,6.71773243,4.279278755,3865.947678,3,4344.709312,17.83310699,6.642798901,4,150.7938232
5854,96.17294312,22.6910553,11.92456722,6.182168484,4.741305828,7506.67889,3,10071.88243,17.4582386,5.555093765,4,74.93151093
5855,100.4556656,19.79846001,11.1591692,4.152493954,2.797242165,7385.428792,3,10182.07735,17.10079956,5.083041668,4,99.66638947
5856,195.1338806,29.12339401,19.36628723,9.610331535,5.675601959,114.8847307,3,18759.26535,28.49048996,9.876156807,4,61.6450386
5857,107.1907196,38.74783707,27.25218391,7.501863003,4.028080463,6385.073015,3,32303.16579,21.65778923,8.034446716,4,318.0127869
5858,141.3003387,27.63700867,16.68237686,8.889986992,5.700383186,676.3246762,3,12309.16956,23.49936295,11.57651806,4,234.8658142
5859,71.28063202,25.60894775,16.46698761,4.186515808,2.883536339,6128.286642,3,6316.71446,10.95368576,5.540472984,2,272.0480042
5860,80.23866272,34.58573914,18.61989784,5.922101021,3.254885197,3440.681406,3,3729.530713,12.99511337,4.677706242,2,295.052948
5861,133.9766998,27.13400078,15.34614372,7.672421932,3.838030577,128.8501967,3,3726.570229,27.16104507,7.833883762,4,265.0302734
5862,63.52844238,39.15119171,25.42041588,8.367189407,4.829098701,2007.460657,3,6539.203349,18.31223679,6.9882617,4,292.0704346
5863,85.47212982,33.31655502,18.02279472,9.483708382,5.217770576,1532.216827,3,6963.813578,19.81358337,8.467983246,4,119.4516754
5864,138.1499329,24.03068542,15.50531292,8.765023232,5.5702281,5058.063317,3,12054.39009,29.58745193,7.238434792,4,97.46112061
5865,116.858139,20.6066227,14.56511021,7.98978281,4.745848179,8523.405857,3,9045.150444,21.85101891,7.038254261,4,176.7602997
5866,126.9551392,27.87847137,16.34108353,7.082974911,4.594855309,7930.005839,3,9668.520436,19.61142731,6.760455132,4,133.2642975
5867,19.11908913,38.41861343,17.48592567,12.11229801,4.669315338,807.7817366,3,26638.95589,19.46217728,7.156364918,4,266.284729
5868,86.34085083,29.65462303,17.81815338,8.506056786,5.06416893,635.9626575,3,625.3761823,22.5802536,7.735602856,2,144.462326
5869,90.92589569,24.86400414,16.5443306,5.597340107,3.334248781,1147.817313,3,102.9447178,17.09379387,5.190204144,2,235.3048401
5870,56.7766571,33.64187622,17.5994072,6.375125885,3.761070013,7332.172357,3,10296.91315,14.6835537,6.032538414,4,94.18491364
5871,132.3676605,30.17921257,19.27527428,8.314436913,4.628696918,1956.446651,3,5513.031729,21.53075409,6.722533703,4,92.16184998
5872,86.95771027,39.0836792,20.11883354,6.286291599,3.163936853,1793.311415,3,11068.64574,16.12469673,5.050751209,4,298.3044434
5873,124.6599197,21.34583473,13.42238331,7.450871944,4.22195816,1236.273158,3,23778.56944,22.06780624,8.235153198,4,185.9061432
5874,54.07009888,30.21407127,15.86427021,6.067076683,3.460871696,5077.338997,3,5258.336616,12.78609657,5.308790684,2,143.018631
5875,60.05833054,35.01751328,17.71238708,9.513775826,5.328010082,482.3470867,3,26318.95182,19.56865692,7.63805294,4,199.7066345
5876,122.4581451,29.28926468,16.84463882,6.338229656,3.6013906,858.2043391,3,23445.76567,15.01921177,6.683246136,4,191.8994446
5877,23.77312851,40.45491028,21.95402527,8.93751812,4.590167999,1118.693951,3,1760.95336,16.54045296,6.858516216,2,205.2900238
5878,103.8707428,23.1439209,15.69758511,6.151695728,3.388957024,266.7261022,3,773.6806257,17.75097847,4.954054832,2,313.4088745
5879,60.43454361,28.22067451,16.2537899,8.208386421,5.014341354,1813.766678,3,21507.1023,20.53059959,8.120969772,4,240.5483246
5880,139.6903229,32.01648712,17.54601288,8.15831852,4.784264088,1704.755396,3,21349.68355,18.63110733,8.379858971,4,161.0644226
5881,80.29550171,28.07037735,16.10509872,5.741119862,3.82298708,4611.636263,3,7917.688402,13.03282166,5.463649273,2,116.5650482
5882,47.91999817,20.82691765,12.23238182,4.402014256,2.710175514,5111.748313,3,7393.48555,10.25980949,3.113613129,2,100.8403015
5883,81.00613403,29.43115807,16.85114479,7.732507706,4.434383392,3326.571807,3,3820.625452,16.78340912,6.636713982,2,203.9624939
5884,5.803275585,45.6039772,20.89234734,2.85831213,1.85812974,5617.937654,3,6857.573831,4.749033451,2.166827679,2,230.7105865
5885,22.26122093,39.60831833,17.01040077,3.993043661,2.034610271,5570.108699,3,6880.609025,6.604302883,2.89106226,2,237.0947571
5886,90.58769989,27.59736443,19.9190464,7.822548866,4.890566826,1343.688793,3,2516.048897,20.92920113,7.683643341,2,274.7078552
5887,23.32616997,56.10723877,25.73539162,7.485617161,3.283874512,1100.952764,3,1852.069134,17.90571404,4.168532848,2,323.1300964
5888,102.2281647,30.41741943,17.57465172,7.81276989,4.04987669,229.801809,3,1197.158761,19.35904503,6.448552132,2,242.3540192
5889,78.60435486,33.56704712,23.82004356,6.384829521,3.27671814,1650.177731,3,1544.00569,18.23451424,4.441902161,2,49.39870453
5890,68.50592041,31.97208786,18.37695885,8.630111694,4.968441963,1118.375643,3,9777.26373,20.30579948,7.592875957,4,66.37062073
5891,49.80304337,15.28382015,8.939268112,7.408756256,5.763511658,1702.479109,3,23305.03246,31.94577217,5.323680401,4,167.2109375
5892,144.6337738,56.55187988,27.50751114,11.15271568,6.284096241,1002.892561,3,13773.47407,26.31817627,9.091934204,4,303.6900635
5893,72.66400146,32.6944809,25.0758152,6.321479321,3.740731955,995.4404385,3,12139.67807,17.49534416,5.294023037,4,306.7028503
5894,84.23801422,31.70534325,17.17158508,6.680160046,3.776408434,2242.469954,3,11321.09075,17.24858284,5.731245995,4,212.5740662
5895,117.3191528,36.93353653,26.56970215,7.550251007,3.935268879,6307.128099,3,32489.50449,19.47469521,9.198559761,4,57.21571732
5896,29.09104729,41.41986847,16.34317017,6.077666759,3.437591791,1610.590777,3,21856.10676,11.61640644,4.299129963,4,139.7152405
5897,124.2021713,35.53190994,18.0480442,10.12378883,5.111334324,2062.342711,3,21980.60898,23.46305084,8.736089706,4,184.3137054
5898,151.6946106,24.18687439,16.12071609,8.438307762,4.863437653,398.1158275,3,4020.60382,26.81363678,7.924640179,4,213.6900635
5899,75.75537872,49.8488121,25.71770668,7.18239069,3.997558355,1550.450425,3,6985.755523,14.06529331,6.452001095,4,282.5740662
5900,158.7249756,41.13718796,27.18222046,14.80067253,8.42503643,1826.991377,3,17027.13914,34.47179031,12.77262592,4,317.7453308
5901,25.66122437,29.51487541,16.59703255,7.336105347,3.785349369,4976.979337,3,13215.44331,14.43318653,5.760181427,2,120.5297089
5902,114.5687256,23.47577858,13.76229668,7.185817242,4.106462002,4274.469931,3,14236.70313,22.00780678,5.896099567,2,223.0711823
5903,172.9019165,31.70144463,19.79490852,10.96809769,6.768295765,1169.910486,3,14063.6511,27.20339966,9.828721046,4,89.44290161
5904,195.8468628,44.46825027,27.36185837,9.001083374,5.067200661,1053.016408,3,14033.3991,21.89291763,7.628031254,4,101.3099365
5905,149.5700989,32.75411224,21.40098,11.01317501,6.770028591,272.5226732,3,13261.68927,25.35593414,11.04416847,4,68.55883026
5906,143.6398315,35.30437851,17.43037224,11.77656651,6.154120922,2255.285868,3,10554.51644,29.49089622,10.55897903,4,169.9024963
5907,75.76383972,29.04374886,18.23946571,5.389436722,3.409240723,5476.922071,3,6944.514631,12.27580166,6.291068077,2,262.4407654
5908,36.99939346,30.72659492,18.97944641,9.097065926,4.565376282,762.1871836,3,3044.255678,21.11073494,9.422810555,2,258.0917053
5909,18.98935509,20.7425766,13.61479855,9.764863014,5.826884747,3.225738259,3,27211.46273,21.88760567,4.137000084,4,132.0390625
5910,110.804657,29.84594536,19.24473572,8.188869476,5.004415512,600.9533015,3,27330.4686,20.98270416,8.228837967,4,265.0497437
5911,43.10955429,31.03993988,19.44697952,10.28135014,5.540399551,246.2092341,3,27398.36963,22.22314453,8.085670471,4,302.5823975
5912,78.65684509,30.57646751,14.21390247,10.4461422,5.840994835,3727.075091,3,16393.87625,25.67084503,8.588870049,10,229.733902
5913,79.20036316,31.17642784,23.04114532,5.611544132,3.46572423,4153.478117,3,8624.659632,14.29217148,4.920727253,4,54.78240585
5914,120.4033737,28.89243317,17.78174019,8.411642075,5.169131756,2978.807584,3,9641.448581,22.57624626,8.939908981,4,91.88819122
5915,104.1450043,29.66512108,17.75078773,9.317713737,5.22115469,3392.271939,3,9178.682329,23.32767105,9.690909386,4,207.2596741
5916,85.95034027,26.85571861,15.05426121,6.026394367,3.638174772,4502.738987,3,13869.57406,18.3922596,5.288410187,2,245.7644348
5917,97.20933533,29.92150497,15.93865395,10.52118778,6.16053009,250.5019785,3,26640.09234,24.77415657,8.556797981,4,91.35746765
5918,120.6725922,29.58848381,17.90290642,9.445011139,5.420087814,2269.72611,3,10492.42141,25.97490311,7.236224174,4,278.3438721
5919,39.36827469,27.21110535,17.8452301,6.933245182,3.685358763,507.2102205,3,8021.921022,13.29402161,5.6474967,4,67.27323914
5920,44.7604866,32.5243454,22.93075562,5.578667641,3.697864294,64.43500951,3,8477.687751,15.674757,10.33351421,4,276.0958557
5921,74.49954224,32.68827057,19.41524315,7.459592342,4.190784931,397.5941163,3,9066.964716,19.10540199,6.485211849,4,233.6156464
5922,73.19768524,28.98300362,17.03222656,9.359825134,5.4912076,5837.62421,1,20783.3598,27.61356735,8.248986244,4,164.5992737
5923,153.810791,30.14950943,17.31700325,9.51214695,5.761916161,4556.982066,3,21803.10935,28.55016136,8.009288788,4,225.5509033
5924,71.79827881,55.78297806,28.05626678,6.842783451,4.023929596,5020.294486,3,13378.05462,15.52502632,5.685816288,2,329.6456909
5925,89.10009766,38.54746628,27.41643524,6.65088892,3.766636372,5193.046157,3,13163.71211,17.54890442,8.390707016,2,322.3136902
5926,242.5103455,25.39989662,15.02968025,10.77487564,6.660973549,851.8540748,3,18028.21798,29.05955315,10.35431671,4,126.2538376
5927,98.96232605,28.16780281,18.17847443,8.180794716,4.649449348,1593.854794,3,28075.07133,22.35124016,8.185957909,4,205.9026184
5928,127.4168396,31.23512077,20.15727425,7.322766304,4.652261257,1860.678334,3,1524.005756,18.55829239,8.207290649,2,93.36646271
5929,7.850971699,48.04706573,21.91745758,3.867356539,2.440803051,951.9606074,3,2806.017339,6.462143421,2.393620491,2,61.84503174
5930,90.82546997,24.10572052,18.06903648,7.417704582,4.065556049,498.400409,3,3187.376769,21.74154091,8.468914032,2,245.1531219
5931,134.6857452,45.31017303,25.27028465,11.36179066,5.976511478,4612.953528,1,21483.05674,29.67853355,9.104458809,4,286.8856506
5932,103.5940399,36.14691925,19.86922264,9.975048065,5.55856657,2276.11305,3,21846.98524,22.81692505,8.336826324,4,207.3950195
5933,105.005867,36.91872406,18.27687645,8.400929451,4.613073826,823.9423457,3,23664.55363,17.25972748,8.443989754,4,147.2647705
5934,128.7328949,24.75099754,14.17721176,9.260238647,5.177211761,1887.980748,3,16964.97077,26.8275528,8.200349808,4,152.2797394
5935,115.0404968,24.06445313,15.61915398,10.32497311,5.610705853,2006.85701,3,14530.85404,29.07921028,7.915023804,4,168.3218994
5936,123.2874985,39.75192642,26.59358978,7.349725723,4.215235233,2763.143011,3,15512.65961,20.34039688,8.169006348,4,51.17017365
5937,119.4099045,47.50746155,27.78837967,7.066504002,4.030128002,1881.848458,3,1829.550329,16.27510262,5.685818195,2,52.69605255
5938,62.06813812,36.72997665,19.27934074,12.95494175,7.232688427,2714.924799,3,14678.02197,31.03628731,10.78999424,4,150.5725403
5939,111.7207947,43.46879196,28.01846504,9.6786623,5.737868309,4483.754522,1,12993.17657,30.41335487,7.971879959,4,223.5679016
5940,152.7616119,24.94326782,16.70190048,9.889690399,5.115839958,2809.875645,3,17590.53408,28.94006729,7.741837978,4,195.6795349
5941,31.60824013,32.16130447,21.19808006,10.50502872,4.526082516,2006.828214,3,14683.80815,23.46860695,6.521080971,4,31.65543175
5942,129.4763184,35.99549484,26.55720329,7.766419411,4.603453159,2013.232885,3,14883.01949,22.95626068,8.112238884,4,319.0377197
5943,75.55917358,36.23471451,25.86858368,6.584049702,3.468353033,490.2357575,3,1529.610312,17.11740303,4.983530998,2,302.5740356
5944,119.8721237,27.25104713,17.75457573,9.543006897,5.969256878,5117.743222,3,17917.01183,32.14203644,8.368519783,4,70.32377625
5945,28.6543808,37.58423233,11.44565868,11.92524433,5.559230804,3245.409667,3,16768.9302,19.39559746,8.695462227,4,131.1788483
5946,35.64165115,32.29523087,10.6376791,14.98054218,5.303935051,3402.465664,3,16577.51762,30.61468506,11.99722958,4,199.3027954
5947,138.179184,34.75803375,18.78721809,9.716157913,5.164501667,4492.012205,3,15605.55902,26.00371742,7.493013382,4,76.90785217
5948,146.4241486,30.62723732,19.32802582,11.67545986,6.716773033,4684.203905,3,15874.65561,30.91200638,9.959095001,4,198.4349518
5949,162.8753357,28.80888748,19.0779438,9.136622429,5.407659531,3137.460077,1,14108.50545,27.44433975,8.222517967,4,295.1148376
5950,202.7322235,40.67586136,28.13596344,11.28898144,6.815073013,1103.3792,3,17857.4974,33.3757782,10.3484993,4,126.3692017
5951,119.5807571,29.31770134,16.43041039,8.644915581,4.605945587,3329.177766,3,16282.07799,24.90400505,8.294578552,4,264.2072144
5952,64.36663818,27.6222229,17.32485771,5.479678154,3.172780514,5119.057038,3,5560.175248,13.1062603,5.05854845,2,79.69515228
5953,69.47052765,28.10556221,17.10935974,8.639683723,4.536922932,5103.31112,3,18508.35614,20.92874718,6.815247059,4,186.9529572
5954,162.1100159,31.91687202,18.72029305,9.108013153,5.178683758,2674.323351,3,4318.629722,26.11620903,7.898230553,4,65.13630676
5955,163.7532349,27.60977364,18.06618309,8.743021011,5.293067455,5746.840506,3,12020.49672,23.89156914,8.157196045,4,64.82246399
5956,124.2928467,28.80515289,13.68317699,11.23441029,6.661972046,2138.971669,3,16715.63583,26.98478699,9.419774055,4,92.07003021
5957,73.25028992,26.4842701,18.1980381,11.62902832,6.893496037,3413.372209,3,23310.29383,28.71568298,11.25096798,4,163.1664886
5958,94.2039566,29.76484299,15.33743095,7.803974152,4.598622322,952.7141486,3,25419.10476,20.45955086,6.814511299,4,155.1858063
5959,102.3815613,30.65932465,15.65163803,7.170805931,3.793385029,5286.29977,3,18164.87496,22.25247002,7.680519104,4,136.8650513
5960,179.4508057,22.09406662,16.39590836,7.807984352,4.446413994,945.928261,3,18447.14962,25.95848656,7.021215439,4,109.1425476
5961,177.3992615,26.17973328,16.48334885,7.403252602,4.519514561,4672.550597,3,6302.356985,25.27251244,7.922034264,4,266.720459
5962,112.075058,18.72398186,12.17520523,7.48860693,3.955987692,4244.847162,3,14357.20207,20.51201439,6.091589451,2,266.9095764
5963,11.38341904,51.02283478,15.33610344,10.20826721,4.870737553,3590.770217,3,23664.81736,16.09714127,5.554327488,4,179.2360992
5964,22.61112976,44.20834351,16.67139626,10.56605244,4.13560009,3557.041438,3,23729.68985,20.56686211,5.969638824,4,254.7448883
5965,115.2743454,29.191082,17.40665436,9.373276711,5.296619415,2943.216167,3,15567.37869,25.55838585,8.723844528,4,86.66327667
5966,84.68832397,30.58027267,15.02068138,8.94785881,4.95745039,3835.768655,3,8702.225728,19.51018143,7.798346043,4,164.744873
5967,74.90335083,32.02622223,20.11489677,6.855587006,4.392858505,1969.324817,3,406.6863305,15.62391758,7.288611412,2,226.1934967
5968,36.79732132,38.28729248,23.62324905,8.976838112,4.766155243,901.4566492,3,2718.426989,18.62264061,7.723608017,2,61.54595184
5969,30.66283417,43.14738464,19.06471443,13.58327866,7.506000996,5991.882834,3,20440.29346,27.6742363,9.299383163,4,164.8590088
5970,40.01321793,40.51934433,15.55845451,12.07799816,7.854633808,5600.688865,1,20840.7285,23.90168953,10.4161129,4,300.7091064
5971,63.27761841,30.50608063,19.92655182,10.09953403,6.753489017,5853.39197,1,20475.93858,31.53767776,8.666996956,4,316.4950562
5972,139.7504272,35.62723541,19.71302605,11.2261343,6.824600697,6208.591157,1,7704.853253,27.81000328,8.963154793,4,259.8457336
5973,139.3160095,30.68629456,20.98841476,8.223617554,4.884628773,2706.752444,3,4321.402924,23.08663177,8.341823578,4,64.29004669
5974,134.9423981,32.17475891,18.92605019,12.36327553,7.475279331,2812.458824,3,16050.40275,26.16148567,11.73297596,4,127.7630768
5975,47.20726776,35.44771194,19.45081329,17.10618782,9.010822296,175.3797364,3,19186.04656,28.09967804,14.36208916,4,51.18862915
5976,89.74688721,25.48363113,21.53263664,9.594446182,5.996739864,506.9153895,3,19577.9203,26.24654388,12.44492912,4,251.0779266
5977,56.27950287,29.05581093,19.49722481,8.472378731,5.911257267,4613.21086,3,7806.634478,17.83279037,9.867994308,2,91.84761047
5978,33.62051773,32.93759918,19.56277084,4.931578159,3.529657602,4193.838405,3,4768.653464,9.481164932,6.391133308,2,241.6156311
5979,60.92213821,31.37781334,18.25186348,8.376560211,4.529732704,5162.537492,3,18687.71481,22.61121368,6.75432539,4,138.2550964
5980,131.0453186,43.5046196,25.5038147,11.6000433,6.015771866,5229.964014,1,20696.97321,30.02487183,8.843143463,4,240.0183563
5981,125.7999268,28.42780876,18.69364357,9.299567223,5.922007084,5114.052184,1,20948.81708,32.29154587,7.722737312,4,253.848053
5982,116.6778183,29.5580349,16.75661087,10.87933445,6.137275219,7067.624407,1,8536.959457,27.7914505,8.696590424,4,121.0988464
5983,81.36501312,61.44646835,25.51999092,10.34804249,5.06951046,5895.351874,1,7477.083788,23.78840637,7.255385399,4,32.47119141
5984,195.5679016,32.23526382,18.07589912,10.03863907,5.597709179,5054.138734,3,6587.439151,26.11915207,8.094655991,4,205.07901
5985,254.5340271,35.73203278,23.96980476,10.77922153,6.791717529,4559.253623,1,6057.73461,31.29728889,9.006012917,4,299.3338623
5986,75.15933228,29.40752792,17.87641525,6.238437653,3.733052492,8589.232113,3,7999.623692,13.36269569,5.924256325,4,63.67979431
5987,70.29045868,29.18868256,21.85549736,5.453874588,3.076507568,4104.650523,3,29967.83292,17.70436287,4.976470947,4,46.07091904
5988,87.37584686,28.48380852,20.17969322,7.132492065,4.240207672,4697.026877,3,30917.13061,20.42876625,8.036470413,4,263.3455811
5989,112.0193024,27.55846024,17.86107826,11.66319752,7.344787598,2765.132625,3,17279.54022,31.14892006,9.30783844,4,124.6066132
5990,127.0711823,30.86938477,22.95267868,6.898056984,3.932437658,2479.814891,3,15324.29789,20.85642052,8.579920769,4,50.91883087
5991,293.5469666,29.38233757,18.66893768,12.23097992,6.889447212,2239.045789,3,19673.8447,31.83387756,11.04294777,4,165.6506653
5992,58.4483223,23.19326973,17.70089531,7.108482838,3.564911842,2059.632136,3,19622.53891,18.34352493,8.872341156,4,59.48976135
5993,108.0986099,35.09711456,21.6393528,8.545761108,4.732611179,768.4551922,3,26441.76473,22.02527428,6.729997158,4,46.8216362
5994,106.8842773,28.43310738,20.2687645,7.639763832,4.450230598,365.3806692,3,27002.75276,21.84502983,7.480226994,4,47.43664932
5995,116.1048737,32.66423798,18.90775681,11.79490757,6.483864784,2659.340243,3,17850.20684,28.44327545,10.39553356,4,113.8588715
5996,81.59358215,33.18782043,17.83821678,5.73938179,3.250534058,3252.871971,3,3890.027535,12.48709679,4.660098076,2,280.2078552
5997,77.03186798,29.58264923,17.55116081,5.579792976,3.618949652,2837.051714,3,4022.290521,13.50004578,4.385014534,2,264.1439819
5998,105.8388214,33.85642242,18.38874245,9.917036057,6.055640221,7136.817672,3,10656.2551,22.48842049,9.814644814,4,230.7684631
5999,83.97503662,32.24185562,26.3540802,10.31636715,7.37528038,3209.774031,3,23230.4916,29.63815308,9.623796463,4,317.2803345
6000,138.1994171,34.00630569,27.36214638,9.004193306,5.712813377,2552.372537,3,23892.12545,26.32159996,9.062730789,4,245.6968384
6001,201.3363495,25.65520668,17.77153015,8.282040596,5.895442486,2284.051588,3,24687.38762,26.83531761,9.03033638,4,240.2338562
6002,112.7259064,48.08735657,23.37791061,11.13940811,5.500824451,3075.104071,3,16453.89351,24.04449081,8.39247036,4,309.5688477
6003,125.3386536,27.10063171,15.9415741,10.04290009,5.537352562,2543.472415,3,17041.57919,28.21604919,8.409262657,4,275.1944275
6004,111.7706604,28.86773682,16.45320511,9.46334362,6.315822601,5100.896944,1,18839.8342,29.82605934,8.370091438,4,260.7714233
6005,85.66483307,33.59198761,18.25863075,10.37195778,5.779974937,2411.213021,3,3918.398612,27.53319931,8.410193443,4,109.3348083
6006,74.94612885,26.41143417,16.19678879,7.08994627,3.907636642,2240.749772,3,3564.600938,19.99346352,6.346369267,4,257.5175171
6007,92.73569489,28.82119751,20.82387924,4.845515251,2.730970383,6405.14128,3,6158.136774,13.03866577,5.2192626,4,276.8770142
6008,144.1442719,35.91545486,26.83441544,7.455224037,4.631931782,5466.98949,3,13208.50386,22.82924461,9.331965446,2,36.70285416
6009,149.9330292,23.03793144,17.22355652,7.388312817,4.609652042,4718.260303,3,14105.52047,23.12374306,8.043169022,2,266.257019
6010,153.0090027,34.7954483,18.95038986,10.96914864,5.409489632,815.2555512,3,26096.07258,24.39580154,8.466815948,4,160.2405396
6011,114.5970459,24.97463799,17.0202198,7.411115646,4.530088902,1982.924537,3,28504.52358,23.06952667,7.056604862,4,80.18588257
6012,120.8337173,31.36274719,18.67617798,11.39213181,6.345132351,5660.731096,3,19872.37819,30.19607162,8.994383812,4,195.3128204
6013,148.4099579,26.5384388,16.50892067,9.342815399,5.28875351,6113.965256,3,11962.19167,22.09672737,8.666294098,4,102.9946136
6014,138.2677612,34.06594086,24.96568871,10.1805687,6.351960182,6015.721521,3,12347.358,29.02669334,9.833656311,2,326.664917
6015,145.5354004,30.63200951,18.90843582,9.982985497,5.612894535,369.3521056,3,18681.93451,28.48543739,9.103897095,4,67.30455017
6016,94.44761658,29.40067101,17.8269558,9.311215401,5.342168331,3701.929409,3,30006.32854,24.00919342,8.269633293,4,146.7339478
6017,74.76553345,21.74416161,12.63681889,6.445574284,3.87092042,4199.066252,3,8356.807998,17.56929588,5.887854099,4,86.32356262
6018,60.49879837,35.58331299,18.66760635,10.46517658,5.717146397,5562.59028,3,20000.91396,26.72664452,8.712288857,4,127.8866272
6019,108.5751724,29.5679493,17.25723457,5.766037464,4.027263641,7194.799481,3,6750.446232,14.63489056,6.591460228,4,239.5344543
6020,49.12980652,32.17699051,24.51231194,7.393637657,4.22285223,5928.992469,3,31751.56663,18.85133171,6.246343613,4,63.43494797
6021,60.66314316,23.68041801,18.56391525,7.975383759,5.835427761,1150.006247,3,22041.76033,22.82669067,7.866277695,4,278.0596924
6022,77.01838684,38.29523468,21.4092617,6.749849319,3.955809116,122.9902322,3,8794.709337,16.50781631,5.927237511,4,316.5275269
6023,95.00571442,28.69470978,16.98342896,8.329715729,5.252819538,6943.572457,3,10963.28224,22.11380005,7.60435915,4,226.8476105
6024,55.87726212,37.66295624,22.20627594,12.02881622,6.563904285,272.1597933,3,19471.30458,23.41931725,12.60666847,4,225.9877625
6025,124.9599609,26.47805023,16.53726387,9.616898537,5.576962471,2488.023066,3,29053.493,25.79709816,8.885113716,4,184.5141144
6026,90.10791779,36.5733757,17.71257973,10.17788696,4.634834766,1515.565085,3,22293.64528,20.7998085,6.922562122,4,201.6147766
6027,35.79384613,43.08314133,18.05440712,12.3026371,6.656702042,1025.094792,3,22279.8927,18.0280304,9.1546278,4,130.6012878
6028,163.190506,27.52217293,16.73805809,8.411507607,5.126619816,4295.249725,3,17304.81831,27.36292267,7.360181808,4,69.05986023
6029,22.21562386,26.33179474,11.37366581,5.925162792,2.24282074,5259.754122,3,18351.89899,14.2903204,3.066524982,4,138.690918
6030,132.4035645,25.94688988,18.11630249,8.145830154,5.515640736,4073.950486,3,21241.79406,28.09706306,7.721131325,4,75.24362183
6031,111.363205,38.21167755,26.64317894,10.12405396,6.575185776,116.1687,3,19118.17282,30.64323616,9.85317421,4,38.07278061
6032,68.1819458,30.37613678,16.70262527,8.482115746,4.678625107,3043.135572,3,4009.165517,17.37738037,6.791287899,2,187.1250153
6033,78.61695099,32.9062233,18.11616325,7.800343513,4.401256084,333.9333078,3,1628.882586,18.84183502,6.610329628,2,169.9920197
6034,126.3934708,33.22130203,18.81278419,9.566821098,5.156291485,5366.535271,3,19563.16375,27.54730225,8.387823105,4,102.4649353
6035,16.52718735,39.13302612,25.76840591,7.913067818,3.119550705,1513.71862,3,18979.8742,18.19880104,6.960421085,4,107.0028534
6036,193.03479,28.64036369,18.10784149,12.21777248,7.140609741,1677.990528,3,15410.97099,31.39528465,11.01286697,4,138.8785248
6037,121.6202545,25.65242386,15.55898285,9.052375793,4.931653023,2399.930967,3,18295.67358,24.69361877,9.425415993,4,217.0106812
6038,165.1591797,30.99479675,16.36298561,10.91402912,5.458823204,3995.10967,3,12726.54651,29.16373253,9.107007027,4,180
6039,87.54645538,37.71223831,20.03188515,12.24050045,6.375025272,2207.751815,3,21965.81407,24.05860901,9.146203995,4,119.6921616
6040,102.3247299,23.46381187,20.05238152,6.436228275,4.25165987,5878.474312,3,32226.45048,22.07859802,6.498115063,4,67.75097656
6041,42.54684448,34.53432083,17.7820797,6.024589062,3.981793165,380.0228882,3,25809.17785,12.86871815,6.983318806,4,167.5904388
6042,56.35510254,37.58080292,19.05868912,7.387379646,4.338386536,4104.669029,3,8356.431974,15.16646671,9.87128067,4,143.1300964
6043,61.54655838,25.89379501,18.5485878,7.612426758,4.860161304,666.5397596,3,7929.72578,16.56556129,9.306326866,4,77.13427734
6044,156.2931366,29.01395035,17.4352684,11.06142998,6.31222868,3783.216563,3,13173.71407,32.53501511,9.166595459,4,161.5650482
6045,83.74859619,31.31443787,22.82737541,7.924816608,4.712627411,8230.539268,3,8606.613162,21.32405472,7.277952671,4,41.30846024
6046,84.06056976,27.5691185,20.98385429,12.6485424,8.122268677,2583.93028,3,22460.88376,31.81433105,11.23301029,4,123.4861679
6047,16.69269753,62.47119904,21.76515388,3.90661931,2.012047529,4760.777626,3,7676.84682,6.487856388,3.090885162,2,115.5045013
6048,56.2085762,30.62422943,17.58464622,8.224794388,4.482651234,816.6100642,3,2620.504728,21.12074089,6.793739796,2,54.6609726
6049,163.7381439,30.42782593,21.18926239,8.666246414,4.875501156,549.4620436,3,3953.194389,23.46561432,7.732946873,4,298.628418
6050,31.08892822,29.76727486,23.93212318,6.882068157,4.144631386,484.8033127,3,2968.500193,16.53051567,7.522791386,2,252.937149
6051,9.01594162,47.24991989,21.15826607,5.717702389,3.457502365,369.8094744,3,8271.445301,8.777029037,5.141807079,4,320.1944275
6052,138.8990326,26.5710144,15.03425407,8.770655632,4.901349545,3548.26138,3,20773.99148,25.0804348,8.510126114,4,193.0767212
6053,121.5450134,26.12940407,16.36174011,8.597470284,4.845705509,1133.933407,3,18230.47899,21.51996803,8.614531517,4,149.8425446
6054,76.12411499,33.55139923,18.913414,10.40004826,6.059085369,153.9950231,3,17217.72051,25.3977375,10.81651974,4,219.5307159
6055,78.22750854,24.39162445,17.96349335,5.840258121,4.196215153,8225.73186,3,7609.440847,15.42578793,6.224437714,4,95.60144043
6056,86.31912231,43.69743729,27.79174232,7.647903919,4.739794731,4975.106302,3,31295.00286,16.0629406,7.502638817,4,58.49573517
6057,70.25939178,29.46196175,20.52728462,6.259459496,3.797358036,5452.514642,3,31807.00672,14.03060722,6.075021744,4,290.8133545
6058,52.04104233,30.99041176,17.89040184,6.140480995,3.980401754,371.8565252,3,25222.75979,12.5871067,7.200554848,4,187.1250153
6059,40.08610153,24.67570877,14.77911472,4.80440855,2.526331902,4524.316338,3,5219.121778,11.53382683,3.532027483,2,91.19816589
6060,58.19587708,32.24979401,18.20056152,5.675658703,3.818801403,3632.711476,3,4643.591267,11.42176151,6.297719479,2,237.6141968
6061,99.05749512,28.6578598,17.25980949,6.178538799,3.463135481,2350.980601,3,11468.1839,18.54888535,5.069812298,4,264.0938721
6062,142.0980682,33.96144867,22.289011,11.52152252,6.92975235,5588.345062,1,20253.46558,33.14954376,9.001200676,4,276.7857971
6063,86.61372375,37.90882111,24.84546661,9.825868607,5.620633602,386.9655728,3,17518.77665,22.37446594,11.77574444,4,49.08136749
6064,102.6763687,27.55656433,15.7289772,7.306353569,4.196194172,2673.520536,3,3183.646876,20.06020164,6.598551273,4,154.1790161
6065,76.51574707,33.84259033,17.36281395,11.17430973,5.507628918,2330.653618,3,22126.2795,28.44219208,8.041442871,4,226.1947021
6066,100.3834229,30.34841919,23.12691498,8.741315842,6.170842171,2765.613013,3,22816.51298,26.20472717,8.027170181,4,287.3869629
6067,129.8765106,28.49905968,17.02810287,8.721802711,5.143768311,1527.773244,3,27899.699,22.18193054,8.352771759,4,210.068573
6068,151.9639282,30.03033829,19.20803261,11.85551739,6.556102753,1741.531925,3,10965.57061,27.42577553,10.34533978,4,171.0694122
6069,70.53497314,29.51586342,21.47682571,5.907394886,3.48685813,4406.94572,3,5533.376057,14.94558811,5.406888962,2,59.03624344
6070,80.81850433,32.35365677,19.88084984,6.588225365,3.799909353,164.9202919,3,8800.583626,18.19356537,6.38382864,4,254.4454346
6071,60.49068832,50.94528961,25.68007278,6.220926762,3.158117294,927.6056706,3,9498.238223,13.5627861,5.367073536,4,51.77630615
6072,66.20046234,27.9584465,17.13908577,6.991654396,4.134862423,1808.288427,3,10415.61466,18.05056381,8.480009079,4,242.6501312
6073,81.34519196,33.44313049,17.90312004,12.40766621,6.83227396,4806.129908,1,18178.85353,31.05299187,9.276479721,4,61.35238266
6074,59.20294571,31.72762489,22.6131649,10.99380779,6.42196703,1916.468213,2,3410.130951,28.00347137,10.51431465,4,99.99542999
6075,135.9386597,35.75879288,18.10480881,10.14989567,5.410419464,4053.212655,3,15302.44931,22.24902344,7.174898624,4,68.29456329
6076,118.6751709,28.33881187,16.28488541,10.87737656,6.873809814,4615.444822,1,18518.58376,31.9472332,8.959972382,4,254.7448883
6077,124.2916946,25.10233307,14.30823517,9.964935303,6.887734413,855.4049645,3,18209.77559,29.72992897,9.275904655,4,76.16197205
6078,108.9085846,26.51092339,17.4754734,7.187153339,4.194596291,4351.295841,3,4269.919273,21.62169075,6.186975479,4,263.7843628
6079,90.85108185,36.14640045,24.85882187,7.400346279,4.261646271,3857.537562,3,3857.571813,20.50492668,5.31530714,4,330.7086487
6080,112.1763382,32.43871689,24.28660011,6.604607582,4.771310806,5640.810359,3,5037.336735,17.49028015,10.23049736,4,302.0740051
6081,58.01831055,31.26790047,23.04454231,8.289068222,5.61464262,388.6667364,3,19830.51244,21.80576706,13.60446262,4,200.5560455
6082,103.2277679,26.99862671,15.70990849,6.979783058,4.025878906,5838.400369,3,32010.28816,18.75651932,5.898486614,4,125.3256607
6083,15.87421989,41.2661705,17.99761581,8.168937683,4.542051315,247.0439884,3,25981.48821,11.75111961,6.182229996,4,180
6084,64.56381989,31.14767265,19.34088135,6.771361351,4.835079193,338.06209,3,8295.952118,15.02184868,8.07998848,4,276.34021
6085,28.83831787,37.14944458,18.75056267,5.558522224,2.954673529,6250.849671,3,5901.957591,12.20681381,3.8536098,4,298.3007507
6086,99.1401062,39.71126938,28.74640656,6.764966965,4.004812241,6135.376374,3,5537.281148,19.5069809,7.786327362,4,40.9974556
6087,53.73069,24.49056053,15.36625862,5.769848347,3.537053108,7801.713173,3,9284.798465,14.14943504,5.4729352,4,39.43741608
6088,107.2440796,47.57886505,29.00221443,6.576175213,3.838960886,1493.594246,3,1734.322172,16.16987038,6.711007595,2,313.7999878
6089,49.84867859,34.84929657,23.07118988,9.481811523,5.789604187,1872.162494,3,3274.888975,22.69719315,8.385032654,4,280.8770447
6090,79.93338776,25.1301899,14.86864758,5.712008953,3.080077887,2076.965174,3,3144.961928,16.93218803,5.026553631,4,254.0546112
6091,103.7755814,35.14673233,15.52695084,15.50119877,7.852725983,2040.558153,3,16840.50313,31.41808319,13.79420757,4,117.5633774
6092,80.68154144,23.3495903,16.72531891,5.130835533,2.89308548,6489.010232,3,5997.673734,16.39036179,5.783658981,4,243.901825
6093,148.8881531,26.01250458,16.16322899,8.793691635,5.320551872,2281.667993,3,18842.85078,22.95492172,8.671205521,4,90
6094,70.74865723,29.93634033,18.22199059,9.066649437,6.2410326,917.620734,3,7748.564728,16.65823746,8.60751915,4,80.74783325
6095,147.1501617,32.69285583,17.36831856,9.54052639,5.126231194,4564.794792,3,17594.683,25.50895119,7.32485342,4,169.5007629
6096,229.4730988,28.63495255,18.07138062,11.89324951,7.505572796,737.5342758,1,16382.36875,29.28122902,11.88919735,4,282.7712402
6097,85.56218719,34.13582611,18.57605362,9.37996006,5.720628262,1844.903553,3,21452.68236,23.47463417,8.140901566,4,85.04972839
6098,36.59901047,33.7291832,18.74596786,6.477394581,4.350856781,23.66859972,3,26315.37825,14.91797161,6.010482788,4,54.30185699
6099,23.02519798,48.65186691,27.9068222,6.152813435,3.501852274,1341.002449,3,9938.761907,11.28606129,4.291713715,4,39.65457153
6100,39.11568451,28.3334465,17.14532089,7.936264038,4.57599926,1867.860943,3,10447.45575,16.90662575,8.966684341,4,220.2363586
6101,107.0793381,33.33071518,17.01230812,10.51224709,5.755876064,4475.063839,3,17981.39677,26.42374802,8.821675301,4,129.4724579
6102,102.9561005,46.97635269,27.71107292,12.96308517,6.954904556,1966.425683,3,16937.05654,30.33555031,10.89925194,4,319.2086792
6103,76.49481201,31.24738121,20.62485886,5.626498699,3.356429577,5542.420622,3,6868.468425,12.65520954,6.413297176,2,190.0079803
6104,41.7427063,38.11904907,20.96551895,11.52999687,6.405050278,7703.579719,3,9966.839294,20.32288933,10.98372459,4,155.0560913
6105,55.6344223,59.08274841,23.91137886,10.04477596,5.431736469,7602.713577,3,9823.81008,19.54569435,8.398050308,4,34.69515228
6106,123.11689,36.32331467,19.04657745,9.479849815,5.480955124,1160.736929,3,20670.99536,21.50704193,9.211992264,4,165.068573
6107,46.18132401,33.3885498,20.15732193,10.82579422,6.893547535,164.0503341,3,26436.04746,19.61058807,12.10522652,4,129.8510132
6108,71.64779663,49.10679245,28.8866291,6.79895401,3.972042561,242.6634269,3,26116.07291,17.45179939,7.66630888,4,330.6422424
6109,118.3564606,23.69005013,15.82106781,5.818768501,3.556389093,2742.98017,3,11460.79886,19.71513557,5.627707958,11,251.9657135
6110,128.6486359,31.66917801,18.80517578,9.885896683,5.504767895,7460.863714,1,9748.064532,27.09932327,8.69777298,4,118.8768692
6111,177.6387939,28.82327652,16.28980064,9.766923904,6.186303616,2078.656189,3,17041.29297,24.05044365,8.586183548,4,170.2724304
6112,117.7504272,29.21809387,17.64127541,9.46827507,5.27196455,786.7903402,3,12050.86731,23.7359066,9.376294136,4,203.928833
6113,114.2785568,36.58022308,28.34780121,6.697230816,4.432264805,1866.255461,3,5101.158313,19.52272415,5.747218132,4,64.70797729
6114,58.91462708,34.74235535,19.48722458,7.51073885,4.254730225,718.9819267,3,9316.565059,17.00980186,6.134625435,4,78.69006348
6115,56.98497772,29.76830101,17.65970612,6.307229042,3.861344337,1808.132327,3,10304.63988,13.89434052,8.556074142,4,275.7105713
6116,37.28890228,32.25470352,15.32075405,9.658382416,6.436014175,1954.893175,3,10496.13664,18.19743729,9.714190483,4,306.9868774
6117,273.4930725,27.08459091,16.53055191,10.22467422,5.722524166,2403.889318,1,19739.78213,35.25569916,10.31943321,4,59.8986969
6118,63.52009201,27.76233864,17.44261551,5.519252777,3.057821274,7304.914934,3,6756.813346,13.1304493,4.570153236,4,308.65979
6119,101.8087463,28.49800682,17.9527359,5.295111179,3.142426729,7652.896579,3,8178.339001,15.70455647,5.210629463,4,67.75547028
6120,163.9794006,25.76980972,15.51388741,7.35896492,4.179721355,547.0507708,3,3758.165077,24.10604668,7.191035748,4,240.3008423
6121,182.4337769,24.91844368,14.4737587,10.70425892,5.868279457,2877.698475,1,19950.0145,32.0279808,9.029314995,4,92.5138092
6122,112.0899658,24.22070694,14.84008503,8.757759094,5.159152985,5439.881739,1,10740.40792,27.95105553,8.330467224,4,238.1829681
6123,107.9402161,30.70952415,18.8559227,12.2382946,7.579722404,720.4544642,3,20244.03697,25.63636208,13.33280468,4,242.5712585
6124,120.6860504,29.85860634,17.98037338,7.662123203,5.347747803,762.873405,3,20212.91336,20.24507332,10.92424297,4,240.3314819
6125,124.3486481,36.64476013,19.04023933,8.360292435,5.806256771,985.3336391,3,21747.15995,16.67289734,10.35748482,4,163.2283783
6126,41.41065216,31.30301285,18.47178078,8.35093689,4.329244614,396.8085754,3,12513.79172,17.59114456,8.820590019,4,229.9697418
6127,87.52045441,23.53065109,15.77185154,9.120558739,4.840317726,7075.810778,3,10962.97834,23.51922035,8.558010101,4,189.2933044
6128,158.4958344,32.9143486,23.88738632,9.206120491,4.799201488,750.2624588,3,13645.09938,24.53034782,8.467101097,4,65.29756927
6129,88.97367859,29.34266853,16.62893486,9.545081139,5.23291254,3632.110489,3,8874.638215,24.7618866,8.659503937,4,106.3895416
6130,24.47724724,58.71142197,22.71220779,5.347459316,3.086301565,4455.75867,3,7970.287617,7.77720356,3.732006311,2,298.4429321
6131,32.0825119,38.55477905,25.79153252,8.992389679,4.939201355,245.6420928,3,2955.147089,15.68616486,9.34256649,2,251.2947845
6132,94.06801605,33.53041077,17.9522686,9.911008835,5.544281483,5098.412274,1,16776.71414,24.89266396,8.265680313,4,239.5965729
6133,109.7145157,27.63930702,17.31212616,10.52187729,6.458968163,7081.384996,3,8479.338159,28.71342659,9.232290268,4,121.6315613
6134,85.90705872,33.79169083,22.52246094,10.59983444,5.751612663,33.60190742,3,19442.97326,27.86465263,10.52557755,4,35.11201096
6135,65.71886444,30.15606308,19.51691437,11.68793392,6.251299858,961.7537472,3,11827.72709,27.78771019,10.80918789,4,167.2756348
6136,80.69412231,28.43083763,19.25960541,11.18818474,6.468453884,1117.824625,3,11632.39794,26.50713539,10.57092285,4,286.8762817
6137,53.54742813,40.85033798,19.40101814,9.933887482,5.657829762,4132.747154,3,15990.21038,22.46626282,6.844247341,4,137.1691284
6138,146.3629456,29.21143532,17.68675613,10.1092062,5.652194023,4338.59887,3,18813.84863,28.17321014,8.984927177,4,138.2158813
6139,4.142780304,48.72674942,21.26887703,3.473466873,3.76469183,365.6276133,3,19916.69253,4.427570343,4.389006138,4,258.6900635
6140,169.4857788,20.25485992,15.3479414,7.473917007,4.402059078,917.1239179,3,25819.23076,29.07308197,8.024478912,4,65.0952301
6141,88.18586731,27.35514069,16.8716526,10.29426479,6.148330212,770.1370975,3,27453.1451,25.06335258,9.429798126,4,168.8364716
6142,71.38729858,28.49493599,17.47809982,6.674179077,4.016420841,795.3348772,3,23953.59938,14.83268738,6.422633648,4,206.4388428
6143,88.65671539,29.25700569,16.36217499,7.74278307,4.55361557,42.13945987,3,1443.874695,21.38900566,7.573702812,2,247.1404114
6144,28.70375061,27.97225761,7.360914707,8.111790657,2.691542149,3019.863896,3,20325.11245,29.77348709,5.834301949,4,124.3507843
6145,77.16390228,39.17882538,28.8364315,5.141380787,2.939137697,7734.188634,3,7620.563138,13.63401222,4.653122425,4,43.40885925
6146,58.13090515,33.61127472,15.14906597,8.349656105,3.721062899,357.4878393,3,26834.70042,22.68108368,8.634514809,4,233.7461548
6147,111.7910004,26.4291172,17.45140648,8.108180046,4.584417343,3802.15911,3,30227.75307,22.65023994,7.814319611,4,62.1027298
6148,91.80839539,39.62343597,26.41957855,9.485337257,5.331932545,3927.67259,3,30623.15069,20.87847519,8.634970665,4,299.5268555
6149,54.82331848,29.14515686,16.03529739,6.916214943,3.98080039,491.3945685,3,22788.73037,18.06782913,6.430223942,4,126.0927811
6150,75.62230682,40.31473923,24.29977417,9.221043587,4.780679226,818.9456033,3,2401.735155,22.02449417,7.246323109,2,64.0319519
6151,64.27240753,29.70895004,19.83535767,8.710091591,5.127120018,184.4139909,3,17271.85559,18.37236023,8.660430908,4,105.672821
6152,155.9849091,25.97739029,16.70650482,8.445636749,5.126280785,6338.839854,3,9584.132105,24.74432182,8.472770691,4,88.26429749
6153,98.83729553,28.3079834,16.6168499,9.198339462,5.796545506,6948.303153,3,8867.417098,26.78495216,7.431732655,4,225
6154,89.67404938,48.8350029,26.23212242,7.835488796,4.265025139,7261.231491,3,8994.132628,19.08377647,7.080473423,4,35.39479446
6155,47.04142761,38.77304459,20.52081299,10.25146103,5.962015629,176.3325486,3,19711.48183,19.71286964,11.31719875,4,43.38645935
6156,88.2250061,45.42039871,27.89110374,7.204585075,4.107595921,2671.769543,3,11006.011,17.47358894,6.514184475,11,299.0546265
6157,74.83078003,29.37085724,19.49654007,7.355350971,4.234684467,739.5918597,3,1061.158896,21.05533218,6.605471611,2,315.5787354
6158,79.59464264,36.49020767,22.9100647,6.583537102,3.811961174,988.2492012,3,9470.852688,15.93723679,6.457085133,4,61.18226624
6159,122.9788666,29.51428795,16.98833466,13.00618553,7.594408035,4272.539086,1,16324.89106,34.16920853,10.67996979,4,264.3450317
6160,158.6886749,29.99729919,17.84410858,11.23899078,6.804384708,3915.085442,3,16072.34726,28.52376938,12.04527378,4,210.9637451
6161,167.3257904,33.53484344,20.47054482,11.08863544,6.44384861,4178.018323,1,19005.1793,31.13733482,8.986338615,4,271.1691284
6162,147.8257294,25.95674896,12.26290512,10.97528648,5.3492136,2664.946007,3,19803.31098,36.53561401,8.477861404,4,148.749054
6163,71.19806671,34.17449188,17.24881554,12.9604187,8.111183167,6560.194605,1,7938.025123,29.43383408,9.696370125,4,282.0626831
6164,44.25421906,56.63118362,24.89374542,8.23801136,4.163158417,1676.053062,3,2826.202339,16.43845367,5.835178852,4,315
6165,52.43506622,30.87327766,16.2971611,9.707077026,6.034842014,489.0865112,3,22568.06391,21.62867355,11.71549797,4,212.1809998
6166,53.67896271,32.04162216,18.68554878,8.923948288,5.401443005,280.3219122,3,1295.059291,22.3604126,9.414298058,2,180
6167,181.4558105,27.15447044,16.75715637,10.44362831,6.567292213,526.1188299,3,16470.66533,28.65485954,12.04649734,4,262.875
6168,182.9046631,23.06153107,14.43909073,9.603178978,5.921320438,315.0999535,3,25866.98467,28.18074608,8.915740013,4,103.5704346
6169,211.8148499,40.1423378,26.92836189,9.705141068,5.847944736,1148.284118,1,18082.8529,30.81587029,8.945960045,4,35.44570923
6170,126.5293121,28.58909988,18.03457832,9.645498276,6.212922573,3957.654563,1,12454.73167,29.30963326,8.620551109,4,285.8025208
6171,109.6910934,29.73485374,17.91486549,10.93975639,6.44711256,4913.674568,3,11293.14863,28.34861755,8.9355793,4,87.76882172
6172,77.00390625,23.52540398,14.30639553,9.077295303,4.687122345,1470.495414,3,2880.842068,24.77902985,6.39164257,4,248.82547
6173,50.57015991,25.18822861,15.2154541,5.323200226,2.819175005,7437.174094,3,6726.318789,14.44725513,4.623948574,4,216.8699036
6174,100.8184814,49.42742538,28.60641861,5.795208931,3.424718618,7343.050583,3,8087.46283,15.89204597,4.960348606,4,22.27323914
6175,84.56742096,27.91995621,17.41272926,7.464584827,4.800332069,7404.405879,3,8743.919098,20.45989799,6.7351861,4,61.69924164
6176,49.34649277,46.17424774,24.21070862,11.75483513,6.381664753,2441.059989,3,16447.03283,29.1066761,7.958301067,4,43.00144196
6177,92.77153778,30.2181263,19.60040474,8.835927963,5.746428013,555.9490669,3,26445.40893,20.94638443,9.1758461,4,262.0730591
6178,127.8295517,31.2429657,17.1258049,10.19065571,6.149001598,4277.895059,3,29803.29771,23.2849865,8.597374916,4,113.0851364
6179,116.2743454,22.74645424,15.67833519,8.053266525,4.967083931,5729.550626,3,32401.66679,27.19174957,7.370065689,4,230.3321533
6180,118.7542419,35.63727188,23.09351158,13.01806736,6.476403713,71.04282933,3,12970.71798,27.00367546,11.04452133,4,37.91133881
6181,55.16762543,30.87432289,19.91120148,9.663622856,5.532189369,3446.235994,3,8994.547018,24.50065422,10.49984169,4,141.8090515
6182,51.86276627,49.09892654,27.08927917,7.593013287,4.245913982,3926.472797,3,8501.625147,14.68188858,8.261652946,4,300.0686035
6183,62.66638947,28.13058853,16.04520226,4.915296555,3.598035336,5547.381363,3,6664.561539,10.39293861,6.270695686,2,245.1858063
6184,69.65930939,25.81460381,14.52350903,7.490635395,3.841634274,4438.228263,3,4113.978564,19.72097588,6.498085022,4,176.2472839
6185,128.9171906,40.77005386,26.89705467,11.6756506,6.447746277,99.75243853,3,12916.65672,30.02179718,10.62335968,4,39.55105591
6186,193.8938446,24.30501938,14.77762508,9.593868256,6.146974564,1802.238865,3,14943.3182,27.84441185,9.577747345,4,265.3279114
6187,229.7350464,22.79189301,15.2670517,9.062711716,5.41300869,2149.41386,3,14215.38059,26.75359344,9.35641861,4,181.8476105
6188,148.9907074,28.95590973,16.30933189,9.199584007,5.176735878,2675.692157,3,4332.045883,24.14230156,7.918109417,4,160.8068542
6189,99.97756958,28.08371735,17.13113594,8.022338867,4.836234093,1428.292772,3,2088.1275,22.93753052,6.7969594,4,156.3928833
6190,120.5799866,23.98104095,16.78266335,9.107265472,5.018905163,2331.288666,3,22803.08395,26.51216507,8.05753994,4,237.9918518
6191,100.6665649,25.19974518,15.70732212,7.839076996,4.610284328,3978.179878,3,30584.93248,20.94768715,7.197915077,4,94.76364136
6192,132.3033905,41.40649414,28.64539337,8.247355461,4.748431206,1439.31285,3,27919.07101,24.11672401,7.482205391,4,57.68038177
6193,30.63545036,48.35342407,27.64388657,7.293773651,3.794963598,276.9581263,3,26379.97046,14.52729607,6.148620605,4,302.6609192
6194,69.72795868,31.3986187,23.06565285,7.26288271,4.623574257,738.605553,3,26572.72743,17.01692009,6.25808382,4,271.965271
6195,70.46796417,34.8706665,17.99058533,10.40015507,6.715717793,1751.13351,3,18220.96649,21.38021469,11.28914833,4,129.0925903
6196,172.0427856,22.57428932,13.87314415,6.566865444,4.132551193,1845.717252,3,16914.35554,19.25762367,6.181289196,4,254.7448883
6197,59.34925079,33.05857086,20.48533821,9.018221855,5.826973438,1382.119093,3,7251.677032,18.75580215,9.225187302,4,110.9734955
6198,134.6055603,28.2150135,15.60135651,10.86881256,6.012280464,4642.078075,1,11497.07261,30.81716156,7.751764297,4,142.3860474
6199,85.13535309,29.83158493,22.78729057,7.27693367,4.214441776,5220.37522,3,4760.36075,20.11755943,8.097248077,4,63.62874222
6200,65.78256989,28.44641304,14.04066658,7.221123695,3.872055292,4691.150977,3,4298.3039,19.84175301,5.893735409,4,244.6329651
6201,55.67530823,38.01646423,20.01719093,17.44288063,9.441679001,2093.368726,3,22045.24582,30.64833641,14.5308342,4,136.8224792
6202,97.67450714,29.07872391,24.83186531,7.931826115,4.845505714,1915.292667,3,22254.16723,26.46307945,5.539320946,4,27.8972702
6203,133.1378632,27.22588921,16.71377563,8.812499046,5.225998878,1741.795417,3,10896.81943,24.04921532,7.283984661,4,286.2940674
6204,111.5481949,32.5477562,15.80092716,9.612607002,4.788629055,2396.574709,3,10064.40926,25.41825104,6.893684864,4,169.9082642
6205,43.67114258,32.77390289,23.57716942,6.188296795,3.563946724,793.6003633,3,7744.801153,12.91764355,5.688951015,4,57.60459518
6206,127.3659668,26.90754318,17.01285172,7.417048454,4.401092052,3027.275438,3,3119.160391,21.46874237,6.519845486,4,277.6333313
6207,142.5381927,30.71030045,16.87613297,9.315498352,4.996308327,3418.822216,3,3183.407949,25.14474297,7.676537037,4,212.4711914
6208,141.9011536,46.60908127,27.80653763,9.805930138,5.281991959,578.561151,3,18547.70354,29.09105301,7.528975487,4,47.72631073
6209,81.79203796,36.02187729,24.1498661,10.58335209,6.587984562,7.27629968,3,19423.52363,23.86278343,10.55364227,4,65.85717773
6210,100.0247955,26.40407944,16.74826241,9.550042152,5.466142178,1598.97399,3,17970.90258,24.37114906,8.6002388,4,274.2168884
6211,116.4266891,40.07056046,28.32235336,7.639724731,4.818421841,1854.266783,3,5122.386098,19.69936752,6.356919765,4,69.27444458
6212,123.08535,29.7697258,16.23392105,7.783050537,4.388326168,6853.919271,3,8893.520131,20.09051323,6.891481876,4,135
6213,77.10697174,35.75835037,20.67447662,10.79196358,6.316222668,7244.28219,3,9947.2293,23.71738434,10.06504536,4,70.51387024
6214,110.326828,35.75090027,22.36374855,13.08922672,7.588181019,2810.589017,3,16106.79285,29.34263039,12.94777107,4,75.29229736
6215,122.2187195,25.41810226,13.82743073,7.583857536,4.159810543,4701.609076,3,30196.70337,23.58039093,6.005611897,4,224.2559357
6216,123.1005554,26.26354408,16.84557152,7.815858841,4.460118771,5638.254508,3,31378.19967,20.57388306,6.630432129,4,165.7189026
6217,189.5569916,35.98331451,21.56944656,7.652929306,4.596104145,724.9414052,3,3886.961484,25.1237278,7.713040352,4,300.9299927
6218,65.03327942,30.60379028,17.87117195,9.275807381,5.122633934,1450.184945,3,3082.834046,23.18985367,7.781600952,4,157.0652313
6219,104.1825027,31.34065628,19.17239952,12.18688774,6.688034058,417.3779987,3,19114.35025,27.73085976,9.779540062,4,135.6665649
6220,50.0631485,39.27858353,25.89316559,13.05597496,7.398774624,98.25581283,1,19402.30957,27.27979851,10.55294132,4,325.6196594
6221,7.451132774,38.61608887,20.07952881,2.84849453,1.594775796,144.3449684,3,24727.77934,4.47947216,2.725551844,4,153.4349518
6222,103.8847656,31.29947853,15.73309422,6.176314831,3.546652794,1269.076475,3,19619.33256,14.09430981,7.214643478,4,174.8055725
6223,79.43465424,29.52633286,17.42192078,6.938056946,4.066346169,2480.871983,3,4437.966204,16.41340637,8.033576965,2,239.332428
6224,175.1362305,48.45647049,30.29853439,10.93174362,6.650975227,1897.747313,1,18820.67687,36.17235184,8.381009102,4,27.74488831
6225,58.49009705,37.62586975,18.83073997,12.32553291,8.371156693,1359.138512,2,2905.640351,26.99241829,11.30454922,4,115.2926483
6226,144.8434448,33.35414505,17.74478722,10.19178104,6.228597164,3271.805155,3,28674.4165,23.98312569,10.39400005,4,139.9354553
6227,106.9263611,29.96157646,15.86408615,9.490638733,5.089374065,5345.679029,3,30813.74153,23.71697807,7.617558479,4,135.3924103
6228,37.03023911,48.70238495,24.50020027,5.913471222,3.666438818,137.7825004,3,24734.80548,11.27388477,6.309157372,4,54.27260208
6229,7.662912369,41.65210342,19.99504089,3.305851221,1.938402653,262.0761946,3,24417.07018,4.660171032,3.449364901,4,135
6230,134.8837585,32.60182571,22.07846069,11.55152512,7.89578104,771.3495544,3,13718.49324,30.73238182,10.50730038,4,84.94377136
6231,147.4702759,45.92789078,23.4104805,20.01167297,11.39045429,3339.378073,3,15552.98262,43.08198547,20.10324478,4,119.0853729
6232,98.75474548,28.39649963,16.98068428,8.557990074,4.369988441,1113.114191,3,20783.12816,23.47133255,6.424678802,4,249.3070679
6233,116.3316879,31.50968742,24.56269836,7.206633091,4.108533382,348.9778509,3,25694.65293,19.33220482,7.162473202,4,37.64762115
6234,31.08113289,33.62159348,20.03343201,7.325847149,4.44227314,317.7322898,3,24084.65465,13.30617714,8.804034233,4,199.1556091
6235,34.64906311,35.61206436,16.60952568,5.310632229,4.098736763,137.3894671,3,23298.34728,11.19242477,9.634472847,4,180
6236,74.55755615,59.8680687,23.57205582,9.165570259,4.584943771,24.93218724,3,8642.526265,19.61615181,6.781897068,4,267.5827942
6237,103.8224716,30.26223564,19.32805252,7.481886864,4.271319389,78.89940536,3,8412.226351,19.91191483,8.120454788,4,253.8711243
6238,145.1577148,22.86014175,16.97235107,8.994762421,5.48517704,2253.750355,3,19315.71435,33.84548187,8.081428528,4,133.8876038
6239,134.3079834,22.49749374,16.06783485,9.12176609,5.611773968,1673.541858,3,24443.1258,27.13589287,8.475996017,4,180.424408
6240,45.96053696,31.72338676,16.0468998,6.278950214,3.341808081,2106.434163,3,5358.478022,18.09506607,4.633835793,4,67.16634369
6241,142.8683014,35.78516006,23.18527794,9.885910988,6.205545425,3697.6523,1,15974.75313,27.28786469,8.92375946,4,309.0938721
6242,180.4452362,29.46360779,18.4139328,10.03291988,5.764059544,4731.393538,1,19723.99059,27.24495506,8.253109932,4,156.2342377
6243,93.68904877,31.11497498,19.49027824,9.659285545,5.220622063,6931.159944,3,11202.95278,23.48716736,9.010642052,4,154.2306824
6244,84.85012054,32.02911377,24.92926788,10.03674698,6.562589645,6732.323956,3,10913.12596,27.16945457,9.587334633,4,320.7105713
6245,101.2784271,25.67290497,21.66837311,7.495471954,4.970948696,6644.24863,3,11130.2786,28.7414341,6.951159954,4,47.61750031
6246,148.947113,28.10264587,16.46725082,11.48744392,6.666790485,1117.301049,3,18222.71894,30.52371597,9.314147949,4,150.1751404
6247,120.8441162,33.00212097,17.74399185,10.57321167,6.413984299,700.7850319,3,25060.28303,25.80311775,8.380907059,4,111.1940536
6248,113.2924576,30.79863167,22.71784019,6.738856316,3.930947065,1447.325768,3,27568.22219,19.12380409,6.39819479,4,315
6249,126.1911697,29.27002716,16.25948524,9.665616035,5.27787447,2108.247488,3,27815.36065,22.46556664,7.79607439,4,181.1354218
6250,47.85012817,31.41301155,20.52178574,11.84901428,5.809268475,1780.844167,3,28506.76489,23.50090218,11.7452898,4,146.4336853
6251,33.16786194,19.61118507,10.32633972,8.581967354,5.912479401,2150.05761,3,19319.51734,22.5049305,7.202593327,4,157.6593628
6252,169.6559753,25.15745735,16.04049873,6.758881569,4.48262167,390.1916722,3,3553.715137,25.54926872,6.990440369,2,258.9531555
6253,40.62927246,26.70103836,26.53379822,5.906121731,3.476750374,1304.758458,3,4548.793648,20.27073288,5.527052402,4,64.7545166
6254,80.40726471,29.29811859,16.86909485,7.011008739,4.163987637,7082.552913,3,10775.81272,20.37772369,6.494971752,4,143.6156464
6255,18.06446266,68.90066528,19.31163025,4.369054794,2.753996849,63.37674727,3,24777.29987,8.49569416,5.739695549,4,63.21543121
6256,46.95236588,34.83914566,19.93083954,10.5201149,6.128350258,637.7052745,3,12089.662,20.33434868,10.73061085,4,231.3695679
6257,85.17079163,28.86309242,18.526371,10.40959358,6.638905525,2780.00392,3,9650.406056,27.85950851,9.12832737,4,129.2315369
6258,182.4772644,27.85337639,19.47813797,7.060133934,4.654397964,8.570648739,3,3215.448692,21.23959541,7.920707226,2,268.6677856
6259,76.93971252,24.89601517,18.02858734,6.244046211,3.751530886,2128.047467,3,10414.98211,18.81632996,8.595276833,4,248.1203613
6260,109.3460312,25.68067551,14.12038326,9.864706993,5.022947311,3698.950464,3,15050.8633,23.93687248,8.323696136,4,179.2151794
6261,117.263382,32.15379333,18.12451744,13.00441933,6.866768837,4147.356515,3,15480.22296,30.20390129,10.19664001,4,177.3539886
6262,115.0052109,25.39065742,14.77689838,8.407128334,4.893820763,3823.202578,1,12970.51073,30.98096466,7.293024063,4,229.4598999
6263,163.6720428,28.1388073,17.54681778,9.945441246,5.665324688,3649.006718,3,5107.381559,28.75312424,8.835654259,4,198.1130676
6264,22.22739792,34.81738663,20.8897171,10.6956749,5.842793465,1700.639729,3,21708.65898,22.91398239,9.497442245,4,126.135376
6265,96.91783142,27.66373062,20.04857826,9.902729988,5.93594408,1805.806524,3,21927.421,27.85227966,8.065074921,4,302.3913879
6266,187.3152008,33.41188812,25.67717934,6.607456207,3.635421038,1233.063542,3,25622.9268,19.73022842,6.70582056,4,75.35811615
6267,64.60916901,29.0460186,17.36110687,9.687285423,5.990283966,3079.312367,3,9346.7509,25.81520653,8.797006607,4,284.4768066
6268,29.33363533,34.11078262,18.68915749,6.964627743,4.511890411,5.194087602,3,1777.806728,15.26296806,5.660273552,2,184.6354675
6269,71.86737823,30.49782181,17.37721062,8.360379219,4.750067711,856.8623169,3,2220.452947,20.27771568,7.622943878,2,119.0775299
6270,55.44388199,33.20608139,19.95454979,11.50919819,6.779537201,3580.67016,3,15330.3514,26.08514977,10.00654125,4,155.1770477
6271,21.82268333,50.19500351,11.33027363,9.660110474,5.009984493,3750.904225,3,15571.96067,16.17451286,9.909776688,4,152.0491028
6272,78.43595886,29.53155327,16.00164986,8.562445641,4.351661205,6454.256514,3,12122.27241,21.33119392,7.391046524,2,194.0362549
6273,102.7316055,35.37566376,26.48314857,12.39475441,7.173882961,2515.29306,3,16440.15336,32.81614685,12.13325787,4,307.7697754
6274,35.22350693,26.26800919,18.17472458,7.682320595,4.548852444,178.5679572,3,23051.80459,15.01443386,10.13401794,4,163.3007507
6275,72.57128143,25.32109451,14.95604897,5.7129426,3.354124784,5131.223498,3,6501.021357,13.88809586,6.189150333,2,230.7516937
6276,106.3355179,25.42709923,16.6141777,9.314594269,6.000481129,1004.702033,3,2225.829414,28.46866798,7.140359879,4,234.7999573
6277,24.53248978,35.67523193,17.45709038,8.300471306,5.950571537,139.9035219,3,23600.73156,12.20989037,8.621413231,4,163.3278503
6278,4.660611153,59.58901978,20.87995529,2.801928282,1.488336086,21.59240147,3,23030.4758,4.364757538,1.91135335,4,86.18592834
6279,102.9979019,29.57101822,16.44712448,7.795592785,4.508862972,1362.479721,3,21319.07509,19.4942627,7.962953091,4,223.6491394
6280,111.2179337,36.6595192,19.1117363,10.45391655,5.230261803,2149.581428,3,10302.06639,24.40523338,9.214456558,4,78.05197144
6281,116.4367752,32.84357452,17.13071251,12.36463928,6.94111681,1748.196959,3,10694.65496,29.92023468,9.30355835,4,207.9430237
6282,86.11854553,32.24002075,18.70545959,10.02772427,5.5514431,787.8004138,3,2550.583328,23.20898819,9.57681942,2,171.0273743
6283,78.93128967,41.41744995,26.86973763,7.799735546,4.36520052,492.237047,3,2713.039398,19.38859749,6.201209545,2,305.7889709
6284,204.730957,30.1780529,19.03405952,10.71206951,6.867310047,1882.217824,1,14025.46455,28.6013279,10.17385674,4,295.4268799
6285,129.6488953,23.66193008,15.22236824,8.499345779,5.311095715,4281.535597,3,11666.45143,28.51888084,8.840165138,4,88.5090332
6286,141.3502502,29.84622002,16.60919952,9.795137405,5.695449352,5318.99807,3,10066.7192,27.26783371,9.482603073,4,218.3865356
6287,128.5703583,25.35733986,15.75499439,8.963540077,5.570376873,6018.513797,3,9408.097876,27.06651878,8.776374817,4,96.52281189
6288,60.51480103,34.45703506,15.99697495,11.55487728,5.860831261,1680.189925,3,3331.541076,25.98862648,9.30110836,4,121.4845734
6289,111.4851074,38.9331665,27.06056976,8.714096069,5.761944294,1025.761914,1,2684.145252,27.229002,7.693391323,4,45.63659286
6290,109.4120026,33.90906906,22.98324585,9.158520699,5.768557072,461.7844549,1,2060.675623,27.36588669,8.054347038,4,68.64689636
6291,93.35114288,32.07907486,24.43221664,6.844909191,4.408971786,6374.05755,3,5495.036739,18.91631699,8.611793518,4,53.41793823
6292,74.83358765,27.01166916,19.56274223,6.37804985,3.719027758,6820.726922,3,5897.642754,17.71063423,7.192646027,4,289.8552246
6293,84.83674622,30.75359535,19.89889145,9.80284214,6.030974388,6754.158799,3,11656.36228,24.99207115,9.077321053,2,237.7060547
6294,126.1972198,28.18199921,18.17842865,7.740864277,4.740141392,3678.870208,3,29020.2838,22.73332024,7.899596214,4,235.1246643
6295,39.75455093,68.94922638,20.34060097,9.746523857,5.334708214,57.08195243,3,1938.296285,21.55450821,6.446568966,2,341.7749023
6296,58.90512848,26.83670425,18.00992584,6.693171024,3.65221858,637.9173256,3,2475.797713,19.39391899,6.063113689,2,72.95097351
6297,90.24079132,44.44141769,26.39964104,6.222030163,3.641376495,1395.562609,3,9556.381021,15.60608673,6.640097141,4,69.2947464
6298,274.1493225,26.62761497,16.4041748,9.433490753,5.83938694,2309.624943,1,12912.65343,29.5131588,9.347287178,4,280.4783936
6299,102.2071381,33.71655655,16.69869232,9.200731277,5.070396423,4383.358891,3,5821.50039,25.17654037,7.276270866,4,185.2422485
6300,36.57820511,30.08965111,22.14939499,10.80472755,4.799396515,6918.097573,3,10347.41561,19.26805687,8.733767509,4,164.3671875
6301,162.9452972,24.39719582,15.40706825,10.310606,6.129420757,1942.067784,3,17137.75465,30.24945259,8.010015488,4,112.1094513
6302,33.32860184,49.32979202,24.88521576,5.642045498,3.626004219,361.2767152,3,23893.20738,9.445363998,5.992986679,4,45
6303,52.72921371,34.01128769,19.79687119,7.251418591,4.800033569,464.6891489,3,22449.82172,14.99165249,10.54572487,4,202.2175903
6304,7.979157448,50.67263412,23.5065155,4.06572628,2.136886597,73.00380655,3,22835.1285,5.222540379,3.017487049,4,61.69924164
6305,89.53439331,31.11664963,17.44197464,7.08623457,3.863392591,1260.68437,3,19175.86874,15.16923809,6.806521416,4,182.9618073
6306,83.04047394,39.81138611,23.66875076,7.150409222,3.897732258,982.8356994,3,1400.876885,17.22698021,5.879364967,2,274.1610107
6307,78.24120331,39.34616089,25.47222137,6.666185856,3.667947531,1687.818782,3,61.95077229,16.57812119,5.632628918,2,300.9637451
6308,111.6101074,28.47300148,14.3385458,10.13336563,6.105996609,3504.38372,3,14657.03865,20.31425285,7.445399761,4,64.59342957
6309,173.4645996,40.70969009,28.01371193,11.64128304,6.47486639,2325.507817,1,19138.00524,34.20585632,9.101322174,4,305.1158752
6310,69.26932526,28.69204521,18.34488106,11.12863255,6.853765488,7111.454355,3,8427.014899,31.13546371,9.07460022,4,141.7795715
6311,47.10730362,54.83586502,28.95264244,8.666547775,5.759082317,1460.428558,1,3110.36897,26.18707085,7.620076656,4,346.3902588
6312,86.85169983,44.1046524,27.14646912,6.780616283,4.456318378,417.8810473,3,24572.64094,14.54585934,7.398100853,4,42.52514267
6313,157.5901947,25.0422039,16.86821938,8.617061615,5.103405476,1375.666771,3,16403.40344,23.38245583,8.018490791,4,92.69780731
6314,178.8917389,28.62267876,16.29881477,9.331248283,5.319039345,1248.728367,3,15212.4554,25.79740334,9.232317924,4,211.2890778
6315,104.3094788,29.16320801,18.56954384,5.85103941,3.251829624,1941.794642,3,10018.12558,15.53102016,6.786301613,4,293.617157
6316,147.7894745,47.0231781,27.75879669,10.52596378,6.061175823,5467.706814,1,6729.135305,29.5989418,8.167961121,4,278.6832886
6317,120.7892685,30.55109787,18.71510887,10.40935898,5.806657791,5535.813134,1,6889.010197,28.28440666,8.662302017,4,209.5387878
6318,98.03456116,50.66140747,27.39365578,8.539092064,4.865221977,6334.168619,3,10008.07877,22.16464043,8.502373695,4,315
6319,65.753685,37.70687103,28.23173714,9.793597221,5.95456028,1875.925502,1,28569.60633,27.55634689,8.104870796,4,331.4292908
6320,169.6038055,26.3321228,15.30765343,8.845580101,4.832960606,1435.304466,3,15904.48362,23.83325195,7.774065018,4,195.8747864
6321,169.2666168,28.25598145,15.40181255,10.48940372,5.859967232,1125.382764,3,15530.4668,27.13877869,8.632074356,4,118.0724869
6322,191.3023987,23.13643646,15.44540787,6.379767895,3.908423662,2163.161868,3,5283.375736,19.45119858,7.289479733,4,100.8640594
6323,39.60080338,40.25282669,20.68980789,10.03103638,6.377744675,3407.642871,3,15304.64027,21.83503723,9.0169487,4,304.4696045
6324,150.9559326,29.30038071,18.05042267,11.12721348,6.660877705,3936.913515,3,18215.96359,29.4107399,8.947992325,4,218.1572266
6325,50.10014343,43.90439987,28.32924843,6.764469624,3.888444662,7475.225043,3,6571.884054,15.16721821,5.559302807,4,315
6326,106.7170486,35.76659393,24.29818153,8.321469307,5.006269932,2778.187548,3,29470.75562,25.06045723,6.891170025,4,45.55090332
6327,120.2659378,30.78722191,20.49195862,10.43631172,6.175853252,2236.209839,3,28839.39799,27.95932388,10.14928436,4,285.316864
6328,16.21676636,55.55318451,22.42464066,4.345824718,2.58596468,314.6405534,3,23525.1998,7.291063786,3.543702602,4,80.53767395
6329,120.3686447,41.59698868,29.65945435,7.914190292,4.619102478,1528.820442,3,4724.499632,21.27663231,6.540372849,4,45.93918991
6330,54.97595978,30.41576195,20.10715103,8.188616753,4.782988548,6731.183512,3,9763.623827,18.85085487,8.457660675,4,138.1798248
6331,43.07270813,42.14562988,27.23245239,11.45462704,6.814396381,6813.814929,3,10606.52886,21.91512299,8.868540764,4,34.99201965
6332,113.0886536,27.1884594,23.69862938,8.103707314,6.404511452,6123.661542,3,10435.30521,24.29602242,9.806013107,4,299.6138306
6333,87.49291229,30.78079987,18.21009064,10.7156868,6.151289463,3456.784578,3,8959.716023,26.32048988,10.5048027,4,196.9754944
6334,76.41915894,31.93008423,17.77780533,5.194853306,3.6022439,5047.209085,3,6580.048593,10.31285572,6.02116394,2,253.810791
6335,78.8403244,30.11764526,16.58534813,5.039937019,3.793180466,5033.031257,3,6755.864992,10.33036041,5.504836082,2,264.9179077
6336,81.69286346,28.04956055,18.42938805,5.675171852,3.35402441,3077.597843,3,5432.625249,14.30354404,5.515526772,2,65.32313538
6337,112.5789185,27.11362839,17.17023468,6.973674297,4.004000187,1342.25915,3,751.6369702,18.63792992,6.36988163,2,225
6338,177.2781677,24.56380081,17.6876545,8.597589493,5.501417637,4596.050434,1,10671.41368,29.47564507,8.025617599,4,69.72254944
6339,120.6545029,26.35409546,15.77028179,9.082560539,4.860840321,2270.659452,3,3840.735936,23.88535881,7.104652882,4,132.5804901
6340,110.7800674,23.99737167,14.98391342,6.328915596,4.029012203,4249.61505,3,14618.99636,22.26242447,9.06873703,4,234.8425598
6341,97.83748627,24.52723503,17.8390274,8.260513306,4.693103313,4915.747314,3,13935.0392,25.53906822,6.630260468,2,237.8042603
6342,224.9145813,33.06167984,20.83648491,12.02084541,8.437353134,1668.34603,3,17717.31544,28.72716522,11.63731384,4,63.02390289
6343,108.1882324,18.92976189,15.09349632,8.195949554,4.93505621,4896.680764,3,32517.3615,26.0893364,8.514651299,4,197.2414551
6344,45.54283142,30.20620537,18.76711082,9.123196602,5.149656773,788.722262,3,26872.56604,24.96829033,6.792486668,4,57.87831497
6345,79.34911346,35.18956757,21.45530891,10.41527271,6.133725643,1500.435911,3,27506.32129,25.4478054,9.07129097,4,95.19442749
6346,77.59052277,26.12734032,18.41318321,7.013223171,4.114327908,1232.722483,3,4476.122498,22.29301643,6.768742085,4,74.0944519
6347,127.9872208,28.16856956,15.22537518,9.413299561,5.00022316,2892.613554,1,19806.08544,29.49650574,7.652136803,4,135.4407043
6348,112.9974365,27.91460228,20.72058105,7.303855419,4.548169136,2262.241665,3,3730.898856,20.06742668,6.638796329,4,55.71312332
6349,91.18862915,32.33057404,24.85051918,6.934091091,4.403069973,1487.451057,3,2945.800997,18.78682137,6.626645088,4,77.73522949
6350,86.86078644,33.41965866,19.21007347,11.73917198,6.528689384,989.2184846,3,20917.58642,24.25911522,10.92092609,4,160.7336731
6351,144.0487976,25.44516754,18.53966904,8.905398369,6.263577461,1084.923592,3,21266.6387,27.31198692,9.620080948,4,309.95755
6352,149.5017242,27.25669861,16.5464344,10.67412567,6.132159233,1026.552445,3,14788.06452,26.11609077,10.02086639,4,96.72292328
6353,151.1425629,25.61242294,14.72995186,8.606933594,4.846035957,1193.002432,3,14421.79478,27.78943062,8.107328415,4,191.7251129
6354,138.5202484,26.91026306,16.12508965,10.33695602,6.603323936,3457.860574,1,4885.215541,32.23365784,8.68435955,4,281.3099365
6355,266.6716919,44.26937103,27.34277916,10.71393967,6.082121849,1188.769889,3,18196.12069,24.26560974,9.040654182,4,289.2900391
6356,75.45496368,26.69916916,18.04830742,7.150816917,3.98030138,4431.065489,3,31872.69832,18.62698364,7.085656166,4,222.7688293
6357,70.8401947,28.92111015,19.94873619,8.840435982,5.571487427,1757.504806,3,4060.084395,20.8606205,10.04259682,2,101.6676712
6358,88.98674774,31.07883263,20.06497002,7.052654743,4.126644135,3123.817323,3,11272.27181,19.00315094,6.725003242,11,206.5650482
6359,153.5860596,31.4652195,19.8170681,9.085363388,5.489412785,4835.131589,1,20015.56772,26.24751472,8.25,4,273.9867249
6360,170.7745667,29.82081223,17.5478363,10.33600616,5.768654346,3440.760738,3,4814.018416,29.34133339,8.831933022,4,218.6598053
6361,105.1870193,22.56100082,15.14463902,8.617482185,4.807375431,1702.508393,3,23729.25184,25.10560417,8.069917679,4,170.6764069
6362,96.26924896,25.88582993,14.02133751,7.905216694,4.079396725,1828.458934,3,23035.09973,26.72616005,6.633223057,4,245.1125946
6363,98.33481598,24.4826622,14.60491943,9.548003197,5.162772179,4225.869193,3,21017.30443,27.37036705,7.624008179,4,170.8698273
6364,243.0728912,25.76430702,15.71044731,10.68755817,6.095337868,2204.511335,3,13333.12024,31.12255096,9.704077721,4,166.7373047
6365,109.7241898,24.24014664,16.24645615,5.862510204,3.413787365,6947.679465,3,6668.573057,17.42059898,5.464752674,4,136.3980103
6366,83.17021179,31.57943726,19.25884819,7.464027882,4.512416363,1107.17301,3,3702.168727,16.08021545,7.154677868,2,271.9749146
6367,81.5897522,41.3132019,24.82585716,6.93073988,3.942379475,1210.256871,3,1851.448413,17.015522,7.266645908,2,36.80075073
6368,106.0803528,23.94182587,14.65890217,6.074378014,3.483257294,6650.914538,3,6936.667591,18.0974102,6.427554131,4,205.5287628
6369,109.8299484,23.47087479,19.27787209,7.059241295,4.662254333,5954.004748,3,12894.88983,24.86633301,8.54386425,2,46.70135498
6370,77.16711426,32.95236588,16.19176865,8.664593697,4.249552727,1481.889299,3,23409.44439,20.92563629,6.381779194,4,115.8109741
6371,2.851576328,46.91462326,13.98390293,2.949811459,2.108867407,158.3063573,3,22708.52746,3.854623795,1.763422251,4,120.2564392
6372,6.638074875,48.79539871,18.04106903,3.762112141,2.425533056,337.1420696,3,22497.66584,5.786973953,3.85977602,4,199.9489136
6373,115.5270157,30.88433266,15.38835716,8.889808655,4.840639114,1332.544061,3,17963.87304,22.04665184,9.016961098,4,176.1345367
6374,110.9251785,28.71468735,18.84453011,9.773511887,5.879155636,1511.234698,3,10928.91342,27.98685455,8.396168709,4,104.5344543
6375,110.9969635,31.72945976,15.60844707,8.213721275,4.90433836,6398.922146,3,12279.45511,22.66929245,7.666904449,2,244.7064514
6376,93.85162354,45.48363495,29.33485413,7.521039963,4.625120163,5211.505642,3,13645.4646,25.23016739,6.68527174,2,309.6676636
6377,115.8712311,25.63866997,20.5490303,6.464327335,3.97319603,5704.588711,3,13169.72572,22.22326279,7.369199753,2,287.15625
6378,60.78263474,49.98458862,28.50383377,10.40155506,6.477677822,1359.649427,1,27210.71311,25.9352951,9.475093842,4,328.1829834
6379,126.7696762,28.26117897,23.74918747,9.012179375,4.722177505,1949.248669,3,27260.41837,27.72681236,9.191643715,4,52.12501526
6380,107.1944122,21.32175827,18.68851089,6.888061047,4.228406906,1625.290786,3,26748.60855,20.76665115,5.754625797,4,272.1610718
6381,81.4789505,28.67434311,19.4500885,12.0081358,5.775128365,667.9915883,3,11976.0113,27.76118279,12.31465721,4,227.7927094
6382,99.26539612,30.3551178,19.26875496,12.92365837,6.54403162,293.9279265,3,12433.50809,31.94724083,11.20298481,4,55.26830673
6383,90.86201477,23.33403206,15.40130901,7.014266014,4.558542728,4576.900985,3,4064.118733,21.72757912,5.496054173,4,271.123291
6384,11.72757912,45.19416428,22.41934395,3.99727416,2.336113214,52.18159997,3,22898.30492,6.25237608,3.054168463,4,45
6385,35.78482819,25.72422028,17.22431946,5.370638371,3.043811798,4714.517883,3,7681.203091,14.0704174,4.532597065,2,93.65222168
6386,116.1049118,19.92503548,11.62477779,7.468773365,4.23407793,653.2809794,3,16047.95342,21.76743507,6.249495506,4,198.5923462
6387,118.3751755,37.98343658,24.24568367,7.97908783,5.286548138,6412.46514,3,8509.888889,20.69202805,7.247188568,4,54.22782898
6388,100.6082916,31.29724693,23.30099106,9.784532547,5.729800224,6017.387774,3,10155.07145,26.02069283,9.093319893,4,60.93229675
6389,89.89933014,30.20162392,19.6507206,8.825248718,5.698322773,2433.227873,3,29148.31339,25.39499092,7.163981438,10,88.46312714
6390,123.4361115,32.37844467,17.07461166,6.174231052,3.213577032,1279.594454,3,19831.86891,13.55338669,7.753884792,4,147.7617188
6391,119.9918976,27.37461281,17.88088226,10.67525387,6.22618866,197.7455122,3,12882.23719,26.10843468,11.30531597,4,155.5560455
6392,111.8573074,29.80792999,16.36582375,10.15960884,5.713383675,1835.216432,3,10590.84853,26.91180229,7.456022263,4,147.2647705
6393,103.2677536,30.80805779,18.02418518,9.764701843,5.813672066,2477.054546,3,14511.39628,26.38969994,8.122713089,4,279.3720703
6394,107.0202255,29.2884922,16.36697197,11.45926285,6.40330267,2620.198443,3,14241.43696,25.01571846,10.15264511,4,131.6335449
6395,123.7381592,29.83207893,17.19114304,12.57496834,7.844993114,372.3638942,3,17314.05193,27.35112572,11.10387039,4,84.18751526
6396,86.79668427,28.97971535,19.25283051,11.25465202,7.444888115,75.31865851,3,16557.50931,26.44867706,14.20487118,4,209.6418304
6397,77.51404572,40.00004959,26.81449127,8.275512695,4.680576801,1327.341798,3,22262.81177,22.95092964,7.176937103,4,50.85980225
6398,130.0697784,26.94110489,16.91891098,7.137839794,4.053369045,2489.437576,3,27963.37055,20.74326706,6.328738213,4,266.4552307
6399,108.3148422,31.13145065,16.5762291,7.075025558,3.707385063,2833.665602,3,28020.03464,19.79281998,5.369328976,4,261.8699036
6400,122.7413864,31.25638199,15.45311642,10.34890079,5.437272549,726.7394221,3,13503.69063,28.26121521,7.961313248,4,162.6130371
6401,156.3848267,28.11177254,19.24655724,6.20378828,3.557204485,240.8774984,3,3422.671169,22.35217476,6.51049757,2,315
6402,166.6256866,26.70709991,17.12537956,9.437207222,5.393441677,3150.536019,3,16924.45637,28.76727867,8.018493652,4,195.6175232
6403,107.2140121,29.23643875,17.77925873,8.415676117,5.711666584,3346.856977,3,17514.05544,28.13779449,7.38835907,4,72.42929077
6404,165.9880524,25.75629616,13.97963428,8.541700363,5.174799442,800.4359523,3,17614.38649,29.50252914,8.540208817,4,100.7943497
6405,12.89221478,21.90280724,12.25407887,6.624419212,2.525418282,128.9449608,3,16927.01098,16.34775925,3.56888938,4,70.18249512
6406,149.8435516,39.1312027,26.60066223,7.54993248,4.588857651,3068.862908,3,2680.027974,21.79681778,6.144146442,4,310.8818054
6407,149.3802643,25.65729523,16.33202934,7.85573864,4.995965004,6605.723722,3,12062.35327,26.78008842,8.930646896,2,251.5650482
6408,124.9053345,27.70257759,16.89154434,8.570636749,4.174886227,2963.330115,3,29689.86037,23.52447319,6.424589157,4,119.8104401
6409,133.7981415,27.1599369,17.57654762,8.679412842,5.772502422,867.9694685,3,11604.0156,25.57900047,12.71628857,4,222.0390625
6410,44.73181152,27.23654366,17.31459045,11.74331284,6.317093372,3090.300949,1,19972.13173,26.95136452,9.787911415,4,157.5267792
6411,57.5463028,50.39491272,26.81767273,8.256290436,6.219457626,3097.065903,1,19944.80802,26.34761429,8.089121819,4,30.54757309
6412,124.3333359,29.6476841,19.41485596,11.21262741,6.868106842,6306.77426,3,7495.997015,24.99187279,8.719097137,4,198.3092957
6413,10.53572369,41.83941269,16.32178307,4.24025631,2.590410709,111.2273303,3,22701.36037,6.104224682,3.448620081,4,60.25511932
6414,72.50082397,40.99769211,17.42164612,12.57008648,8.293383598,355.7941517,3,12300.91692,20.52009964,12.74850178,4,79.24304199
6415,70.32787323,27.58329773,15.56299114,4.774236679,2.630471945,2630.573288,3,463.7479575,13.95146942,4.923701763,2,238.4957275
6416,102.9017792,34.02487564,18.20053673,8.704684258,4.73532629,1464.306513,3,1297.568415,20.02791214,7.360448837,2,170.0594177
6417,108.3748398,23.03108406,16.97992134,9.442743301,5.823207855,3768.73448,1,20611.92143,30.76794815,8.31135273,4,122.3105927
6418,84.59212494,42.26281357,31.47184181,8.450487137,5.05942297,3467.978622,1,20262.68729,28.06233788,7.212400913,4,344.4758911
6419,97.53625488,37.51924133,25.30130005,9.636696815,6.291162491,1369.43987,1,1426.194786,28.04656792,8.593103409,4,308.9909973
6420,147.6526337,25.84516716,17.59448242,7.822948933,5.156993389,4263.94865,3,14620.27115,24.85283661,12.41045952,4,264.4006653
6421,70.475914,36.77537537,17.9868145,7.837203026,4.41541481,2953.405928,3,21.16094216,17.1027317,6.950167656,2,126.6016006
6422,208.0979767,40.25400162,25.80127907,7.317518234,4.429354668,2182.010227,3,5292.377017,16.39633179,7.907580376,4,61.18920898
6423,49.55404282,41.07929611,26.14723969,6.536303043,3.497228146,1150.853854,3,7437.249563,13.34176445,5.504362583,4,312.0891724
6424,184.390213,42.67496109,27.85424614,8.289507866,4.896327496,2509.008311,3,5714.171217,20.04380798,8.02766037,4,308.829834
6425,164.2967224,30.69115448,19.61297226,9.954161644,5.846291065,2793.511251,3,16505.20141,30.1940937,8.494107246,4,72.97947693
6426,277.8500977,26.66353035,17.94475174,11.03964043,6.84405899,701.7589051,1,17213.80002,32.5669899,11.16011524,4,43.42292023
6427,75.16869354,32.12763596,22.50542641,12.30605984,8.269075394,6921.30241,1,8208.654314,33.87245941,9.692035675,4,294.4439697
6428,93.78433228,30.45464897,16.53538132,9.181105614,5.503543377,4195.386399,1,5602.99152,28.58464622,6.714318752,4,267.1844482
6429,68.5243454,48.14286804,29.22847557,11.73054695,9.324446678,6472.310397,3,9796.109227,28.63815498,10.73231316,4,326.1768188
6430,44.929142,36.66687012,20.85938263,14.41092873,7.402911186,6736.47241,3,11595.57351,25.78125191,11.47179317,2,217.1910095
6431,189.9758606,26.92240715,16.75945091,11.28696346,7.44204998,2222.207806,3,16903.47091,31.68743896,9.053193092,4,84.23736572
6432,84.57523346,30.66198349,17.37149239,9.390869141,4.825063229,1291.292213,3,23130.64008,24.23217392,6.855678082,4,170.2220001
6433,119.8216934,36.05715561,15.88970852,12.16088009,6.854765892,830.7352399,3,13817.20236,27.09288597,9.843773842,4,98.97262573
6434,69.4977417,51.61035919,26.90813828,9.073028564,5.234588623,2042.075437,3,10210.93597,19.02750397,8.507891655,4,317.489563
6435,192.2268677,29.83448219,17.16661263,9.4461689,5.687643051,1814.531836,3,15258.4214,24.33067322,9.665872574,4,239.3813934
6436,119.8080215,27.51412201,15.17890263,5.548052311,3.220243931,6777.612171,3,6097.011348,16.62829971,4.582397461,4,109.7222748
6437,105.7904968,20.02199745,12.54315758,6.102052212,3.571848631,6833.561866,3,6334.094875,18.81569099,5.373191833,4,161.5650482
6438,86.08349609,30.18898392,17.81749153,8.323752403,5.082855701,5904.114871,3,7665.713829,21.48241615,6.774616241,4,105.7802887
6439,134.8980713,25.01119232,15.99462986,11.87558746,7.191457272,3162.116257,3,15866.66746,32.11035156,11.74263,4,154.9831085
6440,54.19504547,46.29246902,26.09859467,9.015855789,5.092952728,1587.547605,3,22816.17038,23.38347435,6.356502056,4,317.0439148
6441,146.9187622,24.26775169,18.19821548,6.929207802,4.206585884,1098.850184,3,25825.14961,20.84342003,6.663060665,4,48.27048874
6442,165.2424927,29.21250153,17.17873383,8.216822624,5.204228401,1398.059155,3,25151.86105,19.86167908,8.509366989,4,91.46880341
6443,41.81389999,33.65407562,16.63293457,6.947443485,5.281621456,836.3824162,3,18830.04115,12.75579548,8.596608162,4,102.2524719
6444,88.38088226,49.68445969,28.90127754,8.343569756,5.14919138,1827.453667,3,1558.820592,18.84300041,6.816636086,4,24.44395447
6445,78.322052,29.08716774,20.66100502,9.285904884,5.742330074,6017.831444,3,9024.290811,23.99337387,8.898796082,4,87.11465454
6446,61.09466934,43.82278442,28.43755913,7.785865307,4.363258839,4883.706192,3,14008.62549,19.16723442,8.26273632,2,264.4795532
6447,67.20557404,32.93445206,14.67827702,11.81840229,6.045687199,1753.021403,3,17503.89665,28.36414528,8.341667175,4,135.4855499
6448,123.7502441,45.41607666,28.76857948,10.28084087,6.180365562,1380.007071,3,18100.64776,29.0427742,8.66429615,4,81.41439819
6449,91.54814148,28.33504677,20.07120132,10.67047596,6.438824177,2211.562515,3,10213.18619,28.37623215,10.20301533,4,161.3102722
6450,103.1839828,37.35715866,28.0523243,8.619815826,4.960377693,2580.484229,3,10368.67178,24.02714729,7.755290985,4,55.38599014
6451,102.1174393,45.64626312,27.49699783,7.172928333,3.435067654,2961.124119,3,11122.47808,19.16853523,4.617603302,11,307.7137451
6452,118.6437607,44.2677269,26.96583939,10.64725971,5.875299454,2734.889176,1,19385.21159,29.58146858,8.218029976,4,289.5644531
6453,93.83091736,36.37457657,18.73086548,10.39750576,5.127650738,6316.110418,3,9141.404365,24.61818886,6.850139141,4,189.7328491
6454,44.56045914,32.38643265,18.18795204,7.417331219,5.267226219,6640.840473,3,8618.702441,22.35302353,7.74772644,4,103.781601
6455,47.24650192,37.13803482,13.58322239,14.28161716,7.601076603,6879.124146,3,8351.431476,28.77871132,11.05805492,4,255.5949402
6456,71.37034607,34.86861801,28.03416061,11.34393311,7.18254137,6460.97755,3,11387.2078,31.76663399,9.439463615,2,27.4075737
6457,141.8872375,29.03277206,15.00499058,14.60972214,8.422653198,2575.914383,3,16606.97275,36.59837341,12.4517374,4,140.1682434
6458,148.5596619,20.93816566,14.25759029,9.187221527,5.422635555,2229.550309,3,16943.81058,32.20623016,7.594288349,4,90.55090332
6459,84.05884552,61.83045578,26.10709763,13.2032299,6.898293495,2013.738596,3,17372.41188,33.79273605,10.11743546,4,29.5779686
6460,169.6264801,34.7235527,24.22732544,14.64768505,8.892523766,2426.713472,3,16994.9142,35.72187805,13.48138142,4,65.13630676
6461,107.1928253,33.21734619,25.30557442,10.9992218,6.476808548,2460.174067,3,9953.515058,26.99708176,8.372132301,4,330.255127
6462,111.3236694,54.84306717,27.5377655,10.23288536,5.966712952,2947.850655,3,9461.096482,24.88088417,8.177277565,4,31.61816025
6463,84.20373535,30.52190399,15.91689301,6.6315341,3.609462261,1358.276284,3,1739.605823,16.93717575,5.576728344,2,132.646698
6464,106.1938858,30.38814545,17.00656509,10.14660072,5.871713638,6582.034808,3,7814.516048,30.93462944,8.075734138,4,238.781601
6465,145.8084259,22.86227417,16.51179504,7.243971348,5.414592266,4230.412209,3,14667.42193,23.16186142,11.47987747,4,243.1269226
6466,110.8698578,26.70804405,17.1898613,7.45903492,4.220580101,3056.068883,3,29773.48726,23.8059597,7.992878437,4,59.58539581
6467,72.71468353,35.77584839,19.37368011,8.094337463,5.41764307,709.5224212,3,22065.03878,17.98516846,10.49100208,4,210.2564392
6468,23.12640572,42.95166779,20.9221611,3.860610962,2.216704845,41.03751621,3,22798.92189,6.381598949,3.357597351,4,57.99461746
6469,166.2184906,25.96352959,16.2671051,9.913865089,6.006072998,2752.932938,3,15136.90782,28.00390053,9.547782898,4,165.3236084
6470,47.21121216,38.25727844,20.21184731,11.02079105,6.349998474,4233.806013,1,5564.852087,27.31033134,9.864237785,4,222.7776489
6471,74.46858978,42.89481354,29.48406601,9.362584114,5.806069851,4240.539982,1,5501.312252,28.15610313,7.135834694,4,302.9694214
6472,100.2815552,42.41424561,27.54496574,6.777267933,3.621328592,5664.277769,3,10750.8204,18.1725769,6.648790359,4,284.4897461
6473,67.81710815,28.26166153,18.37898827,5.486272812,3.651448488,338.5404019,3,20139.90599,15.00328541,9.291088104,4,225
6474,5.21152544,32.31873322,12.45264053,2.006216764,0.870080531,1006.431584,3,18606.1165,5.820409775,1.223551273,4,139.286499
6475,65.13098145,31.18110085,23.28026199,11.96332836,6.538206577,3811.045455,3,8595.850667,23.26298332,12.10991383,4,184.2484436
6476,41.24798584,63.79315948,23.02594185,10.26839733,5.286370754,3644.327976,3,8757.785594,19.47410202,7.846133232,4,317.2310181
6477,185.6814728,27.99162102,17.20371819,9.971539497,5.94775629,1887.331769,3,14728.39212,26.33288765,10.14309502,4,142.7434998
6478,62.61152649,35.03290939,15.29423332,17.36664009,7.541640282,2091.937217,3,17170.6297,39.9539299,12.48443794,4,104.5141144
6479,88.64876556,29.14914703,16.54659081,8.986037254,4.844276905,1394.566275,3,26739.7782,21.98853874,8.028891563,4,210.5544739
6480,57.44033051,36.47994614,24.33947182,10.48040867,6.278477192,4030.675588,3,8364.89113,22.26716232,10.21282864,4,233.0726318
6481,120.8916321,27.1035099,21.33305359,8.597207069,5.136507034,3034.401528,3,28982.65374,23.97862816,7.998971939,4,75.96376038
6482,103.6367493,30.95491028,22.07957649,8.357984543,4.981593132,170.3188776,3,12315.15357,19.94087029,9.483624458,4,49.2053566
6483,266.4100647,24.91653824,17.55747795,9.208794594,6.132607937,1391.200834,1,18050.69111,36.60159302,8.605782509,4,49.76364136
6484,39.98406219,31.64356041,22.4298439,8.965549469,6.139128208,6549.400467,3,8635.760126,24.97832108,8.584410667,4,131.9552307
6485,67.14579773,28.42090797,20.76677322,10.41490936,7.286041737,6711.965241,1,8399.586967,30.44631004,7.92726469,4,292.9320984
6486,99.91636658,45.209198,26.31464195,12.53692055,6.670408726,6660.601078,1,7845.534493,32.07305527,8.402568817,4,306.6743469
6487,128.1845703,30.43728638,24.59399986,9.261455536,5.299323559,2820.600268,3,28138.79561,25.41720009,8.752071381,10,293.4429321
6488,71.69022369,29.65816307,15.31139278,5.831911564,3.402259827,4905.713347,3,6905.483395,11.65760612,5.387489319,2,237.6803894
6489,205.2173615,25.09684563,16.68510246,6.909254074,3.925784826,134.8818636,3,3342.47234,21.48838425,8.623262405,2,260.1185913
6490,118.7455368,24.39600945,19.08886337,9.32749176,6.131565571,2672.815977,3,29157.44993,27.76646233,8.861668587,10,282.9074097
6491,84.41731262,25.52027512,17.98695564,9.399211884,6.605086803,2918.317786,3,29553.36715,27.56900215,7.941025734,10,89.4093399
6492,108.4068985,56.11837769,26.94600296,9.654303551,5.034104347,2989.726532,3,9405.149805,18.87758827,7.218651772,4,328.5330811
6493,202.7136536,25.94900513,16.85916519,10.97812271,6.338762283,2624.000134,3,12315.15368,33.86089325,9.835324287,4,120.6403351
6494,77.79169464,28.56360626,19.31299019,10.8447361,7.001091957,5924.947947,3,9359.565211,27.72804642,11.15938091,4,262.3039551
6495,135.203598,34.79879379,21.66094017,9.644097328,5.212070465,3485.784995,3,15573.67222,25.0792675,9.030143738,4,101.6845551
6496,145.4989014,24.45604515,15.16012955,9.82430172,5.491932392,506.6049165,3,25410.08366,27.23925972,8.145451546,4,175.4950867
6497,50.07571793,34.18758011,18.76169205,7.929325581,5.232543468,731.0522917,3,18551.26462,15.79842281,8.408384323,4,212.5671692
6498,78.74888611,41.2000618,26.12768364,8.152088165,4.942042828,3934.328969,1,20548.55048,23.97640991,6.668274879,4,280.3758545
6499,125.0875092,38.76118851,26.8134079,9.571387291,5.284551144,3173.685067,1,19859.72062,28.69616699,7.810442924,4,45.94753265
6500,93.59618378,46.72226334,26.96852875,8.412089348,5.313124657,1649.449475,3,24583.04337,18.74052048,8.911248207,4,295.4696655
6501,109.8759842,45.62583542,27.76229095,8.63629055,5.046140671,1524.388366,3,6605.170058,19.61052895,10.30180264,4,303.4398804
6502,42.57809448,21.28990555,10.39880085,6.608743191,3.63011837,515.6194071,3,15911.41279,19.74785805,4.8556633,4,206.8560944
6503,218.2971191,24.84485245,15.52568054,9.712623596,5.910261631,3047.495564,3,11817.16153,33.78714752,9.154481888,4,237.8244019
6504,89.20766449,23.79471397,14.16802311,5.758239269,3.214779854,4370.017424,3,14555.19181,19.64126396,8.485074043,4,192.4259338
6505,73.14875793,60.0943985,24.33428764,15.9729948,8.665242195,2224.442595,3,17121.63501,36.90081406,12.09753895,4,325.1455383
6506,49.35048676,60.66032028,25.04109573,8.41942215,3.749559164,4743.348217,3,31708.8474,20.98227501,6.980385303,4,338.1986084
6507,34.37884521,26.5144062,22.1332016,8.546144485,5.276185989,4996.84984,3,31934.54945,18.02224159,6.917971611,4,193.189209
6508,20.44163513,59.92341614,23.67146683,4.340189457,2.030398607,632.9641211,3,23446.51683,7.805781364,2.935260534,4,41.72685623
6509,42.22633362,33.27041245,18.77602768,11.17247868,5.259278297,4476.097902,3,7914.662659,19.43474579,8.354624748,2,145.6294556
6510,88.23047638,31.23438072,22.1864872,5.902057648,3.903057814,1713.881755,3,1443.235443,15.90964127,6.03220892,2,56.56340027
6511,79.20057678,27.21564674,17.47482109,6.491369247,4.019483566,4487.623901,3,20683.74777,21.15085983,5.414479256,4,78.94141388
6512,179.0147552,27.9269352,16.85346985,11.34648228,6.702415943,3865.667106,3,11007.70524,32.09741211,9.495707512,4,108.7020569
6513,60.22393417,41.8045311,25.95112801,6.166149616,3.283568144,4304.343754,3,3746.389638,17.57542992,4.304287434,4,316.0623474
6514,114.5449829,29.90910721,16.30541229,9.465921402,5.32611084,4528.445718,3,3643.386894,24.65812111,7.687583923,4,255.8884735
6515,100.5867386,26.8693409,15.26207447,8.463879585,4.600775719,4105.742259,3,3285.69403,21.29736328,6.816772461,4,150.9454041
6516,130.5198212,29.74645615,17.88756371,9.334651947,5.855212212,4821.437203,3,3868.825133,23.11295509,10.47021961,4,190.5463104
6517,28.61142349,50.73534012,23.93610191,11.05811405,7.556894302,38.37905358,3,19653.76106,14.16844368,12.24628353,4,57.03979874
6518,98.82272339,31.91508293,19.65664291,8.074931145,4.829893589,1249.177211,3,24458.95491,23.67336655,6.884769917,4,271.8279724
6519,53.40649796,46.8575058,24.33814812,6.743572235,3.948467255,916.278571,3,23751.11923,12.2514801,7.068531036,4,45
6520,50.83343124,36.22568512,17.17525482,5.735669136,3.420961142,774.5150105,3,20498.23637,9.233914375,5.406041145,4,185.5275421
6521,122.37117,27.44599724,18.74394417,8.139044762,4.608210564,1893.271828,3,6300.851779,19.17233086,8.746668816,4,95.65776062
6522,61.38127136,29.4034214,20.56611061,9.613605499,5.623309612,153.2320719,3,8131.932327,24.96372604,10.34906864,4,238.4486084
6523,75.93310547,30.52753639,16.32434464,7.923608303,4.35058403,678.4653953,3,8771.949483,19.70342827,7.300158024,4,212.6863708
6524,121.8493195,26.52024269,16.11782074,7.719714165,5.010144234,1087.193309,3,2238.485038,20.91960144,8.009818077,4,111.9487
6525,110.4729462,31.11160469,19.80122948,7.953697205,4.682526112,5762.258758,3,10585.38858,24.44824791,7.177893639,4,64.53665161
6526,44.71146011,33.6150589,19.253088,9.746534348,5.123601913,1059.3257,3,23524.78409,23.93197441,7.616485119,4,126.349556
6527,73.2146225,28.96672058,19.78009605,7.829384327,4.862718582,44.57626903,3,2965.94953,20.8445034,7.123420715,2,116.5650482
6528,19.60797501,28.99606514,16.44474983,5.779990196,3.597918987,816.2752523,3,2426.128017,12.18121815,4.082645416,2,72.97336578
6529,146.3810577,28.69849586,17.00311089,9.149296761,5.117687702,4325.687407,1,19627.99421,28.29273605,8.108431816,4,193.8806152
6530,41.48892212,24.19168663,15.60463047,7.116569519,4.160869122,249.2685577,3,15956.45177,17.64674568,5.742788315,4,220.5670624
6531,117.175705,27.69476318,18.0637207,9.314052582,5.091683388,5973.873015,3,9081.70553,27.63009071,8.632853508,4,128.8987122
6532,149.0323792,31.73148537,21.65657425,8.856107712,5.590682507,3314.089729,1,4618.905682,28.68416405,8.58012104,4,283.7069702
6533,85.2243576,31.5904274,18.90587234,9.348009109,4.971511364,5955.628025,3,7885.554738,20.03386307,6.941588879,4,191.7251129
6534,54.70312119,34.10765076,18.88328362,9.489767075,5.975327492,100.4767722,3,19488.33569,19.26347923,12.48889256,4,111.5570831
6535,44.93128204,30.93855667,20.73996353,4.814713955,2.913058281,216.8034325,3,20114.5952,11.78704071,8.437465668,4,218.9909973
6536,65.53990936,47.55646515,24.72322464,11.50754833,6.014042377,150.5614686,3,19792.63133,20.52280235,11.21645164,4,29.05460358
6537,139.3083038,26.28635597,15.15953159,8.471335411,4.614000797,930.1846384,3,21327.86459,23.48321724,7.305895329,4,224.0122375
6538,63.89351654,34.68209076,19.26007462,8.682231903,4.696745872,868.5632692,3,23843.69262,21.62520218,7.585548401,4,266.3366394
6539,89.06238556,46.11832809,26.93257141,8.919007301,4.817779064,3844.354271,3,32168.11072,18.36586189,7.843644142,4,68.62937927
6540,42.71883392,31.30919838,16.89360046,12.33479023,6.74529314,80.69498633,3,25544.57455,24.05291557,12.15415955,4,140.4394226
6541,45.01564026,28.73147392,17.79559517,6.684787273,4.203510761,601.6712297,3,26032.543,15.53636456,7.245924473,4,198.4349518
6542,30.90439987,47.73911667,23.76227951,7.003430367,5.244387627,425.7695844,3,25623.04843,10.70099831,8.66119194,4,300.9637451
6543,68.55136108,27.05374336,21.64502525,8.290324211,5.388955593,4030.571954,3,32555.99116,21.95782089,9.793926239,4,258.8182373
6544,109.6991043,28.88043976,18.83945465,9.607549667,6.203740597,3820.095199,3,31203.16216,23.3676796,9.053952217,4,115.7099533
6545,17.47793579,39.79527664,22.73713684,6.275709629,3.515061617,3904.280955,3,8494.374275,12.64509487,4.925767422,4,40.17850494
6546,106.5843887,30.60024452,22.7504673,8.426252365,5.196689129,2960.402196,3,9424.417109,20.48653984,7.579696178,4,58.22080231
6547,119.7875824,43.0114975,27.01958656,8.04520607,4.837797165,3196.479856,3,9184.484861,17.11211395,6.358200073,4,299.407196
6548,148.3644562,30.79000664,17.22159767,9.853617668,5.313491821,3444.006499,3,4333.048309,24.29535484,8.423307419,4,154.3801727
6549,48.87974167,29.17983055,22.47076035,4.862743378,2.674887896,1611.837258,3,3124.051019,15.45168591,4.010006905,4,36.92477036
6550,75.5100174,34.75832367,18.43756866,9.953339577,5.156546116,5621.315672,3,8297.021652,22.05024529,7.905426502,4,149.9314117
6551,95.8026123,26.88093948,16.84596062,9.253273964,5.677341461,647.3768544,3,18746.4401,23.90073013,7.716702938,4,98.44905853
6552,56.33608246,45.59975815,31.54006958,10.99048233,7.374462128,202.5977369,3,19625.62312,27.39740944,11.32810688,4,17.29686356
6553,90.96016693,51.6728096,27.52274513,8.59414959,4.760557652,4178.62272,3,32205.48654,20.01931763,6.470809937,4,57.65255737
6554,13.09928989,48.82303238,25.03117752,6.760808945,3.247014761,70.02409228,3,22587.28648,7.822406292,4.66100502,4,45
6555,120.567337,27.74752045,18.9205513,9.073687553,5.437634945,2236.039826,3,10167.21643,24.96492195,8.200196266,4,267.2736816
6556,126.4945984,30.2789135,17.8188343,9.513237,5.469129086,5862.783731,1,7004.334791,28.43166733,8.688779831,4,200.3764343
6557,146.8450165,28.0939312,19.5623703,7.591885567,5.02052784,4846.051157,3,3823.612212,21.64177895,9.754574776,4,253.2274017
6558,97.97100067,26.4546051,15.08402443,9.33020401,5.247441292,256.7008428,3,24839.73488,20.7566433,7.794752121,4,143.2758942
6559,71.75115204,29.34809494,21.58537483,7.048160553,4.079071522,4287.180358,3,31503.12312,20.64226341,5.139836311,4,46.55070496
6560,47.29498672,33.74125671,18.19885826,4.840725899,3.641590357,631.4062392,3,19161.38144,10.33929157,6.477043629,4,169.8753357
6561,33.16304398,33.53405762,20.54101372,13.07454014,6.784975529,4199.548407,3,8192.618252,22.54330254,9.697523117,4,199.1481323
6562,54.25961685,24.20632744,12.91140842,5.649971008,3.40993619,4245.495536,3,6418.692069,14.13519764,5.475268841,2,234.2001038
6563,150.2954865,28.52401924,18.15442467,8.105980873,5.199138641,2892.339744,3,3707.414491,23.13016891,8.214363098,4,282.1442871
6564,105.8451233,31.8301754,15.82541943,9.276117325,5.246976376,5654.195683,3,30972.83575,22.98294258,6.779878616,4,227.6425476
6565,90.0460968,31.5633049,18.34462166,9.114649773,5.00315094,5216.864385,3,30215.51299,23.20882797,7.22846365,4,180.8627472
6566,23.24230003,37.95037079,22.7645607,5.471441269,3.122235537,814.9213261,3,23595.38857,8.971011162,3.761798143,4,33.69006729
6567,122.2819595,40.59805679,24.98957443,5.755588055,3.027303219,900.0165894,3,23620.25412,12.77366161,6.32115221,4,41.70450974
6568,31.04493141,63.38259125,21.58367348,5.5930686,3.018938541,4425.021574,3,7957.371761,10.0736227,4.068471909,2,266.6335449
6569,70.77196503,26.9865303,16.08812714,5.844044209,3.743486643,3840.216189,3,6516.839507,13.88630962,7.037958145,2,230.7105865
6570,121.3313904,25.27359962,16.89296341,10.22364426,5.924021721,6487.400124,1,8429.624288,31.22955513,8.722052574,4,297.1216736
6571,99.33361816,28.27115822,15.82136345,7.441781998,4.305537701,6681.177744,3,5773.358731,20.1567955,6.592435837,4,182.0454102
6572,152.8062439,40.71482086,26.61255646,12.58931923,7.217057705,2865.010259,3,16560.74253,32.00418472,11.83992195,4,313.7546387
6573,75.07215881,33.01198959,18.65793037,8.69178772,4.799434185,345.7370181,3,20561.90312,19.34902573,8.940667152,4,227.4907227
6574,84.40968323,29.88636971,20.34535217,6.276258945,3.511515379,1600.759579,3,1552.594123,17.35461044,6.371211052,2,54.46232224
6575,70.71445465,47.57523727,27.44895744,7.091934681,3.868629694,1211.416448,3,1925.765652,16.70469475,5.809976578,2,321.7598877
6576,56.30672073,25.87475395,20.06795502,6.63351059,3.973308802,820.0825894,3,2308.696906,19.05175018,7.306857109,2,50.19529343
6577,100.4211807,23.61107635,18.3806076,7.652880669,4.721821308,5923.68718,3,11262.49464,26.40423012,8.657140732,2,62.81888962
6578,112.1552353,55.10323715,27.58989716,9.822813988,5.32375288,518.2140625,3,19618.70206,27.25076485,8.449396133,4,312.0262756
6579,84.02587128,35.27867508,18.40062714,8.716679573,4.546256542,991.7263253,3,22909.70563,20.91598511,6.911911964,4,67.38013458
6580,3.443916798,54.94144058,16.02449608,1.981930375,0.964738667,223.2566866,3,22303.28743,2.47840476,1.239189267,4,167.4711914
6581,75.09699249,34.77561188,17.42063904,7.659781933,5.177973747,859.5454705,3,21401.09996,15.95857239,8.851856232,4,192.0947571
6582,83.97749329,33.92709732,19.22657394,9.284343719,5.392845631,328.2681304,3,2527.516097,21.18990517,7.906083584,2,239.0362396
6583,99.30586243,33.06541824,17.72181129,9.803712845,5.800173283,5496.066861,3,9692.031913,23.20184517,9.996637344,4,255.8242645
6584,75.53556824,25.02265358,17.40788651,7.085906029,4.430118561,4150.827795,3,14848.71059,18.05108833,6.617530346,4,194.3493347
6585,156.1270142,60.95550537,24.81799316,14.59894276,7.716843128,2799.580914,3,16520.34903,36.56629181,13.44679356,4,312.4438477
6586,145.7995605,28.07018661,19.21139526,11.0649662,6.576183319,2996.280446,3,16458.49734,29.74534225,10.75125122,4,81.50144196
6587,217.1266174,28.77438736,16.991539,9.73786068,5.617176056,1671.448272,3,18022.96996,26.31045532,8.391627312,4,75.31121063
6588,92.78197479,29.0915451,23.05227852,9.364219666,5.451003551,753.8648559,3,19141.3974,28.86382484,8.300475121,4,310.3183289
6589,168.059021,23.45837784,17.93659973,9.44887352,5.773359776,402.1146372,3,21453.29226,26.42362213,10.31537056,4,188.5086975
6590,119.2473602,22.12057495,17.42079735,7.184833527,4.152147293,424.0138623,3,24357.55073,18.87661362,7.254294395,4,157.8620911
6591,22.4075222,65.65742493,19.68041992,7.627454758,4.764822006,641.6223224,3,25855.74471,13.70016289,7.596633911,4,317.0357056
6592,113.148613,42.90207291,24.22053337,6.159258366,3.711672068,597.9603031,3,23034.97285,12.63905334,6.704463482,4,53.00828171
6593,28.08717537,39.9790802,25.06876564,5.988153934,2.976116419,498.7690665,3,7752.332053,12.11290741,5.567242146,4,56.11304092
6594,110.9684906,35.13807297,19.74005699,10.60259724,5.778451443,68.31882555,1,1495.592281,25.5904789,8.222330093,4,97.08233643
6595,112.8729401,39.75414276,28.66293335,9.570981979,5.73200798,1685.525703,3,26414.23617,26.16861343,9.942796707,4,26.47467995
6596,53.01732254,39.59580231,23.54866028,10.14344025,6.230882168,1763.524021,3,10652.80468,26.11000824,8.633423805,4,297.7410278
6597,24.97655106,35.17111206,26.67076302,8.829825401,4.829472065,4022.396046,3,8368.192598,18.00020981,6.242786884,4,22.55724335
6598,82.80567169,57.3986702,26.91497803,7.154294491,3.937455893,3941.869702,3,8438.524902,15.22866154,5.367016315,4,27.4075737
6599,18.98051262,25.62516022,17.52991486,4.934153557,2.547774315,4926.326673,3,7231.312044,10.81998158,4.744966984,2,229.9455261
6600,43.59171295,21.05350304,11.37572098,4.590819836,2.450845003,4421.920102,3,6786.796607,12.54419136,3.813875198,2,225
6601,188.3012238,45.44590759,30.61778831,9.731882095,5.93322897,1250.14367,1,17057.13993,29.79998589,9.019429207,4,82.21179962
6602,102.8544922,48.77645493,30.27474785,7.817687511,4.740350246,1431.70601,3,25885.0016,19.33948708,7.423386574,4,24.36244965
6603,101.8540421,34.82593155,25.55946922,9.267804146,5.329022408,4757.33492,3,31029.64145,24.53892136,7.442924976,4,328.9026794
6604,89.81430054,40.90638733,26.99092674,9.046369553,5.094723225,5082.891969,3,30145.2485,22.71142578,8.787987709,4,315
6605,81.36914063,29.73642731,16.04514503,7.636685371,4.692826271,961.1033732,3,18165.67583,18.80971527,7.248188496,4,227.7927094
6606,135.1118317,30.49020576,15.65317726,11.17065907,5.97262001,518.9221185,3,13980.34102,29.29145813,9.048106194,4,147.72435
6607,135.3958282,46.35606766,28.63063049,10.03175735,5.4317379,306.0286369,3,12956.70837,25.17863655,8.547038078,4,315.3626099
6608,86.64937592,32.88436127,20.44499397,10.89181042,6.809687138,1083.410131,3,11337.48962,25.36962891,13.01948833,4,152.548645
6609,128.5620422,37.85555267,23.59851837,9.629979134,5.463431358,1352.068511,3,11055.8677,21.99472046,7.970839977,4,298.5469055
6610,180.1538696,37.17128754,17.16859818,10.97454548,5.603746414,4069.51233,1,19459.89029,26.45499039,8.556383133,4,266.8201904
6611,77.53373718,28.01231956,18.90233421,6.931796551,4.351496696,4326.985951,3,20641.87451,21.51207924,5.180553913,4,72.55281067
6612,100.0449829,25.45343971,17.2506485,6.973724842,4.902302265,6211.44877,3,7264.514922,21.6476078,6.547162056,4,104.1890106
6613,163.9336395,31.27553177,17.81647491,8.617638588,5.549576283,854.881628,3,17622.46677,20.23082352,10.36299992,4,219.8055725
6614,10.13528538,52.33938217,23.32682419,3.772411823,2.414823055,4782.38949,3,7599.471805,6.429733753,3.522260189,2,76.71747589
6615,32.01290131,44.11131287,24.26881218,4.57854414,2.685510159,4676.593079,3,7695.236164,7.75428915,3.632090807,2,41.90369415
6616,97.04616547,24.94771957,15.60603523,9.822268486,6.686835766,2701.650012,3,17322.00195,30.5986805,8.107956886,4,121.8035355
6617,141.2951202,30.39416313,17.87023544,11.06230927,6.922198296,2685.139091,1,17532.73336,31.42982674,9.4678545,4,262.3693848
6618,178.301178,22.10254478,14.14410496,9.508951187,5.795666218,1986.796858,3,18377.82348,29.91253471,8.459856987,4,153.977417
6619,16.48577881,45.04866791,22.29506874,7.803171158,5.41400528,33.32912688,3,16215.36714,12.76801395,5.84375906,4,59.38139343
6620,124.2613831,27.1293869,17.87613487,8.374660492,5.271348,3455.166815,3,2559.825584,22.89149475,7.811220169,4,184.331665
6621,129.0285187,34.48268509,25.71437073,11.76568222,8.022506714,4035.907205,3,15384.46224,30.28076744,14.5203886,4,285.8739624
6622,149.7064972,27.62213326,16.12470436,9.154140472,5.333127499,518.8386405,3,22079.17378,26.49975204,10.09063244,4,175.2642517
6623,89.09599304,34.21383667,21.32261467,5.55613184,2.98725009,789.136965,3,23471.12742,12.62978458,5.989104748,4,63.43494797
6624,185.3287964,21.76041031,16.73834419,5.846797466,3.797366619,107.2166455,3,3194.051032,22.11026955,8.385621071,2,256.3736572
6625,79.97070313,51.0012207,28.48311424,5.522574902,3.637858629,256.9018806,3,7700.437105,10.73954296,6.219505787,4,32.76737976
6626,113.3031082,25.26371956,17.56438828,8.185270309,5.151898384,398.9453949,3,16347.32641,24.25306511,13.80126762,4,69.80566406
6627,107.5944443,22.82251358,17.50658607,6.235386848,4.021656036,6518.384958,3,5315.38984,21.99367142,7.273275852,4,68.3555603
6628,106.7559586,45.55958557,27.91849709,6.628596306,3.819498301,982.2684905,3,23624.2702,16.64036179,6.649545193,4,33.69006729
6629,86.4933548,36.00817108,20.58700752,5.619140625,3.117150307,668.8956245,3,23251.7875,12.51515865,5.47539711,4,53.57320404
6630,72.07919312,31.9004612,21.82414246,7.29468298,4.177990913,3686.154735,3,8696.963895,18.01843834,6.058571815,4,46.06091309
6631,7.03430748,60.2762146,21.18928528,4.752492428,1.820464253,4763.540568,3,7614.036147,5.74573946,2.646635294,2,41.63354111
6632,179.8825836,32.90431595,17.84799194,9.718169212,5.283864498,4259.524874,3,5316.607447,25.58237839,7.839081287,4,201.8014069
6633,165.229187,27.47253036,17.40110588,8.888115883,5.113419533,2175.711139,1,18381.15342,26.67979622,8.413574219,4,102.2070999
6634,20.78023529,24.71723175,20.93951035,12.61557579,5.764897346,46.74863988,3,15920.46472,19.20785904,7.389016151,4,260.3997803
6635,9.280784607,34.83582687,10.43963528,5.437222958,2.909973145,186.6323373,3,15754.81802,8.148766518,2.333381653,4,252.9794769
6636,102.4587402,27.83015633,15.23094368,7.797361374,4.367582798,2959.818074,3,2259.041397,21.08671379,6.893567085,4,172.8009186
6637,101.4207611,27.28858185,17.03945923,8.436626434,5.40259552,5457.165421,3,13477.1505,20.42822647,8.626011848,2,167.7748718
6638,197.5875244,33.55779648,25.57378578,9.505609512,5.724246979,2256.402788,3,17138.89784,29.70836067,8.388662338,4,302.6186218
6639,58.29399109,32.92031479,17.22059631,12.18417263,6.152171135,3151.983807,3,29735.57915,24.64635849,8.985491753,10,146.8429871
6640,158.8113861,26.7521286,15.03351402,11.84821987,6.165379524,472.8185423,3,14919.65878,25.86232376,11.36291695,4,148.6850586
6641,129.0818329,46.27674103,25.95597458,6.288803577,3.398151875,1223.627631,3,6636.868542,12.58126354,5.425830841,4,272.3900757
6642,129.7542267,37.77893829,16.14265633,13.84309196,7.233754158,5622.375147,1,6707.824588,30.31851959,9.970179558,4,285.6803589
6643,128.6113281,28.15451622,18.03675461,9.86356926,5.43320322,831.447095,3,1004.816405,27.15414047,7.196005821,4,237.4395599
6644,117.9893494,26.41218185,18.91470337,8.429708481,5.172295094,1256.75775,2,991.4277064,27.74618912,8.180788994,4,215.3519592
6645,69.56400299,30.20889664,20.5634346,6.710783958,5.17999506,4501.398317,3,14602.50637,14.48381996,7.726847649,4,293.3852234
6646,104.0874557,25.05559349,19.1258564,7.709886551,4.744080544,4183.653083,3,15109.36531,22.01745987,8.691216469,4,87.51044464
6647,73.52945709,32.82583237,18.18084717,9.02237606,5.966768265,509.7531736,3,23396.90128,22.87127686,8.236535072,4,271.4202881
6648,97.21772766,31.86837578,17.07621002,10.26604843,5.595155239,2598.450377,3,27863.84651,24.01814079,8.662929535,4,174.079071
6649,38.45151901,39.74970627,23.73787117,6.915226936,3.595917463,3289.161192,3,29754.61093,15.98443317,5.420045376,10,46.12330246
6650,131.6614838,38.91827774,27.29497147,8.95589447,5.547403336,3008.920468,3,28754.04853,20.78417969,8.472615242,10,291.7482605
6651,105.7532578,27.27924728,21.02974319,8.233914375,4.909864902,2946.356068,3,28472.05336,23.13214111,7.719238758,10,77.98852539
6652,87.92926788,42.23969269,16.55099678,7.458053589,3.817861319,682.4795739,3,3778.689172,14.18469906,6.780451298,2,173.6598053
6653,109.572998,31.91157722,17.9636097,10.18939018,6.405781269,441.9771759,3,22656.84555,23.83813667,10.83759022,4,156.9724731
6654,51.49691391,33.61568832,19.21883392,8.555639267,5.207486629,547.1684398,3,23102.3822,22.5099926,6.647156715,4,125.537674
6655,115.1928177,40.32543564,21.49436378,10.5776186,6.368675232,3584.61015,3,8786.6888,19.83977699,9.951573372,4,88.72696686
6656,133.0103607,27.12181854,19.36256981,6.734699249,3.937137604,1376.604049,3,6521.698835,20.20288277,9.071979523,4,57.44999695
6657,27.45966339,35.83665085,18.79966164,11.66576099,6.116298676,2198.572204,3,27073.17966,17.92016411,8.968716621,4,200.7977295
6658,11.66429234,37.78226852,21.41591454,6.314198017,5.168260574,493.0272836,3,18410.67503,8.959814072,8.515615463,4,188.1300964
6659,185.4765625,30.72797775,18.51124763,10.69445229,5.991495132,3895.586044,3,19373.34918,28.62319374,9.225079536,4,188.043808
6660,189.0597382,21.25952148,14.55542946,8.419183731,5.063229561,1220.416489,3,17406.05151,33.72178268,9.156470299,4,124.6951523
6661,132.1949768,28.09403419,19.48763847,10.97474766,6.249380112,5224.670219,3,6303.552621,29.72032738,9.061547279,4,189.8264313
6662,84.26641846,29.55538559,18.80271721,8.588438034,5.210255146,4956.350393,3,8932.533971,21.7027092,7.493577003,4,263.2901611
6663,95.78160858,32.70833206,17.10136986,10.28047371,5.53529644,4403.441537,3,29165.75823,21.5359478,8.966981888,4,146.8336487
6664,98.96450806,20.21543312,16.20308685,7.035645962,4.574721813,3890.910819,3,30464.25346,22.51527214,5.882348061,4,75.53086853
6665,18.39251328,70.79550171,17.77057266,13.10356045,5.483144283,3233.539151,3,29758.63852,17.97442436,7.643362999,10,45
6666,80.34683228,31.36429596,16.60594749,6.048644066,3.718393803,1261.419553,3,19351.44875,13.55158043,6.651697636,4,136.5180054
6667,104.4868011,28.37944603,21.74812889,8.343016624,4.982469559,2506.945497,3,10769.53113,23.17277718,8.199446678,11,258.194397
6668,111.1413574,32.4849968,17.81695938,10.41018677,5.67616272,6687.339824,3,8046.713362,27.16941261,8.273001671,4,211.4842072
6669,113.7486572,34.6333313,18.81229782,12.57999325,7.024568558,5155.433609,1,6187.830701,30.86467934,9.962791443,4,289.5064087
6670,93.59297943,35.94663239,25.45733452,9.475405693,5.42906189,605.4470551,3,19430.06004,27.54272079,7.338375092,4,74.49495697
6671,114.6196518,22.02672005,19.86833572,10.35048103,6.609104156,3015.585189,3,29361.28851,28.78581429,8.927277565,10,261.8699036
6672,5.536225796,37.20704651,15.88148117,4.232308388,1.668244839,330.2608312,3,19512.87057,5.562197208,2.366750717,4,158.9624939
6673,5.305741787,48.7640152,12.13646317,5.684895992,2.97874856,421.4045165,3,18609.83443,6.878552914,3.708966017,4,155.5560455
6674,104.4276123,52.09014893,27.75342178,8.575734138,4.887728214,1978.84298,3,10422.14949,19.68191147,6.661501884,4,190.7976685
6675,166.1303711,27.97045326,17.48955917,11.00260448,6.360836506,3795.115688,1,19362.41484,31.80812073,9.186181068,4,304.9920044
6676,65.57881927,26.46238899,21.4936142,11.3370018,7.694546223,4856.408824,3,8484.78749,31.70750618,10.01921844,4,87.62767792
6677,117.0714111,30.65968323,20.04351997,7.172461987,4.542212963,693.0729359,3,25306.09203,16.8925209,7.112332344,4,305.0429077
6678,57.93729782,45.18546677,24.17305946,5.372806549,3.804766178,245.3242787,3,22494.73557,9.686927795,6.548068523,4,62.43257904
6679,25.89375114,35.51737976,18.25959778,4.672850609,3.265290022,449.7918734,3,21271.06899,9.074908257,6.972154617,4,192.9348145
6680,5.795405865,58.20005035,15.09571266,3.950643301,2.299827099,243.8752943,3,21728.49972,4.905154228,3.220276117,4,133.9772949
6681,23.18548012,39.6379776,17.88098717,4.786045551,3.626152992,327.3106431,3,19022.19456,7.739168167,6.66215229,4,171.8699036
6682,9.610898018,38.74759674,21.20732498,4.523639679,3.781593323,504.1818439,3,18299.15822,6.996602535,6.633859158,4,192.6730957
6683,164.3486786,27.48638725,14.10778141,8.812776566,4.372626781,1010.008014,3,17262.18045,24.43548203,9.025240898,4,208.0209045
6684,151.4134674,31.04606819,21.03464317,8.057222366,4.942742348,608.0401244,3,16213.48723,26.64913368,12.2750988,4,60.50314713
6685,40.69133377,38.57504272,19.19079208,10.07271576,5.712300777,60.72005739,3,15738.12259,16.16385078,8.04136467,4,218.1909485
6686,96.68193054,31.43280983,19.21531677,6.208332539,3.280939341,2083.051731,3,1772.675657,20.14223099,4.936761379,4,295.3461914
6687,84.68186188,26.97291374,18.31339073,9.17156601,5.433690071,251.9343308,3,24016.29642,21.31002998,9.365399361,4,168.6900635
6688,48.57481384,30.54788589,22.6967144,6.715624332,3.631881714,1337.905906,3,24118.28766,16.70333672,4.942968845,4,48.59026718
6689,132.5071716,43.61714554,27.26259804,7.641557693,4.353648186,1015.434453,3,22994.35371,17.65512657,6.941583157,4,44.22578049
6690,111.2638016,32.49357224,18.43756104,7.843973637,4.685469627,2118.522715,3,804.7009246,20.10846329,6.363966942,2,286.9209595
6691,141.5963593,25.01513863,15.6274538,10.05727291,6.075980663,597.9612372,3,14743.35959,26.92597008,11.54357529,4,215.5376892
6692,91.26257324,26.94199371,19.71701241,10.08733273,6.304699421,3875.42953,3,28580.22874,28.06747246,10.60656071,4,221.4777222
6693,91.69775391,48.99830246,27.77849007,7.27789259,5.378777504,77.24620375,3,18870.59412,17.12609673,10.90458584,4,26.56505203
6694,65.51409149,31.12929726,16.55552101,13.8097887,7.141580105,234.4080524,3,14422.82023,25.27907181,13.08849335,4,165.9966431
6695,156.2071075,42.75905991,26.9060421,9.614635468,5.493181705,460.8124146,3,13581.91672,25.77651405,8.19906044,4,299.8218994
6696,157.7524719,49.20175552,29.6782608,7.785297871,4.247808933,1188.415314,3,14240.30348,20.46379471,7.275317192,4,31.74144745
6697,64.10218048,18.7977314,11.1474371,6.061243057,3.558165789,1452.639406,3,9304.599071,21.21397972,5.504649162,4,233.4185181
6698,108.8108749,42.33989334,28.69704628,7.684423923,4.609556675,1969.608628,3,9770.081212,19.65531158,8.409402847,4,259.7767334
6699,47.67472839,33.51813126,22.56660271,7.597541332,4.413273811,2283.913713,3,10080.78177,17.9851532,8.516599655,4,243.1218567
6700,89.17812347,28.56124115,18.39122581,12.14371872,6.987518311,5573.623666,3,9300.440004,31.97081375,9.982935905,4,145.4258118
6701,93.74724579,27.53192329,17.65250587,9.251688957,5.367947102,2008.631633,3,1315.231626,22.97548676,8.972208977,4,129.0674896
6702,79.44192505,25.8737278,21.61832047,9.780244827,5.725692749,205.3497522,3,23508.44724,22.82126999,10.67165756,4,188.1300964
6703,113.885231,40.01160812,27.65965843,6.874697208,3.524807692,3948.73317,3,30450.06537,20.49119949,7.807770729,4,57.40477753
6704,71.31173706,58.60342789,23.38697815,8.300501823,6.175356865,24.08935032,3,19427.23157,19.73443985,14.39666939,4,68.96248627
6705,117.5240479,21.1891613,10.97727966,8.365487099,4.648934364,863.0349032,3,17234.84665,26.29059982,7.016021252,4,235.6196594
6706,63.23461151,27.08280182,16.20866013,5.507651329,3.182799339,2373.608198,3,759.7419959,14.09239769,5.443892956,2,236.7251129
6707,31.46296692,36.18187332,16.28214073,13.25230408,6.572820187,496.5308129,3,750.5906627,30.36440468,8.580088615,4,245.7255554
6708,43.97486115,17.98298073,9.669047356,4.744457245,2.48393178,4367.113638,3,14591.55948,15.96655464,3.723951101,4,220.2363586
6709,14.36841679,53.09077835,25.59446907,4.457877636,2.859405279,184.6343161,3,22719.88316,8.454948425,3.246491432,4,24.77513885
6710,155.853302,45.96116257,27.74583244,9.286523819,4.970304489,538.7317044,3,12958.25134,22.43125153,8.92158699,4,65.58979034
6711,85.72623444,29.99264717,21.77947044,6.539601326,4.502682209,101.4364144,3,12317.95683,19.25011253,12.70005798,4,68.19859314
6712,47.44793701,38.9105835,21.14174271,7.197476864,5.710916996,669.7320198,3,11750.71564,13.88592529,12.49262142,4,230.6544189
6713,94.12840271,36.34363556,22.67560577,8.930258751,5.596183777,2731.275263,3,9665.091238,22.11517525,9.045041084,4,60.36266708
6714,175.9778748,28.46837616,18.88513374,10.90800476,6.36482811,4253.98005,3,10642.66125,33.28902435,9.457683563,4,216.8019409
6715,41.87921524,51.78292847,25.05614853,13.46513653,7.526837349,5630.100048,1,9146.039926,24.92341995,11.57836056,4,299.4857788
6716,49.90407181,63.57804871,21.59427261,10.35709667,5.900327682,2255.922934,3,26938.3685,23.92245293,9.565850258,4,35.47449493
6717,72.62953949,30.12244034,18.11851311,10.4501543,5.434578419,2961.986161,3,27854.42082,24.48733139,9.624411583,4,196.5570679
6718,7.294510365,43.60848999,26.07693291,8.883470535,5.307400227,3560.742019,3,28199.42796,13.03961563,7.0829072,4,192.9946136
6719,38.68267822,41.9814682,19.75723648,4.037146091,2.730602264,593.3214404,3,20086.16485,6.77595377,4.703045845,4,155.6641541
6720,101.26194,45.99020767,26.589674,8.196423531,5.487480164,179.219258,3,20075.03446,19.35618401,11.51315975,4,314.0048218
6721,47.23574066,55.76928329,22.00742722,8.995741844,8.111479759,68.65077363,3,19594.89806,16.65575409,14.75743008,4,287.1524048
6722,120.2316971,31.68598938,17.2652359,9.49506855,5.552295685,2940.184772,3,19286.65016,24.80913734,8.913939476,4,158.8031311
6723,87.17506409,26.60939789,14.78237343,11.02622223,7.639826775,6201.976363,3,12705.20055,24.18785858,10.81763744,2,117.570137
6724,130.4940643,21.49131775,13.17575359,8.567523003,4.998004913,632.3857706,3,21146.79381,25.16939545,7.079070568,4,242.5924225
6725,109.883667,48.00782394,27.09782791,8.312304497,4.814632416,2818.573078,3,27118.27483,20.95028114,8.055517197,4,57.52880859
6726,31.19703293,44.89888382,25.13772392,11.0483427,7.175028324,3451.375816,3,28001.82723,16.90729713,8.123303413,4,41.43062592
6727,36.12141037,41.36371231,27.81839752,8.295988083,5.583765984,10.78800095,3,19055.75651,15.08420944,8.9261446,4,43.36342239
6728,71.85009766,32.81925201,18.43930626,9.128873825,5.038224697,2799.122932,3,651.6162619,20.23101616,7.071600437,2,176.2557068
6729,74.52832794,42.49338913,27.20868492,8.43752861,5.356592655,61.37868587,3,15322.10616,18.76852036,11.51843262,4,54.75967026
6730,25.35551834,40.37461853,22.5003376,12.10915756,6.545536518,355.4151163,1,782.972304,22.85467911,9.982280731,4,75.32389832
6731,117.5136948,41.65866089,23.14945221,10.44905376,5.988178253,1180.088434,1,824.2395994,25.52824211,8.380800247,4,313.3864746
6732,114.7956772,42.27859116,25.38703728,8.622716904,4.950479507,876.0156925,3,18586.56441,22.56091118,6.401437283,4,41.28470993
6733,124.7100372,27.60844231,19.87523079,8.774107933,5.09184742,467.9402371,3,12893.51128,28.91484451,8.307047844,4,83.6598053
6734,82.85492706,31.57643509,18.98725891,11.41701031,6.65219593,5754.264353,3,6824.026367,23.60756683,10.28028202,4,180
6735,94.95124054,34.2395134,23.66163063,6.700505733,4.207910538,3721.675893,3,32360.69306,15.85989952,5.888385296,4,54.46232224
6736,80.89755249,28.75839615,21.46109962,8.79464817,5.052810669,3215.543291,3,32512.01466,23.94091415,9.218917847,4,248.5022888
6737,129.8730164,25.23151398,19.70498276,7.321018219,4.232236862,3735.692557,3,30695.3973,23.3513813,8.452869415,4,69.59979248
6738,34.38508987,29.55321312,16.45452499,5.352746487,3.104848146,1039.936517,3,8935.127138,12.49207592,6.884976864,4,231.8534851
6739,10.60679626,32.08911514,8.37526989,5.790267467,2.958573818,629.5613414,3,8540.54281,9.973409653,3.872456074,4,329.942627
6740,177.2149658,29.08178711,16.7562294,10.04912472,5.549806118,3866.856783,3,19547.75029,28.67513847,8.211587906,4,162.1351318
6741,14.1858139,37.35095978,14.06496811,9.629388809,4.560128212,5796.274281,3,6457.427408,15.73646832,5.912080765,4,223.9390869
6742,71.10217285,35.36639786,25.8678093,13.98408985,7.272153854,77.61580569,3,20136.77055,29.35225677,11.97319031,4,40.70013809
6743,75.28372192,37.58169937,24.18164063,7.942197323,4.405011177,3153.612555,3,32280.12146,16.98487091,7.521916389,4,45
6744,79.43560791,48.4072113,26.85871887,6.219806671,3.917417526,226.6175718,3,21731.55758,13.44508076,6.870613098,4,33.69006729
6745,67.28225708,24.80185509,19.96312523,5.099660873,3.12706089,435.0928848,3,7369.420471,12.15495682,5.825735569,4,87.66269684
6746,109.6741257,31.18550682,18.57869148,9.514166832,5.171923161,975.2993027,3,12952.43614,24.35614014,9.202392578,4,279.4035034
6747,31.37598038,32.27672958,18.67362595,6.102120876,3.43128109,5898.440386,3,6240.37327,15.78344727,4.650164604,4,144.462326
6748,205.9300232,36.48216248,23.08288193,10.99156666,6.477566242,3695.070426,1,19404.19541,28.82997322,9.01176548,4,274.3987122
6749,140.5409088,42.91181183,27.19394112,8.408157349,5.022193909,2777.684417,1,18630.35423,24.30404091,9.979569435,4,46.16563797
6750,123.5925369,35.88040924,27.76560974,8.990649223,5.411126137,657.4500389,1,15757.20631,27.32007408,11.35054588,4,322.5400696
6751,84.56156921,27.82067108,18.86405945,9.330032349,6.587039471,575.4031363,1,275.7406539,31.0015316,7.572322845,4,256.3933105
6752,90.85580444,34.89830017,21.92947388,10.62482643,7.095645428,743.8712891,3,19996.77992,23.83542061,12.32040977,4,283.8406982
6753,64.30904388,29.32203865,20.40997314,9.40379715,5.115820408,206.1025808,3,20815.1369,22.21979904,10.37129974,4,210.8609009
6754,60.86461258,40.57163239,27.78150177,9.171161652,6.062341213,3691.810092,3,27718.56536,21.91809654,8.095363617,4,304.8244934
6755,13.52983093,52.33356476,26.29895592,7.087077618,3.826513767,3793.504599,3,28257.48835,13.14462376,4.407635689,4,49.76364136
6756,70.81851959,28.84971428,18.278265,10.47651005,6.097382069,4133.546275,3,28595.65924,24.34279633,11.78804207,4,215.1939087
6757,118.6628723,24.51050568,22.17620659,8.442204475,5.479495525,4068.856842,3,29974.24326,26.42105865,9.009037971,4,282.8042603
6758,134.6471558,36.14151764,25.08754158,7.654899597,4.142787457,537.5475644,3,14665.62755,20.48490524,6.396803856,4,325.1542664
6759,92.36187744,39.3280983,25.78209496,9.084205627,5.042241096,214.7424772,3,14401.91573,21.6470356,8.724918365,4,323.1300964
6760,167.394165,20.87240791,15.04481125,5.628457069,3.643623114,82.95112267,3,3195.437043,21.72257042,8.145339966,2,245.2248535
6761,123.2519073,28.50930977,17.34365463,8.218518257,5.111425877,178.9596732,3,746.0840998,23.67602539,7.824684143,4,84.51383972
6762,10.60705853,55.17349243,23.4101162,5.992873192,3.85793376,530.8937877,3,23051.6056,8.808312416,4.203660965,4,27.0720787
6763,93.45381927,48.88141251,25.6279335,6.177127361,4.314006329,365.7216374,3,21329.12188,11.66392231,6.784757137,4,45
6764,87.96517944,46.58589172,25.27578163,10.4163475,5.239545822,729.7422685,3,19551.09115,20.42683792,7.788584232,4,311.3588257
6765,139.0608215,24.53559875,16.64937401,9.604794502,5.534278393,374.8863335,3,16814.06425,26.61950684,9.984073639,4,168.4078217
6766,82.40720367,36.58725739,18.49427414,8.65752697,4.474516392,2321.513591,3,1134.849969,19.32709122,6.814011097,2,210.2564392
6767,72.43424988,20.80660629,17.33041573,5.068101883,2.711688995,1228.966698,3,1852.634956,18.3002491,5.32963562,2,55.95406342
6768,51.43645096,49.4221077,28.81900024,6.373904228,2.962239504,815.6004857,3,2268.589913,15.83347416,5.446438789,2,52.49585724
6769,117.6240234,29.33899689,18.1504879,10.18901443,6.222627163,916.4458538,3,19525.54155,26.56446075,9.123438835,4,96.23448181
6770,87.46443939,37.54741669,25.50944519,7.590648651,4.285975456,4018.167475,3,31683.60326,21.24828339,7.427798748,4,302.6976013
6771,80.74365997,44.66722488,26.42138481,8.595313072,4.746467113,2811.141487,3,32771.84568,17.91202545,8.423808098,4,280.3048401
6772,117.1180649,45.08329391,27.39317894,8.65925312,4.416363716,3821.488358,3,30536.44547,19.56715202,7.659467697,4,81.38435364
6773,123.0629425,28.23101044,22.23928261,8.069124222,4.627855778,3728.6957,3,30559.37885,23.4259758,7.448047638,4,65.37643433
6774,97.58971405,37.56148148,26.9312191,8.5395298,5.031955242,3266.015919,3,27503.37267,20.68902397,9.03694725,4,285.0656128
6775,55.64471817,27.44807243,20.2003994,6.014230728,3.271685123,1488.618555,3,24228.23885,18.8763752,4.813936234,4,46.46195221
6776,108.4632111,27.59775734,16.52007484,10.35945702,5.37289381,270.044911,3,15234.32675,27.31445122,11.78817081,4,153.2255249
6777,120.6124878,27.80052757,16.5149765,9.083404541,5.054605007,1739.731459,3,16174.21073,27.59860039,8.002540588,4,190.8179626
6778,155.2991638,24.10745621,18.37700081,10.54625416,6.623085976,5072.213756,1,9527.569323,34.09473419,8.68295002,4,315
6779,21.82822227,53.34305573,23.43818283,6.925796032,3.987926245,245.133632,3,24416.3059,12.60402012,5.945225716,4,317.1508179
6780,124.1837997,27.26802826,18.70664024,9.25981617,5.277914524,1571.19158,3,25388.53116,24.67936325,9.517951965,4,229.3388062
6781,112.7117615,45.23901367,27.75346375,10.35524273,5.702662468,3606.053634,3,28168.48859,22.47876167,10.60606194,4,312.2072754
6782,100.2361832,43.61370468,29.66609001,9.549944878,6.054072857,342.2309306,3,15433.9407,22.658041,8.35326004,4,332.4880066
6783,150.96698,24.41052246,17.14681244,7.004417419,4.025192738,1562.285394,3,9332.232051,22.0759182,8.121915817,4,253.2016296
6784,115.9283676,30.71932602,18.21254158,10.14060116,5.88223362,4715.427249,3,9977.924163,27.64968681,8.642277718,4,151.4329224
6785,136.7835236,45.52613068,28.8008709,9.903966904,6.085903168,6389.745976,1,8217.214934,29.43980598,8.656967163,4,251.107132
6786,53.48535919,29.71840286,19.30871964,9.615002632,5.757444382,5344.783098,3,7318.13709,24.07327843,9.130068779,4,166.4080811
6787,99.50761414,28.32830048,16.61434364,9.76756382,5.349876881,4351.826652,3,30400.22218,25.62838173,7.465584755,4,199.5644684
6788,117.351738,23.85243607,14.96401024,10.01071739,5.61221838,2351.391255,3,26377.4857,28.5575161,8.813121796,4,159.7293701
6789,10.22393608,55.20793152,26.64052582,6.219698429,3.02148819,792.3892901,3,8671.336948,9.814929008,4.02711916,4,37.87498474
6790,58.63817978,31.38565636,23.00822639,6.165276527,3.815896511,79.51753216,3,7860.321192,14.080966,6.669810295,4,298.0338745
6791,41.41874695,28.50585556,21.78618813,5.199059486,2.964100361,758.6789624,3,8569.461346,14.28450489,4.827434063,4,57.78089905
6792,107.5878372,29.77441978,16.60959053,10.95979404,6.398869514,1780.590786,3,14104.37299,30.23169708,9.303589821,4,136.7357025
6793,22.47403717,43.45698929,18.0126667,10.15646744,4.454349041,3302.476598,3,18564.44592,18.78086472,7.193392754,4,199.0040283
6794,128.0634766,31.76356697,18.67478561,10.12247753,5.562841892,1025.002364,2,493.7115472,27.50731468,7.869077682,4,190.3486938
6795,86.39595795,26.5125103,16.53026962,8.267771721,4.843367577,4886.527967,3,29301.98749,24.58675957,7.884130478,4,298.5214844
6796,33.1594162,44.64725494,19.66812897,10.96132851,5.78731966,5171.628864,3,7612.797827,16.40506554,7.800296783,4,165.3956604
6797,79.41284943,43.20501328,28.36430931,8.860430717,5.364887714,4939.045459,3,8129.030064,21.88817596,8.240673065,4,290.5968018
6798,89.44512939,42.51857376,27.87340736,7.755162716,4.018439293,5279.018854,3,9392.941011,21.47606659,6.174020767,4,316.4976501
6799,89.88381958,29.84039497,20.58482742,9.134690285,5.261158943,5089.187484,3,29221.26803,22.27968407,8.404415131,4,226.4844055
6800,136.6234283,26.93291473,16.32919693,10.11720753,5.827895164,2270.856526,3,17275.96484,30.0686245,9.255646706,4,186.7773438
6801,77.87980652,27.24430466,18.21048737,11.36050415,6.245274544,3008.01719,3,18156.17363,30.03755379,8.70537281,4,117.3912048
6802,127.9507751,34.06004715,22.20615578,11.9265089,7.214320183,2109.778208,1,17226.95801,31.29480362,9.764528275,4,286.0699158
6803,167.5121002,30.525177,16.97186089,11.90424538,6.954524994,3194.891214,3,11522.46047,34.50811768,9.796086311,4,143.5832214
6804,60.19643402,52.27060318,29.82628822,7.517699718,5.001806736,5582.56904,3,6027.098608,20.87913704,5.515433788,4,29.97101593
6805,61.45281982,33.06303024,23.97855759,7.224689484,4.182621479,5124.827301,3,6763.043221,21.63173294,6.322000027,4,29.49305725
6806,156.660965,21.96420479,17.08994865,8.225282669,5.252018452,6007.224561,3,11845.97519,26.45667458,10.66004467,2,239.4455261
6807,88.74140167,26.0750351,17.45120621,7.184957981,4.297173023,5368.010372,3,11082.96095,20.38960457,6.592861652,2,62.1027298
6808,57.67339325,29.67415619,21.77464294,7.699079037,4.488011837,3423.107989,3,27553.87911,17.93253899,6.752790451,4,95.05303192
6809,98.14768982,45.30688858,28.25310135,8.866888046,4.730932236,4162.763116,3,27784.20724,21.02378654,7.373860359,4,41.72951126
6810,107.7788925,46.46614456,30.11982918,8.178045273,4.783094406,4213.880839,3,28283.62376,22.9061451,7.224281788,4,27.25532913
6811,44.55052567,28.19126892,17.85534668,11.01699257,6.562748909,85.07469813,3,15852.79625,24.26516151,14.52715778,4,157.7267609
6812,27.22726822,37.42180252,21.25198364,5.890106678,6.889016628,547.6190703,3,11864.06241,10.00747967,12.40208435,4,243.4349518
6813,89.25637054,26.60671234,11.08895016,8.066234589,4.002477646,2177.847525,3,14530.19174,28.77790642,7.256218433,4,192.3231506
6814,95.1497345,36.79692841,26.40097809,6.479847908,3.853737593,4836.32779,3,5446.101616,17.73067856,6.786545753,4,288.4349365
6815,105.02948,47.22063828,29.37900925,8.168588638,4.398054123,5257.570331,3,6328.10798,22.17484283,6.330052376,4,20.93357468
6816,99.33217621,26.04546738,20.20773697,6.45364809,3.798748732,4683.070161,3,6161.816934,19.97198105,5.512600422,4,75.54473114
6817,13.17068386,67.60157013,15.45610523,14.8100462,5.646919727,5198.386994,3,7229.848572,18.03224182,8.480052948,4,18.97040558
6818,103.0239563,52.76400375,27.71188927,6.613287926,3.399717569,4311.246012,3,6865.62247,16.66903496,6.279905319,4,323.8417969
6819,26.97191238,43.15185928,27.37578011,9.474261284,4.931724548,4979.232911,3,7459.215362,20.39356995,6.03047657,4,25.38013458
6820,79.51280212,36.62348938,23.47362328,7.82460022,4.272963524,4411.341087,3,7516.296947,19.43795776,6.217639446,4,279.2535095
6821,97.93204498,36.13533783,18.9697361,9.78041935,5.452435493,4033.96156,3,30468.99509,24.92547798,8.404363632,4,298.9741211
6822,101.7737885,42.46639633,30.64016724,6.095340252,3.470618725,4385.784537,3,6312.057892,15.5464735,5.257614136,4,332.4472046
6823,95.6912384,32.36081314,22.43939018,7.476264477,4.364734173,4554.043925,3,6847.117382,20.77976227,6.59234333,4,50.44033051
6824,81.97811127,32.79927444,21.27050209,11.63848019,6.481752396,4640.743505,3,9026.388837,23.42380714,9.543187141,4,205.753067
6825,79.6440506,24.62473106,15.87284851,9.000182152,5.95148325,4855.490037,3,9763.960315,24.25434494,9.870030403,2,238.749054
6826,114.3379211,45.68112183,28.03884888,9.408669472,5.024996281,436.55394,3,22436.59486,24.98840523,7.31178093,4,294.8424072
6827,38.02920151,32.83600235,20.83096886,10.55584717,5.46355772,165.7358012,3,23141.49316,19.14752197,9.958134651,4,188.2463226
6828,42.50136566,59.92763519,24.66827202,8.964222908,5.978861332,92.29405117,3,22952.9381,19.32875061,10.70007133,4,323.7461548
6829,49.30942154,42.62693787,24.76926804,7.819913387,3.831089973,466.1947537,3,24095.98463,17.32441521,5.333352089,4,59.19278717
6830,79.98947906,32.00415802,21.6464901,9.067676544,5.185708523,3372.074243,3,28212.34148,19.61639023,9.351513863,10,96.3401947
6831,13.03724384,33.99363327,17.48908043,7.410887241,3.94348979,248.6195037,3,12164.15394,10.4627142,8.088378906,4,51.46587372
6832,126.6836319,53.38409805,27.46856689,7.296575069,3.831921101,3400.507239,3,8973.658229,15.72077274,6.078138351,4,59.03624344
6833,215.0164337,26.32536316,16.10523796,9.692586899,5.694671631,3227.609715,3,18904.81784,27.79811096,9.156445503,4,149.1969604
6834,137.9489746,24.48758888,13.82918072,10.48800468,5.847630978,3366.140848,3,11287.37684,33.63563538,9.566879272,4,208.7185059
6835,50.5362587,35.72785187,20.58751678,12.81560516,6.440337181,6033.084847,3,7046.608105,25.23440933,10.05735207,4,208.495636
6836,83.8805542,26.23197365,17.21771622,9.139564514,5.226377487,4843.90457,3,29518.9614,24.11907387,7.849398613,4,206.1468506
6837,83.29728699,28.17567253,16.50905609,7.749094486,4.83911562,3345.66027,3,31144.52194,20.47985458,7.108581066,4,205.2328339
6838,75.90884399,50.84455109,28.31974792,7.484127998,4.411931038,2598.956355,3,25533.7118,18.31258011,6.68509531,4,38.91147232
6839,95.89575958,22.42291832,14.82354832,6.427062988,3.665032387,384.7476813,3,17540.34628,20.24483681,9.536588669,4,214.4134827
6840,64.92134857,38.61571503,23.76581764,4.277055264,2.864074469,4710.094086,3,7664.84028,9.171278,5.573187351,2,45
6841,26.74583244,44.11783218,15.34204483,7.594364643,3.690556526,2988.355987,3,18283.29367,17.87907028,4.65559864,4,234.1046906
6842,52.70983124,52.7240448,28.07231903,8.581680298,4.951488972,225.6694422,3,23302.42068,20.0363884,7.071890354,4,39.06040955
6843,74.42773438,62.76159668,24.55271721,7.750526905,4.350084782,362.3860852,3,23820.93691,18.13507652,6.72836113,4,333.4349365
6844,83.34927368,32.86272812,25.60206604,11.55938148,6.365585804,2493.168277,1,25772.73028,30.14597702,11.34940434,4,305.0853882
6845,78.78614807,22.53492737,13.16017914,11.24335957,6.760955334,2263.851654,3,25885.5547,31.24075317,9.487019539,4,132.2951202
6846,67.90820313,26.88126564,17.00208855,4.969283104,3.613562822,3429.632223,3,6376.370307,13.7044878,6.78578186,2,233.2267151
6847,65.05236053,34.94152451,17.27338791,5.824741364,3.768262386,1146.999001,3,4254.723852,11.57433224,7.124064922,2,236.3099365
6848,75.87528992,31.21380043,16.90238571,7.141041279,4.023715019,476.8592762,3,3624.20676,16.10534096,5.644794941,2,258.6900635
6849,106.5085144,31.41309929,17.5129509,9.712428093,5.420727253,1749.198685,3,16512.22127,26.12498665,9.104841232,4,126.3843536
6850,136.4427185,34.87453842,17.38255119,12.30267143,6.897229671,2163.27803,1,17100.2264,32.16774368,10.16966915,4,267.0925903
6851,54.7310524,35.81706238,25.78213501,12.98964024,6.953648567,131.2145044,3,20496.14606,28.64764023,11.13494205,4,36.68487549
6852,88.48621368,48.98523712,30.20661545,10.76706696,7.233830452,277.0749832,3,21012.51556,28.5646286,10.02829647,4,25.967453
6853,66.4454422,31.00617409,24.15400505,7.55127573,4.415011883,459.7345853,3,14925.60447,20.3240242,6.729142189,4,277.8831177
6854,140.3966675,26.72766685,15.91705608,7.724676609,5.341126442,5427.086461,3,4249.759306,21.16974831,8.910933495,4,208.8556519
6855,68.05789185,32.65357971,16.16491127,8.195432663,4.603552818,5236.842177,3,10586.09139,18.84573555,6.956019878,4,105.0684891
6856,102.8151016,29.93379974,21.38942719,7.498513222,4.64368248,4997.229903,3,10453.98691,20.26511765,6.687728882,4,47.06911087
6857,242.4254456,33.92555618,25.40843201,9.945542336,5.997127056,2193.621116,3,17817.01603,26.82796669,9.279190063,4,87.01853943
6858,67.72782898,54.86888885,27.81186295,12.23381901,6.979654789,122.2169803,3,21785.77082,26.64355659,11.41174698,4,36.5010643
6859,141.1692047,23.31132698,18.64434242,8.186922073,5.349851608,1279.329995,3,21291.92466,28.39769173,7.571763992,4,63.68202972
6860,71.1704483,30.71499825,26.81591797,7.982349873,5.373291969,4745.422248,3,28659.39635,25.54784966,5.446498871,4,31.27770233
6861,24.29994774,37.78281021,18.97972488,5.067534447,2.796209574,378.2855306,3,22478.34773,8.261246681,3.469512939,4,59.03624344
6862,94.9944458,51.5960083,25.41866684,9.079725266,5.468551636,530.2341561,3,20723.67843,18.7453289,10.06389427,4,299.9402466
6863,48.87714005,27.14493561,19.47211647,10.09398937,5.679646969,141.8545396,3,16355.6972,21.61849976,8.146947861,4,164.9085846
6864,24.52008057,32.12688065,21.41482353,12.47353554,6.982421398,1432.053975,3,13651.54276,28.96120071,11.54595566,4,134.2592773
6865,89.46623993,55.84870529,26.37497711,10.35049248,5.659131527,6158.172263,1,7074.72568,26.07315254,8.051678658,4,258.4342957
6866,135.4999084,40.97647858,25.3904438,9.510149002,5.844132423,4619.367901,1,5505.832964,27.07717896,7.977962017,4,289.78302
6867,130.0865784,23.13780975,16.70115089,8.164570808,4.653742313,6001.538262,3,11967.58446,30.60109329,10.24938774,2,225
6868,117.9455948,26.85420609,21.78249359,8.517131805,5.514712334,133.8100018,3,12266.27857,25.93767166,11.90878105,4,47.03395462
6869,119.531311,25.79095268,18.24054527,10.14125347,7.362004757,776.8953591,3,11623.3145,25.21528435,12.53589249,4,248.1985931
6870,131.0080414,40.70064163,26.23647118,7.250106812,4.355041027,791.1199714,3,1620.742012,19.10419464,7.767227173,4,42.89817047
6871,125.8037796,48.64277649,27.14062881,9.171042442,5.146060944,573.1386934,3,21113.72527,22.5382309,7.982758999,4,56.11304092
6872,128.0406647,33.57983398,26.93585587,8.370409012,4.838227272,805.6570672,3,21146.80434,25.20263863,7.112315178,4,317.3662415
6873,73.16853333,27.38513756,16.98315048,6.785551071,4.051642418,612.9929698,3,19709.64963,19.74663925,6.040205479,4,61.46001434
6874,91.06726837,30.38321114,22.29120255,7.63323307,4.849440098,19.5809814,3,18489.38599,19.4533062,10.03829002,4,35.53767776
6875,10.81768131,30.07676506,16.81326675,7.115958214,2.18347621,308.221494,3,17875.27503,10.00357151,4.89033699,4,218.1572266
6876,158.0834045,28.59931183,20.58107567,8.217615128,4.99054575,690.9239705,3,13102.51364,26.1546936,9.13110733,4,78.69006348
6877,166.3220062,41.87580872,26.90854263,9.812914848,5.368050098,715.336054,3,13118.19063,26.00687408,9.553431511,4,50.4773674
6878,132.5759583,25.94735909,17.2787571,9.060100555,5.83864069,1709.922762,3,10677.19691,24.62345123,9.765751839,4,197.9873352
6879,116.136467,26.6882,17.4385376,10.34803581,5.725807667,887.6802117,3,13291.57569,30.55496597,9.686498642,4,119.9515533
6880,123.0649033,26.2537117,17.87788582,9.463223457,6.239740849,1104.900249,1,433.6760848,31.16480637,7.116616726,4,291.1612549
6881,138.9727173,27.17893791,18.57587814,7.997167587,4.9792943,5582.968952,3,4125.48447,23.72190285,9.209878922,4,247.9887238
6882,110.8798599,24.4158535,18.99338341,7.262216091,4.798559189,5382.545886,3,5060.36817,23.69291687,7.51664114,4,56.73857117
6883,116.0895844,35.00514221,25.90465546,9.748271942,5.671997547,3552.707601,3,31134.51726,23.41178131,10.19251823,4,299.3233643
6884,44.88990402,30.15338898,14.97044563,7.072460175,4.439042091,1095.574675,3,23356.16156,16.77746391,5.548835754,4,73.13266754
6885,56.36432648,30.30638504,17.97323799,7.607684135,5.053724766,68.01655333,3,18131.57183,15.79858017,9.632452965,4,53.74616241
6886,48.3331604,28.47845459,16.02378845,5.407396317,3.538819313,2828.495973,3,6017.675461,12.22507954,7.099909782,2,210.6997223
6887,82.20085907,38.30604172,18.75874138,10.07573414,5.315057755,699.7637281,3,2510.73338,21.89357948,8.070659637,2,187.7895966
6888,69.04537201,36.2128067,19.65447044,8.582445145,4.881688118,1771.709698,3,1585.664392,19.3345356,7.443836212,2,218.7741699
6889,73.95233917,44.76215363,23.88631821,7.970430374,4.485502243,3244.010217,3,511.797372,20.23629761,6.901040077,2,297.8380737
6890,14.32546234,30.23063087,16.12369347,4.795533657,3.041775942,3244.71722,3,102.0320924,12.70861149,4.38603878,2,231.5862732
6891,88.10861206,40.30670929,28.89404678,6.592879295,3.520444155,4382.54818,3,7203.847353,18.54825592,5.892665386,4,24.80266953
6892,39.47383118,35.66153336,20.60476494,9.411973,4.857995033,2203.768429,3,25216.45604,18.51666069,6.835890293,4,248.0445709
6893,80.44283295,25.06783485,18.10731888,7.578785419,4.427613735,1931.592618,3,5126.108506,19.77197838,8.33195591,2,61.14434052
6894,67.16477966,43.18928146,26.93531418,6.809235573,3.628625631,2760.403017,3,327.3056379,15.12107086,6.189678192,2,269.0906372
6895,86.62158966,29.74975967,17.84886932,5.56360054,3.227784395,2553.28924,3,520.9228475,14.35499096,5.057880402,2,253.1979675
6896,78.60093689,27.25580025,15.01572227,7.827326298,4.36926651,2357.483022,3,1563.18204,20.33731651,8.071766853,4,209.04953
6897,73.61838531,32.3649292,19.04454041,7.329147339,4.632198811,5436.574048,3,13579.37158,17.32634544,7.910182953,2,291.9388428
6898,158.6825714,48.43479156,30.42017937,8.277749062,5.402761936,1063.972499,3,22667.00332,22.8355999,7.868390083,4,308.9559021
6899,156.8595734,26.72490692,22.1415081,6.773289204,4.173166275,1270.603668,3,22867.15829,23.78497124,7.220208645,4,55.17551041
6900,94.17510986,42.8215332,28.24013329,9.118676186,5.464137077,1448.762141,3,24732.37591,22.28865623,8.324737549,4,39.28940582
6901,58.1965332,39.62965775,24.31977463,8.786022186,4.542342186,676.9761951,3,24280.10085,19.82130623,6.477537155,4,305.7889709
6902,5.977916718,46.43094635,17.63365364,2.532699347,1.108191371,4139.615751,3,7182.086056,4.115744591,1.557651401,2,98.13010406
6903,64.86747742,40.20115662,25.18146133,8.683325768,4.733269215,838.0798134,3,2680.209143,22.28979111,7.406357765,2,307.486969
6904,13.61196995,43.68790054,17.40197754,6.222546101,3.746588707,3219.927007,3,103.9233942,14.85387611,3.869705677,2,330.6959534
6905,125.9618073,30.06641006,17.9994812,10.53602028,6.091479301,1029.571915,1,187.8604878,31.07673836,7.505752563,4,270.939209
6906,84.70352936,30.68388367,17.85607338,10.09365559,5.826058865,4464.821421,3,3280.180537,24.66708946,8.445392609,4,131.0771484
6907,112.9112549,37.7837677,26.60809517,8.848450661,4.912832737,820.3497237,3,20381.06075,24.14564514,8.214214325,4,65.60353088
6908,94.78195953,35.38537598,27.3066349,6.323533058,3.368299723,1469.392776,3,24021.03292,19.75831795,5.13884449,4,30.20323944
6909,15.02939224,29.59012413,20.34476852,9.145835876,4.487298489,25.90877565,3,16157.3506,15.96963692,4.751448631,4,155.8829193
6910,116.0489502,36.03236008,23.0402298,8.323344231,4.111352444,596.9739249,3,16175.88244,19.1333065,7.539300919,4,296.9411316
6911,112.909668,46.74608994,28.74989128,10.68487835,6.093102455,442.5146068,3,15878.63823,22.94796753,9.263872147,4,323.4891357
6912,134.6712341,25.98344231,16.16111565,8.526928902,5.23704195,2294.403405,3,14865.60113,25.33647728,6.873499393,4,263.3117676
6913,171.3164978,24.36365509,15.21228886,8.932905197,4.813237667,1444.454053,3,13157.12533,28.35077095,8.38739872,4,202.7509766
6914,76.68841553,22.82954979,15.81245327,9.910851479,6.831805706,3063.565314,3,16328.56974,25.89809036,10.2176857,4,195.6361694
6915,103.805481,43.33075714,25.01228905,7.772824287,4.003046036,2254.882116,3,24824.42235,15.47711945,5.995961189,4,223.6980438
6916,10.86246014,71.63538361,6.710679531,5.282399178,3.141268253,1887.482664,3,24530.48411,9.263536453,4.332425594,4,53.42919922
6917,4.072681427,68.46778107,13.66281414,2.866858244,1.424190879,3914.742331,3,6962.214084,4.404319286,1.711880922,2,27.36379051
6918,149.7553406,16.08540726,10.87050533,6.232066154,4.260861397,615.9464523,3,3585.257065,24.80136108,6.939527512,2,218.5924072
6919,190.135025,24.92319489,19.1084919,6.919911861,4.293234348,2150.653579,3,5146.14123,21.54801559,8.305298805,4,86.30861664
6920,77.61006165,33.18779755,19.19798851,9.24974823,4.636152267,854.6748979,3,13394.58018,22.93930626,7.26183939,4,230.0636139
6921,167.3156128,22.28653908,12.47494411,7.926960468,4.687467098,1418.82306,3,16815.01239,29.78241348,7.357189178,4,105.6823807
6922,67.22795868,37.20289993,23.09206009,8.499613762,5.073700428,669.5485145,3,15996.33311,21.20366859,9.095458031,4,108.1218567
6923,101.9768906,29.75245857,14.81879807,7.967790127,3.917857409,1728.463907,3,2298.280411,21.45085907,6.303588867,4,149.7827301
6924,126.2792511,26.99393272,17.38592911,8.987112045,5.224186897,856.7723939,3,1403.658218,24.54138565,7.512112141,4,166.2437897
6925,25.7280407,29.2775898,23.66212463,8.242745399,4.206853867,2440.254084,3,25151.11897,17.80130005,5.067595005,4,341.5650635
6926,16.48104668,44.86332703,27.66690254,7.42594099,4.055902004,1645.438184,3,1434.716704,11.43182468,5.182549953,2,27.8972702
6927,61.22203827,33.92409897,20.23000526,12.36194801,7.261131763,943.0664245,3,13557.70557,25.1548214,10.02143955,4,116.9521027
6928,95.95052338,25.74638748,16.4997921,7.632240295,4.500203133,1094.497208,3,13840.50634,23.52404022,7.571046352,4,254.9565735
6929,122.5647888,34.1896019,19.49067497,13.24297142,8.137663841,3594.379591,3,11009.42581,30.36096382,11.56972027,4,181.9670563
6930,80.24258423,44.00683212,28.10129929,8.091042519,4.441717625,4159.500263,3,9351.902521,20.26076126,7.384873867,4,297.9337158
6931,85.63032532,28.46474266,16.48075104,5.496819496,3.38160634,4386.020472,3,9468.167062,16.15287781,4.54492712,2,283.5154419
6932,124.7704697,36.34340668,20.40403748,7.720391273,5.067148209,1767.641926,3,26156.25821,19.03783798,6.613618851,4,286.5570679
6933,58.3420372,29.59095001,18.66295052,10.38353348,5.788223267,361.3684065,3,3709.444247,20.15684891,10.95418167,2,171.119339
6934,68.38493347,43.76741409,24.13323402,7.745710373,4.536602974,157.6684515,3,3672.648526,16.16884995,7.019911289,2,298.2590332
6935,94.67474365,28.612854,18.79245758,11.79041672,8.21638298,1964.771312,3,17473.58665,31.71112823,10.52992725,4,101.4158401
6936,115.4009628,29.00426865,14.5512867,9.57237339,4.677862167,3269.949163,3,2421.350869,24.96615601,7.027969837,4,243.0834503
6937,52.80580139,27.93694878,19.58713531,9.801138878,5.561590672,2358.418961,3,1481.199347,24.40581512,9.080001831,4,183.8796387
6938,90.76332092,40.14065933,27.77914047,7.328641891,4.259411812,3136.077294,3,2139.86178,23.87691879,6.416399002,4,324.2174683
6939,86.14112091,34.42438889,22.33263779,9.287471771,5.815905094,4033.539688,3,8413.453524,20.67355537,9.040201187,4,280.4914551
6940,86.49913025,39.63546371,24.43683243,7.635883808,3.761835098,4205.601768,3,8808.119907,19.24772835,5.832846642,4,318.1108398
6941,84.90771484,30.46575165,16.45896149,7.381840706,4.622693539,5340.076565,3,13785.63648,15.14169216,7.587537289,2,255.9637604
6942,94.83080292,30.10699654,22.93285561,7.786365032,4.464104652,716.7966806,3,22684.02361,27.7001152,6.124290466,4,49.76364136
6943,64.2950592,51.86663818,25.99372292,5.172277451,3.452270508,4408.367315,3,7845.774015,10.56873989,5.590517044,2,49.76364136
6944,29.03162766,32.45627975,19.17652893,3.927186489,2.051178694,3394.760433,3,6541.159642,9.083174706,4.265415668,2,231.5819397
6945,74.26134491,52.00304031,27.08283615,5.128148079,3.125964403,3966.860026,3,7706.920212,10.07134247,5.541889668,2,63.43494797
6946,71.72223663,30.84491348,18.32249832,5.793867111,3.390963793,2284.850067,3,788.1180467,11.51966667,4.41206789,2,294.2744446
6947,102.7791672,30.75474548,22.26091766,5.781459332,3.156662226,952.8051216,3,2133.652923,16.79058838,5.64022541,2,52.35237885
6948,113.2281876,27.13662529,16.90772247,7.762494087,5.285780907,622.5768113,3,14085.75393,20.30475235,10.84322643,4,224.2360992
6949,81.02003479,32.27595901,19.97055817,10.28796673,6.045637131,4198.493297,3,8037.514731,27.00370216,9.988049507,4,79.57354736
6950,77.72728729,26.95874786,15.15673542,5.670546532,3.099639654,6086.268249,3,12841.95907,15.56104851,4.964981079,2,205.0721588
6951,87.58171082,26.80731392,18.53137016,9.850520134,6.598602772,6069.600721,3,12141.8442,27.49279404,13.04652119,2,191.7275848
6952,160.0201721,28.76288605,17.53378868,8.781208038,5.429148197,2317.27692,3,18083.7527,25.20902252,9.156525612,4,81.25383759
6953,114.7543564,32.95820236,18.73792458,9.208794594,4.976293087,2657.632475,3,26665.58617,23.51918221,7.072015762,4,84.17366028
6954,99.51682281,54.01484299,26.71775627,7.75301218,4.944713593,496.6877063,3,16981.26151,15.54719067,8.251480103,4,319.4863281
6955,156.5655365,38.06821823,24.294487,8.641687393,5.494092941,1250.930972,3,13903.96885,20.01694679,9.523752213,4,282.6525574
6956,91.36307526,26.79644585,15.76882172,7.810175419,4.413162231,1459.444529,3,15821.26487,24.98720932,8.539762497,4,103.8150253
6957,99.22637939,26.83008766,19.68858337,7.466426373,4.592647076,2548.919438,3,1590.719823,25.17517853,6.907627106,4,310.3645325
6958,111.2724228,39.92922974,29.93829536,7.552070618,4.762540817,2963.295089,3,25585.24736,21.89736938,6.460759163,4,333.1890564
6959,38.17916489,37.09273148,26.40333748,7.336787224,3.237637043,461.039532,3,15130.19798,20.98679543,5.334765911,4,38.65980911
6960,66.49698639,28.31238747,17.19447136,4.33934164,2.838964701,4165.541479,3,7791.845734,11.69352818,4.864341259,2,76.75948334
6961,116.0118332,31.10312271,17.96993828,11.46081066,6.79370594,2383.770439,1,17957.96595,31.51549721,9.295358658,4,254.5213623
6962,104.3978882,27.44486809,17.0031414,6.816604614,4.183394432,1962.155894,3,2498.027817,19.77718163,5.97064352,4,82.65409851
6963,77.07015228,24.21427155,12.59915447,8.262885094,5.32679987,5120.047976,3,14113.24441,18.60764313,8.918828964,2,267.8314209
6964,52.10385895,28.02247429,16.74473381,8.653633118,4.833656788,127.2862364,3,17404.01906,18.68018723,10.34428787,4,161.5650482
6965,139.6752625,29.89718056,24.90954399,7.830208302,4.560466766,1445.48841,3,15704.75749,24.5642643,6.916505814,4,34.07719421
6966,78.17243958,24.31052208,15.22212029,6.536151886,3.153546095,4685.94679,3,10366.28176,18.74173927,6.351882458,2,83.39516449
6967,135.4938354,36.7330246,25.28668785,7.387148857,4.014469624,4482.920467,3,10287.39525,19.82733345,6.239692688,4,49.46823883
6968,33.0304985,33.98490143,19.22389412,9.947867393,5.94299221,5440.335797,3,11370.84762,19.84866142,6.82195282,2,61.78232193
6969,134.0672302,32.16488266,23.90810776,9.158363342,5.475035667,4005.955586,3,27095.92491,27.91994858,9.458989143,4,310.4519653
6970,83.38478851,34.80760193,17.22733688,11.18967152,5.544004917,691.6562909,3,19080.77423,23.07381248,8.598638535,4,162.349884
6971,81.21492004,29.37532806,17.76176834,8.584429741,5.302110672,428.8417238,3,18500.29103,17.57394981,7.788113117,4,137.4366455
6972,96.41539764,56.83003616,27.24014854,8.136983871,4.66343689,526.3898319,3,17790.35186,16.92964745,7.810698986,4,30.42578506
6973,130.0809021,47.57109833,27.06804848,8.067761421,4.658221722,1246.853379,3,17616.08839,17.22328758,8.516205788,4,44.27477646
6974,8.612365723,50.66929626,20.646595,5.722757816,2.071177006,217.3647683,3,16514.60153,8.896529198,3.65171957,4,302.0814209
6975,133.5255127,42.90510178,29.35931206,8.030849457,4.163393497,1675.90138,3,15203.24647,19.80858994,7.422837257,4,36.59489441
6976,145.2171936,25.45848846,16.748106,10.32533932,6.157017708,3105.387254,3,18731.90526,31.20415306,8.66830349,4,173.0470428
6977,55.44255829,25.8989296,15.69294643,6.685803413,3.057295084,1729.537767,3,24102.13692,20.84043884,4.748719215,4,45
6978,126.4588699,28.02597237,16.15835571,9.639372826,4.808619976,737.9519106,3,14708.02441,24.39769554,7.576953888,4,155.9928589
6979,69.44445801,30.58037567,21.97256279,12.31133461,7.282359123,3969.627912,3,10619.14454,27.7161541,10.0021944,4,173.9592743
6980,94.98490143,35.66968536,25.74232674,9.51571846,5.784595966,5735.358281,3,11900.81389,27.0454998,9.894264221,2,295.5234375
6981,59.50287628,65.67175293,25.45979118,7.80045557,4.322431087,4819.366067,3,29053.48421,21.33660316,6.591385841,4,21.87694168
6982,160.0700684,28.30740356,18.25350952,7.162546158,4.375467777,1818.650175,3,32584.67319,16.90035439,7.069231033,4,113.9624863
6983,134.6311798,30.5721035,21.32053947,8.094280243,4.449793816,1728.63774,3,14787.23349,20.41867828,7.209010601,4,294.1477051
6984,103.320961,28.53218079,20.58345985,8.354476929,4.982662678,5273.084988,3,11455.45593,21.51685143,8.895543098,2,279.3446655
6985,52.48091507,42.54018784,25.45760536,7.946904659,4.557658195,4428.762011,3,29431.21304,19.32501221,5.729921818,4,339.2612915
6986,7.835214615,61.31012344,8.795856476,13.15324688,7.165507793,4512.899588,3,29549.22499,12.10121441,5.146452904,4,263.2901611
6987,109.1886597,24.09916496,20.08366585,8.201755524,5.569797039,3981.191358,3,30072.35318,30.47044754,9.357103348,4,230.6594849
6988,106.307579,48.96137238,29.42434692,7.6128335,4.590502739,2523.808368,3,25116.9349,18.77108574,5.729382515,4,22.21759796
6989,136.1027985,40.36265945,26.52101135,7.594893932,4.422465801,1675.407343,3,17065.48145,16.99790573,8.981638908,4,42.22978592
6990,22.6865921,12.99397087,6.748393536,8.168467522,3.648042679,1137.215205,3,16293.44641,21.96246719,5.3535676,4,85.87240601
6991,189.1460114,40.68014908,29.7661171,10.70854855,6.683748245,1693.77064,1,16512.01595,34.15651321,9.755523682,4,64.98310852
6992,198.0163422,31.62561417,23.93889046,9.84275341,5.904857159,369.9012386,3,14985.35493,29.44963264,10.8623209,4,55.49147797
6993,83.73881531,30.62746239,16.69106102,9.795998573,5.371079922,3684.715297,3,7256.950908,23.54060173,8.223716736,4,135
6994,94.30501556,29.76728058,14.68756294,6.818942547,3.890282154,4484.020263,3,9607.613477,18.61296082,6.011967182,2,303.2711792
6995,18.34783745,37.26277161,20.21015358,5.030537128,2.940747738,6271.907091,3,12750.67126,9.660717964,4.826866627,2,236.7682953
6996,68.55020905,32.18577194,16.62621117,10.36673832,4.971537113,6022.626297,3,12369.54523,27.53212738,12.60259151,2,34.088871
6997,97.33737183,25.16861916,19.82746696,8.664767265,5.48636961,4254.818584,3,15144.59504,23.72927475,9.965278625,4,118.4323425
6998,155.0770111,24.42753601,16.29129028,10.08478165,6.277966976,3814.203654,3,27465.59607,28.34911156,9.37402916,4,112.2490234
6999,73.10894012,32.24334717,17.47784615,8.435604095,5.070103168,1377.625613,3,22616.7576,16.81764793,7.81558609,4,206.0296021
7000,39.67418289,23.0126667,18.8017807,4.209037781,2.273303747,1476.086535,3,1628.071998,14.78012466,5.343078613,2,43.09084702
7001,40.50632477,29.5735302,20.32367325,5.844260693,3.677956581,551.7436053,3,2404.663352,15.81384087,6.428767681,2,59.03624344
7002,128.0043182,35.08953857,20.664608,11.92909145,6.335806847,4271.302946,1,10307.17077,33.87086105,10.52822781,4,317.3859253
7003,109.1116638,28.67951584,15.58886814,8.585991859,4.837752342,3086.493581,3,3657.292996,21.64192772,7.001872063,4,185.0636139
7004,75.02883148,33.05250931,20.31288719,7.584594727,4.283819199,2901.511366,3,26020.29123,19.32937813,7.12164402,4,248.1985931
7005,8.406999588,68.36827087,13.28661537,8.525069237,4.575294971,2458.450228,3,26165.0007,10.18102169,5.374599934,4,176.1859283
7006,81.11355591,31.0572052,17.90686226,8.668520927,4.981190205,1592.064265,3,20585.48674,18.61843109,6.904557705,4,220.9143829
7007,21.73963356,38.41512299,18.6299839,5.623096466,3.199248075,1010.06103,3,4450.165534,8.972097397,5.295519829,2,218.744812
7008,64.64232635,42.96715546,26.3353138,8.056599617,4.680587769,1606.722496,3,2030.244127,22.27192116,6.574647427,2,39.51924515
7009,24.85711098,60.13316727,20.87922287,9.867787361,4.266364098,2282.823846,3,1429.959823,17.56719017,6.113786221,2,295.9743958
7010,13.11876774,33.63402176,25.15706635,5.470776558,2.432812691,172.6852751,3,2771.107039,9.931416512,5.253176689,2,250.3963928
7011,113.9473267,23.40217209,13.03583241,5.281133175,3.002447128,562.2532396,3,3393.377633,18.93938255,6.490875721,2,229.1596375
7012,216.1983032,25.90132141,16.40378189,9.434448242,5.934972763,1987.596203,3,17118.41311,32.28411865,8.257648468,4,91.70223236
7013,99.85900879,29.77842712,16.78204155,9.873360634,5.180278778,571.8719833,1,179.7642764,29.27442932,8.252843857,4,254.4758911
7014,110.8442764,28.99310112,18.92966843,10.194664,5.945901871,973.0662062,3,168.6675453,27.52109718,8.523884773,4,163.1416016
7015,57.20000458,28.07727051,17.64338875,5.983007431,3.103073597,5893.795439,3,13211.27381,14.43196392,5.329544067,2,289.1169128
7016,123.647583,24.19966507,15.11292362,7.921382904,5.78445816,5447.036143,3,13831.17279,20.97372437,9.509422302,2,250.8956299
7017,92.91825104,37.06123352,29.98273277,6.867325306,4.125392914,1405.276888,3,24008.02512,22.11666489,6.067597866,4,19.72272873
7018,117.8623276,29.19768143,21.96547318,8.657683372,4.748155117,1665.533179,3,23229.60842,24.20672417,6.642817974,4,66.07749176
7019,87.94271088,42.64838028,28.37904739,8.520853996,5.342012882,2787.520433,3,32380.1933,17.9490757,8.463487625,4,33.06760406
7020,93.24438477,34.54982376,25.12994194,7.672786713,5.070189476,2713.090782,3,31172.50634,19.74406815,8.014028549,4,279.4623413
7021,32.45878983,30.21183586,25.40769768,6.71120739,3.908119202,1809.879738,3,24279.81172,20.23622322,5.602209568,4,27.73419189
7022,54.52104568,40.30094147,26.05201721,7.104865074,3.83612895,2415.784035,3,1663.92159,16.51397133,5.830039501,2,35.87368774
7023,60.86393356,34.8858757,21.62166595,7.802307606,4.989675999,2682.601824,3,1351.324451,16.54352188,6.553472042,2,251.5650482
7024,104.2810593,26.61034775,16.12753487,7.460911751,3.822494984,79.76445184,3,728.5139662,24.32769585,6.986872673,4,92.79270172
7025,83.88002777,23.48810959,20.9169445,6.866212368,4.422018051,4971.029442,3,10998.00576,21.06919479,7.597398281,2,72.7913208
7026,61.02004242,27.25115967,19.92042351,7.066359043,4.224004745,3456.530439,3,26436.0366,17.75654793,6.602512836,4,83.36748505
7027,66.88409424,33.20018387,25.98310471,7.435649872,4.452121258,3893.94452,3,26745.15367,17.84714317,6.349074841,4,275.2544861
7028,151.9776306,26.7217865,18.50582123,7.679003716,4.528213978,4828.747045,3,27623.39707,24.51154709,8.780566216,4,263.0585022
7029,82.46921539,30.79325676,19.20997238,7.857147694,4.665258884,4229.483896,3,8151.847952,17.01011467,7.451309681,4,94.10653687
7030,51.76764679,34.86898804,20.93579674,4.593268394,3.385513544,2485.553931,3,5943.696596,10.73184204,7.438517094,2,251.5650482
7031,81.16074371,22.08717537,17.69203186,6.098640442,3.904853821,1538.798954,3,5067.896423,18.93321609,6.666584015,2,63.7780304
7032,83.66909027,47.57152176,27.88888359,8.341856003,4.784666538,3076.775208,3,907.8646814,19.51873589,6.861345291,2,304.1557617
7033,175.7812347,19.82487297,13.68627357,8.27745533,5.217337608,1763.323441,3,17023.01228,31.42495346,7.719285488,4,78.11541748
7034,86.22382355,30.27557182,19.7123909,9.988033295,6.168851376,1104.676718,1,159.5348447,27.83158302,7.915846825,4,120.8276596
7035,114.2708435,29.13927078,25.28737259,8.427554131,5.98408699,829.1530176,3,20677.83681,25.34469795,7.204249382,4,286.2601929
7036,130.4830933,35.70595932,26.88659286,8.626765251,5.20330286,5023.711537,3,28324.81018,25.20372581,10.32562447,4,54.86580658
7037,8.183275223,39.60396957,26.3520813,3.703405857,2.971387863,280.9144031,3,2614.294429,6.690014839,4.023030281,2,38.65980911
7038,95.5029068,25.01112747,19.42605591,7.03034544,3.743667364,2217.88382,3,4646.397751,21.34464073,7.827021599,4,90
7039,89.5109787,27.23290253,22.49374199,7.046758652,4.106454849,2452.920322,3,5367.735213,22.90638542,8.807448387,4,294.3228149
7040,48.84983063,28.18869591,21.38488388,7.048286438,3.742734909,348.476412,3,8053.627993,16.25828552,6.706364632,4,68.96248627
7041,17.90246582,21.32790565,10.29043484,4.260601521,2.547398806,1387.770377,3,16317.93875,12.08799648,3.089025021,4,115.8082275
7042,107.2106094,27.67553329,16.71261024,7.173399925,4.432040691,2930.100169,3,3485.453103,22.74674225,7.10740757,4,263.3178711
7043,121.8556442,30.30323029,21.28106117,9.019468307,5.628498554,1599.831244,1,606.3939128,26.35864067,9.05564785,4,269.1854248
7044,168.2538757,24.09750748,17.21268845,7.130753517,4.345164299,1330.074667,3,9424.871425,23.89778709,7.60956955,4,270
7045,20.78538704,34.45929337,17.49483109,8.653764725,3.826149225,1534.303279,3,16506.81131,16.58937645,8.905853271,4,240.0170898
7046,232.4491272,27.47478294,17.29251289,10.15467262,6.530466557,3337.145643,1,19108.04051,29.63685036,9.79026413,4,281.4493408
7047,31.56605148,28.58414268,21.14511108,9.558306694,4.756569862,6052.575567,3,12479.67476,22.69873428,7.668727398,2,29.31197929
7048,96.18439484,24.42619896,21.03371239,7.110704899,5.020044804,5743.488373,3,12328.06914,24.92311478,8.277798653,2,51.30184174
7049,113.6137009,40.54690552,25.29074478,9.650884628,5.191452503,1611.918233,3,24189.45333,21.30489731,7.705877781,4,262.4990845
7050,164.2435608,28.41134644,18.17937469,7.054578781,4.23131752,1226.974322,3,32825.49598,18.44059372,7.994413853,4,223.4088593
7051,145.828186,22.82092476,15.85918427,5.656169415,3.682601929,808.5130393,3,3503.713608,20.64623451,9.370648384,2,271.3427124
7052,168.9345703,25.21245193,17.70741272,6.632561684,4.089945316,743.3999392,3,8801.909088,18.04224396,7.022009373,4,253.6104584
7053,95.22315979,33.74411392,16.56331253,11.31047249,5.657650471,6571.930466,1,7334.819036,27.13319588,8.688910484,4,161.6829529
7054,117.7332993,30.32086945,17.4675827,10.02662563,5.803265095,3537.374025,3,2261.076471,26.90279007,8.565255165,4,169.8648987
7055,44.20161057,24.38935661,17.7276268,5.393427849,3.050401926,6177.886991,3,12873.67295,16.75478554,6.174942493,2,245.4944458
7056,95.80792236,33.516716,25.36426544,8.164795876,4.312220097,4277.353623,3,28993.92711,22.69013023,6.75429821,4,37.25188065
7057,98.83818054,27.04100037,15.69257069,7.80698204,4.262459278,1598.829246,3,32107.85424,21.51457214,7.40678072,4,205.1278229
7058,142.109787,34.09988785,19.69440842,8.924547195,5.625517368,791.4160542,3,32393.69161,18.51975441,8.605237961,4,90
7059,71.7272644,28.53917122,20.44438171,5.378391266,2.986428976,857.104333,3,1812.566639,14.65315533,5.701320648,2,57.83963394
7060,101.3563385,32.49087143,24.51506424,7.739927292,5.081073761,2338.811391,3,4878.349215,19.8459568,8.415897369,4,77.96455383
7061,98.99515533,41.6335907,28.71441841,8.321389198,4.567539215,2298.246112,3,4776.584425,20.2352581,8.575769424,4,306.9325867
7062,103.1634216,31.4264183,17.27495003,8.731417656,4.887939453,770.3714717,3,15752.71927,20.02314758,9.00646019,4,112.9016876
7063,157.9980469,32.54480362,18.05715752,15.3013382,8.496870041,3583.423712,3,18788.68656,34.68677521,12.55828667,4,104.7781601
7064,143.5516205,27.60702324,17.21109009,10.53220749,6.340301514,5923.512883,3,8686.071622,29.93202591,8.800093651,4,193.4558411
7065,160.1846771,36.62697601,28.75753403,7.11912632,4.3276968,1383.391675,3,23106.71601,24.00482941,6.232823849,4,304.9393311
7066,157.5505676,26.58123398,16.77083588,6.482397079,3.904181004,2388.616489,3,32090.88428,19.53586578,8.950258255,4,239.867157
7067,91.10262299,29.41431618,19.49981308,9.217401505,5.194415569,2107.966477,3,24192.42581,18.47237587,8.418007851,4,164.7378693
7068,98.73387909,27.79606438,16.91441917,8.106453896,4.455611706,979.6857599,3,19306.05693,21.92411041,6.684049606,4,70.67681885
7069,132.3653564,32.00692749,16.86164093,9.906065941,5.428005695,647.6116975,3,14908.7622,24.64547157,8.049750328,4,243.4349518
7070,174.9674072,29.48229599,17.32196617,9.898158073,5.960075855,3502.196292,3,19694.42389,27.6682415,9.060063362,4,155.9928589
7071,163.7036285,34.67276001,17.33738708,11.48462772,6.008943081,3786.365589,3,18938.65267,25.00654793,9.130354881,4,179.1143951
7072,150.9564056,30.13635063,19.70384979,11.62222672,6.901104927,3543.50761,1,19596.28302,30.1117363,9.933540344,4,267.3735962
7073,56.76449966,32.85627365,20.3698349,12.73489094,6.869999409,2925.247849,3,11659.5492,28.79712486,10.09716034,4,180
7074,103.4467545,33.05980682,23.62083435,7.788208008,5.006634712,4301.389441,3,27992.55792,22.45238113,7.175388813,4,285.0022583
7075,48.96254349,42.40079498,30.22424889,10.54594994,5.108385563,4111.589758,3,29711.78704,22.97350693,8.388745308,4,28.41266251
7076,38.12702942,57.59845734,23.56250191,11.65009403,6.876342297,3631.600204,3,29991.58555,20.2802906,9.764674187,4,324.8658142
7077,50.90791321,24.99073219,20.0925808,10.9401083,6.795983791,3674.593659,3,30141.17268,29.11590385,10.10061073,4,212.4209747
7078,76.90572357,32.08560944,19.26983261,7.800376892,4.330517292,1810.561388,3,20155.34313,17.53449059,7.068681717,4,98.74616241
7079,143.6288757,32.90650558,18.06851768,9.24050045,5.316902637,1609.632499,3,10771.10647,21.07894516,8.179829597,4,305.2175903
7080,145.5842285,27.27100945,17.56519699,10.87330055,5.913992405,1671.882643,3,10701.59921,28.23990059,8.909505844,4,211.4295654
7081,29.96284866,45.3562088,23.13300323,3.43068552,2.323582411,3482.029237,3,7058.799662,6.516886711,3.357141972,2,55.61965561
7082,86.05149078,26.29278183,16.85765457,6.944053173,3.885745764,2063.424307,3,2669.5728,18.57502365,6.442918301,4,83.90602112
7083,19.17943192,43.77090836,21.15209579,6.515291691,3.38908267,3210.502912,3,16208.34279,9.930807114,5.49158144,4,126.6612396
7084,125.0947495,20.88049889,14.40824318,7.742494583,4.955420494,3283.295735,3,16410.13148,25.76600456,8.726150513,4,229.2678986
7085,54.78801727,29.13395882,16.67959404,5.366439342,3.068475962,1914.369458,3,966.7278276,11.91048241,4.514297962,2,203.6508789
7086,76.7822113,44.09245682,27.74684143,6.192439556,4.14051342,443.0435731,3,2052.616111,14.15621758,5.667812347,2,293.1986084
7087,98.51370239,30.27038765,24.22338104,5.576059818,3.391803265,258.9489649,3,2780.479742,16.65769196,7.384427071,2,62.19211578
7088,54.35155106,37.15164566,27.31763458,10.68919945,7.158553123,3040.708178,1,11539.49154,34.62957382,7.553133488,4,313.8983154
7089,132.0250549,49.94030762,28.3198452,12.0135088,6.825566292,3393.641112,1,11203.49541,34.38437271,9.787115097,4,286.088623
7090,95.92501831,32.97600555,17.00390434,10.34020042,5.836713314,6018.747899,1,6697.013559,26.76359367,8.287618637,4,154.3679352
7091,64.92430115,34.46427155,18.71411324,8.621232033,5.336210728,1476.500794,3,20868.78979,18.94698715,7.889472961,4,137.2026062
7092,39.61671829,35.09583282,19.36911774,13.77280426,5.148867607,573.0455176,3,11816.00781,27.50915146,11.02930737,4,218.4087067
7093,95.29963684,32.25397491,18.84791374,8.498714447,5.041882992,888.7727175,3,3001.467681,19.3050251,8.612872124,2,205.0168915
7094,123.030838,25.890131,18.68640327,10.59247875,5.770539284,2127.976528,3,12450.51752,29.45745659,8.879516602,4,167.7684937
7095,17.84946442,41.45492172,21.34399605,8.763419151,3.961634636,2659.163378,3,11919.61748,15.49786091,6.51926136,4,141.5950928
7096,118.4555206,34.61505508,21.69678879,7.316311836,4.586470604,3995.786361,3,8420.216854,17.1577301,7.648768902,4,94.76364136
7097,107.7170715,23.21607208,19.8114109,10.14267826,6.175791264,329.0884244,3,12812.2408,28.17860794,11.42595387,4,172.1503754
7098,92.78766632,32.97834778,25.97659111,10.16162395,6.03854847,3788.615538,1,10816.88531,31.59210205,8.895516396,4,33.10101318
7099,112.4243164,29.47554016,22.04677582,8.404222488,4.991198063,719.3707506,1,1419.055115,25.91687393,7.098864555,4,33.15245819
7100,76.52890778,25.81251526,18.78913879,7.819867134,4.794412613,59.41254021,1,854.5471283,26.71114731,7.840990067,4,85.62763977
7101,113.936264,28.24253082,17.59251785,8.946016312,5.339127541,2616.945619,3,1469.833413,27.2543602,6.943685055,4,184.0030518
7102,67.75933075,31.84168625,18.796175,6.334816933,3.489893436,833.0044059,3,21412.12664,13.62279797,4.689825058,4,52.38604355
7103,50.80361938,30.24612236,17.3072319,6.816782475,3.988680124,1528.852692,3,21643.14739,16.46273422,5.894682884,4,115.8209915
7104,124.6134796,27.36182594,17.61501122,9.817081451,5.859378815,93.04286129,3,12293.64283,29.13238335,8.555390358,4,57.58769226
7105,65.1477356,27.89667511,19.59366989,11.76538086,6.865171909,677.9999108,3,11704.13262,28.7759285,10.19016552,4,211.2710266
7106,201.2081451,26.99689484,16.45615387,9.877298355,5.534270287,3219.237819,3,18395.48759,26.41086388,9.237825394,4,196.6306458
7107,40.74650192,27.88048553,13.38217068,13.4044714,7.093248367,2804.182234,1,11778.02293,34.96189499,7.758788109,4,279.6583862
7108,138.1936646,26.56572914,15.07080269,9.604342461,6.320422173,4743.924688,3,9864.61141,31.78146744,8.816511154,4,227.353302
7109,86.61795044,32.55890274,16.42281342,11.03337479,5.619927883,4831.163109,1,5436.292605,26.53193665,8.588890076,4,148.2010803
7110,63.40750504,26.64587402,17.07952881,9.485310555,5.38239336,321.6160726,3,478.6718648,28.73737907,8.798963547,4,245.3764343
7111,62.93148041,34.64017487,25.61364365,10.29074001,6.865831852,3247.450561,3,7818.106543,28.03373146,9.682105064,4,59.11026764
7112,64.04159546,32.35128784,17.68823051,8.28618145,5.237743378,1711.266882,3,22221.32356,17.48971176,7.144182682,4,168.6900635
7113,80.42816162,31.5997715,17.80926514,8.658488274,4.901002884,1576.086452,3,19926.33531,18.77248955,6.655184746,4,208.5752258
7114,98.36116028,34.49491882,19.94100189,8.095411301,4.75342226,3332.005134,3,599.8031868,18.77807236,6.329448223,2,232.7049713
7115,117.5290527,28.2944622,20.19769478,10.70687485,6.31949234,4259.444788,3,10329.10221,31.05301476,10.27734375,4,234.5965576
7116,92.69199371,29.50817108,15.24675083,10.96149635,5.878567219,1719.139335,3,18763.02147,25.05869102,9.310854912,4,199.0256042
7117,47.00372696,33.45486069,26.16441345,6.650177479,4.298125267,3495.208623,3,29558.65029,15.91840553,7.988652229,4,71.56504822
7118,64.28697968,48.14788055,28.49972343,10.28277493,4.958431244,3004.581035,3,30229.58573,19.90282822,7.597458363,4,53.11815643
7119,127.259552,41.92509842,28.6339798,6.939887524,3.961284876,3326.245824,3,25959.86907,21.19277573,6.605055332,4,52.12501526
7120,109.9723358,32.0580864,18.3498497,11.30846882,6.853776455,5789.606075,1,6424.28883,31.50936508,9.727455139,4,270
7121,107.4378128,30.51161575,19.24361801,10.67912102,5.939836025,5438.351458,1,6000.721951,28.56739807,9.724578857,4,145.1762238
7122,95.53530121,30.12023735,17.28139305,8.781385422,4.982958317,3465.629827,3,8325.575081,24.70119667,7.47577858,4,252.2501526
7123,107.2538452,29.89262772,18.82798767,9.255262375,5.55343914,3542.989951,3,8878.745137,21.55966949,8.429673195,4,180
7124,109.2286987,46.83779144,28.54929543,11.49794579,7.489004135,4285.322081,3,15171.168,23.05157661,13.22807503,4,311.2359619
7125,152.9372559,24.25351334,14.94534588,9.473646164,5.524176121,2650.296676,3,17575.47881,30.75408554,9.602155685,4,209.3416443
7126,58.70821762,28.83325577,17.08809662,8.345041275,4.899870396,4776.592169,3,3529.724169,21.38621902,6.186988831,4,227.4895477
7127,56.96963501,30.63503838,23.8319931,10.64155197,6.739861488,1697.0607,3,19161.95662,27.66928864,10.31754971,4,321.4830933
7128,65.0921936,29.12175369,19.70463562,11.29304218,6.545234203,1663.98508,3,19072.27285,27.15254784,12.62444496,4,123.9590607
7129,126.765007,29.80097008,17.75440979,9.14266777,5.481160641,1584.987845,3,19923.75625,23.72435188,8.888881683,4,246.1048431
7130,185.3309479,34.94813538,25.9942112,7.716848373,4.596229076,4588.263853,3,28612.66741,21.90699768,10.40135288,4,309.95755
7131,100.0921478,36.76427078,24.96096802,7.664784908,4.554855824,3926.457323,3,29208.04242,19.91043282,7.828518867,4,280.0079956
7132,75.31204987,21.88533592,15.30268574,6.327728748,3.972949743,817.7518927,3,4981.524185,16.72579765,6.222450733,2,64.07559967
7133,33.31368637,41.00283051,17.90873146,5.490029812,3.174899817,324.2598387,3,4278.280022,9.394085884,5.016090393,2,212.4711914
7134,158.0540619,39.88957977,26.16087151,10.64283752,6.829110622,2418.097021,1,12220.05937,34.25510025,7.734333992,4,311.4752197
7135,45.33016586,31.42298698,15.93548393,7.462026119,4.541826248,4408.622728,3,2997.361575,18.87887764,6.399520874,4,123.7634659
7136,79.17229462,47.14924622,27.44046593,9.764746666,6.30556488,641.558161,3,18290.84377,21.75332451,9.708157539,4,331.3895264
7137,94.22690582,49.49092484,27.27449417,7.192340851,4.211436749,1994.976702,3,18797.11135,14.15739346,6.855282307,4,36.02737427
7138,144.5099487,22.50268745,17.33877182,5.371901035,3.900370836,660.3357811,3,3250.146669,17.10712242,9.701705933,2,270
7139,146.8708191,37.00183868,23.61070824,7.888014793,4.756344795,1721.371463,3,16536.44327,20.48682785,8.845508575,4,283.1340332
7140,142.1869507,29.2200489,19.40432739,9.3885355,5.293628693,1549.010527,3,10820.15734,25.73776817,8.58245945,4,313.7811279
7141,79.22141266,30.07665443,17.67422104,8.164714813,4.358195782,3319.726201,3,9065.358023,20.02461815,7.598637104,4,107.075882
7142,46.39606094,40.13758087,22.83046913,4.912894726,3.655878782,2354.730177,3,6039.521389,8.58676815,5.834372997,2,261.8699036
7143,135.3974304,31.01782227,21.28894997,8.795851707,5.05969429,1127.101463,3,21915.17381,25.72901344,8.079091072,4,275.0290527
7144,90.11604309,29.08634567,20.75194359,6.756580353,3.717903852,3318.432253,3,9077.848663,19.72757149,5.652672768,4,46.87787628
7145,6.905771255,71.50186157,10.74253559,3.121653557,1.89074862,2955.376124,3,6860.539241,3.284121275,2.071522474,2,78.69006348
7146,164.6567535,29.08835411,18.75694466,11.51031113,6.071053505,3194.06669,1,11468.90469,34.59650803,10.13078213,4,294.9547729
7147,69.7519989,27.00548363,15.69468975,7.917359829,4.804522991,3601.838385,3,6264.053133,19.85686302,7.170011997,4,156.5088806
7148,116.8806305,31.86439323,20.22000694,7.225401878,4.137473106,5775.60432,3,13573.1181,18.68406677,7.955077171,2,290.6745605
7149,66.29997253,34.45169449,27.50904655,9.179790497,5.588572502,2573.669275,3,25179.14889,25.28961372,7.559832573,4,332.5818481
7150,99.58303833,38.51825714,24.69928932,9.382102013,5.316496372,2866.865083,3,29865.88272,21.53626251,10.88554478,4,270.939209
7151,91.14063263,24.30120277,15.15075684,7.297358036,3.567395687,4700.797753,3,29755.88247,20.81428337,5.901774406,4,141.6666565
7152,85.22949219,29.51895142,18.04973221,8.089547157,5.039896011,4644.276492,3,29445.43487,23.01055527,7.678939819,4,258.6900635
7153,25.76105309,30.75860214,17.92984772,7.920121193,4.454675674,1833.657282,3,5606.114408,14.59574413,6.263742447,2,275.3208923
7154,99.94521332,23.06416702,15.15069675,5.837686062,3.626653433,5918.9884,3,13079.18463,16.69176483,5.505183697,2,245.7460785
7155,85.85638428,31.12625504,19.24003792,6.723938465,4.083498478,1766.641739,3,23011.79163,15.72921848,6.092880249,4,89.2559433
7156,84.6852417,34.28184128,17.14771461,8.207437515,5.634150505,2784.479717,3,18.26876827,18.59636116,9.233317375,2,156.3179016
7157,84.11254883,30.68332672,16.03619576,10.52056217,6.074948311,1393.209027,3,19456.35065,21.18198013,8.837195396,4,119.6005096
7158,2.960994005,65.76046753,18.03880882,3.459932804,2.14894557,3068.619604,3,6773.54696,4.763633728,2.686493635,2,315
7159,2.02457118,64.74859619,14.12881756,1.863141894,0.634027421,3033.537008,3,6828.095481,2.400841713,1.499922395,2,96.04737854
7160,89.85240173,26.86966896,16.10058022,6.941764355,4.204716206,3992.283668,3,30461.5626,18.77955818,6.318981171,4,115.1563263
7161,114.1996231,34.5775795,19.10193062,7.542981148,4.591450214,3330.941668,3,1449.925894,17.87094498,7.389392853,2,279.1178589
7162,138.3487701,43.97402191,27.07124329,9.38447094,5.432768822,4229.853021,1,10459.60852,29.02039146,10.25394535,4,38.39137268
7163,36.76624298,29.79793358,16.4341259,8.192429543,3.806813478,4633.175477,3,3123.84127,22.10491943,7.099129677,4,267.8930664
7164,40.82197571,36.32800674,19.02550697,5.572603703,3.411550522,2162.008982,3,6328.838918,10.41947365,4.703029633,2,229.0154114
7165,69.28871155,37.25672531,19.25011826,6.25201416,4.331199646,1771.729013,3,6036.831683,13.77627468,7.999330997,2,153.4349518
7166,161.0817566,27.66011047,17.30844498,9.942547798,6.530030727,1053.830287,3,16151.2965,28.48008728,11.00647068,4,265.1434021
7167,204.6419678,29.75341034,15.25322628,10.37432575,5.301845551,1006.566602,3,16558.80168,28.23842049,10.96269703,4,174.9868774
7168,121.6970825,24.67326355,16.22513962,8.83072567,5.670692444,902.855697,3,13774.34038,29.18510246,9.945159912,4,283.7327271
7169,21.82561493,42.20888901,17.325634,11.85115147,5.707080841,625.7075617,3,11752.24899,17.81113243,10.409729,4,248.2250977
7170,134.5105896,28.37033844,17.26904869,10.38258076,5.696806908,1758.601131,3,10625.83688,28.87471771,9.33979702,4,163.6104584
7171,19.14330101,32.22680283,17.49587822,10.53461742,4.322386742,301.2023579,3,13040.46094,17.13923645,8.002163887,4,207.7780457
7172,103.2694473,25.39506149,14.60215855,9.522446632,6.311458588,3043.25177,3,18709.67281,32.89308929,8.274986267,4,241.8583984
7173,84.646698,51.219841,29.88580513,11.61470985,6.554703236,1271.790344,1,13352.81098,29.18666649,9.212469101,4,329.6473694
7174,172.7857513,24.8036747,15.8785038,8.550492287,5.161862373,5376.290009,3,3964.405984,25.44343376,9.741415024,4,240.6618652
7175,107.8521347,25.63531876,14.13289165,5.888814926,3.171920061,4297.610123,3,30192.19627,17.7274704,5.38925457,4,202.3431702
7176,42.79681778,27.32400894,18.0802269,11.83291626,6.062297821,338.6507671,3,12036.42977,26.9187851,10.3465004,4,113.0175629
7177,121.1350327,27.1451931,18.29324532,10.91229248,6.989700794,641.6127625,3,11728.09645,29.07252502,10.37085152,4,274.6986694
7178,87.72100067,28.56539536,18.50176048,9.759092331,5.326292038,2174.763581,3,17837.58057,26.96509743,8.695598602,4,157.8905487
7179,111.3512344,35.34840775,19.32611656,13.55316544,7.577043533,2190.049353,1,17897.49907,34.48646927,9.786226273,4,302.0882263
7180,40.72727203,35.87807846,21.67461586,11.39086056,6.01055479,2310.809294,3,25046.18371,24.30384827,8.370646477,4,124.7488022
7181,63.22612,36.27013779,23.71056747,7.345309258,4.280595303,3213.616163,3,27621.09795,15.7649374,7.647655964,10,80.65532684
7182,201.0344543,27.4848423,17.5323143,8.67394352,5.61468935,1202.703849,3,13594.14108,24.46092796,9.885193825,4,129.391037
7183,198.7098846,25.21643257,17.58363724,9.012411118,5.619091988,2748.136081,3,12132.25121,30.12144089,8.806758881,4,249.6638184
7184,48.62707901,31.31147385,17.75779533,10.65117645,6.765921116,4685.966275,3,3083.313956,21.87971687,8.788903236,4,227.8985748
7185,70.73819733,25.16269684,21.3810463,11.55406094,6.81079483,167.6887803,3,12340.81116,30.40179062,11.16544247,4,168.0866089
7186,10.03251839,52.42703247,23.35034752,10.3587923,3.837334633,163.6679889,3,12898.23017,11.3828125,5.773758411,4,29.53878403
7187,122.3405457,26.27578735,17.29782677,7.86768961,4.972084045,5108.537012,3,11521.17078,25.36989021,8.114134789,2,240.0378113
7188,87.56521606,31.26198196,21.80125618,7.062231064,4.585847855,5163.623663,3,12147.47423,18.60284042,8.388813972,2,66.19405365
7189,132.2665558,22.5273838,17.01624298,7.302621365,4.952192307,4576.325711,3,13741.69958,24.28113174,9.694173813,2,238.6504211
7190,149.3891144,26.10343933,15.81722069,8.174725533,4.810074329,2017.839266,3,10374.9676,26.20545578,8.223535538,4,282.5906982
7191,58.25725937,59.32035828,24.15418816,6.523149014,3.594268322,3608.67004,3,7844.811348,11.78905582,5.687113762,2,83.6598053
7192,94.01410675,33.03026199,18.73453903,7.693675041,4.854554653,3041.730505,3,1548.817955,17.52965927,7.317955494,2,169.2006836
7193,52.74800491,45.25252914,28.62172699,4.850580215,3.304169893,341.1437381,3,12095.20447,9.045929909,2.322924852,4,12.7243576
7194,14.96693611,52.84529877,28.50481415,4.306998253,2.768172264,3.013519004,3,12620.46853,8.857979774,3.279111862,4,23.19859314
7195,110.3341446,29.26043892,16.84881973,9.174056053,5.474791527,1796.299308,2,657.633741,24.73435211,8.516693115,4,174.8055725
7196,50.20868683,29.70848656,17.49850082,6.758075714,3.690939903,3926.887048,3,5554.126384,15.54430389,6.043138027,4,159.6993561
7197,121.9586334,30.57216072,17.76814079,7.516798496,4.485481739,4248.824053,3,10240.88273,19.12457466,6.695429802,2,81.86989594
7198,17.4289875,28.15242958,23.96818924,4.178978443,2.366197109,4721.651823,3,10925.82013,13.46966648,2.854286194,2,53.32564926
7199,78.98509216,29.3305645,17.52998352,7.614760399,4.686108589,2648.571503,3,23586.17289,17.41802979,8.04725647,4,108.8690033
7200,34.79002762,39.14962006,19.74353218,5.512253284,3.35259819,2563.547418,3,6772.340301,9.907486916,5.288454533,2,92.08325195
7201,155.9934692,26.55604172,17.41342926,7.912418365,5.678184032,753.441262,3,16111.62842,24.35586929,12.99347019,4,179.3450317
7202,83.26264191,32.09119034,18.62286568,10.61787701,6.236399651,4040.01811,1,4603.655529,26.6049881,8.081647873,4,193.7362671
7203,126.3566284,34.14464569,21.90904236,7.88412714,4.693690777,4993.210515,3,3540.512634,19.07815552,8.590854645,4,269.6781311
7204,102.9630814,29.49900055,17.6727829,7.861820698,5.178365707,1702.042803,3,18125.51414,18.39669418,8.221431732,4,256.5042725
7205,83.51021576,28.42850685,15.83263302,7.363247871,4.20835495,2803.111105,3,3435.463959,22.54494476,6.460055351,4,252.9655762
7206,43.17933273,36.12499619,21.31558037,11.39735413,5.772646427,16.68550395,1,867.8677433,23.17379951,9.099870682,4,65.61818695
7207,123.46595,42.52513885,26.2939415,10.0572443,6.535619736,3684.62241,1,2007.337476,28.30499268,9.576771736,4,311.1371765
7208,123.5582199,27.98936462,19.23253632,7.73581171,4.998519897,3361.796699,3,8975.382406,22.79593468,7.951337337,4,257.2287598
7209,112.5667877,28.28484726,19.27693367,9.202460289,6.331700325,2822.28482,3,18385.37274,27.19056129,9.674035072,4,282.5288086
7210,162.3290863,22.88414955,15.0411253,6.253987312,3.765013456,2474.401924,3,24261.69204,18.67484474,6.177637577,4,63.72578812
7211,151.0954285,43.64002609,29.04533005,8.269140244,5.089941502,418.3892956,1,12602.23236,21.86497498,9.87579155,4,42.13759613
7212,43.8381424,26.26772881,17.0923214,8.135396004,4.869828701,355.8497049,3,13347.6823,16.14517021,10.14931679,4,195.6123352
7213,206.5613556,25.35808372,16.67273712,8.703785896,5.695728302,1124.926682,3,16198.28059,30.47765923,8.30027771,4,91.75698853
7214,78.27643585,29.80284691,17.51039886,10.76041412,5.41012764,4753.904927,1,5336.228316,32.40300751,8.605096817,4,314.2461548
7215,37.63440704,26.38660431,17.75866699,12.59040165,6.695584774,3448.994544,1,4044.52836,25.16878891,8.264566422,4,216.4072876
7216,74.01461029,39.42918777,27.18410492,6.656986237,3.701603651,1599.612562,3,2260.225054,18.09319687,6.522923946,4,282.6609192
7217,147.7054901,26.5946331,17.3199749,7.389187813,4.453956127,1248.874257,3,2009.894567,22.09597015,6.828691959,4,110.2805176
7218,79.26818085,29.17557716,19.22250938,7.457400322,4.554419041,2627.208765,3,30612.80751,20.80666161,7.820729733,4,274.6276855
7219,107.7159882,27.97866058,16.67991447,7.084969521,3.933813334,1682.719456,3,31551.88512,19.55246353,6.099421978,4,109.1063538
7220,190.4685669,25.13864326,16.42373848,8.549553871,5.173974514,3159.140664,3,24946.94126,22.25500679,9.298701286,4,152.8786926
7221,109.287674,25.31914711,16.18838882,5.116518021,3.297260046,552.541101,3,2887.142293,16.98202133,9.292006493,2,198.4349518
7222,109.1734238,40.38845444,23.83474731,8.978228569,5.539990902,1018.864629,3,8918.422386,20.0977993,9.335828781,4,302.0029907
7223,166.3037415,36.33207321,24.13281631,9.793122292,5.303001404,3661.539479,1,11051.47524,27.31632042,9.162089348,4,52.60811615
7224,113.7133942,44.40250397,28.19615555,8.929357529,5.747774124,4096.530618,1,4707.316438,27.0164299,7.358942986,4,313.8308716
7225,104.3695755,27.1790657,18.45360756,10.31576347,7.029952049,316.6171303,1,643.4395388,31.00966072,8.310842514,4,251.2742157
7226,42.13460541,27.76840401,22.51806259,5.430147648,3.426947832,4595.057261,3,10809.05903,15.39584255,6.427356243,2,81.86989594
7227,91.52845001,28.54611397,19.85770988,6.917593956,4.326006413,4387.168301,3,11382.24098,19.16072655,7.846190929,2,266.7603149
7228,166.2128601,28.41365242,15.7882309,9.337195396,5.115393162,3384.600166,3,17390.24774,23.08176041,8.287740707,4,183.0127869
7229,134.6888428,20.78033257,14.48824406,7.925874233,4.784702301,4682.171393,3,28619.8756,24.85203552,7.561010838,4,173.6598053
7230,101.7728271,48.91368103,25.40958214,8.544753075,4.552544117,3087.139605,3,9304.494921,18.19199181,6.347411156,4,43.53497314
7231,28.7382412,54.00669098,27.67245102,6.151693344,3.557332516,4547.594476,3,2856.171332,18.10553169,6.695109844,4,34.38034439
7232,135.0299988,23.32196236,14.18221474,7.534711361,4.273117542,3635.106617,3,16759.60145,21.08883858,9.049099922,4,167.8202362
7233,98.45378113,34.45039368,22.69871902,9.690778732,5.815499306,1974.175249,3,19257.74398,28.82582474,8.353261948,4,55.58732224
7234,102.0965271,22.66741562,16.45101738,9.121705055,5.511448383,1395.660962,3,31143.89905,22.80400276,7.028380871,4,172.7703705
7235,47.52969742,31.54594994,16.31447411,5.176148415,2.841929197,1660.548381,3,1048.487593,11.34131527,4.61774826,2,289.0319519
7236,11.14308548,73.13438416,18.5077095,3.187566519,2.374490261,208.7009505,3,12376.28259,7.422056675,1.578906059,4,22.5
7237,106.3775177,22.36901855,17.58937836,9.1975317,5.834615231,347.8994234,3,14295.047,29.00812912,11.52904415,4,98.82038116
7238,103.9578171,31.89637566,21.3384819,6.085844994,3.664552689,4295.129932,3,10382.23982,23.69032478,6.118864536,2,59.77016068
7239,87.83146667,21.0949955,15.44861794,6.636816978,4.220893383,3864.170877,3,15737.00471,19.0440197,5.045440197,4,97.76516724
7240,62.71337128,25.96942329,16.54619217,15.07519627,8.582424164,3134.301607,3,17109.71162,31.04149628,13.43602943,4,163.8556519
7241,30.318573,53.29667664,26.78149414,9.72817421,3.926915407,1521.443845,3,20689.11609,18.36974144,6.157869816,4,303.7038574
7242,89.12354279,37.59701157,22.71744537,8.084890366,4.92876339,3527.426482,3,25260.13268,17.12625504,7.423750877,4,281.6593018
7243,115.0804825,22.37822723,17.16737366,7.593468189,4.940103531,5037.770476,3,29526.26821,19.91870689,9.615067482,4,178.9789124
7244,147.8038177,29.41216469,17.55891037,10.54640388,6.510346889,785.9086141,3,11595.97468,29.19188499,9.454627991,4,225
7245,94.80932617,39.83736038,25.42970467,7.804515362,4.040029526,3454.864909,3,8947.633505,17.22092438,6.433722019,4,57.68038177
7246,87.86181641,35.74388123,25.69023705,7.828571796,4.573650837,4037.115289,3,10959.29025,18.40478516,7.084982872,2,48.52145386
7247,96.63317871,19.53996086,16.52671432,6.748229027,4.473323345,4848.614579,3,28927.42302,21.4183197,8.556106567,4,180
7248,71.4233017,36.01393127,18.47118568,12.70002651,6.331830502,2189.11579,3,23449.69493,24.16089058,8.494766235,4,191.8420715
7249,137.2604828,43.74383545,30.08970833,10.05857849,5.750778675,5525.814807,1,9221.606145,29.9421196,8.940868378,4,325.5816345
7250,63.94086456,52.82952881,30.90584946,8.445405006,5.155879974,3593.518574,1,4204.945034,23.67100525,6.84887886,4,9.162345886
7251,148.461441,24.69422531,16.51893425,7.896231651,4.479989052,439.868106,1,1441.902419,26.5767231,7.562777996,4,81.46107483
7252,45.23273087,32.64899063,24.4737339,10.71273804,6.325930595,4421.856727,3,10853.5048,20.93123627,9.717725754,2,275.4839478
7253,83.15605164,39.62226868,24.04424286,6.975830078,4.277766228,3226.367471,3,23805.87948,14.45518017,6.916887283,4,300.3791199
7254,75.80609894,26.93412781,15.25489616,5.574350357,3.104489088,4231.529158,3,26753.8519,14.44121647,5.439255714,4,132.2073059
7255,51.19976044,34.6209259,18.6163826,7.953147888,4.285692692,1531.243225,3,21360.20917,17.50180817,6.56303072,4,254.3769073
7256,82.7796936,31.92718697,20.38971519,6.42693615,3.602123022,3750.688756,3,9860.130892,18.16791725,7.12722683,4,106.0699158
7257,113.654129,35.73591614,23.90131378,7.683523178,4.058921814,3806.684317,3,9993.727654,23.59157562,6.306807041,2,55.61965561
7258,130.9895477,20.11457253,15.6565733,8.101664543,5.476418018,4041.545387,3,10335.07253,27.32302284,9.527416229,2,60.64224625
7259,141.5068817,25.2422657,15.60017586,10.2338953,6.774262905,2887.932326,3,17938.93545,27.2668705,10.97477436,4,93.81407166
7260,121.8424759,33.54045868,20.6599102,8.906428337,5.065561295,2832.555774,3,20213.69988,23.46112442,7.942314148,4,260.2070007
7261,119.9086914,40.39845657,23.78526306,7.333363533,4.456048489,1320.958231,3,3019.004829,16.80569839,6.775568008,2,275.3515625
7262,169.522934,25.16726112,15.84109211,10.2276535,5.782645226,721.3900249,3,15724.37361,32.5679245,10.17366314,4,207.8014526
7263,156.3473969,30.53848076,15.19128323,12.36216545,6.911674976,291.06035,3,15290.5521,32.69840622,9.131690025,4,109.8851624
7264,135.2073517,34.87091064,26.08534622,6.929652691,3.867452383,2016.432446,3,23316.42226,19.81530762,6.761200428,4,296.9670105
7265,92.2819519,17.90357208,14.30099392,8.531891823,4.947927475,3893.737376,3,26387.58685,25.50433159,7.8877635,4,190.0550232
7266,127.5940781,17.27701759,14.35507488,9.202637672,5.478230953,3789.932991,3,26109.18781,25.52980804,8.729832649,4,183.50354
7267,101.5932617,25.61581612,15.60955334,5.726320744,3.198565245,1690.309342,3,6062.970384,16.64623833,6.053315639,4,101.0564117
7268,67.70584106,42.77872086,28.3362999,8.834629059,5.605726719,1182.001582,3,6517.011952,20.73620605,10.68977737,4,325.6120605
7269,71.23773956,28.21346855,17.07273674,7.253973961,4.345647335,466.0602173,3,13937.82851,18.48788834,8.717835426,4,192.7243652
7270,161.2766876,30.00197029,16.69447327,10.96804333,5.875971794,122.4123099,3,14694.09281,30.90706253,10.24952793,4,126.9727631
7271,152.7846222,23.59383011,13.32738304,8.632642746,4.503256798,177.0763877,3,15075.15895,30.8571682,7.452218056,4,150.6621094
7272,103.5133133,37.05681229,20.99270821,13.40042973,7.708007336,6372.00575,1,7073.702469,30.44460297,11.56173897,4,274.1499023
7273,82.83678436,27.38057137,19.58319473,6.306499481,3.979801893,3226.31313,3,3888.208245,20.70798302,6.404225349,4,290.6641235
7274,121.6667175,36.67805099,23.48352814,7.795080662,4.679830074,1227.218859,3,17383.44866,18.47345924,8.593036652,4,292.3145752
7275,27.98237801,44.21629715,23.89821243,11.6499567,5.540829659,230.4693763,3,12138.01082,17.26829529,9.126738548,4,240.1325684
7276,56.40909195,27.91561508,14.65676212,4.763710022,2.68801856,1658.543724,3,876.1030987,11.87563801,5.163683414,2,255.9637604
7277,10.97343731,36.20612717,20.64600182,5.31096077,2.87519908,210.1896971,3,13449.3976,9.115574837,3.413928032,4,205.9556122
7278,124.9357986,29.52548981,17.71783638,10.7465229,6.504576206,2821.978198,3,18824.15165,28.30189896,8.777599335,4,131.8347168
7279,76.88535309,33.32203674,20.12796974,11.48899651,5.88306427,6677.743628,3,7252.567527,31.25636673,9.58868885,4,199.7486572
7280,107.6805115,24.74785805,13.04590702,6.485277176,3.273066998,1948.286497,3,701.9984266,20.45624352,4.51147747,4,233.9149323
7281,88.02027893,29.43697929,23.71881676,7.431378841,4.05253315,4538.786881,3,2535.939363,22.45269012,7.361950397,4,41.90594101
7282,150.0572357,30.44630241,20.07768631,7.264478683,4.819664478,3936.141485,3,3547.797423,18.65037537,10.8388052,4,171.0273743
7283,76.46939087,44.56435394,27.83302498,7.288066387,4.21820116,3069.65624,3,7164.392324,19.17374802,6.131864071,4,309.9868774
7284,179.5697327,37.78155136,26.35430908,8.836315155,5.542245388,1329.858682,3,13709.99054,23.92254639,8.987071991,4,49.54763031
7285,102.7312088,29.98046494,23.08518219,7.123715878,4.332448959,854.1263757,3,6838.525183,21.15466118,8.132032394,4,52.02839661
7286,95.18206024,33.40906143,21.14458466,5.022121429,3.090661287,517.0196971,3,7199.097414,10.84168053,4.538361073,4,265.1686401
7287,19.12222099,55.62577057,28.92566681,2.621299267,1.543467879,375.9327864,3,12288.40912,8.290746689,1.922765017,4,8.330436707
7288,121.277504,27.63850594,15.01928806,8.944566727,4.980103016,158.9715727,3,15011.56299,23.11378288,8.640755653,4,187.0645294
7289,97.71769714,33.54128647,23.5233593,9.092610359,5.335454464,6623.378716,1,8246.836627,27.06945419,7.970776081,4,279.3891602
7290,75.23108673,28.1319313,20.01950836,11.01943207,6.145452023,6789.238569,3,7925.505101,30.97837639,10.046175,4,205.0620117
7291,36.15591049,40.6312027,15.69791985,13.85859013,6.160927773,5008.907322,1,5590.899791,29.45234489,8.569745064,4,296.4437866
7292,110.1740646,27.68852615,18.08258438,9.303610802,5.493867874,2033.907842,3,22058.15819,26.21798706,8.318086624,4,245.6217651
7293,75.33554077,49.06205368,27.57972908,7.85687685,4.364732742,3009.492278,3,25601.70953,18.65207863,6.567444324,4,301.7918091
7294,133.0998383,20.34151268,12.79428577,5.561172009,3.16463232,737.5026973,3,3190.67823,20.15402985,8.980164528,2,228.5488892
7295,162.6441345,29.39970398,21.5154686,8.962317467,5.512194633,4551.767565,1,10474.14915,29.11869431,8.912555695,4,59.17806244
7296,97.11774445,27.17657661,13.32770348,9.051706314,4.757380009,3771.898168,3,5307.344244,23.10046768,9.153622627,4,68.96248627
7297,60.45059204,43.08978271,24.4201355,7.264336586,4.008709431,3163.636527,3,5958.897125,17.38599586,5.156482697,4,31.50426483
7298,29.28258324,36.65763855,20.49557877,4.283024788,2.479971647,3150.248662,3,7323.647743,9.257818222,3.334745169,2,55.24776459
7299,100.4200287,34.02416992,19.60686302,12.46274567,7.271250248,5387.691644,1,5991.801876,33.65220642,8.640336037,4,293.3909912
7300,134.9138031,46.36319733,29.09166145,11.94188309,7.409615993,4758.752494,1,5390.815475,30.53035545,10.51895237,4,28.47047043
7301,92.27011871,35.36949539,25.74909782,6.818332195,3.59910512,2483.3696,3,6266.327706,19.68770599,7.94996357,4,320.4839478
7302,111.4339676,41.46836472,25.25541687,8.594916344,4.688008308,2230.013509,3,21880.95146,22.56747437,7.255410194,4,304.9194031
7303,121.9473572,33.76759338,24.71640778,9.433755875,6.058886051,1389.30253,3,30734.21497,25.79556084,11.09823513,4,42.73182297
7304,80.82849121,32.61638641,17.55596924,8.016913414,5.133838177,2610.151842,3,140.9572183,18.39644432,7.963314533,2,285.8323975
7305,129.400238,29.5714016,18.49108505,9.868467331,5.774355412,4543.590981,1,5167.587144,30.31895828,7.82241106,4,248.0513
7306,113.5197754,39.80514526,26.3382473,7.920763969,5.283577919,3292.77974,3,4992.346794,21.30477715,7.693982124,4,36.46923447
7307,69.89723206,30.54302025,16.31851959,8.199759483,4.548830986,2707.160221,3,7447.975583,19.05371475,6.901626587,4,92.16066742
7308,85.57163239,35.10696793,24.7228508,8.415735245,4.613560677,2431.085002,3,21049.33247,22.94088173,9.085905075,4,66.99113464
7309,102.3423767,28.60164642,16.9744072,8.304968834,4.702379704,3177.262803,3,31427.72496,21.787323,6.965306282,4,96.80131531
7310,106.0110321,28.18881607,16.8523674,8.400287628,4.516075611,3592.263407,3,30980.97904,21.07907295,6.592562199,4,199.3231812
7311,166.2229767,26.52351761,21.29756355,8.023812294,5.054234028,2262.899535,1,12844.93642,28.64259529,7.822501183,4,45.97932053
7312,60.21201706,37.5708313,21.53779411,13.69627857,7.379072189,6915.707933,3,7520.042314,33.9181633,9.091973305,4,222.6862793
7313,17.80756569,56.6163063,21.63973045,10.51124763,4.58545351,7079.052134,1,7685.844362,23.54468155,7.644864082,4,65.21304321
7314,83.6852951,26.17195892,17.83296585,9.226541519,5.353758812,2035.805752,3,618.9426211,26.06873894,7.865140915,4,187.9575195
7315,80.44784546,32.91546631,16.98479271,9.368331909,5.381762981,2220.452955,3,20607.0052,20.23139381,8.694494247,4,181.1233063
7316,147.3018799,26.56063271,16.58580208,10.26126575,5.987165451,1779.825357,3,17458.16665,32.58628082,9.467682838,4,237.2647705
7317,83.65862274,45.05129242,31.19599915,10.52853107,7.527107716,6751.116448,1,8040.500249,32.82235718,7.879724979,4,20.915802
7318,77.33732605,26.23085213,21.14395714,6.2012887,3.668830395,147.2838478,3,8211.117098,18.01143265,7.764119625,4,265.8818054
7319,132.9413147,23.88933945,17.76485062,7.481204033,4.935834408,651.3529526,3,9194.79923,19.06008339,7.317026615,4,241.2602081
7320,37.50712204,31.98010254,24.16586304,11.11664867,6.301879406,0.987762388,3,13241.84301,23.46893692,7.136909485,4,24.89601517
7321,93.85787964,25.27541351,15.64722919,6.658825397,3.838555336,3029.155842,3,3856.356988,19.20315552,6.843360424,4,100.6196594
7322,92.06167603,28.05826569,14.89262295,7.840862751,4.847144127,2362.21527,3,3241.572722,19.62347412,7.833740234,4,215.3062744
7323,114.0265579,29.15552139,16.04309082,7.6739254,4.60031271,4309.966605,3,15296.89427,19.07706833,6.611235619,4,121.6908188
7324,110.4185181,24.51218414,23.49016953,7.250229836,4.752351284,4907.019125,3,29055.47268,20.81858253,9.965221405,4,184.0078125
7325,150.6560516,40.28210449,25.79947662,8.901607513,4.94010973,1740.317661,3,15547.34818,23.11180496,6.914007664,4,291.5712891
7326,46.08423233,21.21683884,20.05153275,4.505223751,2.723912716,240.3728314,3,7723.328587,14.68104649,4.787987232,4,77.72762299
7327,64.61697388,39.37757492,25.89304161,10.91001511,6.01189518,1435.055908,3,19159.26839,20.92469025,11.78229809,4,293.4985657
7328,136.7005157,29.26489067,16.08327484,12.72487545,6.848995686,146.3279835,3,12517.3212,30.5535984,9.80533886,4,61.38954163
7329,30.0691185,28.16625977,16.38762474,8.543950081,3.854146481,18.4004007,3,14246.92079,18.87308502,7.657152176,4,180.7639008
7330,103.6340637,27.62080383,14.91711998,8.90657711,4.697499275,2733.799727,3,1462.666356,26.28643417,6.331278324,4,221.6129913
7331,43.30031967,32.07557678,17.1800518,9.295282364,4.364719391,2484.016797,2,1001.284494,22.48062515,7.283164024,4,161.8163452
7332,74.63569641,26.54343605,15.99695396,10.39351559,7.478471279,2685.270355,1,1082.02959,32.43295288,10.63907146,4,288.8609314
7333,80.42320251,44.18878937,27.46509171,8.004570007,4.326695919,4550.651678,3,27186.24378,17.9336338,7.179040432,4,47.86240387
7334,44.58802414,28.33287048,18.23884201,10.2952652,5.498839855,2145.154927,3,22182.12213,18.89597321,9.037008286,4,185.1956024
7335,55.01734924,29.73611069,18.46118355,8.389525414,4.877062798,2196.28858,3,21465.99198,17.5542984,8.186875343,4,187.7651672
7336,110.4251862,36.72831726,23.15885925,7.652178764,4.484010696,2364.329274,3,19270.38129,16.95889854,7.372201443,4,284.5776672
7337,88.52253723,30.19200325,17.16880035,8.307040215,4.728873253,2604.879894,3,9805.75134,21.38042259,8.663988113,4,194.7435608
7338,52.67695999,33.27042389,18.29144096,4.795489788,2.779920816,1261.337982,3,1044.634116,9.780996323,4.189468384,2,162.2553253
7339,77.5369339,45.02024078,27.41320992,10.01123714,5.257502556,71.204061,3,13568.53614,22.88585663,9.490980148,4,26.56505203
7340,183.7637024,28.32624817,22.02132034,7.65514183,5.143927574,7537.230203,1,8185.166505,24.24061203,9.390943527,4,56.53462219
7341,105.2955551,26.60314369,15.59500027,7.802385807,4.514698029,3539.515917,3,5101.309578,22.11851311,8.49802494,4,102.9116974
7342,33.41657257,35.02579117,20.25390625,4.472829819,2.742923021,4506.531529,3,26531.79148,10.61877251,5.263813972,4,250.9404602
7343,30.65700722,31.73517418,16.18000603,7.358138084,4.118415356,2402.387986,3,23075.80108,14.26187706,6.364960194,4,124.8244934
7344,125.0418701,41.43758392,25.95675659,7.326452255,3.764249802,3502.852125,3,23136.32849,16.15611839,6.713366985,4,47.2457428
7345,66.65027618,35.31094742,18.35344124,10.4899416,5.425417423,1904.995126,3,19846.78151,17.23734856,8.507938385,4,150.3501282
7346,86.5710144,46.67387772,27.4298172,8.053679466,4.449467182,2288.725605,3,19821.75508,18.51429176,7.231488705,4,321.3432617
7347,93.85360718,55.87896729,27.6936779,6.838275909,3.902808189,2532.409651,3,19527.5772,14.21010017,6.069309235,4,39.04297638
7348,106.0443115,28.32971001,15.80852222,7.888424873,4.013907909,2727.208678,3,15492.32722,20.22489166,6.650468826,4,180
7349,121.6349411,56.1060791,24.72255898,10.94532681,6.180742264,551.7899366,3,12932.39532,26.0157299,9.77555275,4,36.74056244
7350,172.1000977,46.1891861,30.59688377,8.462268829,4.749506474,781.017903,1,12792.08291,26.84781456,8.114357948,4,31.35941124
7351,152.0792084,25.60887909,17.23070335,10.06627369,6.364773273,1041.694511,3,16688.55904,32.29666519,9.847686768,4,231.161499
7352,84.7787323,32.44399261,19.85809326,13.02157688,7.375263214,1249.429854,3,16929.29257,31.43576431,11.1373558,4,78.87081146
7353,205.7408447,29.01979256,21.84836769,9.131585121,5.945713997,1702.895358,1,13434.47832,30.9646244,7.725569248,4,270.3444824
7354,30.77886963,37.81362152,23.83321381,12.0891552,7.119881153,2730.487595,3,7881.945766,21.85755539,11.66223621,4,269.8127441
7355,118.8974075,29.7914772,14.87355232,8.947162628,4.912677288,3663.652528,3,17112.12241,19.56720161,7.334389687,4,117.5252228
7356,60.34669876,24.93496704,15.49564934,5.693761349,3.853455305,3615.32003,3,29038.33494,17.38386917,6.955292702,4,106.6992416
7357,6.020520687,56.23411179,16.98424721,2.487740755,1.086144686,2516.246848,3,22919.41726,3.821389675,1.877194881,4,80.53767395
7358,90.71035767,43.13366318,26.42946434,8.093363762,5.591495991,3265.430762,3,23367.40172,17.70368767,9.602109909,4,301.2391968
7359,128.6286774,26.24811363,16.79423332,10.23145676,6.044900894,621.5232773,3,12990.38649,31.31568527,8.374102592,4,108.853157
7360,76.14955902,32.84721756,16.3928299,7.261769772,3.902587652,2503.351612,3,2292.867083,18.52490616,7.511528969,2,216.3835144
7361,65.18651581,37.93202591,22.10243225,6.517083168,4.879633904,172.0051885,3,15586.17118,13.17658615,11.34833145,4,164.4758911
7362,31.97465706,44.29626083,20.57782364,11.42303467,6.986778736,2606.501031,3,7859.357364,22.69503784,9.095815659,4,237.0947571
7363,129.3094635,34.45015717,22.97968292,9.205747604,5.876395226,2572.280205,3,8805.262041,20.83665848,9.693840981,4,258.3663635
7364,149.9071655,26.90025139,21.75747299,8.013168335,5.2427845,3799.010491,3,28677.08618,25.69210052,10.81110954,4,78.69006348
7365,58.1804657,31.17117119,18.52448463,5.978278637,3.406628847,1727.480982,3,589.1988717,13.0531559,5.61356926,2,217.34935
7366,143.9493561,27.70574188,24.35080338,7.812948704,4.636916161,531.841971,1,12871.86893,26.66625214,6.981188297,4,28.07248688
7367,166.3880768,41.61519623,30.1442585,10.00853252,5.597990036,3038.324284,1,11675.07507,32.12710571,8.212166786,4,25.6301918
7368,101.2961426,29.82456589,16.52926826,11.09508705,6.764715672,6037.515797,1,6620.916224,33.0270195,9.04369545,4,210.7584991
7369,77.90802002,39.88359833,27.38309669,7.248790264,4.172716618,3558.750936,3,4213.098394,21.5685997,6.326408386,4,41.58341217
7370,61.31992722,57.69378281,24.82324791,7.403051853,4.290762424,2982.023006,3,3640.732066,19.63229561,6.978578568,4,313.9692993
7371,16.06663704,38.44952774,22.02329254,5.805181026,3.161218882,5374.865264,3,12652.10319,11.41210079,4.240066528,2,285.9453735
7372,20.95067215,38.85995483,22.52890205,5.731393337,3.14674902,4445.603498,3,26209.27768,9.834295273,6.059868813,4,47.83898163
7373,90.39676666,24.41766357,16.25038147,8.305682182,5.204708099,2680.043927,3,16124.40456,22.69308662,8.15127182,4,173.9724731
7374,109.6021729,37.71749496,27.62856483,7.569301128,4.528271198,1089.894449,1,11745.13008,23.45935631,9.502723694,4,40.6303215
7375,18.17705536,54.73727798,24.80522346,6.943850994,3.942412138,116.7182241,3,14042.6747,10.65612888,4.653295994,4,36.57303238
7376,45.02975845,53.91233063,26.25459862,5.992408752,4.773163795,562.4730424,3,14478.55438,10.82954884,7.545850277,4,66.99584961
7377,98.29113007,28.96527863,18.90283585,11.13130379,6.257061005,696.630022,1,14338.84637,33.23157501,9.717541695,4,308.5321045
7378,150.5687714,37.02222443,27.57798576,7.727240086,5.258087635,1766.726566,3,6555.196356,22.54949379,8.747509003,4,63.16595459
7379,140.1828461,43.02079391,27.12957954,8.074529648,4.755598068,3284.472713,3,19490.09372,23.57061577,8.509095192,4,42.79740143
7380,101.0469208,38.68207169,26.46388817,10.90916538,7.699021816,2932.243055,3,29163.54966,27.35541916,13.24033928,4,276.1148376
7381,9.424991608,31.27427673,16.99028969,6.608370781,3.157655239,2238.178748,3,21941.37067,10.22999859,5.132846832,4,163.6104584
7382,47.43738556,31.23160172,17.12151718,4.804731846,2.601564169,2067.701765,3,251.6309195,11.83685303,4.251663685,2,101.1320038
7383,48.04998398,29.82210732,14.53067303,4.820476532,2.960451841,1904.928267,3,554.071069,11.97684765,4.196621418,2,311.8778687
7384,121.661171,34.62387466,20.42911911,12.43255329,6.243471622,3939.146712,3,19073.71173,27.57156754,9.433232307,4,96.60483551
7385,93.64002228,57.70508194,26.99211502,9.501992226,5.663107872,6751.035476,1,7341.513102,26.78561783,7.816516876,4,293.7026367
7386,103.0049744,46.29306793,27.74627113,7.281158447,4.150854111,2873.798992,3,22473.14162,16.77907181,8.273262978,4,46.25904465
7387,89.72966766,55.14923859,26.89470863,8.548378944,5.217838764,2810.279494,3,21888.68905,18.67689705,8.954652786,4,36.98290634
7388,61.77033234,28.04710197,16.70673561,7.85660696,5.148418903,1385.366448,3,5751.498396,16.96063042,8.49695015,2,229.4776154
7389,143.6157074,26.72003746,17.36572075,8.798089981,5.83714962,4375.184336,3,14881.53142,24.8074894,8.251358032,4,83.1230011
7390,72.64046478,27.72370338,18.11624908,6.671850204,4.533956051,126.8664542,3,4808.146911,15.91436481,8.686845779,2,69.61167908
7391,121.1688309,33.94660187,24.27506256,10.71851349,6.282653809,3051.626884,3,18520.52921,29.90523338,9.860404968,4,52.43140793
7392,26.60874748,35.54756927,19.9115715,14.92549229,7.438952446,3234.147791,3,18520.49375,24.90290833,12.38661194,4,78.85181427
7393,138.920105,43.03836823,29.72725868,8.664780617,5.104266644,3838.882211,1,10912.17128,28.71917534,9.662150383,4,48.63294983
7394,159.0059509,33.57861328,21.56282425,9.537226677,6.091221809,6957.551728,1,7611.071611,27.87062645,8.183450699,4,276.7661743
7395,113.727951,38.09798813,26.70846558,8.495758057,5.597129822,2092.54182,1,389.4802599,26.48310471,7.61702776,4,314.2926636
7396,161.7759094,29.51778603,17.35229492,8.201145172,4.637074471,3416.390386,3,1518.294542,24.67867088,7.913999081,4,239.6868591
7397,66.86035919,29.23439407,21.56723976,8.721576691,5.301376343,3717.712109,3,10619.11908,21.26792145,9.568493843,2,273.0127869
7398,85.70344543,47.27902603,26.22544098,8.412795067,5.044760227,4460.304011,3,25616.24842,18.16654778,10.73819733,4,55.06906128
7399,87.8757019,28.66530418,16.46338463,7.238776684,4.506447315,627.0778606,3,4008.165512,15.6320343,9.603491783,2,249.3045502
7400,83.6839447,28.17358017,15.77826309,7.832671165,4.764923573,1063.006307,3,3680.225221,21.29189682,10.3848772,2,217.5223846
7401,85.31929779,33.04296112,18.76729584,7.585234165,4.568245888,1383.869206,3,3465.123174,19.23204803,7.232374191,2,289.3845215
7402,53.30197906,30.54585266,17.29293442,5.308142185,2.963078499,1066.983832,3,1257.686874,11.99317932,5.259038448,2,236.7682953
7403,83.21002197,28.37983894,18.86658096,5.794639587,3.393217802,159.7406901,3,2262.793214,16.08280945,6.262804985,2,68.4046936
7404,144.1266937,23.08168411,13.50531769,6.990877628,4.419736385,1248.985818,3,3784.54125,22.48888397,7.225787163,2,212.3666382
7405,80.80654907,22.69538307,18.67956161,6.922767162,4.482069016,2549.731311,3,4916.824947,21.52458382,9.706933022,4,99.46232605
7406,91.8394165,44.1265831,26.8439064,9.221398354,5.370501995,2672.12857,3,4988.568354,17.87405968,8.848199844,4,305.7714233
7407,121.0225449,27.9192543,23.29481506,7.823435783,5.035553455,2396.299845,3,5576.458561,21.71833992,10.07713985,4,280.1500854
7408,139.8036346,30.80142021,19.94174957,7.24655962,3.882022381,2875.585664,3,5439.542466,20.97004509,9.33456707,4,80.8598938
7409,126.8631363,40.56633377,26.01411819,7.554361343,4.455811977,1492.549124,3,6962.289595,18.56381035,8.20381546,4,295.9743958
7410,35.85230255,68.64816284,21.30569839,10.98083019,7.741540909,2406.765182,3,7782.284224,18.71977234,10.00667286,4,12.09475708
7411,142.851593,39.3719635,26.77676201,9.807518959,5.677301884,2062.069875,3,8290.518695,21.49284935,11.13610935,4,58.13402176
7412,136.0691223,22.32350159,13.04658127,7.829958439,4.711075783,3810.86073,3,16357.44673,22.82753563,10.31056023,4,191.3099365
7413,92.4205246,34.80711365,18.58263969,10.75067997,6.305965424,4208.040608,3,15694.08334,18.52842903,10.03386879,4,92.48955536
7414,53.19029617,40.6681366,24.16508484,6.702131748,4.088280201,4151.551808,3,25635.33477,14.38137054,7.726032257,4,72.55281067
7415,58.22457123,26.68992233,17.42228889,12.03841305,6.991612911,2303.690877,3,20332.44027,21.75704384,11.6762991,4,165.1836853
7416,127.7852783,31.34617615,18.89996147,8.555364609,5.118961811,3045.311238,3,20042.5204,21.27401352,7.6741395,4,261.4692383
7417,37.36706543,34.38799667,19.56643677,6.65182066,4.276607037,3165.588118,3,7491.491923,10.40650749,5.405662537,2,56.30993271
7418,126.1782608,49.70775986,26.49183655,7.30587101,4.264286041,2747.555215,3,20498.53914,14.55355167,6.16718626,4,62.74467087
7419,177.7860718,22.93619537,15.61370945,8.242649078,5.097174644,3080.217177,3,18056.72174,26.84003448,8.371518135,4,171.4913025
7420,151.8222198,25.37362671,15.35542393,9.554766655,6.0125494,1919.059487,3,17191.59821,29.83031273,10.04532337,4,206.3455353
7421,148.0391846,33.53587723,25.19395256,8.062869072,4.758219719,1148.675939,3,1984.916576,22.71991348,7.437440872,4,30.00492096
7422,90.96443176,36.5497818,26.20304489,8.764946938,5.098105907,1674.334773,3,7561.455394,20.18993568,7.499971867,4,42.32495117
7423,24.43987083,34.1969223,20.99666023,5.2964468,2.814337015,5234.215715,3,12415.10669,10.64996243,4.107590199,2,65.85446167
7424,85.27993011,38.41441345,26.14321136,8.593044281,5.013991833,4199.639168,3,13198.66398,19.82707787,7.783297062,2,39.70991898
7425,104.4727707,25.01037979,14.34155178,8.046580315,4.616829872,3063.78395,3,15472.41157,23.75104713,7.499951363,4,250.6410065
7426,166.8007965,29.59845543,18.54659081,7.530125618,4.482606888,3614.041941,3,8775.425989,19.04570961,7.32603693,4,92.38594055
7427,7.870751858,36.33493042,20.56585503,4.746387959,2.531417608,186.4427482,3,14940.76983,7.714528561,2.685395479,4,210.9637451
7428,108.6223679,26.65397644,16.93880844,8.515191078,4.530436516,3562.420556,3,9939.645393,23.37859344,7.823939323,2,137.1568604
7429,135.2184296,38.16639328,26.81726265,9.390810013,5.732584476,3544.463536,3,18674.23433,22.09446144,9.078145981,4,89.00950623
7430,57.64567184,32.34816742,22.94785881,10.19405651,6.185314655,2204.034455,3,21515.36213,26.61844826,8.30012989,4,267.510437
7431,68.27709198,28.58417511,19.86410904,8.770737648,5.562071323,515.9829132,3,32108.81047,20.66619682,7.850536346,4,232.9071655
7432,49.15647125,53.49342728,26.79169464,8.334095001,5.963823795,2766.766846,3,20993.27224,16.81911659,9.055152893,4,48.67805481
7433,19.77937889,54.69510269,23.00363922,9.244849205,4.782917976,2735.8491,3,20611.49589,14.00586891,7.443609238,4,291.0375061
7434,4.621808052,62.68538284,20.65481377,3.639150858,2.772293568,2450.267867,3,20400.54361,5.514519215,2.447227955,4,234.2174683
7435,54.90352249,34.50281906,17.89880562,7.267168522,3.909046412,2087.520106,3,2772.409672,16.83367157,7.484281063,2,122.3806763
7436,19.64960861,39.06512451,21.75533104,6.193234921,3.810969353,1804.620344,3,2920.500916,15.69153881,5.476613998,2,317.6345215
7437,64.81822968,37.61732483,21.22941971,8.217879295,5.256715298,2468.960093,3,153.4844711,18.63157654,7.363418579,2,275.1944275
7438,38.44209671,36.00222778,22.3908062,6.405815125,4.71506691,59.98293408,3,15278.07527,12.62042809,9.855190277,4,188.4381256
7439,9.021342278,60.26757813,24.52012062,5.476837158,3.47362709,3973.140278,3,10569.03578,8.433256149,3.528102398,2,321.0090027
7440,59.81743622,31.58717537,25.37049294,7.026197433,4.003671646,4732.699793,3,12229.1124,17.75400162,8.784520149,2,55.1643219
7441,81.66362,29.66992378,18.29112625,8.309750557,5.462294579,4412.198261,3,12719.15787,19.52249336,9.595159531,2,259.6288452
7442,7.74875927,59.0189209,18.27427673,2.560745716,1.611525893,2590.731251,3,23119.5799,3.635059118,1.510803699,4,45
7443,122.8167572,43.23297119,25.43005753,9.49841404,6.004775047,3662.063659,3,25242.29826,19.52771378,9.434169769,4,51.40759659
7444,55.26806641,26.08249855,16.65873718,10.56896019,6.359963894,1236.435077,2,145.8509038,28.71253204,10.30955219,4,189.3954773
7445,108.0302429,29.21992302,16.77286148,8.74609375,4.862514496,2589.334305,3,21982.10557,22.31354713,8.263771057,4,243.4349518
7446,291.0643921,38.39470673,27.06098747,8.051452637,4.81317997,998.0176055,1,13228.25256,24.44088936,8.915091515,4,50.02407455
7447,188.2530823,23.77326012,19.84858704,6.502771378,3.695216417,949.7493392,1,12925.51928,27.48980713,6.111667633,4,41.46770477
7448,124.2265091,42.19376373,28.92050171,10.82554626,5.901947975,6315.284439,1,6926.129785,31.41434669,9.017067909,4,35.90132904
7449,120.2139511,24.72236824,17.7532711,9.270138741,6.060302734,4523.462088,3,27819.68406,27.58864212,12.49372196,4,225.4034882
7450,28.15954399,34.52728271,21.68239975,14.02928829,6.514543056,828.9291003,3,11563.64138,25.92076302,10.73492336,4,206.7605896
7451,28.36871147,39.56212997,15.83449554,6.766414165,3.331092119,2508.024887,3,6946.614714,11.60182571,4.794872284,2,104.0362396
7452,56.80090714,29.11857986,16.14898872,7.936432362,5.323187828,975.4064878,3,5604.554632,17.21378517,8.902492523,2,228.9724884
7453,76.71777344,33.03894424,18.14068604,7.408752918,3.900419474,3585.070742,3,1064.429406,16.61136818,6.015265942,2,250.598114
7454,122.1331329,33.14585495,18.91040039,11.55372429,6.783699512,5438.824012,1,6076.831454,30.83867645,9.385091782,4,251.5650482
7455,75.31487274,30.49521828,19.41146088,9.281903267,5.558073521,510.2914829,2,743.2802666,23.93727303,7.188729286,4,171.8145905
7456,108.6354065,30.14671898,17.82077408,7.968708038,5.007199287,2222.066903,3,6891.025834,20.16995621,8.534292221,4,85.8553772
7457,88.14769745,42.58315277,26.74663544,7.049496174,3.617027283,4549.277571,3,11849.70761,18.34942436,6.996250629,2,57.60459518
7458,69.41907501,28.67286682,20.21250534,7.102039814,4.207317829,4591.779157,3,11824.08784,21.98330307,6.785117626,2,62.9691391
7459,124.9583893,46.54860687,27.82605362,9.174947739,4.764001369,5465.371096,3,29201.14696,20.74704742,8.363640785,4,77.26513672
7460,21.03143692,36.63294601,20.65793228,6.334164619,3.917502642,3122.80286,3,23660.51691,10.85478973,6.514692307,4,100.491478
7461,99.61998749,30.95802116,20.07962799,8.007984161,4.917176247,3134.77364,3,21450.18542,20.02476501,8.039541245,4,268.0515747
7462,60.96564865,28.65969276,19.32227135,8.224087715,5.013267994,5081.71793,3,26977.85284,18.77119255,10.37163067,4,215.5376892
7463,28.911623,44.2185173,24.08830261,7.024689674,3.837473869,2277.043464,3,6846.514217,11.54654312,5.637258053,2,55.30484772
7464,63.37929916,45.10539246,27.15883255,9.71480751,5.377665043,712.6405455,1,773.7478631,24.38704681,8.229916573,4,326.4493408
7465,117.6779785,36.3169136,25.34384918,8.296634674,4.552967072,1546.718853,1,150.3611591,21.41292,7.084276199,4,320.477356
7466,147.7828827,48.1077652,27.29707146,7.11600256,3.862858057,3518.56717,3,8347.299387,16.18170929,6.706503868,4,280.6808777
7467,110.5319901,43.17639542,27.44398308,9.348138809,4.868711948,193.6534453,3,8737.205412,21.90350723,8.612254143,4,274.3987122
7468,40.56774521,18.23084068,11.73818874,10.96990108,4.624361992,297.6776594,3,14761.62199,28.09597206,8.579788208,4,151.966156
7469,205.8726196,23.42059898,14.69047451,9.235337257,5.604712486,956.8143157,1,14450.94904,34.18881607,8.783083916,4,307.673584
7470,73.22530365,34.88029099,23.8850193,7.921684742,4.908860207,3144.54486,3,9544.30322,19.57039642,7.319478035,2,77.47119141
7471,105.1064911,32.04179764,21.06275177,6.854766846,3.617498398,3127.547696,3,9796.039133,16.08899307,6.324616909,2,71.74079895
7472,120.4923325,25.11808205,16.44882202,7.800601006,4.671987534,3044.138773,3,15423.62034,22.51165771,7.138699055,4,207.2553253
7473,112.3886642,27.06090736,19.11263847,10.49053097,6.585351467,6.796617523,3,12390.35691,29.37154388,9.462165833,4,56.17383957
7474,59.90329361,46.463974,25.63157845,12.66197491,7.133422375,631.9769648,3,11761.83706,26.13705826,10.89120579,4,245.1363068
7475,12.59368706,40.76097107,17.85152435,3.70675683,1.970568538,1827.420114,3,6454.532331,5.667248726,2.853983402,2,77.00538635
7476,8.049219131,46.86038208,17.25219536,3.185578108,2.167356253,1680.14798,3,6281.686762,5.795558929,2.166530609,2,140.7367401
7477,65.59466553,29.57481003,21.41296577,12.23919773,6.827259064,234.7856486,3,15072.94234,27.9410553,11.92375469,4,126.3006439
7478,122.4383926,32.83511734,25.28355408,7.543100834,4.244445324,6153.871505,1,8758.050483,26.66313553,7.624027729,4,47.06381989
7479,153.3990021,25.2347908,16.30699921,9.607247353,5.979252338,5400.461196,1,9678.778053,25.03050995,10.94895267,4,275.9468689
7480,130.7971039,28.55864716,17.04435539,8.640833855,5.071407318,1278.583257,3,2376.61775,24.35443497,7.022313118,4,178.6677856
7481,59.93412399,33.14133072,19.07929039,7.495586872,4.699394226,702.3095821,3,4156.161106,15.07075405,9.236512184,2,235.6196594
7482,24.87644386,42.48711777,24.36809921,8.250411034,5.399553776,390.2542054,3,14718.14291,12.78142452,7.128388405,4,61.69924164
7483,156.79422,36.22606277,26.30760765,10.6520853,5.922307968,1627.258052,1,13548.69761,27.60310936,10.8471241,4,318.715271
7484,165.4470673,27.27148438,18.11362457,7.945683002,4.658285141,4095.828366,1,11263.67753,25.60959435,8.349219322,4,256.3729858
7485,109.6595306,28.92692184,20.65124321,7.336579323,4.685219765,5270.399004,3,27745.73456,18.44137383,8.14253521,4,99.07408142
7486,27.79310417,27.49198723,12.76444626,5.711152077,4.007415771,4177.960706,3,26331.07067,14.20927238,5.646375179,4,65.32563782
7487,111.6147537,26.26270866,15.60730743,7.889047146,4.33672142,1940.880443,3,14320.30874,20.52810097,8.544177055,5,169.045929
7488,153.3936005,49.48262024,27.14729691,7.830720425,4.25606823,3682.710845,3,8669.075961,16.9344101,6.486382484,4,55.51533127
7489,71.87895966,29.98320198,23.58764648,7.127869129,3.345724583,903.1407478,1,12023.88358,23.31673622,6.117089748,4,302.0558167
7490,121.4418335,27.64144707,16.65571594,9.967237473,5.584595203,2770.130523,3,19364.30312,28.34152794,8.097143173,4,137.5637665
7491,222.2238922,39.04887772,28.92977905,11.20781803,6.690085411,1665.242728,1,13694.14452,32.56774902,10.60476017,4,25.84761047
7492,63.30594635,27.34288025,21.20092773,8.036646843,5.399375439,6979.510676,1,8214.53854,23.38872719,7.377613068,4,286.4821777
7493,54.28420639,35.84849548,18.83675003,7.532344818,4.670498371,3025.663523,3,16477.88758,17.75027657,7.628477097,4,100.1755066
7494,67.85771942,32.75144958,18.51397133,9.039764404,5.170776844,3516.256855,3,16872.34783,20.98289299,7.522614956,4,225.7290955
7495,187.0610199,34.94140244,25.46961403,8.177154541,4.583604813,1507.193339,1,11935.11396,25.09752655,7.853209019,4,320.4403381
7496,161.0263062,26.00477219,17.85850334,8.942075729,5.649099827,1336.250614,3,13405.08083,27.18579292,11.91247654,4,98.97262573
7497,64.70935059,28.89478874,15.76253128,8.918417931,4.85836792,3921.90232,3,4602.690613,24.05453873,6.87401247,4,196.8214111
7498,73.26073456,31.07193184,17.74705315,6.636612415,3.442836761,4030.276178,3,16606.55238,14.86706161,5.960375786,4,224.1815491
7499,133.3664856,39.96394348,26.68707657,10.50851345,7.583987236,5122.80103,3,26025.01842,26.89344597,13.64009953,4,270
7500,99.25312042,29.93352699,17.16770935,9.060656548,5.736053944,1861.9035,3,29964.63125,24.9677887,9.474364281,4,211.9086914
7501,100.8417664,50.81072617,29.01960564,9.991174698,5.657485008,1238.51988,3,11173.79341,24.35226822,8.373287201,4,325.8123169
7502,111.4693298,26.9230442,17.14839745,9.69394207,5.646145344,1572.880132,3,10832.73701,27.72010422,9.798814774,4,219.4335632
7503,215.3651123,35.70753479,26.73614311,8.207913399,4.622605801,2034.334654,1,11358.92312,25.40112114,7.123864651,4,322.5939331
7504,136.4059143,33.00753021,19.01332664,7.00689888,4.760910988,636.0386158,3,16170.17205,20.62353706,13.46407127,4,208.1814728
7505,7.383822441,47.76249695,23.71975136,6.298281193,3.442015409,211.5284966,3,15878.83371,10.40276623,3.734283209,4,169.6263733
7506,132.9079437,34.13040543,17.53606224,10.88187981,5.620027542,3272.255762,3,19023.19993,28.33612061,8.465258598,4,178.2897949
7507,170.5974121,33.45875168,25.32105255,8.099270821,4.598739147,3217.480583,1,1210.456703,25.44820595,6.648418903,4,316.6562805
7508,76.03546906,34.16766357,23.09295654,6.1110816,3.466319084,4931.313952,3,2739.472704,15.16596222,5.805828094,4,279.0320435
7509,29.70316124,31.13375854,22.69063568,9.386468887,4.421376228,2361.788685,3,5571.917666,18.0807476,6.254148006,4,66.48296356
7510,111.3678131,24.8799324,19.25077629,8.725621223,6.47520113,3643.018195,3,28547.12505,24.69648933,11.1171093,4,75.65555573
7511,74.85624695,40.53242493,27.91814232,8.050773621,4.966694355,4994.453141,3,29673.70985,20.62635231,10.3621664,4,316.4320984
7512,85.81225586,26.6395607,13.11070347,7.432685852,5.121430397,4469.517882,3,30198.92977,20.7105484,6.605931282,4,301.8274536
7513,106.8965378,25.67520332,19.35418892,9.079194069,5.419976234,5246.092166,3,29418.45964,24.66441727,8.730197906,4,77.33352661
7514,80.69875336,25.70321846,12.77837849,9.216702461,6.245121002,55.0558491,3,12336.1284,29.79072952,8.542913437,4,91.32987213
7515,116.3982849,38.14515686,28.44942474,6.224731445,3.538419962,6577.066289,1,8807.174514,19.01073456,8.30038929,4,53.74616241
7516,109.6607666,38.26797485,23.60053635,9.06881237,5.658137321,4782.859324,3,25766.97962,20.87144852,13.07017326,4,58.77159882
7517,77.27111816,23.66036987,15.05241108,6.499051094,3.684250355,3919.212282,3,30750.46733,17.42124176,5.309319496,4,150.4221649
7518,153.2078705,25.48241043,15.35504055,8.898970604,5.537248135,969.731814,3,13357.63887,27.37830734,8.308522224,5,131.7480469
7519,83.82948303,33.10085297,25.9956398,5.457681179,3.511851549,3689.644479,3,8741.449301,17.53565979,6.525989056,4,54.30994034
7520,91.20720673,24.36038208,20.53573227,5.463199139,3.229239225,575.5485101,3,7728.384223,19.55189323,9.01360321,4,288.4349365
7521,121.5821915,28.92634964,18.26664734,11.28241825,7.35609293,550.7471055,3,16214.83366,30.22278214,11.37514782,4,251.5650482
7522,151.324173,23.26473236,15.43557835,7.633714199,4.748763084,3204.423734,3,3839.411603,23.51806641,10.17510986,4,217.7467957
7523,100.1711731,37.79376984,26.93090439,8.83069706,5.287248135,2371.123984,8,5117.902661,24.67209625,8.26888752,4,285.3618164
7524,93.42611694,21.18692017,14.3290081,5.65887928,3.521545887,3982.679387,3,15004.67496,18.10256004,5.345590115,4,95.30773926
7525,100.8703079,37.30165482,26.22178841,8.089418411,4.365681171,2904.644409,3,21820.97889,20.83450699,8.145878792,4,307.6476135
7526,67.06240845,33.19439316,22.51633453,14.05598831,9.665166855,365.5992436,3,12028.6017,29.27931404,15.11444187,4,254.1859131
7527,55.74365234,25.83001328,16.98941803,7.846576691,5.371771336,646.6073007,3,5501.522,17.55913353,9.028436661,2,229.0856171
7528,62.44617844,26.75289726,17.867836,7.072070599,4.841076374,32.59724081,3,4824.409924,16.11794472,7.265254974,2,78.69006348
7529,103.2943954,37.59430313,29.00123024,8.525493622,5.188851833,113.369144,3,8259.340634,24.96905708,8.237095833,4,22.06790161
7530,100.9791565,24.43576622,17.35212326,7.342451572,4.584381104,268.4018996,3,8603.956955,23.02529526,6.804293633,4,242.2487793
7531,84.58435822,33.00686646,19.83202553,7.883047581,4.376790047,3836.255424,3,4567.009175,19.60754013,6.639556885,4,280.4066772
7532,26.65412903,56.93136978,22.50512505,7.808089256,4.594900608,5317.950857,3,26867.3616,12.02197266,7.032414913,4,79.84358215
7533,132.985611,32.64226151,27.37442398,9.098664284,5.147569656,5234.587304,3,27534.88452,26.58768082,8.792297363,4,318.0674438
7534,88.29781342,23.46435547,16.45410919,5.800810337,3.223963976,4597.149861,3,26782.99053,21.22228241,6.546278,4,61.05675888
7535,25.97167015,38.58850479,18.50862312,7.148147106,3.575391054,2872.332936,3,20825.89954,12.4765377,4.5548172,4,72.72503662
7536,34.97263336,33.7731781,22.84537506,6.34788847,3.643832445,3401.386716,3,20980.18682,13.13770103,4.813555241,4,72.3498764
7537,30.63745499,48.6987114,24.33817482,10.9665041,5.500626564,3236.332524,3,20742.07207,15.25222969,7.550550461,4,273.576355
7538,117.9047928,27.37729073,17.09728241,11.24470043,6.508367062,517.440199,3,11897.01355,29.0816555,10.73978806,4,242.7686615
7539,48.68180466,29.51624298,17.13084221,5.849257469,4.038054466,607.9606441,3,14579.34197,12.77235317,8.753152847,4,56.88865662
7540,7.685408115,50.54600525,21.77231407,6.078855038,3.649987698,146.5296942,3,15248.44097,6.450458527,4.134007931,4,201.8338928
7541,12.87247181,39.96843338,23.38683701,4.587960243,2.202706814,429.0140861,3,14889.64643,7.249857426,3.671432734,4,20.55604553
7542,7.842301846,70.16299438,13.79204082,7.720471859,4.139977455,144.8152076,3,15825.12754,10.6056776,5.239870548,4,315
7543,120.7841949,31.58374405,17.53957558,10.35060692,5.938374519,4869.46733,1,5534.382754,25.60044479,7.936867714,4,198.5611572
7544,124.6336365,23.28398323,16.79979515,8.562932968,5.483679771,251.1164658,3,1720.88379,27.05257797,7.724206924,4,73.82672119
7545,64.36126709,28.88566589,20.41057014,11.38855648,6.913929939,323.5852466,3,1241.433262,28.66910744,9.434150696,4,227.7825623
7546,50.53806686,37.80231857,18.81407547,8.509870529,4.42484951,3166.640226,3,21294.77226,15.54394817,6.79677248,4,89.71063232
7547,103.8588257,19.52504158,15.52353001,4.563169003,2.666432858,1166.999227,3,6968.274746,14.00442696,5.516296864,4,93.12213135
7548,159.1736298,21.01328278,14.13592625,8.468471527,5.65289259,3663.474826,3,14697.55878,26.56853485,8.162416458,4,77.18161011
7549,37.17658997,26.17969322,13.88304901,5.917386055,3.580586672,4218.922331,3,16216.51791,14.70807648,6.891200066,10,198.4349518
7550,123.7195053,29.8659687,22.33638382,8.997351646,5.894086838,4833.460907,3,26470.18452,25.05226898,12.87854862,4,40.955513
7551,14.81566906,42.8561058,23.14796257,6.155700207,3.477879763,2550.832329,3,18564.58429,9.838311195,4.960678577,4,36.25383759
7552,26.06911087,32.4286232,22.77634048,8.021807671,4.327633381,2504.246007,3,18287.68113,18.75351334,5.860319138,4,266.6335449
7553,55.27564621,31.71617699,18.59737778,8.221038818,4.785466671,3580.407862,3,1156.292339,19.00939941,8.640680313,2,186.7098389
7554,118.6508102,22.21951866,13.5416069,6.753939152,3.769382715,1715.285427,3,4125.540311,23.86356735,6.998801708,2,240.9453888
7555,156.3039246,28.92616844,16.16657066,9.559147835,5.66942358,3668.969604,3,1239.695667,25.77963829,8.642975807,4,192.7478027
7556,35.25328827,26.36612892,13.51306629,4.786804676,2.902410507,4584.74753,3,2386.894738,12.49717426,6.581717491,4,177.2736816
7557,102.7971497,26.37742805,20.15566635,9.437251091,5.371525764,2624.793546,3,4765.381588,28.53552818,9.905846596,4,73.96005249
7558,111.9513168,28.4771595,23.05315781,9.10324955,5.449013233,1648.511147,3,5503.447758,27.87553978,9.509484291,4,297.5222778
7559,76.99705505,25.38349342,13.01346684,6.638786793,3.537538528,4107.246496,3,16850.99197,16.08305168,5.642197609,4,153.4349518
7560,107.5513992,32.97193527,23.11220932,9.618759155,7.333397865,4821.396619,3,26955.87843,26.49635506,13.0929594,4,270.4896851
7561,81.7407608,33.20800018,23.39185715,8.243879318,4.947001457,5192.787997,3,29474.11373,22.40540314,8.392381668,4,53.12030792
7562,122.7818909,49.20410156,29.11779976,10.65855408,5.913143158,744.5293962,3,13145.90131,27.99456596,8.292134285,5,47.3613739
7563,8.600705147,42.62414169,19.91629982,3.789224386,1.546167016,1576.676227,3,6266.704535,4.62258625,2.525447845,2,77.55981445
7564,81.63305664,25.20566559,20.23757362,6.849738121,3.892323732,6335.195694,1,8899.449737,22.2987175,6.932526112,4,55.78429794
7565,75.22868347,32.97916412,16.31388664,6.729158401,4.304171085,2143.543544,3,6902.489507,13.894557,6.641022682,2,61.69924164
7566,19.95911217,31.47697639,17.85652351,4.895429611,3.223486185,1163.679401,3,5919.177832,10.49222851,4.906033039,2,230.4416809
7567,111.8357239,46.57971191,27.816679,7.82905817,4.900560856,860.0084171,3,14678.04456,20.15849304,10.20810986,4,42.51044846
7568,103.1244431,26.60113907,14.96263981,9.321634293,5.29035902,2172.392375,3,17723.19216,26.6856041,10.52048206,4,75.29644775
7569,65.66764069,44.44956589,20.67294312,16.32328415,9.144827843,3824.319678,3,15474.26703,26.61367607,14.86064243,4,109.5922852
7570,32.53952408,33.02300644,22.13979149,12.05200768,6.242753983,3834.892933,3,15845.49848,18.63227463,9.655144691,10,67.10945129
7571,62.44759369,27.07118988,14.72258759,10.27368069,5.770452976,4105.967699,3,25626.26199,20.81483269,9.889295578,4,162.2553253
7572,42.3752594,42.93803406,24.42307663,6.85436821,3.632182121,2487.258902,3,7184.796517,14.46882439,5.037601948,2,68.22386932
7573,6.460944176,39.33319473,17.58285522,4.002354622,1.806227922,1521.85215,3,6247.989797,6.416560173,2.499189854,2,105.2551193
7574,69.35559845,33.75524902,17.96623611,7.546381474,4.202869892,2595.672056,3,216.8107185,18.36555099,5.712833405,2,200.5091553
7575,44.60501862,35.68919754,18.38856888,9.688393593,4.74881649,3431.207025,3,1080.456152,18.63552475,6.788811207,2,309.7098999
7576,104.896553,23.79551506,19.57058525,7.747504234,5.094867706,1921.299835,3,5123.575358,26.20087624,8.645404816,4,63.06813049
7577,106.2847366,30.07065201,23.23176193,8.586874962,5.769253731,5702.797269,3,28961.12206,24.77390099,9.306258202,4,292.7965088
7578,45.76568222,30.71883011,16.09259415,5.174803257,2.749162436,2737.390041,3,17945.05222,11.67253494,4.173510075,4,253.2857971
7579,4.814311504,38.69112015,17.93791199,2.396463633,1.273798227,1315.992208,3,6093.744208,4.113315582,1.593302965,2,120.0685806
7580,83.52703094,33.40989685,19.02852249,9.914403915,5.555250645,1453.069869,3,3413.583173,22.5164814,9.746492386,2,192.5703125
7581,35.77788925,53.56196976,24.60417366,11.83153915,7.401620865,270.115653,3,15401.07558,17.73782921,12.25926781,4,94.54406738
7582,41.58346558,41.66725922,21.94030571,6.230891705,4.58252573,149.6230553,3,15532.07252,10.5405159,7.766760349,4,74.14118195
7583,77.45285797,29.12819099,17.93224335,11.15210724,6.113582134,3654.231487,3,24706.26837,22.14247894,10.62206745,4,153.4349518
7584,110.4223099,28.27690887,17.53495026,8.139631271,4.635023117,2357.384798,3,10071.79796,22.81480789,6.379479885,4,262.2664185
7585,97.49330139,54.73478317,27.24048805,9.00467205,5.032565117,2058.075066,3,10371.7793,20.27293777,6.557835102,4,331.4237671
7586,7.602339745,30.42913437,12.12763214,4.545222759,1.829117894,4107.386612,3,16208.21663,10.38017368,2.567649126,10,203.6293793
7587,88.24376678,50.05779648,27.08376312,7.986753941,5.421788692,3398.204296,3,24853.63997,16.36149025,8.640626907,4,143.1300964
7588,92.79345703,27.52271652,13.87147522,8.132926941,4.462567806,972.6400612,3,779.8982691,23.29608345,6.486816406,4,230.3980713
7589,70.94211578,33.15383911,19.45740509,8.098223686,4.697133541,3983.784013,3,16577.4007,19.86807823,9.07576561,4,82.93327332
7590,117.3330917,32.58726501,18.22126579,8.546948433,5.711647987,3971.247565,3,27718.72194,19.32501221,11.30352592,4,100.6697845
7591,81.91751862,34.89190674,15.33989811,8.08364296,4.883997917,4231.621848,3,30436.75749,20.17977715,7.175729275,4,285.9453735
7592,34.29631805,61.88735199,24.76872826,6.258245945,3.138306141,2795.926622,3,18629.73316,11.13610649,4.283179283,4,46.97493362
7593,49.08478546,31.0037384,18.3712635,6.135874748,3.822502375,940.3005361,3,1447.340355,13.39772224,6.065764427,2,190.0975037
7594,18.55711937,30.09686852,11.50077534,5.563903332,3.13014245,336.6551901,3,2133.170239,15.41697788,3.525322199,2,120.0685806
7595,75.49947357,24.91870689,18.26654816,5.617401123,3.450789452,543.8412955,3,1978.124144,17.65509987,5.304471016,2,77.15229797
7596,8.100000381,40.11530304,19.94487572,2.639295578,1.37659359,456.2540894,3,14817.87341,5.936392784,1.704224348,4,51.96741486
7597,117.6694794,29.84999657,17.40519142,9.162187576,5.89969492,2950.043382,1,18860.41618,31.0020752,8.353279114,4,262.3544922
7598,148.7321625,25.20668793,16.67806053,9.326357841,6.043134212,2244.116975,3,18013.91488,31.47299957,10.00059509,4,126.6703491
7599,103.3219757,24.99327278,17.74134636,7.056639671,4.266682625,4553.418715,3,30112.88765,22.20786285,7.326015472,4,238.0552521
7600,102.9170837,31.38747215,20.12518501,7.793039799,4.709342957,2234.647331,3,14615.93489,17.758255,7.587080956,4,100.3568268
7601,65.25878906,34.90119934,17.96896744,6.524935246,3.32027173,3521.808938,3,1348.470885,16.84397888,6.518874645,2,135
7602,58.84662247,31.61031532,17.30384827,7.040432453,4.455820084,3533.598811,3,1307.706957,18.40507889,6.995082378,2,237.6769714
7603,6.915380478,71.08429718,7.321978092,7.423249245,2.681086063,722.569249,3,1728.540916,8.982469559,3.635835409,2,298.810791
7604,188.3138123,28.18587112,22.06027412,7.330950737,4.097142696,1565.632345,1,13871.55516,26.51952553,8.937069893,4,41.8768425
7605,146.5317078,27.72568703,16.04940605,10.24204159,5.925731182,865.431854,3,16422.69183,28.19696045,11.10575104,4,175.9143829
7606,99.70136261,26.16094971,14.5090723,8.137806892,4.350486755,2467.568724,3,334.5028351,25.86916924,6.477781296,4,150.0528259
7607,42.39279938,34.84889984,20.46349525,10.03591824,7.617371559,3662.286227,3,16159.14229,19.49875259,11.78324986,10,232.9795837
7608,82.89644623,36.39436722,27.71038055,8.49003315,5.274509907,3333.309823,3,21052.05166,23.90581131,8.383700371,4,45
7609,76.30532074,25.59419823,14.03384304,5.091294289,2.814807892,3502.703792,3,22340.39354,12.85055923,4.271502495,4,145.9806519
7610,92.356987,46.05936813,27.26372147,13.3117733,9.117115974,4513.475023,3,27582.58639,29.48918152,12.59958553,4,282.0687866
7611,107.9245071,25.42115593,16.4160347,7.379303932,5.160639763,2281.965569,3,29435.05465,20.18930626,10.96661186,4,166.0513611
7612,59.85879517,50.74817276,26.71440315,5.420825005,3.023033857,2907.627767,3,18781.05793,11.64593124,4.004180908,4,26.14460182
7613,43.66017532,33.23762894,19.57810783,9.514883995,4.312475204,3632.727263,3,16088.40863,22.39396286,7.867836952,4,220.7108459
7614,108.788002,30.5732975,19.16842461,6.972565651,4.699860096,2720.608633,3,7571.155824,15.94726086,7.019876957,2,94.08561707
7615,172.1430817,33.08807373,26.75629044,8.070923805,4.197265625,1846.383097,1,11228.91728,28.05964851,7.116508484,4,33.43986893
7616,5.942525387,41.15235138,18.26794815,4.869979858,3.756417751,709.2497529,3,14565.65706,9.198296547,2.128219604,4,36.25383759
7617,235.6902313,26.04265594,17.17947769,8.814178467,5.361585617,2106.001322,3,13396.34682,30.22489166,8.772406578,4,103.0280838
7618,126.9431763,29.2109623,16.14372826,8.908090591,4.963596821,2880.734604,3,18975.90711,26.4686203,7.568212986,4,219.2256775
7619,119.8306808,27.8172226,18.58414459,8.421343803,5.232448101,1451.350717,3,2647.235847,25.32330704,6.993591309,4,76.12246704
7620,67.45996094,29.12338257,13.58913422,4.885366917,2.739878654,3861.024856,3,22232.68614,10.84182453,3.984892607,4,120.2149811
7621,127.5553818,17.96364784,14.04937553,8.155701637,5.592314243,1063.200457,3,30528.06273,24.87326622,9.027655602,4,183.7371826
7622,122.110199,26.7421093,17.96964455,9.943954468,6.011089802,74.22299964,3,31656.43556,27.31482887,9.501509666,4,78.02386475
7623,125.3925858,44.66456985,29.60044479,9.323270798,5.038962364,4241.040139,3,30424.38727,23.51249695,9.19308567,4,323.1300964
7624,14.76858521,54.5669899,22.55968475,6.355555058,3.057921648,2527.045118,3,18637.77197,8.979286194,4.067619801,4,28.45560646
7625,14.62843895,62.43396378,23.53334618,5.780950546,3.363837481,2890.925106,3,18445.7802,9.691162109,4.008874416,4,328.4957275
7626,66.34603882,27.22829437,18.08843803,7.763333321,3.959390879,103.4659235,3,15529.82915,22.35963249,8.418599129,4,135.3330994
7627,121.4559479,23.99772453,18.22572708,10.49342251,7.161937237,6141.657231,1,6786.047164,33.89809036,8.131145477,4,63.43494797
7628,106.477829,25.4093399,16.07959366,8.694355011,4.882008076,1597.188036,3,642.4487038,23.77561951,7.704182148,4,166.5042725
7629,163.811203,25.85088539,16.41000175,8.114509583,5.362751961,2858.704883,3,3505.756651,24.59493637,10.02176857,4,258.0675964
7630,129.415741,25.55690575,17.70424843,9.527516365,5.402518749,413.3322795,3,31080.52985,22.36877632,9.208088875,4,162.0459747
7631,38.05155945,32.97295761,18.56276894,7.525976181,3.931174517,3663.409715,3,31005.522,15.72237587,7.285113335,4,143.2594299
7632,94.61988831,29.34084892,18.29328156,9.216784477,5.319449425,4302.126584,3,24000.83659,23.0266819,8.497778893,4,273.6522217
7633,35.02628708,35.94146347,21.45292091,4.185943127,2.484534502,3241.683278,3,18099.45122,8.527634621,3.295909882,4,281.3099365
7634,78.57342529,31.66451454,18.29911232,7.59435463,4.436903954,3372.034354,3,17299.93468,17.68037796,7.387432098,4,105.9453964
7635,70.06023407,38.19789505,21.28277588,5.358200073,3.948123217,1591.971517,3,6447.375035,10.97177124,7.682635784,2,75.41107941
7636,56.41547394,35.36497116,18.65442467,6.228404522,3.7047472,3042.59517,3,1808.135866,18.55002594,5.19022131,2,84.9203949
7637,52.00286102,32.22691345,19.02042961,6.270004749,3.242221832,1074.148249,3,1355.832537,14.77397442,4.710970879,2,288.4349365
7638,215.79216,39.36886215,28.02153206,9.256819725,5.118625641,1623.993676,1,13904.60296,27.90284157,8.352899551,4,317.1816406
7639,117.0219269,28.93270874,18.01588631,12.11185169,7.448806286,1650.571664,3,18003.65331,32.08351898,11.01822472,4,97.94347382
7640,105.7980347,22.98538208,16.27255058,7.968467712,5.329042435,3032.852555,3,28743.06135,22.68693733,10.58428383,4,173.1377563
7641,134.361557,28.42095375,21.45451736,7.067087173,4.006966591,4824.224373,3,26936.01464,22.38026237,7.341742516,4,50.51038361
7642,11.49763298,35.76504898,13.40094185,6.793994427,3.559938669,3609.130601,3,24045.09009,12.73932362,6.452993393,4,33.40782547
7643,101.7135086,31.23787498,22.68086052,6.649257183,3.934766054,2607.112426,3,9816.6643,16.36696053,6.139502525,4,304.7301636
7644,95.82806396,34.14795685,17.7782917,8.098326683,4.549553394,3065.084714,3,761.4905277,20.78329849,6.525914669,2,234.462326
7645,33.18495178,19.82724762,19.18112564,5.202033043,2.657396317,485.1109797,3,3002.852901,14.70275402,6.557146072,2,213.9869385
7646,162.9058533,19.28127098,12.3150444,5.631914139,3.51579237,1398.375153,3,3668.485687,21.85356903,8.941923141,2,238.3487244
7647,199.604538,46.14182281,28.89474869,8.293908119,4.868932724,1554.340742,1,13793.44977,26.38627052,8.87411499,4,24.92457199
7648,101.4830399,46.31132889,25.94980812,11.58334827,6.989989758,844.1633814,1,16709.54797,28.20616341,10.79583263,4,57.41537476
7649,98.32186127,47.04975891,27.04533386,9.074210167,5.085517883,2110.115159,3,9191.286434,17.93893433,9.13899231,10,311.7294922
7650,44.81479263,47.97145462,28.17707825,10.25914097,5.59427166,3524.871502,3,15466.28492,19.31727791,8.264696121,4,333.4349365
7651,141.4821777,22.91295815,17.00699615,7.797953606,4.993754387,3180.591352,3,15496.82023,25.95227242,7.624641418,10,48.76403427
7652,57.62350082,32.23962402,18.91679573,9.181408882,5.041679859,3661.699942,3,16414.78747,21.52444839,7.060417175,4,74.79068756
7653,54.39514542,26.98643303,15.88917351,4.416545868,2.236208677,700.6717694,3,3086.599514,12.16827965,4.422866344,2,229.6511536
7654,131.0950165,31.02773285,24.49847221,8.411409378,5.369428158,3493.540244,1,12407.55836,26.03931808,8.064885139,4,35.02228928
7655,29.52698135,59.62918091,24.87220383,6.06598568,3.007625103,6799.946551,1,8389.454272,11.64772797,5.724937439,4,67.78646851
7656,91.30365753,40.44915009,25.552742,7.905043125,4.573796272,1624.182039,3,3245.553977,18.38353157,7.127625942,2,308.65979
7657,27.39229774,36.45252228,18.26525688,8.539029121,4.034102917,1784.120698,3,626.0489645,16.47794533,5.461702347,2,138.1369324
7658,162.8200073,29.61806679,19.70319176,7.693747044,4.392008305,1538.248273,1,13727.80041,24.39040947,7.582075596,4,38.81138229
7659,177.2354126,45.99651718,26.49645805,8.317196846,4.618580341,4085.973898,1,11535.74323,28.55829048,6.357067585,4,315.8876648
7660,35.53340149,28.39668465,15.86786461,6.241342545,4.369689465,3971.01782,3,17259.39391,13.04679394,7.169938564,4,127.4053574
7661,102.793251,24.96993446,16.96473694,8.255261421,5.366616249,3771.782162,3,17827.10334,21.89984512,8.370280266,4,281.0825806
7662,107.9906921,32.17995834,21.2147007,8.415633202,5.751355648,4354.513116,3,24447.09661,19.14378357,11.61846256,4,215.5376892
7663,80.17915344,29.78930283,16.06823921,6.433398247,3.577326775,1394.9324,3,1070.404246,17.69190598,5.313403606,2,262.875
7664,46.37049103,37.54064941,16.0261116,8.071045876,4.221040249,181.9181528,3,2349.874773,18.25845337,5.883517742,2,144.090271
7665,109.0469131,31.20333481,16.33492851,7.721950054,5.058430672,152.6415112,3,2246.218979,18.30659676,7.917176723,2,85.10475159
7666,85.21201324,34.00430679,29.18418312,6.527883053,3.828934908,6854.383925,1,8919.51413,20.4099865,7.441784859,4,45
7667,136.732193,44.97483063,26.08678055,10.45667839,6.538874626,4927.614685,1,5748.644255,29.29023361,8.74755764,4,298.7413635
7668,72.94185638,27.41344452,17.55771637,6.537456512,3.771166325,4001.380903,3,4831.201668,18.71953583,6.4046731,4,270
7669,155.9965668,24.19464111,16.7583828,8.42386055,5.471459866,1873.582024,3,4002.685843,27.32794571,8.347752571,4,282.7243652
7670,21.8165226,41.82731628,22.80922127,6.630159378,3.653358459,2998.712344,3,10054.50457,11.14274025,4.847505569,10,60.4221611
7671,184.7802124,27.45404625,18.45002747,7.820479393,4.678869247,5155.700473,3,27085.81823,21.3766346,7.513084888,4,102.4625549
7672,93.02777863,33.02218246,18.58122444,7.663497448,4.392000675,3607.418886,3,22391.23065,17.34388542,6.366333485,4,88.15238953
7673,129.4699707,25.05939674,15.15958023,9.106655121,5.649239063,1896.416715,3,18406.32982,30.95555878,7.768037796,4,243.1130676
7674,24.48501968,30.95703697,17.54489136,3.314622164,1.684885621,4246.503203,3,2422.117038,7.498816967,2.406665802,4,251.5650482
7675,26.21651077,31.42708778,15.22808743,8.930049896,6.090173721,3746.129131,3,30922.23339,19.60007668,5.665556431,4,278.2888184
7676,62.93609619,30.41627312,16.31355476,11.49684238,5.576352596,3935.690884,3,25378.8884,25.44521713,10.41252708,4,148.2652283
7677,85.35889435,43.70860291,28.28443909,9.254403114,5.786921978,4135.619805,3,24959.82808,23.06308746,8.68906498,4,55.56101227
7678,107.0736237,32.80570984,19.25422287,8.662309647,5.010317802,4603.958643,3,24830.91072,21.31973839,7.855760574,4,79.64094543
7679,113.1748352,43.14434433,27.46305275,7.338377953,3.828971386,3886.513322,3,22445.84638,16.99901772,6.451808453,4,35.53767776
7680,34.46150208,57.99777222,22.02383041,10.17639732,5.72070694,3431.256955,3,21152.12818,16.1004982,7.577301979,4,317.2905884
7681,99.44080353,28.77884102,16.80619431,7.75731945,4.708049297,3197.329951,3,15576.45876,19.40322113,6.93005085,4,263.65979
7682,243.1431732,41.20913315,28.04762077,10.0030508,5.85919714,1804.273114,1,13525.43637,28.51617813,11.53206062,4,317.4681396
7683,39.65892029,44.16282654,25.82786942,6.141158104,3.127333403,7032.162192,1,8469.986936,13.91987228,5.033013821,4,331.3400879
7684,124.7970047,31.79599953,23.58233833,6.309019566,3.923679829,7379.241282,1,8587.440779,19.1657505,7.23340559,4,284.3227234
7685,46.42387009,26.44178581,19.10883713,10.33058357,6.283414841,3418.45531,8,14097.90311,32.15387726,9.594672203,4,195.9915619
7686,88.37155151,20.21438599,13.67220879,9.349145889,5.655115604,3056.164178,3,14175.19591,27.70340538,9.961313248,4,165.3773956
7687,136.2883759,22.13709259,17.6694622,8.909744263,5.922186852,3270.030668,3,14741.40637,30.87821007,8.686577797,4,111.7322998
7688,77.75188446,30.53238869,19.34765816,7.33014679,4.942354202,2169.885875,3,32496.47078,15.53290272,9.205729485,4,287.3005371
7689,75.11380768,33.15583038,19.05926895,8.279392242,4.566203117,3915.484227,3,30751.38462,19.81627464,6.6319561,4,257.7352295
7690,28.84191513,71.57097626,13.87858009,7.31127739,3.927082777,4217.912286,3,25511.51821,14.00017834,5.527366638,4,88.93945313
7691,112.7971878,37.92427826,26.12476349,9.048965454,4.94029808,4952.409196,3,25887.05801,20.977911,7.48836422,4,223.6360779
7692,48.05252075,47.26116562,28.36748123,5.622611523,2.890882254,2823.622774,3,19196.95222,12.15702057,3.984802008,4,25.63496017
7693,77.34679413,31.00849152,18.34843445,7.353150845,4.747196674,3634.788147,3,27990.316,14.58858299,8.588515282,4,199.5366516
7694,40.16413498,33.43419647,24.48390198,11.06397438,5.288622379,420.5406171,2,1311.237287,25.52985191,11.90756893,4,239.2500305
7695,70.39995575,37.21541977,21.54218864,7.145097256,3.634409666,1779.239062,3,7011.419325,15.89049816,5.092191696,4,66.89627075
7696,114.299408,29.08885384,18.04340935,6.794974804,4.7269063,2307.233875,3,32360.59254,16.54693031,10.33016872,4,147.9946136
7697,169.2988434,47.30202484,27.91407204,9.401536942,5.46518755,5359.546373,3,27083.04809,21.80564499,9.202064514,4,62.0957489
7698,62.83327484,36.40201187,17.77775002,7.16609478,3.699833393,3318.142628,3,1508.671881,17.41020775,5.512426376,2,247.9320984
7699,108.5572205,26.82811928,17.78459358,8.057636261,4.833790302,5118.870439,3,26677.55816,22.85286903,7.432338715,10,78.95906067
7700,165.4651337,43.60551453,29.91064453,8.6965065,4.798456669,5876.218679,3,26965.04643,23.19691849,8.717907906,4,326.5836792
7701,159.9095764,27.67905235,18.46349144,8.054204941,4.592404366,5960.343207,3,27259.76148,23.08177185,8.186279297,4,91.84761047
7702,140.6663361,54.91905975,25.78056526,6.696070671,3.681516647,3161.14385,3,22450.93108,14.25109482,5.24542284,4,209.7296906
7703,69.62760925,32.49484253,20.2562561,8.968835831,5.057121277,2872.157347,3,1965.270283,23.86188889,7.182100296,2,98.70967102
7704,128.8385162,37.2675209,25.41504478,11.0191021,6.264609814,1980.605937,1,17906.13811,32.97835922,9.515118599,4,36.02737427
7705,126.1226654,28.39870453,19.69346046,8.633388519,5.7289958,5512.597908,1,6395.396631,31.02576828,7.988296509,4,267.0390625
7706,43.68584824,31.74928474,17.45999908,5.554804802,3.648477077,3976.280581,3,23065.12756,11.79114151,8.766735077,4,193.240509
7707,168.1157684,40.51562881,26.40704727,8.537317276,4.305131912,5355.050891,3,26798.99926,24.06890678,7.414514542,4,54.46232224
7708,39.35712814,57.86064529,23.81480026,10.19860077,4.498594761,4455.36902,3,25839.86168,19.58951759,7.08147192,4,35.35162735
7709,60.91879272,28.45662689,19.88060379,10.07079124,6.277488232,201.7711412,3,1682.916974,23.32923508,8.767461777,4,78.17851257
7710,83.1568222,29.51411819,18.98562241,9.094485283,4.807206631,646.1319977,1,1341.642893,25.05872726,8.095139503,4,258.8261719
7711,100.5015488,26.66485023,18.63499641,7.582598209,4.528007507,1089.438838,1,848.7483855,24.08825874,8.207550049,4,304.3803406
7712,27.18514633,38.19015884,22.61466026,4.819994926,2.670110941,3906.289849,3,2179.617036,9.113245964,3.862307787,4,271.5084839
7713,167.5186615,28.53698921,17.66684341,10.42864895,5.602329731,1402.508922,3,11030.10933,28.51683235,8.656061172,4,209.5762329
7714,117.5922623,33.8970108,19.35650826,9.897370338,5.312073231,3112.492355,1,806.8876028,22.29857635,8.593777657,2,314.036499
7715,17.00195122,29.7081852,16.01867867,10.16460896,3.551794529,3642.022147,3,4625.964076,25.57405281,6.453771114,4,198.8695526
7716,54.6012001,36.85115433,22.33651543,7.183301926,4.051524639,3224.865288,3,10350.75884,17.28646851,9.412796974,10,255.5393677
7717,71.23735046,30.41592598,22.10393524,6.831954956,4.311588764,4038.428072,3,11393.77522,18.13372803,6.887723923,2,87.51044464
7718,63.46605682,51.17528152,26.35272026,9.049806595,4.833011627,1735.820024,3,14139.86817,19.68829536,7.067551136,5,235.7509613
7719,80.66972351,31.6190033,15.97040653,7.130532742,4.173600674,2227.724028,3,2609.217544,19.9953022,8.000882149,2,230.1944275
7720,110.4909286,34.72659302,17.01980782,7.143912315,3.87534523,3566.393605,3,1253.794206,18.15014648,6.985198975,2,277.9476318
7721,4.29534626,63.78775787,15.43690872,2.62978816,1.538247347,1059.6896,3,7091.105065,2.733674049,1.640800714,4,28.09901237
7722,122.0664749,24.48020363,18.34195328,6.444974422,3.848769426,345.070943,3,7719.807241,20.57300377,7.349953175,4,264.4975586
7723,82.2617569,32.28487015,18.99603844,10.38234138,6.016131401,320.3404527,3,2077.379636,25.54629517,7.868463039,4,174.2454376
7724,169.4468536,33.68704605,24.17671013,8.461141586,5.183393002,3829.374923,1,970.7076138,25.73776817,7.307228088,4,310.2642517
7725,104.9607697,35.80761719,20.45855331,7.91146183,4.630782604,4123.221303,3,17555.23209,17.92268372,7.932701111,4,284.0362549
7726,59.96921539,32.02807617,19.51587486,6.124609947,3.444346905,3265.092625,3,810.8663324,13.95230103,5.452962399,2,81.86989594
7727,112.191124,31.68952942,19.05941963,13.05032635,7.470839977,800.4084838,3,16456.43281,32.31742859,12.49059296,4,110.4184265
7728,88.20513916,30.57024574,20.57118607,12.21992302,7.241796017,1009.173008,3,16650.77966,29.87586021,10.23017979,4,262.5912781
7729,146.3687134,24.01639938,15.74943542,10.32520103,6.785514355,633.8641574,1,15091.23379,32.52053833,10.44649696,4,291.5289917
7730,126.6008224,28.41141129,15.56885242,9.478428841,5.707257271,915.6823701,3,15088.9596,30.30407715,8.127549171,4,247.416153
7731,170.4566803,20.772995,11.32736015,8.41009903,4.917066097,1476.509125,3,14346.76635,27.7555809,8.548103333,4,208.3718414
7732,154.3155975,32.561306,22.19449234,10.97840595,6.410239697,5121.143292,1,10744.06598,29.01088142,10.52429295,4,80.18070221
7733,169.2874298,24.024086,19.08302307,6.784567356,4.233940125,6483.580711,1,9704.285952,23.10560226,6.879162312,4,292.9887085
7734,63.58588409,41.90706253,30.13430023,9.933987617,6.064509869,3045.451512,3,14911.41077,28.81739807,8.263839722,4,326.1454773
7735,66.17099762,26.25837708,14.35849953,5.626700401,3.322897673,3886.342938,3,21896.91312,11.4224081,4.282486916,4,160.0168915
7736,86.40314484,28.43267632,19.13321304,6.874396801,4.058265209,4183.849336,3,21578.45602,19.08051109,7.504931927,4,60.56561661
7737,110.9035034,42.38519287,25.36657333,9.659210205,6.024304867,3513.19389,3,22955.80512,19.51577187,7.724351883,4,300.9637451
7738,145.549408,27.57428169,14.72497177,8.8848629,5.510986805,992.1717871,3,17040.94407,23.76492119,11.52873993,4,176.257019
7739,93.62190247,26.43267632,14.55964756,8.190257072,4.570041656,3355.096275,3,4958.239946,20.91319275,6.869057655,4,219.639267
7740,113.1312408,32.21424103,21.36046028,9.168811798,6.654874802,2053.740282,3,8909.083018,20.25834274,11.83683586,10,86.38639832
7741,75.00730133,46.827034,26.93764496,7.740109921,3.958119154,3561.443062,3,11635.25907,16.47620964,6.678525925,2,289.2900391
7742,76.37701416,30.58020782,18.69449997,7.090744972,4.170952797,3421.390469,3,12792.75439,18.81007385,8.71765995,2,230.4773712
7743,61.47853088,26.80682945,16.79766464,6.010970592,3.521746635,4019.825527,3,16819.17242,15.23386002,8.88508606,4,103.8610306
7744,21.68802452,66.10320282,20.52667999,4.977872372,2.7423172,3105.913228,3,18845.19655,11.93723774,3.32317853,4,322.6960449
7745,104.0653839,34.29533005,18.58477783,9.562458992,5.936385632,3131.088492,3,15519.41466,21.20048332,8.451260567,4,193.4441071
7746,67.50193787,32.18149185,17.85606956,7.881733418,4.49832201,2129.117535,3,14524.40524,18.64299011,5.702907085,5,90
7747,114.7034073,18.85334396,14.18727207,5.173264027,3.403181076,1769.024794,3,6417.508389,16.79410934,5.709404945,4,84.28940582
7748,157.9718628,45.06127548,28.77818298,10.47452927,5.024075985,5447.883274,1,10555.58959,30.47391891,8.912644386,4,335.6235352
7749,99.61406708,28.59371185,16.83563042,9.66662693,5.620502949,1560.423793,3,2958.095414,27.68791008,8.762951851,4,157.5205688
7750,21.55721474,42.49415588,20.2706337,6.838840008,4.934121132,107.0273178,3,15804.84342,12.13283253,6.713496685,4,111.8014069
7751,16.53341484,32.19561768,15.36370373,6.817482948,5.451133251,312.7672035,3,15602.02694,12.39209938,7.437990189,4,287.2609253
7752,103.8660049,41.2582283,29.06414986,8.167789459,4.804483891,1646.979172,1,3413.996945,22.63468933,8.268306732,4,24.07550049
7753,90.27960205,27.24562263,16.36352348,8.07422924,4.667204857,1887.903175,3,402.2837812,24.80599785,7.624212742,4,240.2204742
7754,63.70041656,37.68574142,20.36328506,7.363755226,4.65421772,1385.527639,3,30148.20461,14.9136467,8.175917625,4,82.56858826
7755,20.50160217,43.34684753,25.37044716,3.836575747,2.067079306,3127.375116,3,21091.29901,10.25278282,3.483640671,4,34.60385895
7756,19.01881027,41.88346481,22.065979,9.360697746,4.487706661,2988.618424,3,20880.30139,14.87878704,6.524804115,4,262.1960144
7757,63.48013687,37.77855301,19.80998421,11.29597569,7.575427532,4126.007204,3,16510.59007,21.78293991,9.199492455,4,101.3099365
7758,123.3417816,27.26899529,14.94956398,8.233285904,4.835422039,3095.307078,3,19263.40047,30.13957977,8.679296494,4,224.2728271
7759,164.0396118,23.15732956,15.60591316,9.318095207,5.137096405,1984.525339,3,14009.28403,30.82165909,9.702551842,4,220.9461975
7760,79.09622955,32.7336731,18.50692749,13.90045738,8.426862717,3688.829167,3,16484.6568,27.88090897,13.81038761,4,114.4439545
7761,79.08687592,39.67772675,26.92802811,7.171474457,3.81276989,2676.969765,3,22031.34285,16.9922924,5.919779301,4,315
7762,110.1206284,29.73597717,15.22707081,6.525660992,3.247917891,3401.446315,3,1081.655081,20.43296242,6.957410336,2,225.9924774
7763,60.41120529,33.36175919,17.40649796,6.760092258,3.476178646,2404.164412,3,20.42189375,14.77602768,5.80274868,2,126.6904755
7764,97.18177032,25.58421898,18.07740402,7.167262077,4.648192406,2768.093733,3,4198.569428,19.5854454,8.127557755,4,58.33924866
7765,129.2507477,33.99690628,24.57896233,9.142546654,5.467768669,531.571129,1,2527.764032,26.14754486,7.286480427,4,29.93151093
7766,115.4756393,52.59486008,26.45083237,8.695691109,6.004109383,2165.560956,3,9470.350963,17.75465393,9.774083138,10,304.4048157
7767,6.825675488,27.15235138,18.92893219,3.584760666,1.540246606,2895.368603,3,10063.87062,7.932253838,2.127626181,10,24.94029236
7768,42.9473114,51.62746811,27.82694435,6.895379543,4.496063232,2781.853557,3,10078.81641,13.5664053,6.727630138,10,62.35402679
7769,82.12760162,28.77655983,19.5915451,6.102203369,3.456251383,4855.951884,3,25954.44778,17.62336159,4.57613945,4,39.682621
7770,72.86490631,32.21268082,19.50147057,6.935284138,4.428095341,2987.689192,3,22063.15409,14.23426247,5.477355003,4,87.70938873
7771,111.8475342,24.4714756,19.22321701,7.907067776,4.698934555,559.0479627,3,8411.965268,7.704445839,3.172077417,4,108.2070313
7772,117.004158,34.965271,21.24256897,10.96679592,5.964669228,6232.031596,1,7044.03555,29.79460335,9.048804283,4,66.80140686
7773,103.2265854,29.83140373,18.59012222,9.118141174,5.47887373,769.92277,3,5684.4826,24.82425308,8.186618805,4,220.6455841
7774,64.74050903,31.93353653,20.82258224,5.98885107,3.898302078,3371.242125,3,10713.54592,13.67102146,6.867680073,2,270
7775,28.33316422,16.86266327,11.6703968,5.893817902,2.821784019,1996.799918,3,4137.799502,23.73972511,4.711078167,2,252.0126648
7776,160.9455566,18.27983475,11.55797672,5.115786076,3.500091076,1358.228829,3,3487.139341,20.4378109,8.95051384,2,239.0362396
7777,157.8001251,28.10499191,16.79979706,9.714464188,5.918682098,1672.291037,3,18486.97449,28.88536644,8.509683609,4,237.72435
7778,108.9596863,27.38360214,16.73460579,8.244909286,5.516810894,764.9865365,3,6417.446114,20.12069702,10.84970284,4,118.1237335
7779,108.7308426,29.26997375,20.42725754,8.943511963,5.107491493,2110.183692,3,9352.418985,22.84441185,9.921460152,10,63.88608551
7780,16.72550011,42.04644012,19.11342049,4.25129509,2.510546207,1982.790858,3,29515.5937,6.680060387,3.912613392,4,183.0045013
7781,78.37987518,25.10170746,15.46896935,6.666542053,3.798999548,1261.325051,3,1142.380553,18.11462593,6.269573212,2,198.4349518
7782,40.57556915,28.69146538,29.62825012,6.792665005,3.243650436,1817.930205,1,11618.64514,23.65351295,4.794873714,4,343.9264221
7783,146.0821381,30.35582733,17.26350975,10.22596741,5.540045261,1016.500461,3,17128.69451,27.05836678,8.491474152,4,149.4702911
7784,70.3738327,25.88220787,19.88903999,8.55351162,5.218962669,27.09045894,3,16069.68042,22.06560707,9.63301754,4,105.5241089
7785,48.05959702,33.40563202,21.12587929,10.14520454,8.452183723,351.7572922,1,15731.63578,18.0603447,14.99446678,4,286.3895264
7786,62.68059921,43.29686356,27.54202461,12.91148758,6.469804287,752.0689019,3,15456.48774,26.40899849,10.18323421,4,46.90058899
7787,119.8193436,29.25732231,17.0908165,11.48904228,6.842751503,845.6677149,1,1478.416784,29.58116531,9.296914101,4,265.072876
7788,103.4782715,28.93128014,17.58801651,7.088819981,3.717313528,2520.502788,3,13802.59429,17.26268196,8.18266201,2,78.27488708
7789,117.3384171,46.44878769,27.89877892,11.97109222,7.929310799,3354.389474,3,16233.19363,32.73169327,11.52251816,10,56.21491623
7790,40.10143661,26.3751564,16.23802376,6.921631813,3.709414482,3852.578401,3,16241.26655,18.3649559,5.387077808,4,249.5524597
7791,79.53928375,26.10893822,14.33341408,5.65512228,3.225694656,1896.967404,3,588.996945,17.72690392,5.741615772,2,232.2450562
7792,118.4273682,26.90864754,16.31773567,9.390457153,5.713472366,1987.79584,3,18630.66291,27.85717964,9.628359795,4,165.211319
7793,62.15062332,52.19863129,28.82842445,8.328193665,4.808655262,4319.19842,3,5205.27556,22.45944786,7.490083694,4,315.4467163
7794,98.94369507,24.97657394,15.73199272,7.40793705,4.618370056,3929.475172,3,5542.93232,20.41719627,7.359860897,4,104.5344543
7795,9.967292786,33.82312012,17.14472008,4.378511906,1.920811534,1826.714805,3,29731.29816,6.890128613,3.429208755,4,172.3556824
7796,68.03040314,33.97525024,18.65115929,6.966883183,3.622809649,3090.816577,3,627.7598367,14.14358234,5.186952114,2,186.8427734
7797,154.9065704,25.35291672,18.18821907,9.195547104,5.929685593,2179.278589,3,3694.174626,28.44801521,9.306761742,4,161.2574463
7798,77.04659271,26.03729248,14.24025726,5.94660759,3.43326807,583.2308412,3,6741.606632,16.76007843,4.824549198,4,230.1697083
7799,74.90128326,35.88987732,20.36849785,7.968919277,4.670868397,2876.383644,3,13779.01122,18.49968529,7.730568409,2,67.48416138
7800,116.3973389,22.41245842,16.97801399,7.581652641,4.482030392,4576.862548,3,24238.98169,21.34446716,8.631106377,4,208.7798157
7801,96.38437653,30.70097733,14.53883553,5.590198517,2.70434761,4205.112375,3,25333.21454,16.47050095,7.017300606,4,116.9101868
7802,99.59957123,22.72604942,17.06398964,8.290092468,5.365516663,4320.397873,3,25733.37461,26.14243889,10.43099403,4,201.5225983
7803,77.88781738,28.95898056,15.64350319,5.148599148,2.951288462,1397.247474,3,917.4783699,13.57928658,4.893688679,2,286.6069946
7804,79.16527557,34.43590546,21.16078377,7.272794724,4.111199379,348.438108,3,1940.273748,18.38446808,6.907773972,2,79.42751312
7805,17.78155136,26.27482605,6.975924015,3.387190342,2.105408907,992.7212088,3,3211.203712,12.83272648,2.416262627,2,248.0776367
7806,132.6755371,23.9370842,16.7501812,9.049622536,5.518747807,668.4625129,3,5359.408777,28.02647209,7.259231567,4,124.2661285
7807,111.4768143,32.13922501,21.24402046,7.804062843,4.710494518,1925.58868,3,7994.997158,20.91959,7.763688564,4,297.15979
7808,45.6450882,32.2718277,19.21975327,5.845657349,3.501719713,4115.210572,3,17100.02765,11.83059216,6.298202991,4,267.8789063
7809,83.8806076,28.08316422,18.97704506,7.091938972,4.056801796,4106.916275,3,20207.58011,18.94346619,6.900403976,4,151.189209
7810,71.39242554,23.11257553,14.3309412,7.054807663,4.318680763,6109.533169,3,28552.16638,18.00948334,7.256379128,4,204.0296631
7811,106.3391418,30.26771355,16.98741913,7.821214676,4.616003036,714.3887064,3,4144.394958,19.22451973,9.147046089,2,240.2551117
7812,60.51210022,31.649189,16.76934433,5.92044735,3.335281849,1807.867462,3,3035.012708,15.41604805,4.533360004,2,119.0546036
7813,90.37525177,31.59500694,16.00310898,8.23463726,4.271715164,97.96464272,3,2168.740001,18.42576981,6.551923752,2,131.8201752
7814,16.17029381,28.18592644,15.9299221,3.908619165,1.587815762,539.0278058,3,2773.393016,8.181503296,3.229511023,2,227.9375916
7815,3.154754877,57.2821312,17.48277283,2.61890626,1.64640975,994.7831011,3,7148.383444,3.075591326,1.230401516,4,51.92034912
7816,29.18298149,39.96540833,24.90263557,6.376573563,5.346531868,1126.987997,3,6909.844708,12.3458519,6.904893398,4,268.1216431
7817,111.0646286,22.41427994,19.70334053,6.947893143,4.897466183,342.8155376,3,7550.491978,22.46743011,9.815766335,4,259.9920044
7818,235.1850739,23.67939949,15.65641403,8.142580032,5.457253456,954.4059142,1,10010.31848,15.95038033,6.53347683,4,205.4077148
7819,108.2233047,39.27158356,29.23811531,6.106350422,3.708816767,7145.260872,1,8881.109992,19.86625099,8.684556961,4,41.51412201
7820,102.9799805,25.1263504,12.85396862,6.735117912,4.73023653,2682.433933,3,431.3609261,24.49534416,7.775188923,4,244.0276794
7821,116.5274658,32.05040741,21.23242378,8.268881798,4.746889591,3833.104107,3,3615.2346,21.23653603,10.1219492,4,256.793457
7822,141.2982483,21.32972908,14.16946983,7.23558569,4.007586479,919.1425522,3,7239.414057,24.93493271,8.948054314,4,248.2128601
7823,67.04385376,38.39965057,19.25331688,8.221924782,4.392671585,4150.43333,3,16732.09844,18.19537926,5.984363556,4,174.9469604
7824,90.07807159,33.80857849,16.91691017,8.922831535,5.585178375,44.77087806,3,2330.207534,19.05713463,7.909407616,2,79.59468842
7825,64.52566528,25.07209778,15.70881271,9.221347809,4.523067951,2131.987517,3,4147.03592,23.80801773,11.152174,2,244.440033
7826,114.121994,26.88856506,20.59545517,7.278596401,4.617651463,2893.903416,3,4944.654766,19.87688637,9.230601311,4,73.75372314
7827,99.75572205,27.05257225,13.39168453,7.218822002,4.24865675,612.3486501,3,4995.80344,22.15153503,5.850872517,4,210.3791199
7828,60.07353973,25.73622131,18.71354675,8.380778313,5.337907791,24.58151167,3,4891.019973,18.35097694,7.930932522,2,69.55880737
7829,142.5747833,28.17728806,17.0919838,9.850753784,5.332159042,2755.796572,3,13552.4628,28.06618118,8.394482613,4,212.9885254
7830,59.70573807,26.35173607,17.92473602,9.899287224,5.303387165,2199.985105,2,296.6687136,24.3096962,8.788500786,4,156.8014069
7831,104.9189606,35.21119308,27.24320412,9.607265472,6.029892921,2201.998442,3,13990.01954,26.5722065,9.723450661,4,75.96376038
7832,87.25078583,29.57479668,19.58464813,6.693172932,4.276972294,2932.577912,3,26645.58108,16.2120285,9.13684845,4,242.7974854
7833,114.9381638,29.92090225,19.60736275,9.44110775,5.320314884,139.6966101,3,31324.92337,21.74787521,9.280241013,4,156.336853
7834,121.7623444,44.05547714,28.38035583,5.864292622,3.309635639,2156.629252,3,21790.01943,13.09924889,5.097343445,4,29.35775375
7835,98.42829895,26.55805779,15.6742487,6.999563217,4.282746792,3057.845133,3,15455.96244,19.14373779,6.619995117,4,247.6198578
7836,39.42143631,30.57212448,19.27983093,6.612597466,3.651897907,443.9989546,3,31842.63604,15.18217468,6.835439205,4,219.7359009
7837,83.86527252,36.34051514,25.35619354,5.304300785,3.122423649,2496.631226,3,21780.2209,13.7642746,4.750364304,4,38.04704285
7838,183.7105408,27.40319633,18.70981979,10.24112988,5.712251663,340.0602568,3,12754.49457,28.37762642,9.295307159,4,67.50352478
7839,109.8824844,45.37568665,25.18172073,7.141949177,3.930707932,1992.715593,3,6859.206797,13.85203934,6.019129276,2,39.8629837
7840,56.90607834,24.16815376,18.63653183,7.507006168,5.960836887,621.1462581,3,5503.286027,16.98537064,10.20563602,2,237.604599
7841,51.29600906,34.75259781,14.30706882,9.445336342,4.610501766,2425.314144,1,279.6546012,22.60304642,8.34627533,4,275.1231689
7842,121.3062439,23.38184547,16.596735,6.941082954,4.146818161,4690.893783,3,23879.46704,23.34133148,10.37201023,4,221.3785095
7843,89.47403717,48.48921585,29.07414818,9.150985718,5.020281315,3756.367009,3,30909.88107,21.3485775,7.576868057,4,309.95755
7844,95.45315552,42.58889008,26.34983635,7.485480309,4.719921589,1800.970903,3,21244.74269,15.03122616,7.08445549,4,234.3601837
7845,125.5201721,23.36444855,15.77978325,8.351068497,4.858810902,2222.245356,3,11665.04343,28.01624107,7.044965267,4,122.4903641
7846,144.4944305,22.46574402,12.87164974,8.80086422,5.052750111,2058.990143,3,12258.92651,32.7321434,7.926939964,4,133.0585175
7847,110.7193604,27.53367615,16.42902374,7.70150423,4.667177677,944.8798779,3,4719.145722,21.86660957,6.677308083,4,136.507431
7848,162.7232666,24.44232368,21.32447815,7.706672192,4.918087006,2427.007883,3,15207.09997,27.57416534,7.593244076,4,59.6763916
7849,75.04914093,30.22030449,22.00346756,7.350888729,4.672926903,4418.586352,3,24213.65482,18.80110931,8.88346386,4,297.3475342
7850,109.1991272,28.22185898,20.44752121,7.488277912,4.976091862,2741.167194,3,26200.31945,18.46758461,9.767019272,4,116.5650482
7851,36.54666901,35.04776764,18.82535553,6.164485455,3.995196581,1388.316849,3,30083.58475,11.16695499,6.994428158,4,164.0228119
7852,45.67312241,35.1953125,20.66461563,10.87928295,6.372327328,105.3284916,3,31519.16656,21.87525368,9.590881348,4,57.4704628
7853,129.1285248,35.8065567,23.56164169,9.875972748,6.1065135,2053.663276,1,18657.64596,30.94838333,9.447880745,4,293.8752747
7854,155.009552,30.11433792,18.00146866,10.15215778,5.932118893,1548.316571,3,18850.49632,27.81762505,10.51284599,4,109.3348083
7855,117.4041672,29.24390984,16.1030159,8.584157944,4.950147629,4383.726647,3,17726.05741,22.24014091,8.806324005,4,229.6354675
7856,113.9795456,45.07926559,27.88978958,7.682957649,4.736708641,4780.542845,3,22850.85299,18.31598663,8.839557648,4,279.8339539
7857,45.82484436,33.98744583,20.9172821,11.8847208,7.198052883,3946.224041,3,16966.54875,23.92016983,9.643457413,4,206.1600037
7858,167.7023315,20.30808258,14.18332005,6.153632164,3.691974163,1819.792718,3,3618.487261,22.91097069,8.378596306,2,237.4074249
7859,114.4319077,28.66282082,20.05880547,10.69957161,6.168246269,649.8201704,3,15842.4437,29.79493332,10.37605476,4,278.6264038
7860,93.46684265,23.44528008,15.87288952,5.917068481,3.829122782,2513.906441,3,2933.965745,18.61018562,8.591629982,4,236.5138245
7861,42.83045959,34.17182922,21.92036247,6.770609379,3.912423611,2840.049616,3,2298.010613,16.004282,6.514751911,4,71.56504822
7862,99.46604156,42.26026917,26.67767906,5.62667942,3.03861475,2045.983902,3,21435.47893,12.20852661,4.245563507,4,28.30075455
7863,59.92304611,26.58049774,20.12446785,8.600325584,5.623553753,2603.608982,3,2217.741411,25.62289238,6.60069418,2,113.8752823
7864,37.44075394,35.74717331,21.87835693,9.60412693,4.966300011,2783.708821,3,2032.401155,21.80347824,8.070269585,2,278.1300964
7865,26.29273796,63.09074402,22.59100723,10.7738142,4.272510052,2228.915182,1,11452.70022,24.45674896,7.076890945,4,162.0206604
7866,91.73633575,28.51148987,15.71002197,7.157990456,4.253157139,3089.975095,3,18057.8351,16.39297295,8.069519997,4,126.8698959
7867,124.019371,33.52877045,17.86295128,11.12712955,6.864685535,1647.837457,3,14074.00278,26.10904121,10.26107788,5,127.6476212
7868,177.5753326,26.73626518,16.37050247,10.23697948,5.708267689,1336.468842,1,11065.58695,28.68620491,7.738078117,4,314.4664612
7869,7.887440681,31.18497086,16.85871506,3.133669376,1.357266545,1352.900082,3,6693.492651,7.404211521,2.422962904,4,66.80140686
7870,160.1969604,38.78428268,24.03683281,11.29925919,6.250926971,1131.323777,3,17405.75946,28.60409927,10.05957794,4,62.14555359
7871,35.81630325,41.74060822,27.05541611,6.568924904,3.660206318,4089.548711,3,1882.61669,14.32178402,6.690833092,4,43.74932098
7872,98.19850159,35.79576492,25.90937996,8.812420845,5.150846481,3035.235995,3,12534.54989,23.31463623,9.360162735,2,280.9839478
7873,83.72512054,25.29881287,16.55532455,7.464377403,4.624153614,3638.890945,3,26013.4775,19.38668251,9.358515739,4,195.7347565
7874,4.728165627,42.59373856,18.93205452,5.530153751,2.265475035,2667.367179,3,28900.96306,5.944509506,3.687890291,4,182.489563
7875,70.6284256,32.33813477,18.09338188,5.815711975,4.046955585,3285.517063,3,28360.22031,13.41478252,7.663251877,4,96.84277344
7876,8.139410019,54.0884285,15.20343494,4.622746944,2.361043453,2344.613265,3,29213.69549,5.883237362,2.960160494,4,278.868103
7877,64.93239594,48.49270248,26.64514351,8.214734077,4.773650646,1294.218979,3,30109.17227,17.25023651,8.077987671,4,40.23635864
7878,42.80044174,39.72175598,26.30616188,7.123964787,4.11574316,523.0834738,3,30863.49762,20.34115791,8.0803442,4,26.24793053
7879,96.59200287,56.49780655,27.50536919,8.199425697,4.47694397,755.0332636,3,30664.87818,16.10412979,8.177182198,4,328.3487244
7880,42.19181824,47.48760605,27.25380325,10.96024132,5.716042995,130.8591945,3,31247.41889,18.37399673,9.246928215,4,315
7881,48.06778336,44.26911926,23.74398422,8.891564369,5.370165825,3618.363858,3,17276.65088,17.14470291,7.856188297,4,52.20960617
7882,100.6916275,33.77880859,18.05833435,10.3208971,5.814064503,1904.516902,3,14322.96013,24.51094437,8.517375946,5,218.7539673
7883,174.2966461,27.53604889,18.20502663,10.71224976,6.301009655,421.1640719,3,12853.99983,28.87430573,10.91818714,4,87.95458984
7884,132.0813751,28.957201,17.80529594,10.4879446,5.529564857,337.6257009,3,12081.01788,24.29706192,11.00986958,4,238.1759644
7885,47.42625046,29.10728073,17.79957771,10.5813818,5.56191349,417.033001,3,1984.127634,21.70776558,7.798429012,4,103.9743652
7886,45.64662552,31.30918121,20.54610252,11.59580517,5.941299915,1970.52836,3,620.062567,25.55805206,8.795826912,4,185.5546875
7887,83.88108826,29.60931015,23.48783493,7.729305267,4.466982365,1875.799173,1,984.8688229,25.42317009,6.337418556,4,311.0179138
7888,135.0233459,33.81991577,24.28019905,7.670755863,4.491038799,3377.403567,3,18939.91731,23.08625603,6.703367233,4,272.2905884
7889,19.03850555,38.41539764,18.46260643,5.335141659,2.94892478,4428.53402,3,22285.78063,10.01412296,4.092031002,4,154.7468262
7890,54.56502533,26.38254738,17.59861183,4.54107523,2.675228834,964.427325,3,2914.974772,11.57344818,4.422637463,2,243.0041656
7891,107.1230698,27.24569321,16.98468208,9.333703041,5.308315754,4867.384586,1,6162.37381,27.02311707,7.513741016,4,211.4902649
7892,113.9149246,22.81077766,18.42428017,7.769925594,4.278056622,4876.884519,3,22318.00624,23.45306015,7.628631115,4,324.1623535
7893,21.6068325,38.63079071,17.47213364,5.345759869,2.593226671,2806.453443,3,28692.45579,9.821083069,4.611942291,4,69.10223389
7894,12.37820339,36.29119873,17.73415375,3.648258209,1.659996986,2495.053215,3,29015.1706,7.015021801,2.489923477,4,222.3087921
7895,95.85620117,24.34318733,15.80899143,6.984369278,3.887115955,2860.489859,3,15271.59032,20.71579742,5.918520451,4,226.7357025
7896,115.5006104,28.81730843,17.5201683,9.321014404,5.51945591,2217.08478,3,14636.86652,25.46398354,8.2794981,5,101.7835617
7897,65.56003571,29.28563309,16.79053879,6.218506813,3.94290781,539.7142405,3,14960.37631,16.82036018,7.648553371,4,99.78240967
7898,22.91166306,32.35901642,19.66384506,12.93325901,6.476783752,105.7940441,2,15405.82294,23.19487381,9.104375839,4,264.288269
7899,80.89790344,29.15735626,21.77700615,7.250063419,4.359229565,2451.867254,3,4109.87787,22.61836624,8.228406906,4,33.23171234
7900,116.3404083,30.75572395,19.27776909,9.990044594,5.971932411,2822.586889,2,4802.220531,26.246912,8.850349426,4,119.0546036
7901,67.52100372,27.08972931,17.9939537,7.051706314,4.534118652,3448.186961,3,1508.085488,19.33467674,6.31458807,4,129.2166901
7902,187.4702759,30.33617973,17.4467926,10.72993469,5.687133789,1295.798946,3,11060.54434,28.07614517,9.47951889,4,187.8152924
7903,28.19427681,31.98954391,14.75004101,4.992947578,3.073581696,1168.204154,3,6038.073095,8.697732925,4.540850163,2,101.3099365
7904,76.42658997,33.31066895,16.82609558,8.98856926,4.942860603,3281.890671,3,1569.495361,21.20887947,6.754089832,2,231.2258301
7905,76.19873047,24.44566154,20.7570076,8.65866375,5.310529232,2337.186102,3,5715.844915,22.57854271,9.018148422,4,104.5344543
7906,50.59456635,17.3731823,9.703848839,4.064080238,2.891052485,1603.783748,3,6463.009435,15.74997902,5.015496254,4,83.06391144
7907,172.3612366,44.0139122,31.01620674,9.831201553,5.664770126,2683.115129,1,12425.67592,35.44223022,7.754630089,4,23.05659485
7908,11.5975132,40.5266304,22.87199783,6.956307411,4.81367445,64.45369648,5,15250.19022,9.74446106,4.559933662,4,94.6354599
7909,151.9407501,26.32885551,17.73960304,9.69634819,6.000789165,993.0476825,3,17311.71579,26.61748314,12.30874729,4,207.5341949
7910,89.85215759,32.34689331,16.7964859,8.503302574,5.164614677,17.13233869,1,2349.874241,22.08984566,7.145802021,4,111.2505035
7911,167.1194458,40.25322723,27.86460876,8.201182365,4.953487396,3127.650184,1,94.66501611,25.2896843,7.792456627,4,316.9091492
7912,175.1965332,26.46592903,15.98109913,9.585348129,5.542779446,3539.563007,3,438.2773417,30.05301285,9.058156013,4,230.0581055
7913,34.72950745,31.85168648,29.3972683,5.884923458,3.298449755,4789.627457,3,23298.417,14.79570103,8.51779747,4,31.9494133
7914,41.61125946,32.89443207,26.31136513,4.604911804,2.540877342,2774.290957,3,18688.99012,11.32914066,3.52685976,4,24.22774506
7915,118.1167908,28.5975914,17.54955864,11.0664444,6.273714066,307.1956795,3,15916.9647,28.36597252,11.52285004,4,192.3962097
7916,191.8523865,22.73749542,16.12186241,7.728071213,4.408768654,4097.277568,1,11773.32281,28.68842697,8.095581055,4,288.4349365
7917,77.53300476,30.77225304,16.77954102,7.373332977,4.688141346,1889.436588,3,19613.38305,17.61219788,6.204059601,4,180
7918,32.24644852,60.99308014,26.71660423,6.513067245,3.379353285,2548.87419,3,19141.28341,10.31072426,4.104007721,4,22.06790161
7919,64.76722717,30.69029045,17.89879799,6.765219212,3.91325736,1802.490393,3,6684.259902,14.72252083,5.751534939,2,76.67546844
7920,87.88784027,31.42550468,17.84374237,5.639365196,3.207497358,1397.608251,3,1096.189204,13.78338909,5.598475456,2,240.5483246
7921,99.61613464,27.19774818,17.2891674,9.760464668,5.9162817,2541.841088,1,4625.606589,27.40285873,7.746195316,4,223.7906494
7922,130.6809692,20.99908257,11.75481892,7.856798172,4.637592793,875.6542077,3,7398.202726,24.90966988,8.375816345,4,197.8744202
7923,116.2128906,35.33779144,17.06807899,9.463788986,5.151482582,4518.780717,3,17955.59189,23.61541557,9.427539825,4,262.2745972
7924,89.32218933,33.10687637,25.58400917,7.307299614,4.443486691,4179.552048,3,23317.86246,19.69577026,8.493024826,4,43.4621582
7925,91.70043945,32.9974823,21.04054832,6.542047501,4.114033699,4211.495812,3,23597.10909,19.66953659,9.626624107,4,280.4914551
7926,155.9791412,31.75549698,19.5046711,7.853353977,4.615792274,2736.930576,3,31928.33733,17.96783257,8.134264946,4,186.0090027
7927,128.6381378,22.92341042,15.51951313,7.113554478,4.297113895,4175.573138,3,30486.66633,25.95597649,6.714462757,4,270.9240417
7928,62.51141357,27.78501892,15.90107155,6.380685806,3.616529942,5664.007799,3,28997.72839,15.20505905,6.302594662,4,113.4985657
7929,143.8320007,26.20770264,14.53361225,10.24905777,6.092281818,1389.941349,3,13817.28568,29.34928703,8.989414215,5,215.3401031
7930,62.8608284,52.61257553,25.02578163,7.737711906,4.390930653,1649.349542,3,6532.658436,12.17683792,6.08993578,2,119.0811768
7931,90.00839996,44.00657272,27.6518631,8.685168266,4.85847044,2197.664553,3,5705.636216,20.34293556,7.803817749,4,312.2736816
7932,96.42874908,20.5691967,16.35817146,5.637192249,3.369165182,1577.60328,3,6174.251919,20.0512886,9.3856287,4,72.43972778
7933,80.73497772,27.64684486,19.91171265,5.675034523,4.009778023,820.1915284,3,6840.730819,15.69793987,7.817512035,4,270
7934,99.27068329,30.56398582,15.79700375,9.103762627,5.224021912,1454.888952,3,14635.67343,23.3558712,8.702739716,4,232.4958649
7935,58.42063522,34.64506531,22.21138954,11.18356609,6.950220108,5493.491312,1,6688.36723,31.30057716,10.20923805,4,249.3635864
7936,57.96323776,44.55628586,30.37956238,11.51289272,5.772223949,5647.067673,1,6901.695607,29.90381813,7.60314703,4,31.20913315
7937,86.12070465,32.47018814,18.24732208,10.47405815,5.522211552,1068.334266,3,1504.07337,23.07576752,8.5534935,4,183.3492279
7938,80.27873993,26.58921432,21.14569283,9.921096802,5.602995872,1170.984282,1,1598.814631,28.09517288,6.971940041,4,325.6196594
7939,114.0989532,34.32509232,15.2053318,9.128487587,4.866621971,3526.20249,3,1133.461282,22.1235714,7.470625401,4,175.9143829
7940,109.0588455,24.60785866,18.92407227,7.546429157,4.214996815,3543.70533,3,16513.8278,22.04746437,8.403952599,4,55.61965561
7941,148.9563599,36.28475571,23.08260918,11.02791119,6.756801605,2619.340115,1,12729.68779,33.9747467,9.092405319,4,282.3390808
7942,202.5508728,26.97341156,16.83036232,7.533033371,4.904295921,4632.856607,3,11899.08342,22.52878952,8.946490288,4,234.9506226
7943,119.8815231,31.04141045,15.65261841,9.984092712,5.219059944,365.9736393,1,2708.512935,26.76942635,7.283327103,4,146.4965668
7944,66.20968628,54.57250214,27.12089539,9.72455883,4.676539421,611.7695745,3,7221.624435,17.72019768,7.324735165,4,40.3612442
7945,15.10260487,39.56282806,23.56514931,10.65081596,5.265902042,30.87334288,3,15316.55464,18.06125259,6.53545332,4,246.4477386
7946,107.2409134,30.8392067,18.47543526,8.144762039,5.67748642,435.0065209,3,17055.03416,20.56147385,13.7810173,4,222.2675171
7947,144.8157501,25.63768196,16.45252419,8.885810852,5.926796913,2210.133866,3,13979.21462,30.09128761,6.966472626,4,272.1575623
7948,154.4226074,28.17590714,16.40141296,8.789066315,5.06905508,1183.322834,3,3549.682554,23.53455544,7.800142288,4,165.6506653
7949,139.5259705,36.76423645,23.47284508,9.005935669,5.052225113,1238.544462,1,3837.613164,22.31936455,8.623488426,4,60.94539642
7950,128.9312744,26.77866745,16.97258949,9.824614525,5.671636105,440.4684302,1,2892.677386,28.492342,8.049424171,4,67.31282043
7951,85.35386658,30.88393974,17.90663719,7.546697617,4.2224617,3842.706233,3,23833.43043,19.07898712,5.874834061,4,270
7952,54.01133728,29.69767189,20.24921989,7.135869503,4.373990059,1298.215795,3,20432.89933,17.04540253,5.862962723,4,100.0079803
7953,118.5188446,38.12511444,25.54832458,7.70086956,4.941045284,2729.673599,3,7587.123951,16.00328445,6.88657856,2,79.44915009
7954,97.10569763,32.16845703,18.88039017,7.129612446,4.745165825,2070.73684,3,6933.203483,15.20400906,7.719480991,2,94.04098511
7955,29.97879982,37.80711365,20.19974709,4.276269913,2.79776907,1166.276942,3,6038.075134,9.137358665,5.174922943,2,71.30927277
7956,58.58140182,28.64375877,16.71011543,8.280903816,5.845689297,597.9438843,3,5462.525059,18.86219597,10.58258438,2,226.6846771
7957,58.34674072,33.15310287,17.0327282,6.526762962,3.670246363,2752.268824,3,279.4728482,13.79881573,5.540315628,2,138.0940552
7958,47.18567657,27.86374664,15.54488468,5.28818512,3.511288404,2254.224876,3,57.88287569,14.35396385,5.016695976,2,268.9458313
7959,161.3247528,25.26174164,17.02722359,9.552867889,5.319252014,1988.845924,1,10513.6839,29.04682159,7.528480053,4,176.7765808
7960,64.32772064,40.6619072,19.29565239,8.054720879,4.750246525,487.7887169,3,14877.4952,16.61101532,9.843962669,4,63.43494797
7961,135.0072632,27.57381248,18.94068909,7.432358265,4.792752743,1053.340628,3,14240.70355,25.76485825,9.550538063,4,87.990448
7962,107.6853561,40.17086411,23.83891106,7.981292725,4.577002048,806.6307891,1,14430.71124,21.14940262,8.946045876,4,37.36936569
7963,108.9694824,50.21933365,30.82600403,10.29313374,6.596477985,1441.213562,1,15078.75523,32.72654724,8.842023849,4,31.23921585
7964,56.55554962,31.09932327,20.27261543,12.51325607,7.746415138,1522.771672,3,14847.36367,28.99380493,9.633239746,4,208.7597961
7965,124.062233,35.54600143,22.74278831,8.629890442,5.235823631,6312.30796,1,7871.544335,26.53483391,7.310670376,4,71.56504822
7966,48.21564102,24.39736366,15.17068577,5.50477457,3.401015759,3144.041206,3,1683.806733,16.14156151,4.651716709,4,239.0362396
7967,122.3761597,22.62220764,15.79894638,8.163589478,4.768022537,4927.178602,3,21357.301,24.53946686,9.147125244,4,124.6951523
7968,89.38581848,30.80390358,20.34140587,6.651599884,4.00812912,1061.43405,3,30329.20475,17.5332489,7.29766655,4,61.0908165
7969,142.7768555,25.27458954,15.38515949,8.325485229,4.838881969,3315.128429,3,31349.17091,23.82037354,7.684772491,4,199.7851257
7970,123.9863968,20.88718414,16.12668037,8.72786808,5.257000446,3968.692658,3,30694.36489,24.95205116,7.593974113,4,180.3480835
7971,110.1583939,31.11071587,19.02912712,5.879772186,3.673948526,3484.494377,3,22729.71778,15.42492104,5.731791496,4,75.25643921
7972,9.900741577,48.70799255,27.52244759,6.708368301,2.830899954,3841.796877,3,16872.82088,11.572896,4.692434311,4,33.17549133
7973,22.77460861,33.3453331,18.30749321,6.179332733,3.356822968,4164.108448,3,17221.14111,12.07871246,5.19202137,4,231.3401947
7974,155.4237671,30.23076057,16.9023819,10.5422554,5.778880596,4738.537632,3,18356.88633,26.38165855,9.637310982,4,227.5733643
7975,116.7755432,27.83197784,17.0645237,10.63016605,6.257445335,2125.174163,3,14300.27878,34.13867188,8.805820465,4,227.9288635
7976,80.16460419,27.79743767,17.40741539,7.149930954,4.272510052,2656.441935,3,9975.533831,18.4817543,9.38484478,4,201.9838867
7977,222.1934967,37.10177612,24.84814453,7.72650671,4.805190563,3026.601776,3,16089.03293,22.24760246,8.03283596,4,37.20317078
7978,180.8923645,23.76778984,15.00852871,8.247788429,5.033892632,2884.376167,3,15924.05264,26.22522354,8.787222862,4,64.65382385
7979,5.479553699,42.24514008,17.91260147,3.233956814,1.636775732,2434.446766,3,29026.35474,5.629833221,2.119147301,4,204.0967255
7980,34.68719101,31.62801933,17.67595673,8.909793854,5.035204411,3924.713134,3,16325.30144,18.62298584,7.360654831,4,221.7426758
7981,96.70776367,44.15586472,28.22970009,9.82566452,6.284082413,547.9167487,1,14876.39272,24.0734024,10.51029396,4,106.8683777
7982,6.402422905,48.61115646,17.05545425,6.101038456,5.534514427,139.1920804,3,15283.1212,7.37590313,4.013607502,4,218.1572266
7983,141.2385254,19.49614334,13.96290779,8.043399811,5.519957542,1350.109789,3,3582.676588,24.38152885,7.8927598,4,189.7275696
7984,89.2549057,28.83620644,18.1378994,5.337678432,2.883043528,2921.740671,3,18091.48965,13.39329243,4.703337669,4,52.67990494
7985,55.7274437,31.17704773,18.15069008,8.368071556,5.23849678,2094.135848,3,2722.277113,21.19622231,9.220474243,2,181.6890717
7986,158.9531555,23.48157501,15.16599655,8.168260574,5.014338493,2570.374953,1,11507.80252,30.88963127,7.460818768,4,59.93141937
7987,48.1322403,33.80619431,21.00704193,8.634976387,5.360527992,121.9482404,3,16308.04936,17.02915764,11.44979095,4,135
7988,105.7598343,25.73528099,15.88859463,10.23611069,5.498064041,3467.022463,3,837.0977699,28.31984901,10.06902885,4,125.537674
7989,71.93735504,32.88766098,19.3994751,6.739109993,4.108636856,456.8952196,3,30990.65455,17.1542511,6.728532314,4,105.4935608
7990,72.9648056,35.72524643,18.32840729,7.457836151,4.881693363,1417.870341,3,1314.090095,14.70394325,7.66529274,2,148.6576385
7991,93.63942719,37.75024033,29.7730751,10.68534279,6.000150204,2409.090704,1,12350.95101,32.62677383,10.1718874,4,329.4524231
7992,29.57688141,37.75646973,18.96159554,4.621096134,2.865053654,2878.869798,3,28514.49747,7.207386494,3.749073267,4,129.1439819
7993,79.65431213,57.94034195,26.10319138,6.698438168,3.577350855,3624.406714,3,17185.38537,15.02559566,5.080353737,4,333.15271
7994,81.73693085,33.26903915,22.35873604,9.001663208,4.854743958,2214.948946,3,2630.986318,23.19637299,8.24223423,2,321.7098389
7995,91.65765381,34.28273773,18.68188477,13.53800869,7.843188286,866.3385635,3,17514.99532,28.17877197,13.69874382,4,120.6149445
7996,140.3810883,27.6710453,15.96844864,9.153583527,5.355903625,905.0450025,3,17476.4544,27.83872414,11.95551682,4,272.2506409
7997,41.97062683,32.77789688,28.37217712,5.529075146,3.054822445,7410.349623,1,8803.463545,18.43245506,5.241403103,4,24.04421997
7998,31.57819939,46.58827591,24.43949318,5.290246964,2.902594566,1982.242777,3,29420.36944,9.528546333,5.159824848,4,304.0352173
7999,40.19887924,45.8543129,29.65385437,9.034004211,5.38550663,5903.239728,3,27512.90263,30.22818756,5.955376148,4,23.19859314
8000,65.31787109,29.64086533,17.03611565,6.474830151,3.806027174,1704.432975,3,19474.29147,16.94205856,5.634039879,4,237.7023621
8001,77.77818298,32.99053192,22.61455345,5.502603054,3.175120592,2124.779631,3,18711.69144,15.6676569,5.165489197,4,73.76764679
8002,81.3513031,30.84161377,17.29457283,7.872042179,5.32790947,1353.549382,3,969.5039736,17.52012634,7.290240765,2,153.4349518
8003,38.69193268,27.44705963,14.78022194,8.758994102,4.057154655,2656.403949,3,4253.009701,24.24099731,8.316792488,4,268.210083
8004,20.88896179,22.38735008,10.01573658,8.22961235,4.237345695,2794.813552,3,4404.293606,14.60462952,5.339868546,4,299.5181274
8005,189.0898743,19.02128792,12.37853241,5.717829704,3.620283842,2319.441692,3,3579.762444,22.48122978,8.679325104,2,236.5858154
8006,122.8664169,29.80517387,24.55351448,9.061743736,5.641703606,5448.974659,1,7250.764019,29.50571632,7.655274868,4,51.95295715
8007,125.9157181,43.65625763,29.245224,10.63876152,6.030385017,2586.065547,3,15540.7491,27.6018486,8.357959747,4,315.8012695
8008,34.99549866,46.23426437,29.28014755,9.458322525,6.179180622,3911.562847,3,16971.61358,15.05507851,6.923809052,4,17.43979645
8009,12.78019238,37.40875244,20.43470764,5.679604053,2.178582907,4225.522921,3,17287.6814,9.743000984,3.450679302,4,272.2905884
8010,82.89568329,32.80863953,27.76305008,10.5345993,5.716402054,4216.187335,3,24010.02896,24.05990028,9.818669319,4,341.0139465
8011,81.76672363,25.62407112,17.50478172,6.234559059,3.907432556,3847.623386,3,24645.40781,17.06918144,8.112365723,4,82.37580872
8012,112.0825119,38.76973724,26.51406479,7.785929203,4.267948151,649.9731443,3,30838.75799,20.0780201,7.513448238,4,40.4252739
8013,31.05216408,39.9958992,20.60874367,6.095875263,3.750330448,829.0302359,3,32433.45194,10.15474033,6.233423233,4,221.946579
8014,12.67240524,37.25309372,22.82028198,6.506297588,3.073000193,4612.537395,3,24624.32081,12.68147087,4.704657078,4,35.74909973
8015,141.8240051,32.72936249,18.96520996,8.930773735,4.765538692,3684.132447,3,8475.439406,19.43910217,7.07869482,4,94.7279892
8016,82.11701965,34.99527359,19.73436165,6.438055515,3.600223541,2232.48852,3,100.4290599,14.06215668,5.192419529,2,102.847702
8017,56.07626343,30.97616577,18.52960014,9.374761581,4.864935875,667.2615558,3,2330.867893,21.41264153,7.960124493,2,77.87954712
8018,64.65678406,34.01504898,17.91007996,7.000367165,3.814218283,1884.321028,3,1068.51426,13.73923588,5.384657383,2,274.6046753
8019,56.74728012,29.64980125,18.92587852,9.599880219,6.555814266,245.5953516,3,16137.60977,20.0696888,11.85799026,4,160.7131653
8020,33.59453583,47.34967041,24.48537445,12.67787743,7.83878231,2.93444791,1,15646.30747,22.45667648,10.99825382,4,67.58362579
8021,97.66661072,38.04460907,22.99597359,9.922919273,6.807424545,4788.587964,1,6296.401104,28.98459053,8.023459435,4,298.4429321
8022,124.520607,26.42290688,19.61397934,8.402881622,4.923857689,4707.697736,3,20552.36065,23.87809753,9.354076385,4,219.8055725
8023,81.58794403,35.57881165,22.02382088,6.69405365,3.682538748,4954.777421,3,19598.60344,17.40157509,5.823009014,4,43.99491501
8024,39.55020523,31.5530014,16.78722382,4.592470169,2.876580238,3788.469835,3,27656.48994,8.121813774,3.61946702,4,148.0918884
8025,23.86683655,33.91440201,18.57406044,5.428141117,3.110974073,401.9589154,3,31880.19035,11.85024929,6.498113155,4,217.405365
8026,49.02203751,33.76197052,20.01821136,14.34837627,6.631679535,3575.834156,3,17272.31594,27.38653183,10.62680817,4,132.4517822
8027,56.82943344,27.87552643,17.99634171,12.04100323,6.094083309,3158.656152,3,17692.61507,22.91147804,11.42617702,4,139.6479797
8028,78.34723663,62.29621887,24.26773071,7.318703175,4.119349003,3841.315476,3,16967.74609,15.98032379,5.593637466,4,37.64762115
8029,75.10321045,46.54140854,29.03467178,8.395074844,4.322907448,4124.299268,3,16676.86661,20.12379074,8.034720421,4,38.15722656
8030,126.8342743,25.21960449,14.21751595,10.39387989,6.904006958,1045.670102,8,7667.216492,28.23682213,9.419238091,4,254.9476471
8031,217.5698242,28.44666862,18.23781204,8.841420174,5.145203114,1355.42282,3,10971.1074,27.10362625,8.55396843,4,283.46521
8032,210.8874359,26.31221008,16.59764099,10.56571579,5.788738728,1333.8448,3,10933.68429,29.86097145,8.996587753,4,166.4090576
8033,68.1750412,31.51761055,16.23411369,6.194638729,3.584550619,1493.290201,3,2775.967706,13.33795547,5.428296566,2,253.9705963
8034,83.91310883,28.21385765,17.213274,6.337228775,3.904159307,390.7160887,3,7889.295219,13.94599247,4.740373611,4,146.5657043
8035,275.212616,24.88029099,18.28658867,8.362980843,5.141616344,1945.821801,1,13296.84191,29.07373428,9.451165199,4,81.38435364
8036,335.5715637,25.11329651,17.59198189,9.354499817,5.351476192,2595.445045,3,12950.47498,29.40145493,8.860970497,4,93.12924194
8037,106.5574036,34.56632614,25.45889854,8.452662468,5.649080753,989.2467867,3,3497.668393,22.47511482,9.714835167,4,248.4985657
8038,106.5108719,18.98306847,10.45699978,6.557112217,4.404314041,524.8356359,3,6917.642585,22.72906685,7.450798512,4,236.6114807
8039,106.2351532,31.61649895,20.36406326,7.181426525,4.277434826,5666.621189,3,18831.11614,16.14083862,6.470761776,4,80.07375336
8040,75.37797546,24.59559059,13.98593044,5.512552738,3.438993454,6064.009026,3,28645.16148,13.745924,5.612767696,4,231.9810638
8041,73.8574295,29.00572777,18.58820534,6.275252342,3.612054348,4309.210849,3,25130.90756,15.28602982,6.643244743,4,87.22906494
8042,80.21433258,32.37704086,15.91511059,8.531440735,4.563556194,2615.99717,3,18297.64515,19.00758362,6.965418339,4,152.6761169
8043,126.2008362,30.40813065,17.15206528,8.821709633,5.233147621,2797.637099,3,9421.163304,24.01945686,8.932938576,4,145.9631653
8044,267.9932861,38.99779892,26.89664078,9.653039932,5.382142544,2320.178839,1,13474.80003,28.75240898,9.080934525,4,303.338501
8045,134.3262787,44.79473877,28.3312645,11.68426991,6.98470211,345.6264187,1,15591.43229,29.97660065,12.03017044,4,96.17017365
8046,120.1798553,24.77610016,15.44798851,7.881718636,4.75369978,1317.294176,3,13768.96224,22.9855938,7.635283947,4,147.7965698
8047,96.07263947,29.03669357,16.93173027,7.701411724,4.3379035,5535.365676,3,19239.99226,18.63451576,6.713404655,4,191.9441833
8048,68.4524231,22.69971275,14.23485661,6.450315475,3.956451893,4804.064443,3,19491.09096,21.40214729,6.306934357,4,81.57258606
8049,81.13460541,22.20283699,14.33670998,5.312234402,3.277609348,6448.813391,3,28316.42761,15.710989,6.81176281,4,218.700531
8050,112.7218552,54.66260529,24.06194687,9.035823822,4.896838665,3794.479015,3,24166.9915,19.63111687,7.083325863,4,306.8699036
8051,132.8881989,25.5268631,15.07572174,11.0563097,6.632986546,934.0736426,3,13353.7944,30.83825111,9.398628235,5,157.4926147
8052,124.7986984,23.51578712,16.83337212,7.876293182,5.065873623,355.8033797,3,12013.12413,25.28352547,11.34413052,4,259.8883362
8053,51.75269318,40.74161911,22.32037354,11.50649643,9.142698288,248.559294,3,12617.05956,19.2431469,13.4031496,4,93.17983246
8054,66.60619354,36.38305283,23.22159195,7.283952236,4.452548504,3214.01599,3,1686.869506,19.05051994,6.101858139,2,264.1223145
8055,24.83137131,39.87239456,13.01460075,10.63517666,5.785457134,1361.984897,3,2950.18387,18.46647263,7.342207432,2,282.5789185
8056,31.27039146,28.96723366,16.07234383,5.896413326,2.800031185,3913.290033,3,16975.31391,13.33125305,3.825964928,4,41.67777634
8057,133.5904541,41.81217957,27.14715195,10.89258194,6.27930069,5046.785409,3,18042.53244,26.93868256,8.473711967,4,336.3828125
8058,131.9515839,32.66809464,19.28415298,9.898415565,5.347139359,4533.945961,3,17516.75396,23.69711113,9.220498085,4,250.559967
8059,181.2462006,27.14451218,16.02002716,7.584741116,4.248690605,5515.359837,3,26477.88169,19.9929409,6.615702152,4,101.6044159
8060,198.047821,38.42527771,24.44373131,8.896266937,5.054988861,5122.003835,3,26367.21648,19.84991264,8.388533592,4,39.03551102
8061,19.31418228,44.47790909,21.876894,7.038019657,3.900316477,4591.946171,3,24817.08755,13.99244118,4.982281208,4,20.46227264
8062,51.76582718,35.05264664,18.06200409,9.1459589,5.228566647,3482.273968,3,15892.55917,19.85433388,8.270689964,4,222.2072906
8063,94.35042572,29.78717804,17.940382,9.780979156,5.727833748,1149.903064,3,3685.000864,22.28737259,9.670825005,2,175.6012878
8064,109.7847748,57.26705551,28.72049522,11.61326981,7.321098328,1988.697755,1,14614.41631,34.65724182,8.339320183,4,35.03755951
8065,107.3493195,31.10177612,17.29348373,9.565857887,5.953649998,807.9945468,3,2103.650726,24.55298233,8.019870758,4,237.847702
8066,80.85339355,22.14554024,17.0150013,6.485379696,4.395356178,3774.6154,3,25834.71856,19.25674438,9.726019859,4,177.6753235
8067,60.7254715,30.60154915,20.426651,9.186766624,5.867267609,1290.156178,3,2118.31431,20.82925797,8.3145504,2,92.29061127
8068,158.1862335,29.03319931,18.15579987,10.81278229,6.321709633,1320.905871,3,18035.70591,30.77670288,8.854880333,4,135
8069,143.1047363,27.11394882,16.47340775,8.317150116,5.13496685,795.3055961,3,17315.02694,26.08836555,10.7908287,4,130.0085754
8070,183.0299683,37.11763763,26.60732079,10.8226614,6.375827789,2778.297667,1,14171.84743,33.17970276,9.534656525,4,40.48291779
8071,140.8441925,35.25319672,23.94878197,9.034884453,5.542929649,5810.695272,1,7630.750795,27.12346458,7.824021339,4,289.7104492
8072,121.9402542,22.14008904,15.03701782,8.118811607,4.943819523,123.9550708,3,5766.665477,23.58753586,10.59988785,4,158.1985931
8073,28.13141251,30.99237633,19.2457943,6.973640442,3.380769014,76.03251057,3,6392.152673,10.79569054,6.389353275,4,190.9806519
8074,128.7117157,26.14258957,17.15057373,8.278895378,4.896658897,1980.087458,3,12512.75065,22.54764938,8.466952324,2,190.1791229
8075,81.30203247,22.85481071,15.4363966,8.182625771,4.547195911,3999.916822,3,25076.96882,18.6564827,8.336021423,4,175.2057648
8076,20.3730011,29.94962502,20.47888756,7.107627869,2.619481325,3421.199634,3,25283.44174,14.45363331,6.99189806,4,174.3450317
8077,31.01587486,28.01199913,16.75615883,7.918224335,3.777605057,3313.622335,3,25503.81464,16.0763092,6.875198841,4,185.5722046
8078,27.30797577,38.84070587,17.2550602,9.378705025,5.082700729,142.7976369,3,31641.2403,14.63712311,8.352607727,4,64.68628693
8079,22.69631004,55.53075027,18.41075325,12.89972782,5.708461285,2580.552164,3,15000.10953,17.39461136,10.97408009,5,253.6044769
8080,96.2875061,24.09438324,14.49627972,8.48246479,5.015396595,2956.891585,3,15380.35429,24.01341629,9.240931511,4,206.8807678
8081,127.4844894,43.62517548,28.29069519,10.79611397,6.080823898,3034.673762,1,13710.64583,29.25980759,9.318784714,4,321.6544189
8082,136.8707123,34.037117,24.95099068,8.163162231,4.579637527,6029.356804,1,10412.43685,25.38421059,7.985402107,4,46.6523056
8083,62.0391922,32.04772949,17.19273186,7.577928066,4.088779449,2786.066395,3,1698.972142,16.98552513,5.970078468,4,212.6498718
8084,49.51802444,27.94588661,18.77179146,7.59257555,4.146689415,2307.729536,3,2181.850156,17.74487305,7.208662033,4,74.40718842
8085,135.1037903,33.08805084,28.09973526,8.726596832,5.208820343,504.1920938,3,5646.769941,26.52659035,9.734749794,4,327.7071228
8086,75.53452301,28.35959435,15.63983154,7.269740105,4.346680164,5340.542569,3,29320.90114,18.94447899,7.401033878,4,144.5167236
8087,58.30533981,27.05476379,16.06735611,6.516961575,3.150920868,3202.351903,3,15622.93591,16.54959679,5.957182884,4,214.4608154
8088,105.8168945,29.54007912,18.87803841,10.59199333,6.121377945,2503.80315,3,14934.24154,29.05628204,10.74808598,5,161.8621216
8089,156.6803894,31.92997551,24.91171646,11.2311697,7.080746174,3298.780112,1,11627.41019,34.13507843,9.983217239,4,317.6786499
8090,120.5652618,35.69044113,21.89715767,10.04034138,6.163694859,4983.760575,1,6875.634561,27.67554665,8.452510834,4,286.7528076
8091,23.63416672,31.73181152,18.81209373,5.360210419,2.970438242,2024.025649,3,2529.71568,11.68408966,4.765120029,4,221.0548096
8092,72.38890076,22.48518562,16.02678299,6.745057583,3.74748373,236.2431851,3,6716.742395,19.83127594,7.497493267,4,236.1583557
8093,87.64191437,28.41991425,15.29176331,8.933496475,4.946572781,1090.918009,8,8343.880064,24.78689575,7.886940956,10,212.3474426
8094,35.67086029,40.12999725,20.24198914,8.007943153,4.420666218,731.8136435,3,32312.19922,13.62939453,6.917350769,4,111.0348053
8095,106.1293335,26.4402523,18.86788368,6.62717104,3.734787464,5055.244062,3,29606.82498,20.69737053,6.658061981,4,71.56504822
8096,32.22472763,60.86026001,24.23025894,9.699939728,5.619649887,3130.90421,3,17684.50856,13.79649925,6.976620674,4,323.5513611
8097,83.24904633,42.86844635,25.93362808,6.06555891,3.722549677,2819.496305,3,17960.49123,13.26777077,4.474356651,4,43.18124008
8098,60.23676682,45.27780151,29.15813446,9.471002579,5.620205402,884.6693433,3,3935.598307,20.74515152,7.651799202,2,320.7105713
8099,130.7207947,27.69126892,15.39531708,7.772404194,4.11931181,1458.332653,1,1644.430963,24.52062225,7.187799454,4,218.2359619
8100,138.8508606,29.2237606,17.41459465,9.371279716,4.626308918,1858.923428,3,1556.836277,22.68729591,8.073132515,4,162.938385
8101,136.6465759,32.789505,29.35050392,8.781219482,5.522182465,515.6982175,3,5894.697177,28.78317261,9.332500458,4,15.64225006
8102,115.4133987,30.26568604,22.35733604,8.039377213,4.783400536,3783.11018,3,16758.58091,22.58247375,9.694353104,4,49.72476959
8103,25.67477226,37.85580826,20.63636971,7.035387516,4.359475613,2506.304139,3,28873.96367,11.17311001,5.53781271,4,268.9129028
8104,26.73312569,22.32707405,14.67322826,4.00578928,2.765324116,1823.948174,3,29546.03311,12.06406879,4.09383297,4,228.1822815
8105,25.7248764,33.75836945,20.96513557,7.106702328,3.783577204,435.9698226,3,32027.03996,12.53464985,7.409344673,4,216.8682861
8106,24.52551079,52.2495079,24.99017525,5.022046089,3.314381361,2562.97926,3,28829.84815,8.473347664,4.447818756,4,257.5093689
8107,88.70124054,32.67748642,18.65392876,7.042081833,4.062364578,406.5735958,3,31116.68949,17.09337807,7.747307301,4,74.05460358
8108,142.3536987,37.66765594,22.89918137,7.836703777,4.496096611,4798.090251,3,26020.9944,18.07792091,6.682201862,4,51.95295715
8109,165.3340759,24.16096878,14.94062805,9.054135323,5.532990456,2304.474945,1,10535.71258,28.96226883,8.032588005,4,257.151001
8110,169.1802216,25.83974266,19.22551727,8.988646507,6.106207848,3171.437896,1,11232.57652,33.82948685,8.367220879,4,79.95466614
8111,84.05255127,23.22527504,16.17760849,9.885868073,5.701244831,16.47834646,3,5059.154824,24.46826935,12.51373005,4,147.9602966
8112,154.8274689,30.36989594,19.52929878,9.702045441,5.879483223,1883.001152,3,10349.63252,29.8591156,7.79569912,4,128.1721497
8113,76.11912537,28.40151596,19.4337883,7.671310425,5.521505356,3006.917957,3,7890.361893,18.30637741,8.798187256,2,104.8924866
8114,66.63996887,31.20840645,18.32969093,8.138908386,5.391244411,1788.344478,3,6659.514902,15.35661411,7.690464497,2,144.6887817
8115,65.51896667,30.63848495,19.18281937,8.18890667,4.797373772,1405.570583,3,451.9622497,19.23484039,6.514847755,2,232.5946503
8116,66.08448792,28.68712997,16.91921997,8.747924805,5.22388649,150.0208984,3,2642.729083,21.83605194,7.734750271,4,82.80653381
8117,152.632309,40.56871414,27.2118206,7.434666634,4.180572033,3353.924232,3,16309.50771,20.89677238,7.568106651,4,294.8399658
8118,78.37732697,29.92217445,17.58609962,5.833152294,3.502991676,2782.146716,3,23324.02025,16.2577343,5.471665859,4,83.08877563
8119,68.78565979,35.25522614,19.9870739,6.269243717,4.046182632,895.5970166,3,21012.06764,14.54808521,9.129403114,4,221.9124908
8120,80.4881134,30.24297333,20.38817406,7.441436291,4.701346874,1453.445433,3,912.2293561,18.74059677,6.697849274,2,73.07248688
8121,177.7146301,36.17926025,25.25801086,7.546632767,4.414925098,4396.17059,1,12384.34255,22.12166977,8.214345932,4,287.9279175
8122,123.6112747,50.35449219,30.82402611,7.364077568,4.58861208,3678.061501,1,13330.52063,24.05830574,5.788260937,4,335.658905
8123,74.9651947,50.38943863,25.81159019,7.822581768,4.66917944,304.7877312,3,31248.28268,19.85796738,8.081618309,4,29.87599182
8124,70.89096069,49.7012291,27.89178467,6.811496735,3.546056747,2135.398759,3,22949.67027,14.75958347,5.858378887,4,318.3664551
8125,72.45372009,22.17955208,13.98872089,6.225849628,3.446151733,3425.620122,3,24418.11112,16.42969131,6.568542957,4,126.8698959
8126,46.91697693,48.28704834,22.39388847,5.870724201,3.84896946,3053.878582,3,24373.86389,9.274799347,5.569393158,4,77.00538635
8127,112.0876999,23.64176559,15.0482502,6.5893507,4.129509926,5122.288531,3,29559.46904,19.73218155,7.77464819,4,86.08174896
8128,110.0629425,31.98366928,19.39648247,7.217890263,4.178567886,2320.363024,3,2591.361538,17.7945919,8.580140114,2,200.6257477
8129,56.18988037,31.35764885,17.84028625,6.787500381,3.725376606,2895.225781,3,2118.481096,16.62412834,5.947101116,2,116.5650482
8130,71.66282654,24.94768906,19.4024086,5.6435256,3.198079348,7636.087461,3,8947.228469,16.70287704,5.215600014,4,38.29016495
8131,82.68876648,31.77340889,24.28362465,6.987462044,4.673488617,6916.07673,3,8715.370294,17.83730316,7.032884121,4,287.4747925
8132,138.0590363,25.32049942,21.71353722,7.135467052,4.701809883,2862.08804,3,15808.71907,26.91614723,7.736940861,4,56.6893692
8133,51.98907471,43.11338043,25.72820663,6.414027214,3.852693796,2993.100125,3,25034.77543,11.8948822,4.714203358,4,38.01894379
8134,76.90026093,42.47639847,26.91175079,5.736749172,3.336544752,2479.793945,3,18303.67483,12.92175961,4.767528534,4,306.8699036
8135,88.39058685,25.26103592,13.88629341,8.035571098,5.054423809,3347.43053,3,31316.22598,21.44639778,8.253800392,4,233.2971497
8136,72.15079498,34.74240875,18.29390335,9.979951859,7.204568863,1184.023973,3,19678.10316,18.86796951,10.33413982,4,153.6174164
8137,82.21695709,34.26392365,23.19496155,8.037863731,4.897686005,2634.022938,3,9263.211722,20.11159706,10.08405972,4,297.1351318
8138,34.10316849,35.6619072,20.04017258,5.248251438,3.336155176,677.4678625,3,5511.79687,10.21969223,7.536080837,2,212.9052429
8139,172.4722443,22.84011078,16.75289345,7.821586609,4.613002777,500.0078616,3,7272.925998,25.97929382,9.636967659,4,219.95755
8140,129.2608032,24.0793457,16.89982796,8.048413277,4.766654968,4802.728684,3,21686.30421,23.93446732,8.839858055,4,294.3124084
8141,78.57373047,33.04676819,20.10985374,8.717339516,5.347857952,966.3869953,3,3888.869703,19.80329895,9.288645744,2,190.5136871
8142,56.92943192,24.48033333,10.60842896,10.32359314,5.220655918,14.28848861,3,4872.98932,28.61035538,8.086816788,4,150.7924042
8143,96.39768219,42.17576981,25.49475479,8.642208099,5.224564552,4065.30994,3,16713.20668,19.47976303,8.525010109,4,69.77513885
8144,177.5822144,31.76337433,17.98677826,10.16403484,5.283509254,1018.852865,3,15755.88096,24.91458893,10.16428089,4,206.7749329
8145,89.86791992,32.57621384,16.96369553,9.140155792,4.868505955,2995.641781,2,5109.723735,23.07880402,7.083062172,4,183.6084595
8146,46.46660233,36.65391541,24.81135178,5.342795849,3.379106998,2473.687031,3,1455.156638,14.24725151,5.130321503,4,287.1027222
8147,124.7783356,25.09751511,17.07411003,7.735165596,4.711505413,32.48892804,3,3530.16758,21.53216934,10.19241524,4,134.3969116
8148,127.1009445,20.52456093,16.89104271,7.126502514,4.698042393,601.8590825,3,5246.624717,27.65633011,10.26491451,4,318.850647
8149,64.45314789,29.08606911,18.04093933,6.801392555,4.069264889,5271.910302,3,20007.33482,16.77103806,7.087003231,4,63.90536499
8150,88.36853027,49.14271927,26.62501717,5.907626629,3.091965675,2540.587213,3,23479.49868,13.29727173,4.545566082,4,33.06847763
8151,59.9789238,33.45791245,20.6993866,8.988303185,5.102301121,3806.146665,3,16228.07104,19.60101509,8.138643265,4,50.6306839
8152,34.02663803,29.45709229,14.55444241,6.307049274,3.026831627,3238.723874,3,15656.33112,15.78472137,5.209584713,4,237.5716705
8153,32.83123779,30.86051941,20.48907471,8.012329102,4.179525852,178.6051514,3,5007.168843,15.8539629,7.224576473,2,96.3401947
8154,61.72917938,28.85102081,17.32233429,6.505696774,3.648455858,135.8143875,3,4684.421642,16.4174881,8.590518951,2,247.9092255
8155,127.1059799,24.42332458,14.10667419,8.668952942,5.011209488,7259.630687,3,10084.98551,25.60436821,8.111001968,4,191.9381409
8156,68.36915588,15.43445396,9.280673981,5.06218338,2.94652462,7856.000572,3,9085.089048,18.4472065,6.726015091,4,80.25831604
8157,31.14243126,34.3281517,22.93684959,9.948655128,5.184824944,3009.290495,3,965.901484,20.49993706,8.186164856,4,144.8702393
8158,46.816082,41.35287476,23.18450356,7.74906826,4.330589771,2654.691577,3,944.2792891,18.02826881,6.315635681,4,297.9622192
8159,43.63342285,30.59475517,19.17144012,10.08458233,4.620123863,128.5034048,3,4737.478665,21.35434151,9.098917961,4,126.2538376
8160,134.8690186,19.64615059,17.21937752,8.513876915,5.226016045,1143.462329,3,8470.112255,25.50972176,9.478467941,10,183.9182434
8161,68.09317017,35.20973206,20.83814812,7.171857834,4.095148087,2558.456645,3,25193.60586,15.27870369,7.716763496,4,77.18601227
8162,68.80049133,31.41717911,19.12575722,6.463298321,4.036082268,2060.331278,3,29499.58292,13.92174149,5.993135929,4,228.691391
8163,32.49969864,20.2204361,14.76442719,6.891879082,6.043169022,3124.954843,3,4190.84818,25.84714127,3.820060968,2,259.1144714
8164,106.4652176,31.44787216,16.62434769,8.373872757,4.808036804,4248.433365,3,6313.392466,24.01896477,7.078992844,4,104.0861435
8165,123.4476471,43.26235962,27.41939545,8.037255287,4.827159882,4041.096556,3,6352.73668,21.77070236,7.513755798,4,49.67213821
8166,165.5800323,25.53635406,14.96814156,8.118083,5.288309097,2392.998927,3,1171.790094,23.95567894,8.986134529,4,269.35495
8167,137.0619202,29.89069939,17.51796532,9.594733238,5.34704113,3602.780101,3,108.7356395,27.5720768,8.026000023,4,167.0925903
8168,65.80442047,32.04753494,15.55263996,5.748429298,2.953140259,5488.235996,3,19787.23407,14.08651161,4.50649929,4,144.4111328
8169,78.31983185,31.60791779,17.30878067,6.613767624,4.109541893,5428.74336,3,19638.81672,14.85769749,5.836935997,4,76.22434998
8170,109.1722488,17.70173454,14.17860889,6.265935898,3.397987127,4221.836972,3,21889.10435,21.81883621,7.323168755,4,206.8127747
8171,101.5441742,31.05853844,17.31455231,6.438607216,3.352831364,3412.324213,3,21736.05962,15.64573193,5.829833031,4,174.7248688
8172,77.23052979,24.65433884,15.4957552,6.380588055,3.772314072,3184.862372,3,22105.11498,21.40141678,6.854178429,4,232.8370667
8173,90.10501862,20.42246437,18.3233757,6.86635685,4.731396675,3375.02984,3,22984.28151,18.65163994,7.910542011,4,172.6942444
8174,140.8173828,28.04330444,19.37743568,8.079269409,5.088275433,4119.550794,3,30541.79514,25.2399292,7.627037525,4,233.4254456
8175,182.1863861,19.68461037,12.4985714,5.350705147,3.932677746,2625.221302,3,3461.366155,20.611269,9.239227295,2,247.0810547
8176,139.9811401,37.28120041,25.28571892,9.851218224,5.983509064,747.6909513,3,17429.18834,28.37988472,12.25089645,4,46.63657761
8177,42.7941246,38.83268356,22.77466965,7.762136459,5.408136368,2711.348122,3,25832.62427,14.8917923,9.103662491,4,232.4314117
8178,66.94087219,29.22651672,17.98153496,6.232482433,3.693734884,2457.836925,3,32206.83114,14.7930727,6.64346981,4,254.9816437
8179,74.81873322,45.78185272,23.98079109,7.584879398,4.395997524,1919.977802,3,6777.131513,14.75534439,7.182946205,2,55.65228271
8180,34.65779495,40.52376175,20.78096199,5.871017933,3.551711559,1224.833556,3,6061.536621,10.72714329,6.167296886,2,87.27368927
8181,108.4395828,28.63905334,17.33331108,11.96185493,9.054586411,346.464116,3,17136.41616,24.2203598,13.94747353,4,95.31738281
8182,51.7700882,35.8910675,22.73450851,7.805084229,4.556708336,2935.325602,3,23327.91489,17.68813133,8.529762268,4,281.9293213
8183,137.6381531,32.05396652,15.55814838,8.789699554,5.353374004,804.0047888,3,17308.17458,24.79969978,10.387784,4,169.9309387
8184,35.83096313,40.7056694,22.31888008,5.061905861,2.730447769,1626.520247,3,1669.980924,11.14956665,3.726176023,4,69.89601135
8185,98.47490692,25.50974464,18.89562988,8.003856659,4.211865902,531.6872589,3,4971.197255,23.62986565,9.676766396,4,313.210083
8186,4.650089264,42.60377121,19.16918373,2.164099216,1.128358841,3090.387511,3,28279.09804,3.606296062,1.446652293,4,181.6832275
8187,36.3368988,49.70311356,19.48150063,5.024662495,3.00146842,3520.420966,3,27395.73062,7.316056252,3.938010216,4,95.71059418
8188,117.4436569,23.33454323,19.81201172,7.348322868,4.375409126,351.5277182,3,6151.195294,25.57773399,8.736508369,4,36.33055115
8189,62.44058228,30.67091179,13.49406338,6.235179901,3.667554855,4799.417047,3,25449.82654,17.72127914,6.211034775,4,91.16913605
8190,113.5077896,52.26366425,27.48319054,7.522044182,4.469353676,3292.736954,3,17206.03003,15.87415791,6.927055359,4,55.17551041
8191,21.36983299,35.89059067,20.77065659,7.851045609,5.6723032,2217.946408,3,14646.5473,14.2000761,6.276176929,5,193.3924866
8192,52.95549011,38.91132736,20.36940956,12.90894318,5.824264526,1978.917008,3,14406.83655,27.42073631,10.44795227,5,156.1198425
8193,74.33853912,38.63763809,18.73747444,8.72733593,5.750669003,3276.283454,3,1747.654557,17.3863163,7.131993294,2,255.3432465
8194,14.14673805,24.74183846,9.634338379,7.966884136,3.192962408,67.92090641,3,6653.392647,17.83299255,4.5125103,4,235.9540558
8195,102.8831329,23.06920624,17.24627113,7.15603447,5.45181036,1449.031981,3,14278.27941,21.03658295,8.632177353,4,247.8828735
8196,42.07722092,30.45554543,16.9491806,6.706869125,3.534628391,3122.513912,3,31540.64163,17.61601257,5.293672085,4,225
8197,56.22404861,31.31277847,18.46176529,7.40404129,5.096841335,3020.585802,3,31642.01999,18.8408165,6.620460033,4,285.6422424
8198,93.64862823,32.56478119,17.27402878,8.213924408,4.013053417,2970.447854,3,7854.633391,18.09924698,5.548334122,2,48.35922623
8199,117.3967743,27.41989326,14.73729992,8.819989204,5.555596828,6486.547823,3,10850.51933,25.56301308,7.867412567,4,183.0674591
8200,45.62686157,33.87839127,17.07559586,6.332246304,3.263856888,1894.854393,3,1936.888372,13.98807335,5.255733013,4,169.409668
8201,20.5003376,33.34030914,18.40979767,4.091788292,2.388840437,2409.729388,3,28958.31586,8.48759079,3.683675289,4,203.5639648
8202,27.87269211,38.83552551,17.6835804,6.754121304,3.712268591,1693.694484,3,32970.94069,13.18491268,5.040510654,4,208.0724792
8203,53.79412079,33.6639328,19.50928116,10.80666065,6.32711792,1572.264652,3,20057.00326,21.52416611,8.088232994,4,235.9268188
8204,30.04969215,45.18255234,23.42726898,14.59307575,6.646639824,1950.07038,3,14361.2622,26.85192299,9.817861557,5,262.0198975
8205,91.16596222,47.07489014,28.96502495,9.824906349,5.944977283,911.1732339,3,13286.39933,24.1999588,9.559415817,5,338.3049011
8206,156.3339844,30.55106544,17.55271149,10.66300964,6.381168365,1189.623207,3,18102.2169,30.99721336,8.919584274,4,239.2626648
8207,112.1706619,22.04639816,16.23967934,6.203447819,3.833802938,1210.396711,3,2780.403824,21.14753342,9.51740551,4,253.0724945
8208,34.42679596,35.73620224,19.83414078,8.668582916,5.089913845,2340.604128,3,32322.618,14.98814869,7.497002125,4,141.3401947
8209,67.65763855,30.9981041,18.90419197,8.39978981,5.787557125,2636.679565,3,32025.94405,16.20464706,6.73644495,4,285.4612122
8210,129.5802155,20.05166435,13.01216221,8.012442589,4.817875862,4846.521631,3,29939.86438,23.53477097,7.943586349,4,103.3060989
8211,96.42160797,26.89846611,15.97574043,5.888507366,3.512080908,5864.019452,3,28984.2064,14.03174686,5.85652113,4,276.9529419
8212,24.70014954,37.45588303,24.39588165,13.37376499,6.420084,1628.598146,3,14039.55897,22.49648857,11.77762318,5,163.8724213
8213,46.75468826,47.99057388,26.41565895,11.35564423,6.580677986,1600.314826,3,13987.39943,27.19406128,11.84631634,5,27.71850204
8214,71.67321014,48.97697067,28.31558609,10.85206223,5.635445595,1843.282688,3,14231.17189,24.42848206,8.727485657,5,26.06442451
8215,80.29371643,41.07131195,27.08013153,7.734472752,5.123141289,3150.121129,3,8012.440158,17.17265892,6.794471264,4,79.11447144
8216,106.1218872,37.40667725,16.39744759,7.701399326,4.162183285,819.8082179,3,17639.15325,19.03635788,6.341278553,4,177.5633545
8217,33.58676529,39.13309097,19.40503883,8.373126984,6.300784111,123.0780805,3,16680.68869,13.61909199,9.797268867,4,268.0908508
8218,41.727005,30.82653809,21.10415268,8.873718262,5.15530777,412.4504977,3,2681.382731,21.25424767,8.092086792,4,82.30394745
8219,23.32094002,34.47950745,18.8549099,12.09743881,6.556344032,603.5048812,3,2499.595374,22.57942581,9.008863449,4,244.679245
8220,34.1626091,32.07191467,18.63736343,6.101521015,3.461180449,1743.461671,3,2258.945524,13.34278011,4.611032486,4,84.40065765
8221,110.5319519,24.66641235,14.23348999,9.59220314,5.501878262,741.0757341,8,7990.565416,27.22810936,8.393280029,4,119.2796783
8222,82.76313019,34.72351456,20.70966148,8.740727425,5.556770325,1744.811439,3,29946.29671,18.96415329,7.916705608,4,74.05786133
8223,92.59418488,26.17600822,15.29485512,6.993699551,4.288368702,1267.559231,3,30418.9627,18.85854912,7.119634151,4,204.916626
8224,76.97132111,29.39103317,19.32040024,9.356609344,5.368074417,3963.091206,3,24520.90467,24.34647942,9.256951332,4,280.0493469
8225,71.64827728,34.11810303,18.68935776,7.008001804,4.013899326,1980.208619,3,5520.046892,16.00790787,7.096299648,4,146.499649
8226,83.47911835,30.0974369,16.82211494,9.451292038,5.598623276,2126.031499,1,4740.212053,23.70049286,8.625955582,4,190.1246643
8227,57.75322342,29.1801281,19.45642471,9.920968056,6.039971828,802.2849189,3,20119.81252,21.40195656,9.668719292,4,262.0677185
8228,106.161087,22.56285667,17.24586296,8.689692497,5.204678535,611.3830505,3,12949.04331,29.04135323,8.811048508,4,62.1027298
8229,15.54598618,38.14966965,20.19118309,6.317289352,3.272242308,273.7045189,3,12605.0673,12.26129055,5.456501484,4,240.2551117
8230,129.4990997,29.79609489,21.94698143,7.873505116,5.092659473,3911.927573,1,13072.05069,26.23931313,7.057839394,4,287.5629883
8231,106.6908035,29.39982224,20.88628197,10.57167053,6.781076908,2993.825438,1,26.74354074,29.75019073,9.641870499,4,293.1104431
8232,109.6255722,25.18516922,17.46735191,10.43821335,6.732098103,346.7082634,8,7705.959058,28.68132973,10.62873363,4,175.7205353
8233,23.2631855,37.16459274,20.43258476,5.750338554,3.00317955,3334.877622,3,28033.64974,8.090236664,3.968640089,4,81.20586395
8234,106.414093,29.03958702,16.15704727,6.324649334,3.891622543,538.556337,3,31097.53437,15.37017918,5.573942184,4,147.875
8235,10.43936825,53.08903503,17.96032715,5.23615551,2.54084301,3314.429007,3,15743.53494,8.363898277,3.648048639,4,55.30484772
8236,53.57202148,27.1849308,19.05145073,9.060894012,4.8613801,2962.042087,3,15391.76648,20.98367882,9.692687035,4,198.3145752
8237,67.620224,40.3746376,22.3010006,12.42632484,6.930294037,3826.889436,3,16254.7766,21.85457802,10.14675713,4,88.51187897
8238,79.72579193,41.21704865,26.55792046,10.64996529,6.705998898,2526.948029,3,14929.32207,26.30717468,9.587693214,5,50.87848663
8239,31.79096413,40.15498734,14.65598965,7.937069416,3.824038982,1980.588856,3,2819.182223,14.22861862,5.540888786,2,282.8622742
8240,208.1023407,24.84948158,15.5349474,6.167123795,3.732321501,2925.378439,3,3415.384836,20.99498558,9.21229744,2,241.3895416
8241,123.7001648,23.88924217,18.70020103,6.193796158,4.106582642,717.5801541,3,7075.677408,24.41832733,9.33672905,4,93.45780945
8242,192.5019531,34.33037186,20.89913368,9.987805367,5.618082047,1164.893499,1,15685.95406,28.14696503,9.30807972,4,284.1534119
8243,43.21346664,27.27519608,15.5592041,5.089825153,2.963047743,6558.735267,3,28257.77846,11.68025589,3.889500618,4,287.3540039
8244,97.83019257,32.50696564,18.50381088,7.780193329,4.496678829,3287.324449,3,24316.23415,21.67223358,6.771185398,4,236.4510498
8245,18.68658066,57.00595093,27.19835472,7.194200993,4.135024071,3044.328158,3,15480.0413,15.46019363,5.557320118,4,30.69972229
8246,39.925457,34.72598267,25.81657982,9.09814167,6.12994051,2663.808789,3,15096.34115,23.40595627,8.484752655,5,306.1582031
8247,124.1055374,35.64531326,26.61845016,10.16485214,5.490246773,2463.574517,3,14812.89452,26.13233376,9.40677166,5,289.0256042
8248,186.263031,34.05989075,20.01947975,13.56196785,7.294650555,3074.218764,3,13853.59876,36.07027054,10.23347473,4,254.623764
8249,66.83448029,25.25455284,15.40934658,6.910531044,3.882293701,4531.796353,3,12572.8364,21.1738987,5.974666119,4,164.3997345
8250,91.1541214,22.06631851,12.64011574,7.961578369,4.023839951,5182.817508,3,11963.07859,22.48423004,6.980133533,4,201.1612549
8251,75.01555634,25.89482117,19.47400665,6.531630039,3.937575579,3232.14559,3,5521.337402,21.38455009,7.191637993,4,54.46232224
8252,103.0239563,26.97123909,17.03834343,8.203856468,4.863989353,1406.483494,3,1863.122231,21.55701065,6.997538567,4,291.4191284
8253,31.32710838,35.0412941,19.52590179,5.825059414,3.233637333,4790.863777,3,20604.94873,10.6338129,4.726089954,4,160.0168915
8254,47.49010086,21.80468559,14.04655361,6.475581169,3.10565877,4652.956451,3,21097.58831,16.83952713,7.263987064,4,236.7552032
8255,101.8201447,30.82269669,23.33504105,7.802548885,4.406928539,2587.448122,3,14953.96766,24.91047478,7.91268158,5,52.21399689
8256,43.03119659,40.02077484,17.96240234,4.744416237,2.503639698,2124.788568,3,2399.260963,11.24740028,3.673890591,2,260.7539063
8257,71.8115921,9.414507866,4.172425747,5.538840294,2.557735443,3223.34313,3,3944.932796,33.79826355,4.411550522,2,248.7678833
8258,307.9529724,37.45630264,27.15506172,9.262969971,5.0876894,1963.933075,1,13378.88608,26.9712925,8.934445381,4,295.5265503
8259,186.5974884,26.82540512,17.13994789,9.997913361,5.714548588,1857.629733,3,15096.4272,29.40376472,10.01214027,4,201.5014343
8260,149.8286133,21.78906059,11.27208424,6.679306984,4.136721611,5395.434425,3,11831.81875,22.47570038,7.470532894,4,221.1490173
8261,114.6325302,26.88611603,13.20138454,10.99508762,5.749820709,6168.418721,3,11169.5052,27.03120422,8.536910057,4,124.2712784
8262,134.7535706,27.11740875,20.04390335,7.359117031,4.60271883,673.7191826,3,3507.641476,22.2586441,10.12253571,4,291.8013916
8263,65.83229828,29.97388268,19.20998192,8.233054161,5.730114937,2791.252358,3,27034.3518,18.46666908,10.20872211,4,128.9275513
8264,73.75109863,34.09367752,19.30932617,6.693062305,4.350068092,13.08060264,3,31612.57167,16.55315399,8.394072533,4,60.87395477
8265,134.4868927,33.42193604,24.64670563,8.851221085,5.039016247,3747.453829,3,30915.72684,25.15821457,8.009913445,4,304.7960205
8266,79.56265259,34.07394791,17.74335098,8.222031593,4.312069893,3087.11882,3,1645.302234,18.48267937,7.520182133,2,197.2414551
8267,114.2773972,37.15091705,27.24523544,8.668357849,5.674918652,1854.971329,1,9809.362765,24.15015793,8.781337738,4,288.047821
8268,111.4655762,39.75951385,26.84744263,7.842399597,4.394759178,3436.540228,3,6038.598491,21.98415375,7.180952072,4,52.72182465
8269,119.9696121,34.35171127,22.77719688,7.716841698,5.112894058,1773.631013,3,12027.49666,17.65214729,7.724499226,2,64.83213043
8270,119.6708145,27.77964592,17.52247429,7.237564564,4.954937935,1256.5284,3,14259.54489,19.9629364,8.257387161,4,223.8766937
8271,126.3545609,25.28605843,18.79024124,8.002210617,5.493125439,2104.763399,3,14837.31747,22.85161591,9.374732018,4,230.7105865
8272,109.3597336,29.56724358,16.59459686,7.841331005,4.741879463,3584.072103,3,17108.10632,18.8782444,7.672652721,4,110.0952301
8273,178.7849884,28.66490555,18.30529022,10.94293022,6.241225719,536.6914434,3,11741.60177,28.93275833,10.0795927,4,231.674469
8274,21.61681175,41.40784836,14.00185776,5.812021732,2.031879663,2498.739242,3,3146.97661,15.79989338,3.327464342,2,280.9806519
8275,9.488527298,45.09056473,18.52972603,4.722999573,2.340138912,152.6010374,3,16742.53138,7.657304764,3.03580904,4,205.559967
8276,97.70182037,38.60159683,22.02062035,7.546703339,4.984193325,368.9820053,3,16239.35295,17.87189674,11.37289619,4,66.96160889
8277,46.9587822,25.15085602,19.62711143,7.971431255,4.152071476,369.4510927,3,2841.896909,21.08067513,6.939629078,4,100.4336624
8278,105.2552414,34.94649124,25.15120888,8.893134117,4.933095455,1364.550818,3,4713.491131,24.71401787,8.928097725,4,266.0090942
8279,25.34362411,29.37001801,14.96539879,4.698061466,2.118061543,4612.414721,3,20950.75575,13.13348866,3.24967432,4,248.9624939
8280,41.8335495,43.28966522,23.70919991,5.765272617,3.63737464,3974.209844,3,21526.53965,10.73600483,5.416471958,4,292.2732544
8281,133.976532,38.05941772,25.09128189,9.070120811,5.268251419,1386.311321,3,13688.54889,23.85058975,7.338522434,5,310.3645325
8282,78.00608826,29.50271225,18.7185688,10.28049946,6.304259777,2125.160136,3,14456.89284,26.00586128,8.784222603,5,80.78672791
8283,23.31970978,39.91744232,19.79545593,6.146374226,4.500304699,419.5624129,3,5240.840865,10.17183876,7.656801701,2,183.0963135
8284,50.02783966,29.6854744,16.20151329,7.769708157,4.486031055,3560.735067,3,5994.18076,21.93211365,6.414682388,4,97.22551727
8285,74.5676651,30.66896057,19.68296432,9.02248764,6.41018343,2325.856327,3,23143.31716,18.36842918,10.76561546,4,194.0362549
8286,3.040873766,59.15481949,16.56814766,4.109778404,1.625161052,462.3041746,3,32152.65094,4.279961109,2.669451475,4,175.2034302
8287,5.829526424,50.15185928,26.74822617,5.787955284,2.307067871,1686.215309,3,22286.78701,9.8901577,2.909826279,4,32.90524292
8288,95.52138519,35.92355347,25.58525848,11.13407993,7.356872559,1812.813484,3,14133.5213,28.75662804,9.547514915,5,289.6223145
8289,114.6621933,26.65854645,15.09292126,6.928618431,4.176810741,1756.90778,3,5520.660813,16.68899536,8.809066772,4,91.16913605
8290,177.6606598,46.00507355,27.028162,9.247826576,6.261478901,448.7376589,1,16080.08746,23.88937378,11.82433987,4,62.91404724
8291,63.2350502,31.77435112,17.78652,9.122162819,5.354199409,266.4339502,3,16751.76655,18.88202667,11.28511143,4,208.3792419
8292,105.7104416,27.26830101,16.4038887,8.097050667,4.361133575,2156.560421,3,10797.63665,18.68832016,7.260861874,4,181.3322144
8293,32.82961273,30.01094818,14.50320435,5.406755447,3.51816082,4430.974113,3,20868.49045,11.15141582,4.379229546,4,278.7574768
8294,29.11530685,40.4335289,25.2173748,7.000612736,4.049115658,3000.186305,3,28393.01903,13.17126846,6.932208061,4,307.2490845
8295,109.7590866,35.64575577,20.56853104,7.005111217,4.118216515,3051.761167,3,24383.77272,18.67498779,6.563146591,4,307.7857361
8296,7.152805805,36.89481354,21.80536079,3.380319595,1.486857653,1241.774011,3,21668.34466,6.465389252,2.241981268,4,45
8297,67.48291779,42.3132515,26.07229233,6.161251068,3.397058487,3149.174278,3,17629.8009,13.90862179,5.527882576,4,301.3286743
8298,88.52770996,30.55549812,19.04072189,7.426800251,3.986919641,3180.849549,3,8056.76375,18.54061699,7.128101826,2,91.19348907
8299,51.69749451,32.82551956,22.94470215,9.805648804,5.926308632,509.6088871,3,16075.84678,21.15898514,10.97208977,4,104.0362396
8300,129.1123657,34.24768066,20.60507584,8.727759361,5.256855011,4757.441082,3,17350.35333,22.90708733,8.476428986,4,273.7863159
8301,107.6749649,29.68154907,16.5864563,8.386429787,5.041555405,4284.014674,3,25929.59791,21.26054192,7.815894604,4,109.8197861
8302,93.35445404,26.65948677,24.31471443,6.963057041,4.052643299,3341.211471,3,25302.46622,22.71731377,6.978823185,4,31.39945602
8303,63.09301758,44.78816223,28.66054916,9.503136635,5.927052021,3803.82003,3,25550.02929,23.88062096,8.126441956,4,306.8699036
8304,134.7374115,40.66238403,26.89630127,9.365647316,5.118814468,3216.070709,3,15597.53617,19.67868805,7.629586697,4,88.60282135
8305,67.870224,45.15116501,27.01375389,9.22665596,5.94895792,653.5758688,3,4258.116676,17.37745094,7.459666252,2,326.1419067
8306,56.94607544,28.09404182,19.45604706,10.40021706,6.101926804,1912.133281,3,1925.255119,21.56626892,9.594613075,2,91.21887207
8307,68.65608978,36.38130951,19.45084381,10.0337534,5.85008955,1839.689927,3,1337.666499,19.20334244,8.307188034,2,126.1932068
8308,130.1903076,18.65079498,12.06144714,5.432762146,3.445909262,7688.493575,3,9914.134185,20.52043533,6.001531601,4,259.4389954
8309,86.063797,29.90037727,26.41386986,5.20433569,3.234683514,7367.057664,3,9033.719545,17.41553497,6.931577206,4,37.23483276
8310,129.3482666,25.559618,18.80257797,6.461967945,4.220595837,1133.639788,3,5147.466161,22.03363037,6.381964207,4,257.3806763
8311,91.34296417,35.61343384,22.98390388,6.763875484,4.017885685,4997.330928,3,18248.38305,14.85796261,6.503706455,4,54.78240585
8312,5.511701584,46.90905762,15.29249001,3.769410849,2.513505697,541.918888,3,32264.07117,4.975172997,3.745063543,4,197.1704712
8313,96.62828827,33.31578827,17.79003716,9.158824921,5.011924267,860.0421285,3,21958.59622,20.05649948,7.056960583,4,184.854248
8314,84.89685822,38.13734055,20.96169853,9.630799294,6.246915817,790.3787315,3,21358.7644,18.58651352,9.831168175,4,94.39870453
8315,81.46138763,32.19061279,22.16809654,8.08204174,4.938860893,3526.631276,3,15923.83237,19.51103592,8.920330048,4,288.4349365
8316,78.41940308,40.17314911,22.405653,7.433996201,4.553909779,2382.569827,3,2566.285755,17.4521637,7.972649574,2,302.0619507
8317,117.2782593,34.60162735,17.42852783,8.655909538,4.819377422,922.4636043,3,17800.02289,24.06369209,9.34832859,4,95.57219696
8318,59.16788864,28.73634148,16.39385223,7.470166683,4.331742764,2027.12463,3,1008.239007,19.63971901,6.615864754,4,195.3156891
8319,179.8612366,41.3631134,26.90107155,7.292161465,3.407103777,3975.371655,3,16604.44939,22.00436974,7.89030695,4,61.29404831
8320,17.21427155,34.95837402,18.37602615,5.147372246,2.705952406,4806.00387,3,20458.1622,10.97422409,3.923043728,4,188.7962036
8321,10.57060146,39.87150955,12.8523283,6.771105289,2.899098873,4743.680813,3,20299.60518,10.46660423,4.270820141,4,83.04704285
8322,82.50715637,31.28329086,22.08743095,10.17255974,5.924709797,157.0932087,3,12417.67906,24.46194458,8.334849358,4,52.38604355
8323,81.54546356,35.04680634,18.65611267,7.270781517,4.163738728,1930.390216,3,3068.70195,18.28535271,7.505665779,2,270
8324,239.7411804,24.50699806,15.76050758,6.455467224,3.531197548,3398.896221,3,3589.65514,21.81888962,8.693068504,2,235.8855286
8325,160.604248,28.36245728,22.43675995,8.121726036,5.637943745,655.3777837,3,6088.18784,25.38248062,9.252472878,4,45.76389694
8326,122.3634338,19.08672523,12.71917152,5.746061325,3.294888258,6175.872833,3,28734.57025,17.74220657,5.951199532,4,209.744873
8327,130.9326172,27.51047897,16.54273415,9.765544891,5.671687126,435.6303013,1,3505.266158,27.94565582,8.632435799,4,112.8736649
8328,103.3529587,23.67944336,16.8881855,9.057525635,5.735477924,952.4197581,3,2457.118134,23.13013458,7.947147369,4,275.5599365
8329,102.3128815,27.60624695,17.57776642,8.096078873,4.262261868,2061.405991,3,11380.31748,19.28419495,6.594380379,2,185.484848
8330,14.60318089,27.88161659,14.80986977,5.965718746,2.353375912,3318.112821,3,28067.42012,13.68185616,4.181004047,4,284.3227234
8331,147.2328339,27.04260254,16.59580803,6.72595787,3.883461952,2987.370486,3,31676.95007,18.97800827,7.155424595,4,230.9265137
8332,93.84655762,28.84896088,23.43250275,7.040015221,3.915024281,2999.742289,3,15386.64612,21.68846893,6.441605091,4,314.0110779
8333,118.1521988,27.92473602,20.80111504,8.149837494,4.893789768,772.6546553,3,13073.16404,29.77243614,7.747599125,4,43.64295197
8334,41.96134949,32.48359299,19.47489548,4.484523773,2.839485168,203.8048803,3,5077.536329,10.56588745,6.477087498,2,275.9061279
8335,98.01924896,35.44462204,20.39751053,10.93886662,5.571334839,537.1574296,3,18057.79957,22.6362896,8.940807343,4,88.26429749
8336,128.2654572,24.79433441,12.84983826,6.241595268,4.109461308,5208.251623,3,12129.62035,18.75434685,6.944880486,4,215.3624573
8337,128.8565674,30.29300308,17.0133152,9.783602715,5.792976856,1024.058895,3,4421.259701,26.53893661,8.433379173,4,209.1742096
8338,104.4371338,30.9811039,18.39075089,7.209226608,3.88076067,1361.238582,3,11837.05561,17.55001259,6.966928005,2,105.9453964
8339,127.6045074,25.9047184,14.76654148,9.522558212,5.591124058,4599.350353,3,26831.91985,24.55795097,7.80744648,4,133.4161835
8340,110.4740753,33.23997879,17.28116608,8.898318291,4.740630627,1139.954781,3,22726.82876,20.99271202,7.069808006,4,184.184906
8341,73.55680084,29.1805191,19.07494164,9.20836544,5.483857632,2434.478469,3,4741.191207,22.5148468,11.7174902,4,123.3106308
8342,138.0398254,24.21822739,12.92614651,7.301695347,4.055880547,2106.178323,1,10143.45963,26.46367073,6.145478249,4,259.7717896
8343,76.93991852,32.27324677,18.79395294,10.01217175,6.398984909,332.1847037,3,16559.71481,20.72691917,11.28247166,4,247.1094513
8344,161.8623505,24.54649162,17.46782303,9.596198082,6.177310944,1245.372043,3,10987.33616,32.0878067,8.556736946,4,271.5275269
8345,92.20999908,20.60965347,19.55272675,5.658029556,3.726616144,484.1357931,3,6541.305137,20.05960655,9.427454948,4,278.4457397
8346,66.31210327,40.02197647,21.37481689,5.65094471,4.157604218,2346.842904,3,23635.43681,11.06127834,7.645816803,4,255.1625061
8347,36.129776,53.43979263,24.52360725,5.977318764,3.815801144,3289.022562,3,28177.28561,9.724107742,5.139932156,4,325.6196594
8348,27.30584335,37.25344849,19.02256966,6.110263824,3.318997383,3054.538975,3,28400.63126,10.97203827,5.027471066,4,245.1973267
8349,35.30023193,39.23300552,21.62346649,8.134078026,4.494470596,1339.322885,3,33147.28423,16.52457428,6.571204662,4,98.42697144
8350,106.1960602,29.9501152,16.18959236,6.204429626,3.318536043,2748.00839,3,2782.158413,12.27953815,5.914924145,2,252.0126648
8351,136.1483612,27.001297,18.32587814,9.815318108,5.768366337,3805.850207,1,11443.9243,31.28084755,8.364569664,4,102.2962723
8352,190.2994843,44.64767456,27.93819237,9.305844307,5.284719944,3607.6003,1,11635.08685,27.92286491,7.325503826,4,32.34744263
8353,113.4437866,29.55354881,16.21413612,8.616200447,4.301134109,1154.23703,3,15781.27393,23.59168816,9.171834946,4,207.2351379
8354,120.580925,24.47140121,15.94962597,6.729994297,4.800885677,602.3826398,3,2610.395416,19.65511513,9.335066795,4,239.7435608
8355,28.42520332,33.78057098,18.18724823,6.094432831,3.415119886,4639.151496,3,20095.19892,11.32716179,5.291581631,4,120.1707687
8356,55.95109558,40.02053833,24.17331886,6.838876247,4.5631814,4088.611353,3,20701.15823,14.57767296,6.707572937,4,294.2744446
8357,16.74126434,23.11893272,12.04388428,3.739739895,2.110884666,301.2770972,3,32023.5409,7.949810028,3.284451485,4,91.54815674
8358,162.8546295,44.15572357,29.4308548,9.410101891,5.284433365,3726.397333,1,11501.10335,28.19538879,7.634502888,4,332.0674133
8359,177.3078308,33.54402161,19.54210091,11.61325741,6.039283752,1189.00306,3,15035.45932,28.65687752,9.245955467,4,124.2541428
8360,74.19470978,31.01618767,17.25727463,9.490494728,7.346634388,278.7267538,3,17151.83652,22.07257462,13.14173889,4,66.80140686
8361,77.54389954,41.4532814,25.56200218,7.399414063,4.41263485,2512.619332,3,9712.912216,17.27572632,7.872328758,4,279.1263123
8362,30.84839058,56.81876373,21.63662529,6.548789501,3.494044542,1304.079498,3,8398.665689,10.87661934,4.704320431,4,303.4608765
8363,63.63021851,35.45868683,19.33510208,13.63813782,6.793682575,577.8800279,3,20470.19956,24.51042366,10.36273098,4,102.0377502
8364,108.8808136,33.14492798,18.13154793,9.831391335,5.620865822,190.2312197,3,3449.277669,24.30848503,8.319162369,4,50.25448608
8365,108.3739624,24.24168587,14.80992794,7.810845852,4.734734535,6.91207274,3,3633.34998,22.06183052,6.6721735,4,115.559967
8366,33.42715836,39.68728638,18.57675934,5.151664734,3.108962059,678.6510135,3,32532.80994,10.09632111,6.052332401,4,217.8749847
8367,60.96405411,34.55916595,19.88725281,7.858944893,5.348167896,2391.518544,3,8869.122567,16.5985775,9.701581955,4,243.4349518
8368,66.62268829,24.22234917,12.76329613,4.537929535,2.489772797,1401.564672,3,5650.562765,12.392869,5.154572964,4,84.47245789
8369,52.93686676,28.89684105,16.86350822,5.229241848,2.988087893,2534.941321,3,29056.15708,12.34358215,5.145171642,4,80.31121063
8370,93.2789917,33.68286514,19.14509583,7.665192604,4.455895901,3018.882185,3,7862.872601,17.20519257,6.875504971,4,90.57896423
8371,63.01321793,31.40293503,19.16723824,9.706995964,6.66462183,1654.312385,3,6487.050404,18.98330688,11.12724018,2,141.9529572
8372,183.3360138,26.79097557,17.37701225,9.794953346,5.538273811,2225.285181,1,9931.898911,26.86028862,8.881965637,4,203.8009338
8373,155.7671814,47.63533401,28.12075806,9.918258667,5.334753513,3915.723967,1,11330.24769,28.67237282,8.444928169,4,311.3311157
8374,5.865847588,56.49613571,16.51482582,4.928518772,1.453582168,433.7082027,3,7688.588293,9.113494873,3.456629753,4,248.2740784
8375,97.66648102,28.57284737,19.18702698,6.310983658,3.998531103,2518.542699,3,9382.237491,18.68117714,7.265133858,4,259.2980347
8376,94.75010681,29.77420425,20.74658775,6.376962662,3.863605738,506.3600357,3,31205.25185,16.78797913,6.589151859,4,49.39870453
8377,3.471311092,37.895298,16.52715492,2.371927738,0.976066351,407.826552,3,32160.41711,3.933592319,1.506197095,4,105.8223267
8378,49.9996109,27.97094727,22.55294228,4.612771034,2.329930544,2460.842407,3,18336.25013,14.81678486,3.386904955,4,59.42077255
8379,126.6426926,28.93945885,20.41494942,7.365905285,4.386536598,2777.192827,1,5518.641842,24.48571968,6.538887978,4,52.7388916
8380,118.5873108,30.70879555,16.79184914,10.23242188,5.83536768,2768.267199,1,1291.168797,28.67067146,8.424156189,4,194.5773468
8381,14.6811552,46.89107513,18.1135273,6.760159016,4.403787136,1754.37036,3,32908.1779,8.04289341,5.437958241,4,184.2363892
8382,64.58223724,56.65875626,26.77023125,11.60916424,5.844774246,2412.955286,3,32257.28451,25.23822021,8.954471588,4,37.61395645
8383,69.52684784,37.24424362,21.48163033,9.656469345,5.477298737,1801.798271,3,32859.76197,21.95246887,7.677390575,4,298.810791
8384,69.0430069,31.14644432,16.5625267,7.074373245,3.548869848,2018.718319,3,327.4624986,16.35404015,5.895009995,2,219.8055725
8385,40.92999649,30.95916939,22.439888,9.607164383,6.676067352,2273.916158,3,1770.62648,22.00483513,8.206874847,2,109.5794525
8386,31.83724976,36.4657402,22.50403214,4.433185101,2.598870754,1020.901615,3,5877.22477,11.08432484,6.588449478,4,66.60192871
8387,134.194931,21.82272911,11.52394772,7.568933487,4.8672328,5504.12281,3,11906.17662,24.67931557,8.764912605,4,212.0220032
8388,110.909256,39.21312714,27.86341858,8.076723099,4.813075542,2378.90684,1,5637.294033,23.92051125,7.464201927,4,45.84270477
8389,77.89067078,26.52039146,19.72903442,8.214502335,4.813824654,41.94918957,3,7367.798542,21.234869,12.50788307,4,199.0934906
8390,118.151474,29.51612282,19.28849602,7.370713234,4.587966919,2329.472274,3,10330.35285,21.01461983,7.031169891,4,78.45948792
8391,65.98366547,32.77445602,17.02196121,7.290438652,4.191544533,2720.80259,3,1522.769503,18.86954498,5.602156639,2,254.4482727
8392,82.08761597,26.21270943,18.28380013,5.923520088,3.336163044,1094.406127,3,14141.07171,17.14653778,6.661157131,5,265.9143677
8393,48.60758972,44.70715714,25.31098938,6.022947311,3.74266696,3362.310549,3,27777.08372,11.69637203,5.414783478,4,298.3566895
8394,4.68789196,55.42295456,17.12870026,3.530151367,2.370417595,1555.566957,3,33107.21948,5.260263443,3.273010731,4,259.8025513
8395,94.75553894,16.47192764,9.786542892,5.01691103,2.899315119,5721.997008,3,28509.09564,17.40971756,4.060688496,4,215.1341858
8396,192.834549,30.68977165,17.5296402,8.064655304,4.321144581,4599.057142,3,27146.94945,19.9783802,6.112484455,4,99.16234589
8397,91.40752411,33.59746552,20.12278748,7.157746315,4.132356167,2987.12673,3,24921.8359,19.25156021,6.145548344,4,261.0070801
8398,73.10034943,32.35655975,20.54801559,5.098090172,2.940264463,2358.857357,3,23358.64992,13.19661427,3.95437932,4,39.40066147
8399,20.79095459,36.20013428,20.91840172,8.003896713,4.901638508,1330.279486,3,57.17195208,16.58265114,5.430799007,2,104.7908554
8400,159.0986786,31.20810318,23.35470772,8.240677834,4.92277813,3292.525838,1,11963.11828,27.04297447,8.307667732,4,291.3115845
8401,22.40143776,51.76237488,22.826231,9.109765053,4.684027672,439.4418167,3,6900.087107,14.33347988,6.807280064,4,284.1367798
8402,43.46232986,34.63986206,19.52133942,6.650857449,3.758507967,1116.537739,3,8086.603453,12.44876862,5.837186337,4,249.606842
8403,128.9957275,25.16759109,16.881567,5.591265202,3.412642956,3623.001843,3,31174.40587,16.87310982,9.258533478,4,190.5262451
8404,109.1812973,26.40057755,18.31012917,7.174981594,4.220959663,1978.610619,3,25084.69945,20.45300674,7.561779976,4,75.01837158
8405,9.795146942,51.83707809,27.10613632,4.657626629,2.465691328,1897.212153,3,18889.43725,8.481506348,3.327591181,4,38.65980911
8406,68.76157379,33.82569885,21.6683712,6.987729549,4.305127621,1320.691107,3,19481.4054,16.14421844,7.323841572,4,261.0273743
8407,101.5300446,49.21548462,25.97458458,8.363566399,4.891589642,2829.981244,3,7661.403668,17.29957581,7.173438072,2,41.38253784
8408,107.728363,57.20318985,23.14109039,9.554429054,4.980347633,2632.971482,3,7469.712646,15.85593891,7.240577698,2,62.17468262
8409,31.7964077,34.15024185,15.30462265,6.325636864,3.134852886,2466.828375,3,2457.774579,11.06455612,4.195362091,2,266.3477783
8410,19.00448227,56.81368256,25.09494972,10.0196476,4.76462698,420.9017434,2,16141.08509,16.90176392,6.19031477,4,301.2183838
8411,244.6307678,24.45231819,14.62674522,8.768556595,5.138434887,2186.811409,3,14862.40318,29.64378357,7.683545589,4,253.6639557
8412,79.38487244,27.99648857,19.85189247,10.22758961,6.49714756,717.7493821,3,3050.05177,25.60438156,9.079433441,4,284.4207764
8413,96.17121887,35.8371582,18.32175636,7.582578659,4.611279011,1695.475126,3,24208.34738,18.17100334,6.973766327,4,131.1214752
8414,85.22938538,31.26571465,17.77139473,7.138695717,4.06688261,1873.397374,3,24545.58873,18.34175491,6.200845242,4,222.6140594
8415,41.64980316,34.08922577,17.81535149,10.43812752,5.425224781,479.23673,3,16466.75714,20.07269096,8.211657524,4,232.0034485
8416,116.1983871,21.29198456,13.48116779,7.318172455,4.524909973,7963.460518,3,9764.174751,25.37539482,7.016362667,4,271.7017212
8417,131.8983154,29.23220253,16.52511024,8.995828629,5.28276825,3752.989336,3,7001.442947,24.6415863,7.493993759,4,213.8261719
8418,35.64966202,64.44489288,21.34273338,8.796967506,5.101299763,389.4931971,3,7127.837577,14.37231445,7.31036377,4,296.5650635
8419,20.07919121,37.45475388,19.44848251,5.790737629,2.924980879,3056.750252,3,27400.89535,10.83337784,3.993821621,4,307.6583862
8420,13.91831112,43.77703094,19.77076721,6.829991341,2.98015666,1445.616623,3,33217.35698,10.2834034,5.551280022,4,115.1461792
8421,40.57654572,40.07055283,25.19455338,6.227509975,4.199533939,1598.789651,3,6422.734707,13.7284832,5.331198215,2,64.98310852
8422,14.5233326,39.79153824,19.56833458,3.966903687,2.064353228,1217.454325,3,6059.295116,9.032786369,2.778127193,2,82.21923828
8423,28.98409843,50.0227623,26.34061432,7.472229958,4.26796484,1369.326067,3,3608.398493,15.26088619,6.264620304,2,35.99149704
8424,11.45598793,45.12947083,17.937603,5.227088451,2.225242138,1353.426891,3,184.0122232,11.48975754,3.436031818,2,220.1009064
8425,100.7706604,21.12979889,18.69548416,7.211615086,5.021967888,862.7028553,3,6125.183876,23.26596069,11.547575,4,277.9945984
8426,197.0421753,40.3307457,27.62731361,10.68276978,6.144584179,1488.155728,1,14893.52032,31.00386238,8.966878891,4,56.49656296
8427,19.63660431,48.63289261,21.55925751,8.597328186,5.199507713,703.4797798,2,15813.2449,13.55818939,7.856132984,4,240.2551117
8428,34.0707283,41.48739624,22.93023491,7.222709656,5.306432724,366.9251246,3,16600.84171,12.24797916,6.178082466,4,318.5222778
8429,286.7593384,22.29438591,12.83960152,8.457375526,5.159664631,2836.153156,3,14397.08396,27.65394402,8.771976471,4,235.5050659
8430,53.19091415,32.12744141,18.51972771,7.141773701,4.414215565,2274.101378,3,24635.14522,14.84880447,7.917054176,4,147.5288086
8431,92.01027679,24.58534431,19.84033394,9.591470718,5.760059834,1327.615259,3,25276.84287,26.10530472,9.226140976,4,255.4257813
8432,228.6517334,34.89959335,21.34885216,7.326407909,4.297199249,3310.468004,3,3225.408347,18.6741848,7.797409058,2,274.939209
8433,72.74035645,45.1907692,27.00862885,7.487956524,4.94214344,2320.389559,3,4717.28649,16.83242035,9.398051262,4,54.85320282
8434,92.59075928,34.17717743,24.05768967,8.949892044,6.080661297,2232.418305,3,4684.117125,19.18657112,11.08977795,4,78.58317566
8435,46.2207489,17.78499603,10.69209766,3.720606089,1.972135544,1169.751214,3,5789.208083,11.87182236,4.899950981,4,86.18592834
8436,7.798017025,27.30072784,9.569709778,3.743507624,2.158469439,1529.798325,3,5444.176497,6.613970757,2.335694551,4,104.6208725
8437,54.36879349,28.02015877,20.23017502,8.938528061,5.093493938,328.1618438,3,17269.42327,18.20695686,9.714748383,4,108.8384323
8438,26.2369442,33.5030899,19.9250145,10.01155853,6.175525665,4.019222529,3,16973.41284,12.92580986,7.046273232,4,276.6325073
8439,121.5851135,19.57638359,11.6601553,7.310459137,4.636783123,4251.214625,3,12948.78368,25.21434212,6.795314312,4,81.73282623
8440,15.95901012,29.85850143,10.20241737,4.433167934,1.910533309,6769.924613,3,10839.07866,11.66669559,3.00340724,4,237.8349304
8441,114.002037,29.76978874,19.01192856,7.83168602,4.49418354,7417.073477,3,10376.44457,23.7040596,7.193835258,4,296.5650635
8442,96.21452332,25.81499863,16.69392776,8.66856575,5.184184551,5925.691675,3,8629.168947,22.30152321,7.501591682,4,202.6653442
8443,143.1645203,26.21378708,19.2615757,8.903030396,4.763849735,3880.76615,3,16596.21401,29.65842247,9.211509705,4,46.63932419
8444,114.6708069,27.08562469,19.69856453,9.994557381,7.194972515,1371.096173,3,24885.18978,24.61746979,10.28751755,4,90.43736267
8445,101.5702744,22.86300659,18.19549179,7.927071095,5.38188982,2378.152518,3,26813.72754,27.9128952,9.053985596,4,265.4752197
8446,67.84549713,37.2987442,19.82359505,8.425794601,4.681521416,2490.288095,3,1697.596557,16.63781357,6.27405262,2,208.539978
8447,112.5009918,23.41316032,14.50555897,5.809251785,3.035800695,3893.747559,3,30980.47305,19.52658081,8.118502617,4,222.0643311
8448,104.6730957,26.06854248,16.99797249,7.236145973,4.841761112,911.5533884,3,22995.16518,18.34178543,6.409584522,4,78.69006348
8449,87.00806427,46.73177338,27.5492897,12.73305511,7.906387329,1796.874611,3,5064.894157,25.49865532,13.55225754,4,297.4744263
8450,136.2286072,26.64336586,13.88789654,9.994196892,5.785900116,698.956641,3,17400.37207,29.86744118,9.828609467,4,207.1704559
8451,60.08171844,22.26373291,12.73697567,7.007659435,4.245920658,7486.828206,3,9701.029384,19.23132896,6.789565086,4,197.9668732
8452,139.0502777,30.74604988,18.43324471,9.766795158,5.898813725,4136.894199,3,7411.760557,28.36099625,8.490400314,4,89.29267883
8453,20.20880318,38.42735672,19.92011833,8.628175735,4.775205612,126.5655945,3,13115.65645,15.06384659,6.87477541,5,111.204071
8454,66.81367493,31.65913582,15.87564659,5.567707539,2.952358723,447.9956409,3,13508.62114,14.1194334,6.926999569,5,222.6626892
8455,70.14374542,34.81741714,30.9349041,8.476376534,4.59361124,2862.755612,3,27290.4085,25.98756409,7.042982101,4,19.59228516
8456,26.89882469,42.81994247,19.17887115,7.84097147,5.66397047,1021.766096,3,32930.19484,12.51367855,9.049330711,4,128.6598053
8457,67.82579041,30.61861229,17.54332924,8.277947426,3.878203869,3903.467623,3,26249.70773,18.99537468,6.624181271,4,68.96248627
8458,82.76153564,31.36530113,19.49033546,8.471881866,5.132045746,1478.178832,3,24023.28139,20.3991394,6.985984802,4,234.5277405
8459,101.8857346,31.59863091,18.69579315,9.468400955,4.642520428,964.0334822,3,23383.98908,19.71362495,7.130088329,4,201.5519409
8460,84.35359192,34.90270615,18.61882782,7.040512562,4.060491085,350.9365283,3,4620.754569,14.75086594,6.537433147,2,227.2906036
8461,38.53295135,32.18194199,18.63031197,6.486137867,4.079982758,2195.234806,3,1744.277334,14.25397968,6.410089493,2,258.4078369
8462,26.85738945,33.46100235,19.47283745,5.438951015,2.932393789,4292.558563,3,19665.80537,9.821536064,4.781563759,4,88.94147491
8463,101.3705063,39.7425499,19.24696159,12.42796707,7.187302589,1419.402202,3,19331.12684,22.44422913,11.11279106,4,137.2741394
8464,122.2227936,30.27923775,17.53365517,11.87274265,6.190947533,2006.772147,3,10212.7992,34.23083878,8.744041443,4,228.333847
8465,59.01669693,32.43019104,18.03141022,6.245560646,3.293269157,1562.771652,3,6432.221159,13.80729485,5.797880173,2,92.08325195
8466,154.7875824,28.70217514,16.60767555,9.262177467,5.562464237,2428.183466,1,9964.60441,27.36078453,8.880861282,4,269.6484985
8467,54.09923935,27.55213737,13.23224449,6.414333344,3.929903507,6530.055787,3,11031.85274,18.23822021,8.253120422,4,191.3545532
8468,190.6477203,30.2312355,18.34000206,10.46360397,5.940901756,1816.47639,3,5817.296157,27.36080742,8.982946396,4,185.6594849
8469,56.47618103,39.4906044,22.00082397,8.03567028,5.022511005,1151.439934,3,33120.01772,18.8289547,8.461668015,4,278.5066528
8470,74.09244537,27.39814377,18.10012245,10.01847553,5.654457569,2556.688703,3,148.8401428,27.20284081,8.099871635,4,172.0666351
8471,91.84268951,23.73183823,16.53839111,7.700103283,4.535506248,2576.75082,3,22781.23557,22.99944496,9.39558506,4,239.0362396
8472,82.91249084,41.06841278,22.95127296,7.565582752,3.828826427,2992.721099,3,27442.62927,15.75788498,7.019478798,4,277.4864502
8473,72.77849579,36.31827164,18.99646378,13.49769211,6.990773201,125.8363243,3,20872.69578,27.59235954,10.71846104,4,157.7484131
8474,122.4227295,28.51491547,17.82723808,10.22818661,6.14345789,1068.457001,3,11028.45937,31.95167732,7.975581169,4,142.7651672
8475,117.0309677,24.86501694,17.49977112,9.958818436,6.123885155,1092.37504,3,10816.93187,30.13315201,8.26441288,4,294.9898376
8476,60.81705475,35.11896896,18.5455265,6.14616251,3.424906492,1526.392665,3,3667.920325,14.25015068,6.442702293,2,124.4910126
8477,146.2035522,20.51806068,12.46617985,7.866681576,4.832946777,4304.179012,3,13052.04366,25.6532917,7.854569912,4,104.4207764
8478,155.95401,29.93292427,17.9970932,10.11992836,4.967073441,4341.451827,3,7723.995002,26.04749107,8.663137436,4,196.0258636
8479,108.0413742,27.68681335,15.82998371,9.117993355,5.287660599,5123.464889,3,8169.869974,25.82009506,7.943739414,4,223.5333557
8480,89.87019348,23.88447952,13.71073341,7.528650284,4.25856638,2468.918107,1,5482.023906,24.96390533,7.319664478,4,84.35945129
8481,31.1927166,24.50791168,11.48020554,10.57423687,5.031589985,3003.256024,3,395.7848702,27.70567131,7.465045929,4,162.9509583
8482,65.01660919,29.60025597,15.79385185,5.593037605,3.231048822,1632.341862,3,1043.621216,17.13596535,4.871418953,4,249.6235657
8483,148.7499542,28.30202293,17.10035133,7.171496391,4.263483524,4452.110238,3,27370.68874,17.81711006,5.430641651,4,113.8223419
8484,27.9899025,39.16409683,19.54828644,8.075465202,4.568310261,2954.977708,3,2292.478693,20.31413078,5.040201187,2,256.184967
8485,223.4865265,28.80763817,18.36515617,7.973059177,4.740503788,3445.397557,3,3160.297207,21.10757256,7.309714317,2,228.0127869
8486,93.75608063,25.06031609,20.27762032,7.369485855,4.546184063,3009.167901,3,4075.00265,31.00013542,5.374289036,2,281.5466919
8487,49.02378464,28.09154701,12.05609322,11.42333984,6.309923172,890.4793834,3,15655.24084,27.24877357,10.74160862,4,61.46001434
8488,11.68498802,25.97835159,15.97390079,4.297746181,2.255540371,814.1145897,3,16214.55963,9.096513748,2.565487146,4,311.6335449
8489,6.566513538,25.76644325,12.55434036,3.043601036,1.771904826,977.2273776,3,16061.07694,6.774580002,2.248814583,4,310.4260864
8490,118.2351227,26.35340881,15.46980095,7.603657722,4.612181187,5683.622447,3,11960.10196,20.88574219,8.799265862,4,175.5237579
8491,122.4849625,25.28205299,18.17048264,6.879594326,3.979606867,6892.464341,3,10967.69568,23.74200439,7.366004944,4,287.9485474
8492,61.46540833,29.92726326,16.82031822,7.970173836,4.815387726,3075.788106,3,28538.30594,15.73928261,7.781806469,4,194.5889282
8493,128.100769,40.59751511,27.02984619,8.211691856,4.377527237,875.306415,3,13137.08525,28.55866623,7.026785374,5,54.17072296
8494,39.00187683,25.5544548,18.51150322,9.47736454,6.671323299,2714.244329,3,2482.238457,23.79321861,7.972635746,2,112.3438873
8495,56.92530441,44.42589951,24.4490242,7.894343376,4.546085835,2427.278516,3,1900.218313,15.99096298,6.499028683,2,280.8403015
8496,56.77994537,36.78900909,20.01183319,9.967175484,5.990174294,546.9677686,3,243.8013978,20.33068466,7.81430006,2,86.90368652
8497,186.115921,26.66888046,16.82174683,6.927381039,3.9993999,3636.033834,3,3088.215966,20.14498138,8.77871418,2,228.691391
8498,99.52097321,26.59678841,18.9565239,6.561861515,4.215865612,1462.068473,3,5410.204434,19.17676926,10.92663574,4,77.73522949
8499,141.602417,29.07250023,18.19524002,10.90796947,6.39300108,1138.28206,1,8845.844357,35.66623306,8.650677681,4,209.1974792
8500,21.22663498,39.02169037,25.85427094,6.664997578,3.374569654,758.5538847,3,15771.91985,13.42721558,7.399962902,4,50.06890106
8501,191.6257477,28.65454483,16.06766129,10.16760826,5.807860851,1560.178783,3,14991.50389,30.10210037,9.943218231,4,95.37980652
8502,141.7901459,40.03338242,27.42884827,10.88473415,6.344978333,1143.999105,3,5973.051085,26.58036804,10.4272337,4,45
8503,91.40647888,23.30875587,14.45804787,5.432828903,2.956295729,507.8785739,3,6493.094349,18.29566765,7.099175453,4,56.11304092
8504,24.70716095,43.4465332,21.41692924,9.421120644,3.931267262,667.8777367,3,6688.546726,18.38528442,8.242127419,4,50.51239014
8505,100.1503677,52.99840164,27.58900452,8.556515694,4.606039524,2166.660822,3,8814.639013,19.52864838,8.640869141,4,53.55719376
8506,54.02733231,60.671978,22.89083862,9.222838402,5.944737434,2013.443937,3,24428.17167,16.06884956,9.59075737,4,53.84181595
8507,81.72520447,31.35969353,19.08879662,8.206503868,4.561243534,2165.659407,3,3133.909265,20.22402382,8.817505836,2,155.5968018
8508,4.120630264,33.34627914,17.08117294,7.021138191,4.138683796,138.1802189,3,16955.31544,6.447953224,4.979476452,4,172.8749847
8509,32.72442627,32.61187744,19.31480026,9.041755676,4.779427528,248.7238854,3,17222.90655,17.48607826,9.23156929,4,198.4349518
8510,82.60183716,21.85519028,19.14248657,7.812773228,4.930579185,3465.194788,3,25870.78908,25.63692284,7.394217014,4,290.5775146
8511,23.57538033,36.31410217,23.2943306,8.194419861,4.910204411,149.1000594,3,20646.39955,14.0688343,5.918001652,4,42.61405563
8512,59.46846771,36.10959625,17.54067612,9.042899132,5.629980564,487.2734715,3,20315.15208,23.59412575,6.964353561,4,212.151001
8513,71.07640839,27.80758667,17.76172066,9.035839081,5.39756012,2195.906082,3,9217.229012,23.98579597,9.162269592,4,107.9873352
8514,56.19259262,39.63803864,18.70240593,8.557527542,4.457996845,2096.855033,3,1880.373708,16.43173599,6.412201405,2,161.8302917
8515,65.22865295,32.47325516,17.02896309,6.844737053,3.559996128,692.5598363,3,171.2529176,16.61561584,5.285843372,2,234.0648804
8516,205.8375549,21.6934967,15.5706625,6.453837395,4.452236176,3539.460003,3,3454.497862,25.07056046,8.538479805,2,266.1120911
8517,224.529007,26.18444061,15.00289917,7.544170856,3.897866488,2112.308739,3,15008.58394,22.42941475,8.102259636,4,238.3602142
8518,26.94457245,35.09398651,20.11488342,5.249401093,2.929212093,7077.346328,3,9509.683836,13.5101881,5.178460121,4,286.4982605
8519,113.801239,21.01456261,14.53939915,5.869457722,4.048791885,6337.52757,3,9247.492528,18.69296455,8.504912376,4,87.77140808
8520,107.6012955,33.07582092,17.62717247,8.763266563,4.579776287,5467.236338,3,8387.519123,23.42220116,6.896519661,4,122.2129364
8521,79.83935547,28.25257492,19.96306992,9.448363304,6.139498234,3217.767959,3,693.3095274,30.95344353,8.833359718,4,217.2129822
8522,107.8655319,35.21437454,21.76190948,10.11148453,6.639388561,1357.46859,3,19369.52662,19.1638031,9.104119301,4,265.7321167
8523,142.4438782,28.54380035,12.28936958,8.324257851,4.410200596,593.0267472,3,11608.03366,30.53837776,9.773677826,4,230.9061432
8524,62.76626587,37.59892654,24.51927376,11.25804996,6.029500008,962.9323794,1,15517.22424,26.8025856,9.952425003,4,293.678894
8525,137.5083008,33.4533844,18.52393532,9.703725815,5.731268883,544.1726169,3,17858.68591,23.32483101,9.506546021,4,164.5763245
8526,64.18338776,42.13776779,24.91281128,11.66040134,6.745211124,2228.430442,3,173.6434027,26.88024902,9.061893463,4,321.1435547
8527,75.55354309,51.78806686,27.63092995,8.980787277,4.811872482,1583.090924,3,325.4571105,19.63567162,6.595168114,4,45.65097809
8528,70.81723785,29.17574883,20.86100769,6.46923399,3.943092585,1309.188031,3,808.2787524,18.76974487,5.166031837,4,299.6367798
8529,60.52922058,35.99236679,22.92420959,6.527370453,3.738829374,563.7141739,3,1757.799427,15.29467964,6.323435783,4,79.50852203
8530,75.40097046,45.53762054,27.31219292,8.292439461,4.729146481,1226.771707,3,6776.349987,19.58266449,9.147445679,4,43.91907501
8531,57.7293396,35.1110611,22.22021675,7.064445496,4.122748375,1154.5036,3,7119.002912,15.27067566,5.63915205,4,242.8146667
8532,60.20360947,26.25027466,16.07129097,5.719216824,3.318968534,4055.83558,3,20125.18822,14.70436573,7.453429699,4,248.6293793
8533,58.72546768,29.94105721,16.40211868,5.997462749,3.712850332,3258.777259,3,21024.81403,12.94680977,6.451524734,4,172.0928345
8534,41.13386154,25.008461,14.68176556,7.879722595,3.491492271,3775.79669,3,26303.10701,18.62076569,5.029130459,4,120.2707062
8535,100.3405685,43.61013794,29.13704681,6.499851704,3.510528564,2769.798532,3,26402.92086,18.22364044,5.005331993,4,31.55138397
8536,17.23661995,44.04315567,25.45237923,9.24570179,6.06731081,7.63097189,3,16842.06805,12.4299078,9.111777306,4,334.4954834
8537,30.29772186,45.08185959,27.46333313,15.19801331,7.520885468,67.36854404,2,17003.53001,25.86816025,11.6677599,4,37.7217865
8538,164.9379272,36.98016739,25.05238724,8.405361176,5.282981396,746.792402,1,17877.02443,24.02741432,11.30649471,4,47.2457428
8539,135.6489868,32.3611145,20.50258446,7.98829937,5.36783886,511.9724304,3,16756.25207,19.93973351,10.14540482,4,265.7108459
8540,43.432827,64.04827118,21.68745995,9.053650856,5.421230316,950.7834568,3,16184.65373,16.44815445,8.647753716,4,45
8541,11.98466682,40.22140121,25.66809082,6.301448345,2.91749835,1097.696853,3,15979.81754,11.66798592,4.242393017,4,313.4647827
8542,57.21882629,33.24036407,19.22433853,9.980223656,5.565594673,1154.308144,3,2855.451328,16.90235138,7.522408009,4,171.1387634
8543,84.22003174,29.48789215,17.13237572,9.567705154,5.183355808,1978.50921,3,2079.077611,24.69190598,7.647528172,4,206.3010254
8544,116.4838943,54.3333931,29.77562904,9.973944664,6.522443771,3300.846392,1,1016.58477,32.39136505,7.984199524,4,29.35775375
8545,139.5276337,23.92677116,13.65029144,9.624677658,6.64228344,1003.733279,8,5950.863246,27.40562248,9.975625992,4,88.69111633
8546,80.83835602,25.72519302,18.16670609,5.610883236,3.37482357,5108.187988,3,28608.95665,13.29094315,5.866235733,4,246.6147766
8547,86.13034058,36.78583908,18.60206223,10.80244541,6.224553108,198.7901224,3,21601.40595,21.43939781,9.622608185,4,141.2034454
8548,116.0665131,39.00590897,19.68181229,12.66437531,7.634539127,1355.021439,3,19303.82735,20.99920273,11.54320908,4,149.7110901
8549,180.3480988,28.19046402,17.34944344,8.734102249,4.772861481,1070.695951,3,13297.87263,27.03608131,8.403067589,5,100.8714523
8550,47.39162064,43.14081192,23.43987274,7.376875401,5.174981117,32.90164989,3,12180.605,14.99207973,11.8565836,4,104.2372818
8551,71.06620789,36.67940903,17.27115822,8.132442474,4.425498009,988.4453571,3,527.5158382,17.40764427,6.430692673,2,156.6559906
8552,35.56612015,27.88147926,16.29959869,3.745775461,2.198686123,1102.934204,3,16013.71706,9.457305908,3.970011473,4,288.4349365
8553,117.4332199,38.26850891,28.01834297,7.678593159,4.295063972,2942.290108,3,26742.79089,20.64779472,6.683371544,4,324.4623108
8554,105.927887,28.64341354,16.81054497,8.85334301,4.897507668,3589.901347,3,26912.20446,22.43688011,7.886516571,4,100.1317825
8555,75.75505066,36.83628082,18.22140503,9.47587204,5.779214382,3306.236306,3,16943.092,19.31826591,8.47414875,4,123.4078217
8556,157.3719788,20.44621086,16.36490822,6.002890587,4.168324471,3364.743232,3,16024.83375,21.36785698,7.0715065,4,277.0012817
8557,99.49060822,24.1375103,17.06529617,10.14023495,7.133192539,419.689314,3,11724.71009,30.81203651,12.75008106,4,229.921814
8558,140.6847229,29.13647652,16.10614586,10.53045464,6.010648727,1462.85228,3,10260.53631,30.04514313,8.146409035,4,166.7989197
8559,68.81204987,32.78894424,20.48462296,9.368717194,6.072978973,82.96950357,3,18317.44458,19.65819931,11.71208572,4,200.2248535
8560,114.2539139,37.53194809,26.70505905,9.941997528,5.939073086,1575.486118,3,6312.172707,23.98978043,10.75178623,4,284.0362549
8561,65.24169159,26.59272003,16.60276222,5.56360817,3.23548913,3684.810431,3,20070.50549,15.20236588,6.807137489,4,255.3337708
8562,59.89692307,29.2111969,16.73634338,7.654153347,4.33130455,3289.42125,3,20393.69245,16.81459618,8.233776093,4,173.6598053
8563,39.75623322,31.76957512,18.08414268,4.47145319,2.934798002,2913.301549,3,32135.49675,9.114282608,5.110475063,4,90
8564,20.58791351,33.09037399,18.5498867,4.209863186,1.896301746,5162.627908,3,29827.76778,8.806003571,3.954144716,4,218.1572266
8565,102.9387665,50.507061,28.80605507,8.5229702,5.179394245,5568.894439,3,29376.42998,19.83774757,9.085290909,4,32.27564621
8566,42.58708572,39.98250961,23.633955,12.3832283,7.294495106,31.22007209,3,12170.42231,17.97120857,12.73906136,4,39.67157745
8567,68.89299011,31.76832581,19.90235329,9.34519577,5.371142864,2501.204653,3,2890.481258,20.70592499,9.074269295,2,295.0962524
8568,63.69989014,56.45855331,27.12358665,9.247314453,6.206101418,1957.655877,1,2392.584194,24.14298248,6.873847961,4,326.9091797
8569,99.1402359,31.09558678,17.63282013,9.348308563,5.18888998,2069.816456,3,4438.187538,19.65864944,10.17355728,4,143.592392
8570,6.362546444,58.22438431,23.23394775,5.530880928,1.782196283,2019.566663,3,23910.90429,7.978319645,3.243083477,4,45
8571,124.9649734,23.0181427,16.7605114,8.398607254,5.390100479,1381.429296,3,23922.98155,20.60274315,9.345879555,4,170.5887451
8572,38.81014633,33.89930344,24.36911201,10.31575203,6.059380054,32.33413606,2,17006.99074,23.92705536,7.364067554,4,49.7216568
8573,73.54943848,33.34357452,17.65579414,8.364127159,4.700961113,580.4026577,3,17924.09678,19.3695488,7.583295822,4,167.6340027
8574,146.9231567,22.88690186,11.96764278,7.541370869,4.435070038,4421.488417,3,13148.34458,21.40724182,8.556631088,4,122.6882172
8575,114.342804,28.14209938,20.80879402,8.449337006,4.977399349,1415.644408,3,6078.390903,26.27428055,8.487589836,4,60.45914078
8576,51.57392502,35.38300705,21.04449654,11.00978756,5.368268013,212.7981783,3,12684.1509,20.07752037,8.219072342,2,74.74488068
8577,94.93009186,31.32600212,23.65187454,7.655001163,4.587366581,2613.302164,3,26057.78849,21.30029106,7.041910172,4,274.1849365
8578,77.24913788,58.59799576,26.0160408,7.755692959,4.306918621,366.4367029,3,21158.96382,15.65904713,5.973948956,4,35.53767776
8579,21.44347191,32.82579041,17.28486443,8.736377716,5.134243488,423.2378412,3,20368.59867,20.6578846,6.26488018,4,212.3806763
8580,196.4953156,40.60628891,26.92540359,9.16343689,5.082966805,1044.272609,3,13247.89428,26.20951843,8.49606514,5,34.31508636
8581,145.601181,30.24724388,16.6503849,10.74753094,5.809858322,2929.731986,1,10182.631,26.71132278,8.712770462,4,192.2359924
8582,159.5395355,37.18272018,22.96750832,9.386246681,5.584247589,1543.552255,1,14965.06297,30.31436348,7.908677578,4,64.23067474
8583,93.23189545,33.38706207,22.25261879,9.058543205,5.596157551,1212.650394,3,15250.1238,25.15727806,8.384140015,4,87.39743805
8584,24.67819786,33.06270981,21.92838097,10.52047157,6.197584152,2885.674794,3,508.1966762,20.27303314,9.295544624,4,192.8042603
8585,89.76153564,30.50802994,16.5848484,6.925854683,4.042261124,904.7545518,3,31015.22076,18.38825035,7.046561241,4,214.8244934
8586,95.64516449,30.30061531,19.18267632,7.19703722,4.412580967,12.06304656,3,31885.42999,18.76599693,8.25983429,4,55.00798035
8587,99.82155609,33.09973145,18.83913803,10.01979828,5.826461315,878.6366452,3,19880.43012,21.94750404,8.865172386,4,234.462326
8588,59.17382431,31.97340202,16.92913628,7.961014271,5.008971214,2076.676463,3,8863.692925,17.80398178,8.93300724,4,174.3517456
8589,29.37703133,40.24328613,21.70273781,5.859430313,4.443544388,272.3823231,3,17473.73249,9.669218063,7.089702606,4,97.88314056
8590,170.0428619,38.13769913,26.80901527,8.82369709,5.06495285,3023.550019,1,1905.941251,24.35048103,7.171627045,4,320.9702759
8591,153.734436,35.33859253,17.93285942,11.20629311,7.453414917,3064.65842,1,1716.484021,29.43923187,10.3430748,4,251.4760742
8592,123.1148148,37.54209137,27.36741257,9.358147621,5.595320702,3077.57781,1,1488.215293,29.5745163,8.236918449,4,324.282959
8593,111.7674637,45.43627548,29.01155663,9.809022903,5.332323551,2127.994608,1,270.3406175,26.77783394,8.211746216,4,33.91743088
8594,129.2040253,26.39067459,16.86625481,7.973369122,4.904275894,1934.665033,3,4886.037748,23.1007061,10.85200214,4,199.9831085
8595,71.4773941,38.26710129,26.73296928,9.127269745,4.886709213,858.3858096,3,7604.452325,21.66995811,8.860868454,4,66.4203186
8596,98.5426178,29.87603569,20.19424629,8.212813377,4.353265285,2020.521564,3,8325.565203,22.31185722,8.984423637,4,263.3504028
8597,84.35342407,30.79304886,18.44039154,7.934164047,4.04703474,5081.487025,3,18674.24218,15.81554985,6.340185642,4,181.9749451
8598,67.57524872,33.36321259,18.98312187,10.24372482,5.773421764,2002.506251,3,32739.69528,23.03157043,9.090913773,4,177.8943787
8599,92.60999298,24.23384857,15.9863224,7.393809795,4.158548355,4251.327365,3,30759.37989,18.6760788,9.786647797,4,160.924408
8600,92.72686005,29.71721077,20.788908,8.027860641,4.743187904,39.55075773,3,20803.28858,18.33111572,7.351089001,4,59.74356079
8601,105.3684692,25.92287827,19.08250809,7.596097469,4.483894825,1384.889794,3,18994.76091,20.17796707,6.379478931,4,267.510437
8602,230.9820404,29.27542686,19.58369446,10.39519024,6.25605917,1461.291474,3,15531.69253,33.49808121,9.213429451,4,75.93182373
8603,235.3287048,37.60401535,27.79118347,10.73478985,6.233602524,1497.219451,1,15736.04175,31.82597542,10.11469936,4,318.8622742
8604,84.62689209,28.63957977,17.33791351,8.319811821,5.36982584,989.5088299,3,12139.86431,20.70968437,8.258020401,2,216.8699036
8605,42.31977844,33.1763916,18.39986038,7.317224503,4.62421751,2667.478764,3,21809.84291,15.76138496,8.50717926,4,200.157608
8606,98.08100128,48.69111252,27.37922668,9.021951675,4.688492298,5206.297555,3,29970.83314,21.47857285,8.668345451,4,308.65979
8607,109.0936432,28.68895721,21.09351349,7.602570534,4.446665287,4656.957826,3,30625.17539,20.69474983,8.787446022,4,302.5740356
8608,106.0268555,31.75608253,21.55629921,9.215551376,5.868251324,1441.843915,3,19179.56783,20.75855637,7.498164177,4,266.6335449
8609,76.53062439,40.35786438,24.90829659,7.310171604,4.083047867,2845.173768,3,17129.6618,17.16622353,6.197391987,4,60.59281158
8610,108.0353241,31.6758728,21.94689369,9.492660522,5.398828983,2011.795482,3,6599.618897,22.4871273,9.827610016,4,92.93563843
8611,87.8188324,21.80675316,15.53591633,5.144597054,3.114140034,608.4634411,3,13211.67578,16.33938408,6.767137527,5,265.8276978
8612,140.5077667,27.50011635,21.8853817,7.291900635,3.822095871,2752.07742,3,14979.88956,25.95683861,7.885424137,5,37.04691696
8613,108.9476547,46.21281052,29.63244438,12.93715954,7.568445206,138.2554317,1,17323.4668,33.09461212,12.11610603,4,327.8042603
8614,103.685463,32.09937286,13.7934227,8.29466629,4.290026665,1926.232115,3,15233.91688,24.56177711,6.957967281,4,288.4349365
8615,161.8473663,28.66257095,21.2057991,7.409193516,4.682023525,2205.639674,3,9478.253613,21.78928947,8.914795876,4,78.69006348
8616,100.0732269,22.23823357,16.51146317,7.515092373,4.823173046,1274.617787,3,23374.61804,19.82005692,7.500495434,4,192.0613098
8617,59.70597076,28.65793991,17.22304726,6.274901867,3.661882401,3401.116353,3,28250.43251,13.81287289,5.963502407,4,76.32868958
8618,138.0363159,49.51320267,27.73165703,8.816917419,4.774355412,1626.800068,3,13931.26657,23.69349098,6.552134991,5,39.05250549
8619,120.0561905,28.1836853,22.68579483,7.711330414,4.844216824,2261.987654,3,14476.14159,22.26643944,8.028690338,5,271.0147095
8620,189.0721436,20.77373505,13.33047581,7.289065361,3.751025915,4049.209873,3,13591.58627,23.56177902,8.098637581,4,154.440033
8621,47.69892502,24.86198616,12.91531181,5.520752907,4.053218365,5321.384387,3,12197.1813,18.05419922,4.747320175,4,246.1940613
8622,123.4783554,29.47660637,21.08072853,9.008577347,5.026303768,1818.40377,3,24.01258839,24.64933395,7.432898998,4,270
8623,109.4430923,27.68983841,16.12405968,6.51172924,3.894513369,1234.72151,3,23144.79668,18.14544868,6.864160061,4,152.8188934
8624,96.14800262,28.65280151,19.17201042,9.57311821,6.148552895,2895.847089,3,15181.81873,25.38002777,9.056725502,5,66.45579529
8625,44.96682358,33.8922081,10.41262436,16.07134628,7.392915726,70.00038356,3,12273.52604,35.85090637,9.742704391,4,40.34879684
8626,130.3923035,30.58930206,16.91962242,10.33996201,6.143021107,804.235666,3,12996.02567,26.47138786,8.630368233,5,95.50041199
8627,197.1324921,41.19930649,28.2616787,8.768705368,4.947144985,975.8395721,3,13153.26306,25.44201279,7.544819832,5,39.55966949
8628,14.75957394,27.79056549,14.92844677,5.235692024,2.357887745,2392.989222,3,8544.07712,14.21695232,3.732550859,4,151.7788239
8629,135.4591522,23.11983299,12.3990593,7.976898193,4.48974371,3820.186819,3,13877.73967,26.40286255,6.400040627,4,132.2472534
8630,41.85319138,34.84244156,16.73803139,7.525190353,4.375226498,4956.807426,3,12713.37286,15.7545042,6.586475372,4,247.7509766
8631,56.49980545,30.69739914,17.95586586,12.48194981,8.30218792,2781.685991,1,528.1978321,32.79132462,9.974925995,4,315.6902771
8632,140.1031342,34.40283966,18.76862717,7.003850937,4.059961319,1029.012088,3,2728.83953,14.9552536,8.857301712,4,190.1755066
8633,195.977478,25.50020409,21.12761879,9.118964195,6.521561623,4063.976193,3,16551.23943,27.60162354,9.968701363,4,54.25935745
8634,125.3659363,30.76794815,20.76382637,7.372208118,4.185369492,4140.627892,3,27331.85402,19.13855362,6.290776253,4,36.79700089
8635,87.99616241,50.31851196,23.41879654,7.85717535,4.821259499,305.1995035,3,4772.851166,13.4405632,7.519085407,2,296.5650635
8636,71.68863678,34.54817581,17.06449127,6.916993618,3.904093027,3046.089713,3,2546.891648,16.32781601,6.394055843,2,297.2182007
8637,241.7232056,30.41062546,20.47370338,10.60277176,6.329985142,1646.831853,3,15840.60578,31.63866425,8.47649765,4,87.06432343
8638,53.0079689,35.5749588,21.19003868,10.1152668,5.356511593,1347.112641,1,2898.688609,24.37671661,8.526110649,4,308.5956421
8639,112.2330322,51.23817062,27.34754372,7.805534363,5.076831341,2149.276434,3,6820.607948,17.64995956,10.7273035,4,291.0357056
8640,145.7063293,44.99435425,29.78834724,8.527882576,5.140711308,2910.102035,3,15167.26223,27.33508873,9.722617149,5,28.67695236
8641,30.14118576,39.63164139,20.41439819,9.014466286,4.209444523,1993.364577,3,1511.024635,16.51436806,6.603712559,2,313.7552185
8642,17.2068615,20.92910194,10.23298645,3.936156273,1.982864618,1404.680131,3,15799.1396,9.853239059,2.269769907,4,286.6992493
8643,52.29066467,27.44760513,18.29468727,7.886739731,4.647149563,7.43942192,3,12660.44266,17.41936111,8.025177956,2,106.9591675
8644,74.73485565,28.99975204,18.85167885,8.665703773,4.701943398,735.7136486,3,24352.92747,18.12379265,7.670451641,4,180.5072937
8645,4.797254086,47.71696472,19.59157372,2.9392066,2.024343967,1199.84991,3,6113.226798,3.572390079,2.062821388,2,243.4349518
8646,123.5510788,25.12298393,16.36097717,10.3860445,6.60980463,3037.514122,1,14299.08691,33.99342346,7.916145325,4,303.1437378
8647,145.9256287,21.91879272,12.81530285,7.929599285,4.491672993,3138.624845,3,14406.1408,24.82933235,5.778449059,4,195.9454041
8648,294.1738281,29.1284523,17.02501869,9.006350517,5.413777828,5398.448649,3,12823.94177,23.75850677,8.925904274,4,166.2637329
8649,136.1747894,27.08034897,17.96327019,8.491576195,5.209044456,1216.716876,3,5031.480151,26.02521515,7.85999918,4,56.76828766
8650,53.3171196,29.51600456,19.73382759,8.680342674,5.759890556,773.0768308,3,3300.840275,21.34515381,7.804572582,4,195.4048462
8651,82.65299225,39.4470253,26.59291649,10.0294466,5.716164589,746.194422,1,3590.467802,24.40219879,8.665287971,4,323.701355
8652,121.5252609,37.12236023,28.38389397,9.323883057,5.700620651,2635.945303,1,964.208669,30.54174232,9.050588608,4,50.99697876
8653,100.5163651,24.51381683,14.17976761,7.277618408,3.928233147,1927.14019,3,5014.763512,23.03504181,6.191644192,4,250.4711914
8654,57.55531693,41.70746231,24.29193497,7.030711174,3.721373081,3033.959967,3,27384.37591,14.31940174,7.815054417,4,304.2611084
8655,152.4410553,24.86463547,15.89939022,9.361574173,5.198321342,1208.046321,3,10260.3271,28.57890511,7.313927174,4,267.1133728
8656,14.54418564,24.41830635,9.643118858,4.382538795,1.830740094,3028.288707,3,2444.249669,11.50009155,3.572803974,2,285.4023438
8657,124.5637817,34.14777756,16.44608307,9.651201248,5.264363289,3127.909526,1,10146.78741,25.47461891,7.703792572,4,275.5275269
8658,34.58984375,39.27172852,16.62560463,7.889609337,3.735258341,2445.392935,3,21882.23151,13.87948227,5.351562977,4,308.4180603
8659,88.06009674,29.02659416,17.554039,6.653833389,3.846945763,957.0595611,3,23589.58616,17.88287354,5.628156662,4,100.0079803
8660,94.87346649,34.38093185,18.57969666,9.545040131,5.409602165,642.1201195,3,22243.40673,21.3096447,7.743172646,4,93.99091339
8661,6.091563225,38.73588943,18.3049202,4.303936005,1.952958107,2436.833301,3,1926.106313,9.633065224,2.144990683,2,228.9160767
8662,19.35862732,64.04312897,22.29174614,13.25418282,6.791558743,2308.249816,3,1785.740922,18.02780342,9.308556557,2,16.6543045
8663,139.1786499,30.61408234,22.87821007,8.952875137,6.00518322,3867.224587,1,11363.09088,33.14749527,8.023180962,4,64.85521698
8664,125.2751465,27.6934948,16.80761719,9.198453903,5.107888699,3978.993031,3,10629.58021,24.77478027,8.338968277,4,218.2359619
8665,91.63278198,29.05823517,17.30871773,7.61041975,4.475323677,75.94516209,3,4204.002756,20.73322105,6.42022419,4,105.0847931
8666,46.33092117,35.43475342,20.39633942,6.073870182,3.378257513,1627.801153,3,21573.38319,13.36163235,5.365929127,4,97.76516724
8667,8.782874107,48.9818573,16.48642921,6.882956505,3.190980196,1898.144044,3,1433.091756,7.934165955,3.403377056,2,262.3112793
8668,18.63012505,28.26359558,12.00566483,3.69735837,1.806947351,2724.352425,3,2175.651913,7.877538681,2.208345652,2,272.7263184
8669,161.7369537,18.63311768,12.65940571,5.912221909,4.037457943,3401.470892,3,3500.964506,26.16695595,6.756793022,2,242.6018372
8670,228.5139771,39.69307327,27.18950081,9.387494087,5.389591694,2369.015102,1,2760.403071,25.86891747,8.37621212,4,76.74685669
8671,225.5003967,29.07192421,17.33760452,9.826582909,5.507754803,2910.074392,1,2213.59215,29.06067467,8.432360649,4,237.2449493
8672,118.0031204,30.70294952,21.70048714,9.753304482,5.347843647,2334.545951,3,580.7897946,26.13999939,8.143168449,4,278.7606201
8673,5.751550674,40.09812546,15.43672276,2.277231932,1.291431546,2828.358978,3,21267.00706,5.504673004,1.840597034,4,240.9453888
8674,66.82390594,31.34784317,19.23949623,6.215952873,4.018143177,1471.534371,3,22200.36489,14.14095974,5.847026825,4,141.3401947
8675,94.31362152,30.59088898,18.95809937,7.666822433,4.304850101,1319.909963,3,22503.51381,15.81366158,5.950263023,4,217.0928345
8676,92.32331848,24.70486641,17.58309937,8.139712334,4.837943077,2622.966478,3,27060.26657,19.8752594,9.351964951,4,186.9272156
8677,84.05836487,35.4295845,19.98508644,8.693082809,5.039880276,1100.003978,3,18908.06417,16.95022011,7.71979475,4,266.7947998
8678,25.43115807,42.04232407,22.3378582,15.65900612,7.79715395,1554.589176,3,1088.452149,19.59361839,11.17503548,2,111.2092285
8679,163.3134003,25.27767944,15.66543198,5.555448055,3.358897209,3592.673441,3,2841.220931,15.73863888,5.293329239,2,292.619873
8680,10.51665306,37.97438049,15.70360565,4.140075684,2.385796547,2670.564915,3,2107.894859,7.660863876,2.722973824,2,261.8699036
8681,70.85984802,25.46166801,19.48063469,6.076184273,3.797297716,7213.921158,3,9934.845904,17.27022171,5.714877129,4,280.4914551
8682,314.5675964,27.60429382,19.10122871,8.493163109,5.443539143,5799.903406,3,12557.53385,25.54160118,8.676192284,4,287.5255737
8683,32.16695023,30.01568222,16.07824135,7.558431625,3.947081327,72.51326559,3,22273.33108,17.0710125,5.78547287,4,125.8376541
8684,83.50510406,31.82303619,21.98247337,7.580758095,4.259645462,492.7816497,3,22095.65181,20.46998405,7.834983826,4,306.3474731
8685,85.35538483,45.77353668,28.52551079,9.368864059,5.154439449,581.7416845,3,21632.39991,20.96649742,7.787076473,4,326.3099365
8686,111.3443222,35.14827347,18.27961349,10.77028465,5.766216755,1341.699131,3,18869.73438,21.73196793,8.726931572,4,150.3332825
8687,99.32130432,35.62271118,19.84217834,11.96431351,7.211864948,1720.35676,3,18287.54631,23.44618034,9.783102989,4,147.458252
8688,76.07309723,34.19657516,18.08398628,8.70388031,4.87532711,2124.131856,3,6999.578737,19.06331444,6.860426903,2,111.3339844
8689,91.60888672,27.60786629,16.7455883,8.296614647,5.807739735,1716.877524,3,6819.620847,18.97898102,9.633214951,2,80.70669556
8690,13.2422514,42.65579987,20.04898453,3.743689775,2.193895102,1258.570148,3,6311.482791,5.647247314,2.906875849,2,251.5650482
8691,97.21094513,44.99732208,27.2464447,10.82410622,6.10111618,1721.946361,1,15607.86149,27.53354645,9.614323616,4,301.8374329
8692,179.993927,25.35651398,12.83783722,8.694176674,5.293200493,2398.128321,1,14935.21978,29.41608047,11.04576015,4,279.9041748
8693,64.6118927,27.9674263,16.4837513,7.966238499,4.27670145,5197.075938,3,17265.20854,21.67770004,7.086212158,4,234.968338
8694,113.5917435,34.95236206,18.40150833,13.36091423,7.999021053,626.2260026,3,11047.4587,29.83242798,10.56871319,4,184.5840149
8695,67.66161346,27.61470032,17.67697525,8.130888939,4.400509357,2597.897167,3,2924.864711,19.48428345,7.837786674,2,203.4774017
8696,46.9149971,35.0086174,17.98002243,8.643686295,4.565761566,2391.530272,3,2310.442064,18.08322144,7.513241768,2,177.8789063
8697,117.1050262,27.25610161,18.68737602,7.010607719,4.630928993,1284.9984,3,2756.02241,17.25078392,8.359818459,4,267.1375732
8698,106.5341797,26.507864,16.28648758,6.656093121,3.660507679,2006.034567,3,3541.920377,17.99172592,6.596703053,4,246.3339844
8699,52.82655716,44.33668518,26.08789635,5.375274181,3.256970406,2321.489015,3,21055.77592,11.49694633,5.970602989,4,273.6952209
8700,93.31910706,26.73747063,14.18010712,8.833104134,4.714827061,3851.373213,3,27604.30688,22.70449066,6.730172634,4,132.4356537
8701,66.00281525,30.08168602,18.03454399,7.659522057,4.241007328,1816.591316,3,1624.438845,20.39100075,7.041422844,2,234.1652527
8702,49.94525909,28.45883369,18.72599792,7.338842869,4.146204472,1315.573497,3,1562.055985,18.47841835,7.745922089,2,224.3766785
8703,127.7481155,29.1166172,17.77885628,12.1086359,6.662438393,2435.156485,3,14050.78381,32.38028336,8.741157532,4,166.9208679
8704,230.0146332,27.88931465,16.63302612,10.1261673,6.162698269,2013.879377,3,15655.65349,26.60969925,8.695203781,4,159.9217682
8705,94.27082062,45.82713699,26.52436066,7.106991768,4.144617558,1708.001731,3,14233.28482,15.38782883,7.154872894,4,135
8706,68.40872192,27.03115463,18.78527451,6.817595482,3.916355133,4050.960259,3,28539.86155,17.68577003,6.528008938,4,100.2251968
8707,53.67342758,36.44133759,23.23894501,7.764335632,4.412548542,1894.908297,3,8898.818046,16.45169258,6.78107214,4,307.0565186
8708,91.47225952,31.77202988,19.16077423,6.42064476,3.951551437,2798.85413,3,7622.147528,17.93030548,5.739460945,4,72.09555054
8709,129.1174011,29.39361,19.48336792,7.630226135,4.217883587,2414.031199,3,7335.358005,19.94632339,7.106067181,2,48.75172806
8710,46.53749084,28.49537849,18.55884743,5.391964912,3.397800922,1861.000967,3,1360.133338,15.61224079,4.62985754,2,252.0730743
8711,133.5288696,24.27791977,16.72573853,5.042960644,3.177067757,3060.812538,3,2289.29154,14.4205265,5.14125967,2,265.3140869
8712,199.3082733,43.31066513,27.5666275,10.89105797,6.687710285,1324.780805,1,8438.780079,27.27488899,7.360589981,4,316.3019409
8713,125.4059906,32.68048859,19.04947281,10.24803448,5.515068531,2252.579327,1,9521.586649,27.25371552,8.080646515,4,252.8763428
8714,133.6287384,25.35882187,16.38357925,9.279603004,5.562576294,4144.350077,3,16069.37392,26.43192863,8.326011658,4,169.6437225
8715,17.25437164,32.26392365,15.88091373,6.097061634,3.327293158,745.2761222,3,5763.73009,11.41313267,5.609890461,2,253.810791
8716,56.49856567,26.78805542,14.3654995,6.528966427,3.747639418,177.536106,3,12096.47583,18.11402321,8.032847404,2,219.95755
8717,67.63237,36.58010864,22.1710453,8.036991119,4.863976479,1278.782426,3,594.0890724,17.27239227,6.766274929,2,300.9637451
8718,118.8212357,44.56580734,25.09558296,8.110677719,4.934130192,2643.242071,3,1863.970009,16.739254,6.734404087,2,277.3057556
8719,196.2633514,26.7468586,17.25659943,7.754451752,5.722906113,3333.345594,3,3526.799982,20.83824348,10.04228115,2,201.3076324
8720,94.81912994,33.12566376,20.53819466,9.433530807,6.406903267,2231.082324,3,4715.654285,21.56729507,10.29793072,4,71.56504822
8721,50.54138947,34.51517868,21.27622604,9.199447632,4.341825485,2128.84018,3,4742.000551,18.36159325,8.13332653,4,154.5158691
8722,125.990654,27.0421772,15.68103695,10.82938004,6.102933884,1922.747967,3,14542.02235,32.32073212,9.400839806,4,127.6942444
8723,98.58399963,28.57163811,21.43418884,10.77287197,6.705474377,90.43715593,3,12186.97205,25.23449516,12.72627068,4,63.21709442
8724,19.09133911,40.4498558,17.02084541,15.93444538,8.336614609,268.7763497,3,11699.30107,18.90563202,10.40916443,4,208.4126587
8725,10.91181564,55.50579834,25.51825333,5.043142319,2.949097395,141.012319,3,11802.25181,10.10995197,3.952065229,4,32.30780411
8726,9.636504173,69.51246643,17.58575821,4.949763298,1.746682763,2867.715829,3,20456.46428,7.076448441,2.268125534,4,24.22774506
8727,93.66797638,24.89425278,15.25797844,10.07838154,5.64406395,461.1492577,3,11334.82108,28.01726341,10.88513756,4,221.4292297
8728,88.30621338,32.49240875,16.48273849,7.473408222,4.592149258,160.56656,3,5311.985334,16.53811264,8.620905876,2,226.9626617
8729,88.46242523,31.90223694,18.59296227,7.936489105,5.317044258,475.1171446,3,4880.309654,17.43623924,9.984604836,2,191.9975739
8730,141.3894501,22.03734207,13.97453976,6.740001678,4.357849121,6139.8652,3,11855.34968,21.83397484,8.564804077,4,292.9637756
8731,93.80016327,27.79530525,18.7426281,7.106852531,4.492961884,1866.412199,3,11160.06204,18.98323822,7.702197075,4,97.46954346
8732,130.8666534,32.49340057,18.37129021,11.76108742,5.886126041,1060.41933,3,10008.48372,30.27780151,9.935269356,4,140.0240784
8733,152.404892,34.67593765,17.82624435,9.923037529,5.364141941,1592.721281,3,8992.334785,25.84906387,8.929931641,4,142.7651672
8734,215.5545807,39.33863449,26.64244843,10.34068775,6.452622414,1908.596671,1,15977.32369,30.96378136,9.316870689,4,263.9500122
8735,37.09445572,39.09916687,18.83044434,7.902705669,4.366453648,747.0673607,3,11606.59897,13.61451912,6.383450508,2,166.759491
8736,37.70713806,43.10400391,20.75355339,9.443353653,4.890454292,595.0033552,3,11393.68076,16.46437645,7.369920731,4,45
8737,165.0801392,47.82556152,28.93227005,10.29603958,5.601034164,1772.986193,1,14810.5957,32.00294113,9.13567543,4,88.26429749
8738,49.83496094,32.75111008,16.32066536,7.746911049,3.770004988,4962.839354,3,16967.16593,18.9653759,6.35180521,4,142.2750092
8739,75.97536469,31.91522408,18.34898567,5.194987774,2.685261011,1228.486772,3,22667.02527,13.2065115,5.068185806,4,162.5119934
8740,168.8249054,31.11896133,22.4115715,8.444848061,5.186567307,1549.093858,1,15085.75079,28.77512932,7.617380142,4,292.7375488
8741,138.1366577,25.06830978,17.69217682,7.940736771,4.912546158,2280.970764,3,5084.339675,23.42524719,8.088378906,4,208.0091858
8742,87.04454041,28.52852821,19.11295319,6.185916901,4.228830814,1673.949029,3,13813.70377,15.90130138,7.484762192,5,237.3019257
8743,73.9667511,36.47632599,19.30852127,6.481241226,3.4876194,3828.061169,3,19228.71471,13.27425766,6.679468632,4,72.85923004
8744,15.73067284,42.25912476,21.46761703,10.14581394,10.93631077,345.6314225,3,32335.34453,10.82112598,11.61328411,4,81.57507324
8745,56.26948166,31.67412567,14.55177975,7.563866138,5.077497482,742.7351913,3,32728.6432,18.64746666,9.984138489,4,231.1701813
8746,14.57935143,53.64122772,21.78862953,7.059894085,3.581294775,2562.875167,3,8096.261202,10.68555164,5.091078281,4,68.02548981
8747,60.55001068,25.78924179,16.85838127,6.046009541,3.870293379,625.5588266,3,793.2008613,16.49888611,5.657021046,4,119.5268631
8748,5.42333889,49.2483139,17.31979561,4.179224491,2.33253932,301.5977092,3,12641.34319,5.130978584,2.581228495,2,228.0127869
8749,89.58935547,49.69324493,27.97742271,6.229575634,3.583904266,2654.144971,3,19839.31318,15.02275753,5.648505688,4,302.1131592
8750,67.14185333,26.7881012,17.14468384,8.421664238,4.650605202,4062.366374,3,18430.04601,21.06177139,7.262037754,4,183.5399323
8751,69.41027832,34.46474457,24.5359745,7.961622238,4.738012791,3043.653942,3,19313.28816,19.45640945,8.761644363,4,302.6609192
8752,85.13010406,33.77955246,17.6948719,8.45313549,4.923012257,61.71873763,3,31895.02815,18.65945244,8.760608673,4,111.3105621
8753,31.74069977,36.01646042,15.42504692,4.878483772,2.627263069,3268.001187,3,31727.99137,7.687934399,3.805325985,4,194.0362549
8754,91.35652924,31.93110847,25.11763191,7.530647755,4.375235081,2515.976608,3,27404.35207,18.62342453,7.267301083,4,288.4349365
8755,58.1814003,34.08998871,16.48764992,9.728928566,5.54224062,93.64655852,3,22956.8511,19.39027023,7.67377758,4,129.2893982
8756,117.8967514,36.10092163,17.77432823,12.02072239,6.453652859,2681.778687,1,13816.44265,30.70299149,9.652143478,4,77.90524292
8757,23.7521286,30.22076797,8.997946739,10.72786999,4.128447056,3228.898593,3,14315.46243,27.49616814,5.845900059,4,184.9005737
8758,51.37348938,29.34990883,17.10547256,9.294365883,4.785789967,39.74399881,3,12299.97379,20.87030983,9.670576096,2,156.0534973
8759,114.7402573,24.83308983,18.57380676,7.365522385,5.141227245,1432.672213,3,13086.3774,23.4490757,8.652592659,5,270.4307861
8760,66.84529114,41.44706726,26.76777267,8.55017662,5.155756474,2074.327757,3,32800.25191,21.0538311,6.807552814,4,315.9811707
8761,66.2928009,31.78151894,18.72485542,9.265767097,5.794368744,783.77378,3,23862.05337,19.35858154,7.710227013,4,165.5671082
8762,113.7800522,42.72572708,28.14659119,9.664690018,5.694457054,522.3845685,3,12330.08471,25.44708824,9.314056396,4,332.3540344
8763,39.84518051,32.6064949,24.55733299,7.429433346,3.936289549,71.78102359,3,11754.54387,18.26611137,7.309591293,4,48.36645889
8764,43.67341995,40.27815628,15.06042099,8.168375969,3.847054005,135.42786,3,5096.729902,19.277771,5.935099602,2,294.7024231
8765,61.05840683,39.17885208,21.26361465,6.167227268,3.441256285,584.6345443,3,12423.91649,12.4881382,6.540449142,2,306.668457
8766,11.94160366,31.32731628,15.81979179,4.899092197,2.266985416,407.3385572,3,12638.468,10.01058292,3.09231782,2,330.255127
8767,50.90982437,35.65127945,17.71005821,6.654236794,3.629678488,1737.723676,3,1849.175393,16.12206078,6.129430771,2,223.8065033
8768,79.62310028,28.20581436,20.84084511,7.765543938,5.543806076,2334.138546,3,4927.707723,20.20672798,10.32784462,4,62.1027298
8769,42.78843307,44.96480942,27.90191841,10.65981579,5.766931057,1752.641156,1,8904.573747,25.17847061,8.175481796,4,40.23635864
8770,49.83454132,33.79343033,17.16641998,11.97700119,7.015572071,2191.646806,1,9184.792195,29.2415657,9.473104477,4,216.3843536
8771,83.01889801,29.04947662,18.08468246,10.18429184,7.38081646,514.6674345,1,3949.33574,27.66209412,9.480819702,4,281.4587402
8772,76.71717072,54.98848724,27.21494865,6.418774605,3.539968967,2296.114209,3,20322.26546,14.70754337,5.284468174,4,325.2401733
8773,65.47041321,36.29634857,19.49518776,9.06833744,4.785958767,2087.515849,3,29737.08861,18.65449905,8.030174255,4,127.963707
8774,21.00741386,35.65045929,20.4535408,7.982591629,5.226433754,777.8283677,3,32713.29312,13.25397778,8.904303551,4,201.0375061
8775,30.55169678,46.89944077,26.43551064,15.18025017,6.193649769,1213.944605,3,33034.95968,22.37739944,9.707838058,4,46.30195236
8776,74.84062195,26.36824799,18.4496994,5.730641365,3.252156734,1584.462848,3,33344.71187,19.3107872,6.278425694,4,256.8677979
8777,38.98892212,52.41976929,26.99674225,11.31219101,6.02700901,3406.832697,3,27466.05646,21.13515282,8.586054802,4,329.9848328
8778,128.8079376,31.00019455,18.50057602,9.536291122,5.420385838,2097.173026,3,8490.751089,24.92074776,9.31271553,4,259.9920044
8779,63.99749374,47.71845245,28.74641228,6.727305412,4.295274734,2328.345788,3,2585.60442,15.63967323,5.028021812,2,332.4880066
8780,124.9173813,27.71909714,18.03477859,9.00228405,5.485638142,1035.650584,3,3813.755959,24.65907097,8.610167503,4,246.0375061
8781,108.1112061,29.28222847,18.42749977,7.823288441,4.533799648,4079.305771,3,17977.31124,19.17844963,6.481790066,4,77.22875977
8782,113.5863876,25.36680603,15.72248173,10.08482552,5.734658718,601.9572881,3,12574.73424,29.78416443,9.345691681,4,107.6181946
8783,78.44969177,34.75973511,17.5463028,6.826649189,3.594440222,1788.512933,3,3456.138944,15.67363453,7.547248363,2,217.1326141
8784,29.75306511,60.07977676,25.55014992,12.26558685,6.300026417,2087.819096,1,9026.293657,24.99171257,8.869558334,4,28.39302063
8785,252.0480652,30.20482445,14.45148945,7.615927219,4.41085577,2894.155174,3,14953.71212,20.49740982,7.968455791,4,226.9934387
8786,145.0685577,31.78064728,19.77637672,10.48333645,5.888177395,4451.486052,3,7978.986676,26.89989471,9.433793068,4,80.40686798
8787,33.31342697,42.51356125,22.94997597,6.710198402,3.827173233,1907.01852,3,7759.476881,11.33554459,5.348059654,4,60.52410889
8788,69.21443939,35.66416931,15.77687359,6.342265606,4.323676109,930.0681567,3,23790.65705,14.16525459,6.654243469,4,244.5366516
8789,74.50237274,33.87540436,20.70829773,8.47560215,5.076049805,475.2551015,3,32212.64452,19.94221115,9.471495628,4,305.3062439
8790,134.1884766,32.86948013,18.58810997,10.62122536,5.462914944,4775.094038,3,10757.57168,25.49268532,8.29904747,4,109.4788208
8791,68.48616791,39.00751877,21.61122894,10.03221226,5.850416183,1165.400202,3,30286.68955,20.2727375,8.46316433,4,57.90740967
8792,115.9040222,27.15299988,14.3614769,6.085347176,3.195025682,3402.926009,3,2724.939257,15.41283417,5.120995998,2,194.4838409
8793,52.71091461,26.47093201,14.16516113,7.599643707,3.778207064,178.0516614,3,1563.1925,18.03953743,7.441072464,4,136.0071411
8794,4.563978195,43.63035202,20.28566933,2.139498711,1.194555163,482.2987406,3,1708.053356,3.026087523,1.451671958,4,274.3987122
8795,97.38972473,39.2173996,25.55590439,8.604499817,5.245758533,3022.727655,3,7709.034123,18.41993904,11.6122942,4,45
8796,89.71695709,27.0735817,21.01922035,7.44262886,5.03730154,3188.010845,3,8252.121457,21.60890388,9.513002396,4,256.9193726
8797,85.43845367,33.44403076,17.69186592,8.110347748,4.233448029,670.1801131,3,11061.01465,17.79061508,6.20396328,4,159.8636932
8798,98.65287781,42.14775467,26.51068306,8.275935173,4.633214951,1463.080048,3,12705.76007,19.48220253,9.100476265,2,94.39870453
8799,54.65980911,27.11744499,17.09275627,7.647258759,4.682618141,3506.514676,3,19079.56877,17.45901871,7.486903191,4,116.0587921
8800,12.3311739,41.0316391,18.39717865,5.062550545,2.771921635,1464.726218,3,25919.98386,7.296373844,3.802547216,4,175.1009064
8801,50.43902206,57.93145752,25.71295357,5.404459,3.508383989,1738.235847,3,26055.3186,10.88790131,7.045934677,4,319.3987122
8802,53.03087616,51.27824402,25.1682663,9.417724609,5.815320969,872.0646522,3,32675.5202,18.89967537,8.978746414,4,303.8432617
8803,88.72943115,58.10285568,24.52715111,7.776224136,4.681412697,3672.456238,3,28590.73336,15.29076576,6.463089943,4,320.1944275
8804,6.915202141,41.37085724,16.45433998,3.478207827,1.972611308,1062.048041,3,6376.876922,4.638955593,1.992857814,2,191.7873535
8805,11.91504478,32.65848541,16.03790283,2.445056915,1.691293716,566.6733487,3,5755.464798,6.198628426,1.765534878,2,258.6900635
8806,7.861454487,49.23779297,16.48263931,4.581616879,2.071568489,1792.604637,3,3746.449283,7.566727638,3.364299297,2,188.7461548
8807,80.07995605,38.6042099,25.83567619,7.730296135,4.635482788,2359.71742,3,2917.399828,17.97780037,7.301276207,2,270.5119324
8808,163.5294342,30.98726273,24.81051636,9.316693306,5.848484039,1761.128389,1,8272.319094,31.75530434,8.201472282,4,58.40945435
8809,118.1077423,27.84257698,15.20797348,9.088117599,5.064375877,2909.071964,3,13549.31955,25.59677315,7.678438663,4,167.3474426
8810,74.56381989,31.39756393,18.4297924,7.713946819,4.468472481,2002.380855,3,33200.21827,21.14717102,6.474618912,4,260.1664429
8811,22.91365051,32.06005096,19.97187424,5.884654045,2.854972124,3593.545255,3,31657.36516,9.341684341,4.711161613,4,140.9378052
8812,46.92303848,26.62025261,15.85249996,6.931536674,3.710441828,3910.905682,3,31499.88945,16.71426201,5.740160942,4,300.3791199
8813,86.61133575,28.93789673,18.55163765,7.957527637,4.594970226,1511.511819,3,18276.95874,20.18230247,6.73151207,4,259.6951599
8814,102.6337051,24.383255,18.35581779,9.312499046,5.990968227,912.502374,3,9927.501789,30.60378456,7.04670763,4,275.4205933
8815,51.71170807,43.32000732,26.93330956,5.515168667,2.88949728,1923.035756,3,2328.789486,13.91281414,3.90290308,2,49.0451622
8816,71.53251648,24.12114906,13.91073895,7.324876308,4.130367279,4483.7616,3,13382.37036,19.63171768,9.094334602,4,142.8533173
8817,123.5210495,30.4182148,18.37385559,7.391181946,4.478756905,5145.134554,3,12881.2534,17.06986046,7.073793411,4,280.9390869
8818,124.4224243,26.24583626,17.82145119,8.883651733,5.608256817,1679.293929,3,10062.06072,20.74826622,8.601093292,4,195.9454041
8819,98.99953461,36.8716774,20.31341934,7.64153862,4.667459011,710.4149217,3,10855.02697,16.48750877,7.675402164,4,74.24882507
8820,49.09597015,22.80399132,10.05811787,4.915457249,2.075644255,5353.433316,3,30148.18673,22.48166466,2.696136713,4,255.3791199
8821,76.4965744,48.49983978,27.06096458,8.09702301,3.952104092,3249.198474,3,28051.43816,16.86684608,5.883589745,4,320.826355
8822,33.11169052,40.37748718,26.73332405,8.246542931,4.756220341,2396.440296,3,3265.171254,18.55201912,6.031886101,2,338.4805298
8823,50.66596603,35.73630905,22.75861359,10.11545086,5.532884598,1759.901693,3,5792.16367,19.15461349,9.271853447,4,165.9295044
8824,88.80497742,39.95595932,27.57204628,10.29834747,6.4117136,2345.19671,3,5168.222505,20.96099663,10.594944,4,298.5905762
8825,93.50562286,28.67264175,15.6305809,8.744646072,4.604124069,7155.126644,3,10452.54253,22.25095749,6.703866959,4,183.7785339
8826,73.05137634,37.67030716,26.37153244,7.135258198,3.926869392,1537.194287,3,32951.17017,19.32353783,6.632255077,4,281.7250977
8827,80.17208862,34.02937698,19.38646317,7.519832611,4.350355625,1339.192913,3,22077.51261,18.49742699,6.472708702,4,99.33413696
8828,22.50478363,54.71546555,28.066576,12.12443733,5.43241024,1802.85194,3,3817.620312,17.36571312,8.422087669,2,325.7843018
8829,49.71601868,48.45462036,25.39983559,7.26656723,4.060216427,1675.570413,3,2239.940849,13.04685307,5.61344862,2,258.9884644
8830,52.98485565,49.45633698,30.50874138,10.23449039,5.873537064,2264.927196,1,9024.319489,29.43814278,7.540590286,4,18.21114349
8831,42.95296478,50.65335846,25.21585464,12.8238554,6.460773468,2705.514512,1,9389.927793,26.58879852,9.611044884,4,322.5563354
8832,111.0037994,28.95225334,16.74594116,12.06089211,5.47691679,3091.915603,1,9870.083693,29.05231094,8.348292351,4,200.5560455
8833,170.0701447,27.13424683,18.6631279,9.081116676,5.163450718,3489.608216,3,14556.46704,22.85104752,7.55141592,4,178.6677856
8834,117.030838,47.14770508,27.58749008,9.858813286,6.239909649,2775.570947,3,7345.919786,21.61957932,13.09174156,4,328.9805298
8835,82.03471375,45.64516449,26.15489578,8.082530975,4.454494953,695.2265373,3,22511.25611,19.70394707,7.1764431,4,295.27771
8836,145.0250549,29.69277763,17.37651825,11.00208569,5.844610214,1221.327737,3,9496.081414,29.01986504,9.4471035,4,160.3582611
8837,124.3476791,26.85650635,15.34073734,9.2551651,4.933141708,1151.617779,3,9488.781425,29.34579849,8.02619648,4,251.2814178
8838,93.08407593,49.7681694,27.13129044,9.881006241,6.101695538,948.504375,3,4824.821095,18.10865784,8.101960182,2,311.1859131
8839,67.8578949,37.56986618,21.79353905,7.499448776,4.138440132,2429.126388,3,3589.207323,18.14776611,7.092476845,2,283.7216187
8840,137.3834534,26.50177383,16.20565033,8.203527451,4.557775021,2932.431518,3,15114.90808,23.94265938,7.135887146,4,189.1182098
8841,49.52993774,31.58687401,18.55003738,9.354097366,5.433105469,400.1844634,3,4330.996855,24.98257446,8.893817902,4,248.7494965
8842,33.96617889,34.52750397,20.17401505,4.699246883,3.196634531,757.2526121,3,1689.656094,8.573512077,6.001746178,4,263.8253784
8843,12.92106342,40.87419128,16.28826523,6.368196487,4.306489468,35.39785127,3,11833.72377,8.199933052,5.529623985,2,111.9745102
8844,144.502655,24.43013954,14.65762997,6.813393116,4.419290066,5114.590064,3,30517.98618,22.73785782,7.687498093,4,248.1345062
8845,17.47373962,54.34965134,20.04063225,9.238791466,4.59748888,1854.558893,3,14049.75115,17.46195793,7.053162098,5,60.96331024
8846,131.0328217,25.44504929,20.27552605,6.982936859,4.276403904,388.8805324,3,12032.72793,25.74363899,5.755625725,4,48.01278687
8847,3.49719882,39.30273819,12.52159119,2.336749077,0.913732588,924.1406526,3,6213.982041,3.863503933,1.246345401,2,176.9872131
8848,153.9937134,36.80338669,27.23202324,9.945912361,5.643111706,2055.293264,1,8519.485286,30.28069687,7.972204685,4,312.6978455
8849,144.1559296,24.61028862,13.80018806,8.905693054,4.749333382,3063.148069,3,13279.96762,27.79006004,8.481256485,4,94.05754089
8850,50.72055435,26.50499153,13.76302433,5.705594063,3.01925683,2155.929617,3,4538.84427,12.95560074,4.186173916,4,201.4477386
8851,78.23628998,47.42355347,25.02794456,7.847201824,5.884867191,2432.759413,3,7052.995377,17.13191795,12.87398434,4,62.5255661
8852,30.73277092,40.77563095,18.59389305,8.773177147,5.351913929,14.97262039,3,11638.95572,13.22811508,8.831007004,2,113.8128967
8853,73.69042969,42.52116013,24.76699448,10.45317745,5.974818707,2864.090101,3,16675.81638,21.27803421,9.12726593,4,58.49573517
8854,178.9932556,37.51916122,26.05934906,10.6801548,6.839245796,2419.401502,1,8436.197552,33.15161896,8.973621368,4,52.85431671
8855,140.9921875,25.87091064,15.22935486,7.652580738,4.330599308,2217.600628,3,15552.86917,22.24098778,6.182775974,4,235.0368958
8856,135.0756989,22.79948425,13.61112404,6.348821163,4.130253792,5653.933161,3,9300.314621,18.86689568,6.052603245,4,89.11859894
8857,74.44779968,31.60093117,18.05945015,9.103203773,5.110785961,4784.049548,3,8581.805994,23.47617531,7.715753555,4,222.3974304
8858,56.69158936,29.54693031,20.1866188,7.086328506,3.993487597,109.0997258,3,1050.005406,16.82411003,7.053748131,4,84.62900543
8859,62.47875977,27.79080391,18.39466095,11.00090408,6.285607338,2475.937952,3,3861.760766,26.42193985,10.75975132,4,150.255127
8860,26.84148788,40.92199326,20.74516869,9.449698448,6.16767025,2716.974399,3,4101.255684,16.68321419,8.244508743,4,236.3099365
8861,94.28938293,30.17372894,16.26223946,8.029543877,4.860339165,4406.041382,3,16941.98372,22.01817513,7.635013103,4,242.48526
8862,6.561508656,62.00527573,19.74774361,3.248002768,2.035571814,1951.404204,3,26359.51055,4.288348675,2.053189516,4,308.267395
8863,68.25184631,35.51105499,22.71302223,9.052142143,5.342391014,1195.698488,3,32707.97267,20.51001549,7.607806683,4,51.34019089
8864,70.67588043,25.69623375,17.02925491,7.605938435,4.3985672,914.9540063,3,25303.204,17.54155159,7.841663361,4,165.4680176
8865,18.35244751,58.22355652,22.63738251,7.321681023,3.862569571,1119.036434,3,25550.77421,11.68429852,6.6039114,4,264.3450317
8866,51.62717056,31.7069664,20.09981155,7.363165379,4.697491169,2125.785352,3,28094.42582,17.98311043,8.006184578,4,274.6177979
8867,99.16660309,31.37425995,22.86366081,7.80775404,4.741839886,2810.448472,3,27881.94759,18.42122459,7.24992609,4,58.35851288
8868,87.77251434,35.0316925,18.41399384,9.703317642,5.950171947,1823.683507,3,17810.04384,20.70003891,8.840120316,4,168.0238647
8869,87.08388519,35.2412262,20.3555088,8.115943909,5.015244007,1665.650019,3,17722.61915,17.13731956,7.363420963,4,280.6196594
8870,16.21062279,55.29114151,22.76329041,9.873537064,5.54424572,979.5397827,3,6413.376685,14.1277647,7.624264717,2,302.0053711
8871,71.34703827,28.74113083,19.49989128,10.58085537,6.478114128,69.2325937,3,4843.666675,25.80747795,8.666934967,4,98.94830322
8872,46.80556107,38.93359756,23.25976944,5.776111126,2.876956224,909.7333218,3,25037.77686,12.3875494,4.690169334,4,73.30075836
8873,62.38475037,29.84136009,16.88692665,6.543834209,3.850299358,2915.952057,3,32473.51288,15.78190899,6.032829762,4,129.9938965
8874,63.18202209,34.82237625,16.72223854,7.901854038,4.089925289,4700.818411,3,30888.82491,16.22916985,8.476294518,4,184.2591705
8875,31.80904961,33.11017609,15.96362972,13.4610815,6.37687254,41.62774552,3,23337.59026,21.42448616,9.111026764,4,148.4441223
8876,79.20459747,41.41123581,26.62474632,6.69769001,3.482778072,2624.554923,3,3209.122172,15.76278114,5.011246204,2,45
8877,21.51909637,60.6224556,22.5899086,6.605770588,3.693193436,1391.58212,3,1768.657774,12.09302139,4.402330399,2,298.810791
8878,51.67645264,29.25657654,18.00038719,8.189878464,5.268435001,818.6246486,3,1473.438414,19.08448219,8.622686386,2,227.4682922
8879,124.0015869,36.19484329,23.26130867,10.30655384,5.80654192,3964.157405,1,10324.90026,27.56634712,8.536536217,4,329.4702759
8880,185.406601,35.7650528,24.62986183,9.118182182,5.839706421,2036.299786,1,6313.065599,26.05927086,8.760748863,4,59.38139343
8881,85.79886627,32.70079041,18.25588989,8.628923416,5.37049818,2853.536727,3,27787.68202,18.7644558,9.051516533,4,117.0308609
8882,44.2840538,32.94122314,17.57758904,6.42629385,3.441705465,4310.503221,3,31314.40387,14.37698936,6.214024067,4,187.8152924
8883,128.3512726,36.86130142,18.72106743,10.95492458,6.040125847,2082.618836,3,7432.057933,23.58424377,8.952496529,4,123.6900635
8884,157.3886108,20.49068832,13.03691101,6.034528732,3.978023052,3334.513758,3,3620.040281,21.0949688,9.065611839,2,242.1027222
8885,64.43651581,30.13027763,16.68308067,7.277254105,4.092180252,4025.680098,3,13999.40175,19.97954559,7.692959309,4,143.3978577
8886,128.8394775,27.99006844,17.59540367,8.872154236,5.322405815,1057.839031,1,4002.802277,25.95549583,7.399448395,4,301.8274536
8887,117.1480713,30.33395576,18.6378231,9.730946541,5.561964512,1811.909622,3,701.3121679,24.1400795,7.883349419,4,145.1246643
8888,40.59754181,32.6818428,21.89555359,8.384116173,4.764002323,3519.779094,3,32048.79666,17.14033127,7.280146122,4,301.8093872
8889,57.30080414,40.90237427,26.70341492,6.194569588,3.463842392,2181.485037,3,3944.001476,14.27098465,5.000976086,2,63.88608551
8890,66.63240051,26.15518188,15.81910896,8.797399521,6.01484251,2661.419449,3,13801.35319,28.54241371,7.252739906,4,121.9494171
8891,76.26863861,25.96468353,17.87902451,6.433883667,4.059379578,2497.292669,3,26721.72288,15.66150665,8.131497383,4,271.3168945
8892,55.70517731,29.17690277,16.6753521,8.545487404,5.101781368,845.1918359,3,24220.8409,20.6393528,7.831413746,4,175.1560059
8893,39.37311935,64.14948273,23.81967735,7.013741493,4.10999155,250.5315313,3,23329.32709,13.88074112,5.886538029,4,332.2814941
8894,149.6175995,30.01169586,17.6714325,11.03648949,6.215988159,1469.041358,3,13519.0333,28.16419029,9.504422188,5,128.2901611
8895,182.9235992,31.10235405,22.23072815,8.275884628,4.943055153,2785.242202,1,8835.333678,28.58878899,6.775201321,4,305.3624573
8896,93.3400116,44.68525696,26.61455917,9.612026215,6.015784264,3130.289685,1,9350.856757,29.20670128,8.321074486,4,42.13792419
8897,24.77507591,59.13231659,22.2206974,14.10163021,7.70902729,2477.368844,1,13992.90496,24.31442833,10.34117794,4,132.7973938
8898,131.017334,43.88289261,27.49540138,10.21622181,5.828322887,1949.313233,1,14556.31323,30.25093651,9.294145584,4,326.0211792
8899,25.35866165,41.97984695,15.21101379,13.93591881,6.694255352,2370.941582,3,14097.16064,27.52109528,8.065841675,4,166.3958893
8900,70.89578247,32.43156052,19.43099976,6.731012344,3.889571905,1307.889009,3,20942.46335,14.90649128,7.068217278,4,106.1513138
8901,72.83415222,31.22686195,17.41144753,10.23564339,5.709376812,248.4303231,3,31512.33368,22.98374367,10.28869247,4,150.9461823
8902,28.0740509,60.91949463,23.62851524,8.48539257,5.352614403,271.570279,3,23951.34005,13.88427067,7.716470718,4,45
8903,84.67897797,34.302948,17.47883224,9.474012375,4.97623539,302.4576745,3,21042.36676,20.72668457,8.003227234,4,127.6197433
8904,21.94303131,34.6500206,19.56561661,8.874476433,4.793716431,433.0693859,3,20186.29134,15.22789955,9.442310333,4,225
8905,27.70699883,46.34320068,28.81325912,11.31991005,6.266897202,202.636584,3,11408.57264,19.0267067,10.07135296,4,33.23171234
8906,49.81479645,31.74136162,21.0334549,11.23488998,6.704880714,1312.742373,3,6874.467026,22.1027565,10.7299881,2,86.19857025
8907,20.83168221,35.5838623,19.45304871,5.898398399,3.270905018,1043.962099,3,6603.051939,9.655225754,5.026333332,2,249.2731018
8908,176.9675598,29.16524124,19.13181496,10.33394337,6.535381794,2658.321734,1,14140.01235,33.20252228,8.66794014,4,256.9688416
8909,66.40783691,25.2676506,15.61614418,6.020286083,3.603350639,6744.262829,3,10283.32025,18.04825401,5.561214924,4,228.0940552
8910,26.43255997,54.75876236,19.39124489,7.544329643,4.350038052,709.8891099,3,24445.21034,11.56202602,6.958191872,4,51.84277344
8911,101.487793,32.27546692,20.1289711,10.22293758,5.60362339,131.2580618,3,11491.64442,21.92564011,10.19040966,4,50.15586853
8912,148.6190338,29.16252518,17.2602005,9.411369324,5.357813358,675.0477369,3,10556.93015,26.75741196,10.69329262,4,218.0887756
8913,143.1465607,26.72862625,14.68346024,6.585011482,4.039115906,3342.162302,3,3900.365026,18.06232834,8.020722389,2,161.5650482
8914,75.00339508,33.83649063,21.0279274,7.370195389,4.764866829,2168.719935,3,5756.910899,16.89193726,8.546875,4,72.82409668
8915,16.77961731,48.27958679,15.74004173,12.94768715,6.069791317,10.4160528,3,23595.37603,19.35605621,9.602208138,4,55.71312332
8916,85.73071289,36.67372131,22.35669518,7.957601547,4.362669945,1074.193598,3,22965.06675,18.92155266,6.94776535,4,286.4621887
8917,132.4185333,41.10245132,27.04586411,9.615557671,4.657705784,733.4250358,3,12233.3769,23.92498398,6.744492531,4,41.79782486
8918,8.142604828,54.02051163,14.75187206,5.463282585,3.428547144,434.5557876,3,299.0154796,9.365877151,4.379913807,2,229.7636414
8919,122.635582,35.43908691,18.83957291,7.56093359,4.881481647,2024.021095,3,1276.160056,16.37067413,7.094290257,2,225
8920,139.5653687,24.84904861,15.33798981,6.952661991,4.388435364,3138.926527,3,4162.635093,22.55153656,7.833040714,2,235.8691711
8921,233.1765137,29.47314262,17.79740143,9.737384796,5.492059708,2195.41189,3,3446.04248,27.17627907,8.403958321,4,200.8390808
8922,45.93463516,28.20908546,15.65261364,5.594415188,3.134386301,1057.42778,3,22724.95827,14.17217159,4.889698982,4,220.1354828
8923,69.84455109,44.13791656,27.22827911,8.279726028,4.61848259,133.2811104,3,24432.62838,17.68898201,8.12389183,4,297.9848938
8924,48.20534134,37.78563309,25.60525703,9.19490242,5.687845707,627.9931139,3,25067.5671,20.53833771,8.34836483,4,299.2488403
8925,66.27371216,52.16777039,28.20759773,11.26120472,6.669522762,173.2031874,3,20842.65184,22.59503365,10.08889866,4,327.3080139
8926,49.38671875,30.73734665,16.84029961,10.9658289,5.527204037,184.5992384,3,20446.06649,22.48958969,8.848625183,4,58.06932068
8927,74.01486969,26.29919624,17.11937714,6.186243534,3.525473356,66.71447706,3,663.5883345,17.62493324,5.424409866,2,73.73680115
8928,91.32598877,26.84255219,16.37104225,8.3761549,4.832589149,3141.050669,3,7622.640176,22.7673645,6.567370415,4,239.4400024
8929,61.86320496,56.06246567,24.85853195,8.710730553,4.491137505,1765.232728,3,29733.70572,20.56259155,7.409969807,4,47.21688843
8930,153.5662231,44.55015182,27.71290207,7.474081993,4.321918488,775.7611435,3,25926.19308,17.75839043,6.422498226,4,40.14574432
8931,172.7025909,23.2602005,12.09338284,6.776998043,3.859005213,2655.458208,3,16279.71413,19.51996613,6.404744625,4,222.3162231
8932,12.79889202,33.7690773,19.18796921,5.756746769,3.021488905,4243.992341,3,13778.04207,10.6551218,2.67026639,4,130.3645325
8933,96.24832916,28.76064301,16.0974369,10.05073357,5.901796818,2554.604482,3,1390.836453,27.8667717,8.16146946,4,122.1957321
8934,51.71157074,32.07592392,19.54356956,7.240283966,4.540826321,554.365659,3,23582.22947,15.86889935,8.733920097,4,180
8935,39.26247406,44.00033951,25.16246796,9.234055519,6.443686008,214.4911503,3,23410.89257,18.07806587,9.980209351,4,321.8865051
8936,83.88912201,31.85690117,18.43244171,7.493093491,4.384688854,1207.601391,3,29141.3814,18.05478859,7.295824528,4,215.5376892
8937,57.16675949,32.29966736,20.30018425,7.899317741,4.656572342,160.7857489,3,31626.52192,15.47999287,8.436318398,4,304.192627
8938,147.9902802,27.91720963,17.55211449,6.259376049,3.760148287,1477.811735,3,26367.89478,15.89963055,6.112514496,4,111.1940536
8939,49.23802567,37.55681992,28.25113297,6.818741798,3.841538429,345.1418214,3,23791.72834,16.88182068,8.620508194,4,302.7901001
8940,121.4418411,28.97163773,15.34476089,9.462379456,5.032152653,4662.826329,3,11019.05655,25.75399399,8.009218216,4,210.2102661
8941,149.6255493,29.93263435,17.05356979,9.595755577,5.243115425,3377.015528,3,12800.82005,26.49461937,8.888807297,4,144.8421783
8942,108.6160583,30.85317993,17.04383659,9.49318409,5.199588776,5108.440211,3,12945.60555,22.15234375,8.368545532,4,240.9453888
8943,94.74909973,32.25888443,18.47485924,9.661963463,5.306091785,3662.042877,3,8092.73319,24.78032684,8.195913315,4,107.9576263
8944,20.21086311,30.66307831,17.20547295,4.984232903,3.272170782,480.9464294,3,22778.73174,7.754871368,5.529417992,4,180
8945,99.62316895,56.46008301,25.84627342,8.717295647,4.6062603,843.3947198,3,32035.7545,19.80785179,7.639380932,4,313.5687866
8946,37.75836563,36.98300552,20.98644638,9.852396965,6.17792654,3738.339617,3,31998.1106,17.86574364,9.011447906,4,181.9436493
8947,84.05636597,47.00483322,28.89657974,9.822630882,6.181280136,1598.191728,3,13422.4318,26.3315773,7.920270443,5,319.7537537
8948,142.4459991,32.9203949,25.64863014,8.472522736,5.034264565,1467.680599,3,13055.23549,27.60069847,7.16437149,4,310.135498
8949,52.40430832,40.53242111,24.01580429,16.53668785,8.295986176,2651.47875,1,13823.24474,27.46116066,14.67045593,4,307.2949829
8950,140.463623,40.10827255,26.69704819,10.93595505,6.465820313,3011.337163,1,13617.48146,31.34050941,9.810516357,4,62.42642212
8951,89.39910126,29.26613998,17.86386108,9.457667351,5.346746445,4439.393099,3,8601.308748,24.63171959,7.966380596,4,205.559967
8952,46.95243073,31.01731491,15.62456131,9.161334991,4.559504032,3176.243795,3,18460.78339,17.31017876,8.349788666,4,103.225296
8953,89.80633545,28.04712677,17.96666527,7.713797569,4.260195732,2751.776408,3,18942.88162,20.37212944,7.425279617,4,272.8155518
8954,107.0660629,27.73650932,21.62668228,8.487266541,5.209792614,5112.007751,3,29796.22348,22.87028503,9.06910038,4,202.2105408
8955,122.7783585,37.35152054,20.81994629,10.00586987,5.46330452,3766.311087,1,9946.500016,26.26632118,7.703094482,4,268.9129028
8956,110.2964783,39.4197197,23.44252205,10.13539124,5.495808125,4872.35475,3,13222.19999,22.18482971,8.866916656,4,308.5389404
8957,98.77162933,34.69466782,18.25922775,9.667304993,5.390886784,2688.515938,3,7463.269306,23.36260033,7.416187763,4,153.4349518
8958,86.40266418,29.73356438,15.85560226,6.876792908,4.2654109,1655.792177,3,3185.845245,16.96044159,6.3116045,4,158.0811768
8959,89.78709412,30.10782433,17.8950386,7.155489922,3.697189093,3564.635317,3,17571.77949,18.6265583,5.794028282,4,58.24052048
8960,11.02546597,29.63856506,12.95539379,5.900054932,2.846216917,514.9707814,3,22907.98925,9.959115982,4.268051624,4,150.9454041
8961,62.99996948,32.05511856,20.03892326,7.315959454,4.236495018,606.4040023,3,24301.78312,15.58850193,7.400578499,4,236.3099365
8962,40.11826706,38.21286392,19.29939651,9.096291542,5.286118984,2.833765766,3,24067.05049,16.59464455,8.765734673,4,106.4768829
8963,71.63111877,25.58660126,17.50642014,10.46457005,5.242411613,60.32954044,3,20507.10357,24.53334999,10.35974026,4,74.47589111
8964,33.60625839,31.35202217,19.90255928,6.247673512,3.275427341,386.4615925,3,20147.26661,16.21770477,8.719337463,4,230.7832947
8965,98.29285431,31.23534775,19.046978,9.019914627,5.262823582,2360.420914,3,16731.3896,21.52385139,8.484191895,4,183.8084412
8966,78.75611877,31.93588448,18.42988586,7.574032307,4.337617874,2909.22504,3,15073.71536,19.19759369,7.048440933,5,109.2359848
8967,115.3492355,24.80956841,14.37710381,9.942272186,5.36312294,2050.796477,3,14132.17215,28.68733025,8.920557022,5,141.0649261
8968,109.5161438,31.99884415,18.36097527,8.184052467,4.425490856,975.8666902,3,16856.31494,20.70271873,6.102512836,4,221.5317688
8969,67.18359375,40.52127075,24.31860161,12.72363853,8.201875687,4283.629713,3,13752.61351,22.508564,8.945463181,4,289.0359497
8970,26.94310188,29.56598091,18.71331787,6.052139759,3.262040615,362.7239549,3,11553.86298,12.0128994,5.389798164,4,288.1311646
8971,102.8846893,40.6079216,26.76353455,8.56635952,4.801187515,1577.397777,3,13488.01579,21.22641945,8.297294617,5,62.20692444
8972,158.7678833,28.10498428,20.50237274,7.954434395,4.852419376,4417.02028,3,15738.11906,20.79880714,7.992680073,4,77.15229797
8973,49.78129578,22.3562336,9.801697731,5.795603752,4.479996204,2838.824618,3,16266.77736,22.449049,5.928411961,4,263.708313
8974,74.54946136,27.37281418,18.31273079,7.331646442,4.102283001,3089.432148,3,13374.0557,21.31847191,7.042800903,4,134.0289764
8975,103.4998703,29.49268341,18.08282471,6.60360527,3.879036903,754.3865703,3,12072.31085,15.63865948,7.479044914,2,302.125
8976,60.98184586,27.04789925,16.36901855,6.129121304,3.841968536,2583.48684,3,13888.34108,14.78339481,7.338645458,4,212.4711914
8977,97.5904541,28.90695763,15.67888546,5.646527767,3.973423719,1316.340996,3,20652.13727,15.58781624,7.906831264,4,137.4895477
8978,88.22432709,29.6765213,18.32746315,7.885630608,4.109654427,3034.78268,3,15807.25224,23.20627403,7.075656891,5,230.8545532
8979,77.09918213,33.25270462,25.61469841,9.513084412,5.582020283,2996.367154,1,13495.30895,27.02101898,9.196023941,4,308.2428894
8980,20.79775047,33.03786087,15.82841492,3.456182718,1.892590761,558.6734641,3,22474.3165,8.137012482,3.561173439,4,138.0302734
8981,114.04599,27.58750153,17.53784561,9.973117828,5.436108112,1908.644018,3,7497.62731,27.41434479,8.212458611,4,55.47465515
8982,95.81830597,30.10628891,19.64019394,7.692158222,5.508975983,455.3401076,3,5547.275638,17.34394455,11.25601959,2,221.2847137
8983,30.01163292,36.78799438,25.59005737,10.5350523,6.543169498,51.3497621,3,11315.02665,17.41155243,10.58340931,4,108.129303
8984,51.46327209,32.66441727,22.5429287,8.788285255,5.047167301,121.6234068,3,10913.51151,18.38925934,8.706095695,4,90
8985,99.21389008,26.21074486,14.73122406,7.975676537,4.604653358,3588.206434,3,17853.47381,21.65144348,7.497170448,4,143.7461548
8986,90.57183075,33.39640808,19.43756294,6.994766235,4.00339365,973.5053653,3,32261.6336,17.54437256,5.55719471,4,271.8187561
8987,87.65098572,29.5038662,17.97398186,6.507516384,4.220149517,1383.132418,3,22014.12319,18.13104439,6.236279964,4,86.62838745
8988,17.72979546,39.05652237,23.80016708,10.30691719,4.946046352,392.3847962,3,383.7750173,14.67194653,8.275905609,2,235.9324341
8989,130.2128906,26.03274918,16.73833275,8.279441833,4.670467854,5858.240791,3,9838.637693,25.3736248,8.437951088,4,92.23117828
8990,7.431464672,40.34943008,16.12652206,6.214810371,2.825376034,967.4866768,3,6718.103469,8.069717407,4.926590443,2,246.8014069
8991,132.6474915,31.25541687,15.50888443,9.49858284,5.710596561,4608.269803,1,11326.13454,28.50721359,7.305369377,4,131.1859283
8992,121.3748398,26.80195427,17.14545441,8.522484779,5.302708626,667.4001894,3,4495.555852,25.82620049,8.346149445,4,271.0016174
8993,40.39400864,37.15113831,18.0473671,8.186760902,4.704674721,330.4461584,3,31183.34921,15.23945427,8.404287338,4,167.1292725
8994,116.3865967,49.01118088,26.74418831,8.573971748,4.722105503,967.5290174,3,11755.32078,19.27075386,8.354201317,2,279.765686
8995,17.14110565,35.28768921,20.49555779,5.420166016,3.481441975,469.0217549,3,22325.04889,8.066222191,4.174516201,4,159.7751465
8996,113.5332336,41.26911545,20.05850601,12.31201077,7.229135513,1320.306961,3,19164.13493,23.00288963,10.46692467,4,146.9207458
8997,83.6606369,28.05789757,18.86986923,9.012253761,5.744234562,227.5202209,3,10755.06304,23.44790268,13.25299549,4,229.4172516
8998,15.34028339,33.75653839,17.34268379,8.07749939,4.057711601,1124.528406,3,6897.546637,13.36055183,6.373064995,4,124.3803406
8999,194.1373596,25.89737511,16.70029259,8.983884811,5.227427006,3671.155283,1,12555.74835,30.03606606,8.007653236,4,55.61016846
9000,109.003067,24.87750816,13.75870514,10.26597977,5.586462021,4410.610088,3,11647.27506,31.11581802,7.80432272,4,214.6701813
9001,133.4456024,43.60120392,28.06044388,8.999568939,5.161546707,5554.597279,3,9804.987819,25.47688866,9.505407333,4,41.90727234
9002,48.10681152,57.85520935,22.66965294,7.517053127,4.554960728,2347.619985,3,26494.90651,14.88704777,7.031074524,4,311.8154602
9003,73.43473053,26.61382484,16.70490265,6.269464016,3.858168364,2827.579726,3,26621.92777,15.60742378,6.169491768,4,191.9761353
9004,18.00212097,38.06669617,19.98065948,8.941267967,4.53102684,895.1529166,3,6856.554173,12.82329845,7.737429142,4,252.3912048
9005,129.6792755,50.86156082,27.2414608,8.551789284,5.044223309,808.0709871,3,5630.967123,18.41965485,8.1620121,2,315
9006,32.04914093,26.07963753,15.98790359,8.359262466,3.568834543,3272.253937,3,13191.12061,21.40165138,5.23465538,4,132.4357452
9007,99.87811279,33.96920395,19.64785576,6.829940796,4.181194782,351.668813,3,17531.24065,15.13044739,9.124321938,4,243.9704132
9008,108.083519,31.49540138,18.54654884,8.930069923,5.507922173,920.551754,3,17149.28903,21.03249741,9.056886673,4,274.4762573
9009,51.60087204,55.62278366,25.99355698,6.148670197,3.486987114,339.1424549,3,782.2787974,12.17588139,4.56448698,4,315.6986084
9010,4.322452068,43.19145584,18.67923927,2.425585985,1.928812861,282.6012808,3,22848.75632,3.097785473,1.917349815,4,263.7355957
9011,67.73804474,30.05483437,15.54212761,8.730846405,4.644843578,884.5112833,3,30013.54737,23.27801132,6.98984766,4,153.4349518
9012,35.68005371,41.72232819,24.74605942,7.122664928,3.959660053,11.76372893,3,31147.24569,14.157897,7.987912178,4,305.9425659
9013,103.7862244,38.41280746,24.77617264,7.965120792,4.692781925,854.1449434,3,31584.37286,18.91082382,7.070820808,4,310.2170105
9014,36.2249794,31.81204987,20.63585091,7.214347839,4.140810013,4879.820714,3,30967.72062,13.80491447,7.009832382,4,212.2725983
9015,31.3535614,29.70439911,18.01743317,5.786127567,3.147206783,267.6703505,3,20034.76497,12.52206802,7.302390575,4,210.4313202
9016,69.16590118,27.31401062,17.95104027,7.582123756,4.77862978,46.36202479,3,808.6489845,19.16481781,7.456674576,2,84.80557251
9017,25.42333794,29.56986809,14.22837353,9.78918457,4.411512852,367.0212878,3,18004.27268,14.77948761,8.083300591,4,80.21759033
9018,80.64443207,27.05962753,16.39938164,6.950733185,4.061967373,6636.639412,3,10478.8589,19.44203186,6.663963318,4,269.8102722
9019,70.12688446,31.18582535,18.7004776,8.395074844,4.567827225,1991.091327,3,3217.616141,18.87806511,7.640540123,4,189.4112549
9020,95.13749695,31.07529068,15.67131996,7.733697414,4.368911266,975.2908493,3,11878.83721,18.38481712,7.358002663,2,273.6914063
9021,85.80743408,28.30757904,17.34489059,7.717460155,4.128465652,1155.297659,3,20184.07304,19.01000404,6.154251099,4,197.4863892
9022,153.9329376,30.24312401,19.2735939,9.917125702,5.730281353,1756.836188,3,7622.117825,26.11618996,9.039848328,4,85.69355774
9023,108.2874374,35.78253555,17.31799126,9.721645355,4.971962452,4781.439693,3,10442.48169,23.72184944,6.946689606,4,173.1075745
9024,162.4864655,24.6137886,13.08629799,9.134729385,4.995765209,3942.247694,3,12350.86805,30.58413696,7.124914169,4,138.1453247
9025,171.0188293,26.54351044,17.35031891,10.31149578,5.962768078,1469.256337,3,17147.18263,31.45900154,9.954802513,4,120.1735229
9026,97.15777588,46.38957596,26.88286018,10.20264816,5.530938148,3999.013774,3,14120.36752,20.82920074,8.014309883,4,305.4244385
9027,57.32063675,49.61897278,28.41780472,5.922465324,2.901936054,2364.278055,3,20066.62134,14.53457928,4.549182892,4,38.19094849
9028,88.907547,26.31615639,17.52697754,7.465139389,4.77407074,1303.973651,3,19840.42532,22.703125,7.783745289,4,77.95742798
9029,51.83374405,36.74034119,18.93600273,7.455774307,4.061196804,1336.224601,3,21867.63681,13.58824158,5.699110508,4,227.1907959
9030,91.06005096,48.27996063,26.83684158,8.471317291,4.857930183,385.0318716,3,23063.88897,20.39378738,7.800450325,4,279.5666809
9031,71.50767517,35.60303879,23.49192047,6.633883476,3.486216068,292.8105094,3,23340.94155,14.99792385,6.312971115,4,257.2980957
9032,79.75208282,47.50471878,27.31869507,6.88676548,4.062891006,866.8864554,3,23917.54232,16.76138306,7.648801327,4,40.23635864
9033,56.12886429,49.59015274,25.55423546,7.073695183,3.754342556,4531.078094,3,31487.29442,14.48307037,5.031798363,4,320.7105713
9034,69.25135803,47.6530304,29.18315125,5.858349323,3.390851021,886.111091,3,23341.89259,12.98882389,4.443654537,4,27.12130356
9035,15.98780537,39.76324844,18.02580833,5.124901772,2.121303558,256.4427574,3,20143.83722,11.22641087,5.612564087,4,212.6609192
9036,144.3435211,37.44522095,27.14576149,9.452429771,5.779042721,676.5127811,3,11324.01822,24.39893341,8.006414413,4,312.2736816
9037,55.92634201,35.70433426,23.57574272,12.94066143,6.34505558,486.9963097,3,11403.02,26.23340607,11.15948009,4,293.1986084
9038,124.3417969,36.36965561,18.91269493,10.27212524,5.933935165,582.3744616,3,10091.30282,25.58482742,9.901603699,4,185.0796051
9039,80.34712219,35.18050003,19.9587822,9.628975868,4.916534424,3971.602444,1,9841.907276,25.61164665,7.316109657,4,249.5834808
9040,48.29331589,53.57649994,27.07156754,13.60678387,7.035735607,3380.609996,1,13083.51199,30.65711021,10.48385143,4,225.4268799
9041,109.2008133,26.04753304,18.78334045,9.831624031,6.267977715,3726.588654,3,12739.91913,32.74684525,8.975948334,4,110.6375427
9042,31.87490463,60.34805679,20.63624382,10.91567898,5.504760742,3301.566056,1,13167.01875,30.9901123,5.309911728,4,30.6506691
9043,114.8247528,40.84426498,30.00767326,10.08677673,6.627614975,2752.762774,3,5007.476291,27.82064819,8.990294456,4,319.2678833
9044,97.61128998,34.51072311,18.76998711,7.427036285,4.032832146,2030.105768,3,3598.1086,17.64928246,7.387251854,4,267.8381653
9045,96.39426422,28.29250336,18.65382195,7.207223892,4.477169037,3760.60715,3,13908.18984,17.19399643,6.939196587,4,81.39656067
9046,2.523024082,56.98898315,14.0921154,5.19974184,4.277404308,243.0363352,3,22576.04386,3.777293444,2.211900234,4,278.1300964
9047,51.70353699,39.67265701,25.88164902,6.298519611,3.426665306,1231.907617,3,25386.68585,13.94741058,6.26761961,4,309.4801636
9048,85.24708557,39.86159515,22.93611145,7.042014122,4.045377254,2358.798766,3,25794.90352,14.64789486,6.361047745,4,56.48461151
9049,53.11075974,33.15790558,18.40145302,9.606175423,5.326677799,403.624657,3,30422.77894,18.97613716,10.13689327,4,161.758606
9050,41.32706451,33.4763031,19.01815987,10.06620216,5.303333282,323.5325975,3,30728.11263,20.10294914,10.51769829,4,135
9051,62.53306961,34.10478592,18.03109169,9.227272034,4.957284451,2595.595371,3,33137.18347,18.6837883,7.617466927,4,136.8279724
9052,81.04384613,29.330616,15.28092003,8.807580948,3.740210056,176.6432231,3,20706.93341,20.2447834,7.946446419,4,115.3144531
9053,79.2628479,31.10182571,17.20523643,6.458399773,4.105453014,2565.507156,3,3997.210604,14.68525124,6.794267654,2,241.1400146
9054,136.4990234,28.47801018,16.50822067,10.20085907,6.153841019,469.1235077,3,17598.73496,25.64280128,11.12159348,4,76.42956543
9055,62.59037781,33.25975418,19.508461,7.241188049,4.10543251,1252.292177,3,200.6026108,19.18552208,6.362746716,4,248.6240234
9056,37.37553406,46.91814804,25.43504143,6.085870743,3.987171412,3257.517331,3,13774.02768,11.28040886,4.894610882,4,246.0375061
9057,50.11169052,54.34527969,27.29398537,7.326999664,3.980873346,3307.128714,3,13189.7797,16.77832413,5.261748314,4,334.7115479
9058,73.75564575,29.82049179,17.41861916,8.906608582,4.718769073,4209.164401,3,13867.86488,21.81458282,7.059372902,4,270
9059,113.1890106,24.24709702,18.81498337,9.841387749,4.746736526,635.9670492,3,4751.83552,30.10172844,10.8286829,4,269.0866699
9060,59.45812607,31.53301239,17.08762169,7.440416336,3.973720551,359.4018353,3,572.5008845,15.6893549,5.169782639,4,158.6293793
9061,48.19891357,23.40284348,14.37274647,4.722198963,2.971853495,2973.659981,3,13921.16932,11.38280296,3.610746145,4,206.8431702
9062,23.5822258,48.43875885,22.11954689,9.651519775,5.280477047,101.1109676,3,30833.34096,14.72485065,9.139812469,4,309.2894287
9063,101.1455612,39.85095978,29.26677132,8.172056198,4.34723568,3732.698289,3,32395.76785,24.71486664,7.341634274,4,28.61045837
9064,197.6277924,35.29460144,26.97881889,8.738901138,4.921639442,4096.32475,1,12475.81655,29.03152847,7.728624344,4,38.5583992
9065,115.799118,27.32721329,19.37709808,11.10638142,7.149107456,1113.833166,3,6814.435,31.61731339,8.961723328,4,233.8067932
9066,61.22496796,53.56064987,25.91765594,8.075178146,3.830239058,4862.956736,3,31217.41037,17.5316124,5.71687746,4,325.4374695
9067,110.2893066,28.0304985,19.30702782,7.302775383,3.79180932,5326.829434,3,30406.81421,19.33324432,6.799655914,4,258.9765625
9068,93.53879547,44.81521988,26.93468857,7.369626045,4.195065022,1248.846948,3,21818.5262,16.1764183,6.462667465,4,302.739624
9069,56.99017334,23.40698433,16.52756691,11.6837759,7.453971386,186.5970205,3,10504.55863,28.2791214,12.97383213,4,199.4177856
9070,48.40732574,30.13092041,19.83276939,6.83197403,4.081220627,1238.815431,3,1911.345796,16.37940788,5.917592049,2,77.60321045
9071,88.36342621,52.59334946,25.87235832,9.529902458,4.945538521,3882.026438,1,9517.8584,26.554842,7.58853054,4,309.6444092
9072,27.29092789,41.35093689,23.37935066,11.83816719,7.533880234,348.5301473,3,21988.98549,17.66773415,10.23713875,4,313.1504517
9073,18.40284729,54.81974792,22.45880508,7.749426842,4.136963367,237.6778538,3,22274.78555,12.93421936,6.257338047,4,51.95295715
9074,100.1025085,34.86191177,20.93299103,6.805181026,4.303245068,830.8555364,3,22656.1326,15.44314575,8.000869751,4,279.7824097
9075,88.77604675,23.79013062,20.37062263,8.007416725,5.749902248,3061.169602,3,33019.32829,26.27256584,8.089061737,4,301.701416
9076,5.729607582,32.51966858,11.67752075,3.871082783,1.404244184,55.06032881,3,20350.70884,10.32925606,1.805852413,4,67.10945129
9077,94.85616302,42.60056686,25.79350471,7.877539635,4.689161777,1658.645992,3,944.1053263,17.24649811,7.024486542,2,317.7943726
9078,61.20627594,37.97595215,15.78437233,6.220665932,3.286923885,2435.358203,3,1700.603209,13.26351833,5.195818901,2,217.0303955
9079,168.8835297,27.27890205,15.62204933,8.670714378,4.908446789,6593.319902,3,11906.41427,24.42118263,7.793600559,4,175.7858276
9080,93.48117828,34.21675873,24.33046722,6.601364613,3.729715586,6761.083296,3,10771.53563,16.99406815,5.972279549,4,320.1784973
9081,136.7875519,31.53140831,18.96775436,10.90901089,6.410664082,1458.502291,3,7010.789616,29.77728844,9.417591095,4,101.3099365
9082,109.448494,31.09348488,16.77827263,10.52431488,6.033112049,2235.842152,3,7226.73255,28.57328033,9.161398888,4,233.3380432
9083,132.4078064,30.65189934,17.12467003,9.468758583,5.004049301,767.9862951,3,5841.893664,25.99877357,9.608168602,4,123.0061951
9084,20.90926361,34.55160522,19.99536705,9.416916847,5.231444836,275.8062636,3,5062.277141,18.44961548,7.212170601,4,97.55558014
9085,112.2124634,20.70849228,13.93870258,8.564796448,4.640422821,2303.322524,3,8934.811207,24.87410164,9.796227455,4,153.5151978
9086,41.05561447,33.28379059,20.86501122,10.10573769,5.582612991,2713.893243,3,18528.9597,18.45546722,10.22337723,4,259.9071045
9087,90.29654694,26.21912956,17.51106453,6.327322483,3.652167559,2053.956506,3,19031.33686,20.06547356,5.814824581,4,261.9813843
9088,12.51245499,40.7735672,21.49423027,6.489032745,4.247074604,522.7435173,3,21933.92587,6.964308739,4.174620152,4,151.1861877
9089,117.1183624,30.55942154,20.98513794,6.601611614,3.701802015,836.5433189,3,31811.59097,19.35481453,6.873521328,4,268.958374
9090,71.3190918,52.3567009,26.83063126,9.311543465,5.588088989,1679.809869,3,33216.90454,22.12770844,9.052889824,4,50.04244995
9091,56.11555862,34.6643219,16.10967636,8.383419037,4.819435596,2095.46115,3,33083.5515,18.92636871,7.104210854,4,141.3401947
9092,63.82055283,26.24170494,19.45297241,8.380601883,6.306063652,97.84665623,3,887.073407,18.40043449,9.220720291,2,92.48658752
9093,46.65945053,30.39332199,20.74324226,8.938716888,5.959930897,279.4951046,3,473.7312497,20.89071846,7.221642494,2,262.875
9094,42.37726593,32.53671265,17.68880081,7.058485985,3.657669783,1211.663464,3,21168.15034,14.51824951,5.591508865,4,195.9477539
9095,96.43541718,41.03604126,26.84620285,7.143171787,3.605211735,4505.03722,3,31946.84373,17.64618492,7.18320179,4,268.0250854
9096,94.1072998,29.28814316,16.87536621,7.483158112,4.399269581,905.0295938,3,21387.92671,19.83759499,6.856003284,4,107.2200012
9097,49.22953796,36.02606964,20.50086212,12.61924267,5.859192371,89.37135047,3,20348.95497,20.76466942,9.089710236,4,51.15516663
9098,109.5439987,41.74412537,28.62289619,7.276752472,4.643830299,1249.133721,3,21576.0804,18.11833954,6.849775791,4,73.45561218
9099,90.83652496,29.93608093,21.34105492,7.183838367,4.977282524,2991.85147,3,5764.787929,22.20268822,9.229839325,4,64.26167297
9100,61.03886414,30.43667793,18.83148384,7.7702384,4.373047829,1231.200205,3,2161.083793,16.77255821,7.746756077,4,165.2564392
9101,93.5418396,25.1320591,15.66349316,8.993707657,5.130637646,3216.625612,3,6504.522181,26.08589172,8.586441994,4,196.3473206
9102,131.7485504,27.20169449,16.09083366,7.872047424,5.049266815,1741.612008,3,12113.3499,18.34879494,8.302446365,2,156.6863556
9103,44.489048,20.47073936,12.22910404,7.39834404,3.874899626,2950.062713,3,18155.22294,18.24903679,7.073942184,4,71.56504822
9104,126.4067001,30.86390877,18.03993416,10.69183159,5.930715561,1903.217296,3,8029.251756,28.09251404,7.985914707,4,182.4590454
9105,52.50057983,35.92041016,19.2392807,7.712080956,3.950260162,1667.627503,3,2378.125962,17.88490486,6.402608395,2,141.0090027
9106,116.1039276,27.39097977,16.46393394,7.608582973,5.188980103,1587.893478,3,3385.387341,18.42149544,8.757461548,4,187.9575195
9107,19.78146172,32.78013611,19.73078537,4.855026722,2.915339231,586.5214663,3,21468.49894,9.509672165,4.487342834,4,143.1300964
9108,94.77419281,25.84300041,19.27900124,11.23553181,7.486311913,829.5564964,3,9768.158289,30.03621483,11.52459335,4,205.9065094
9109,126.4568405,37.93844986,19.72904968,13.20141983,7.284578323,1916.807405,3,8161.867943,29.61330795,9.936310768,4,82.03038788
9110,64.71882629,37.52404022,20.73489952,10.91862297,6.810902119,1409.227789,3,17743.81148,22.33147812,8.838861465,4,146.3099365
9111,63.93595505,33.65027618,16.64486885,9.151398659,4.728818893,2423.90772,3,14565.90565,21.41720772,7.848824024,5,213.6900635
9112,63.70085907,26.5779686,17.63976669,8.324896812,4.864517689,570.1158712,3,1384.932902,21.48953247,8.991585732,2,218.4358826
9113,40.2881813,29.1943264,19.22336388,8.768271446,5.190095901,2191.337217,3,15927.73916,17.83015633,6.941473961,4,189.09375
9114,115.0419159,28.51917076,16.99754143,8.505750656,4.847373486,3206.556557,3,14864.46631,23.29713058,8.488046646,4,202.1663513
9115,71.68009949,30.16615868,18.30895233,11.69513893,6.611167431,3943.21373,3,8486.179311,27.63280296,9.020767212,4,188.5523071
9116,86.51633453,23.81696892,12.95638466,6.321042061,3.737231731,4925.121783,3,9207.028196,19.7244854,5.7264781,4,66.62457275
9117,90.44381714,26.88094521,16.5027256,6.974987984,4.099508286,29.36568074,3,5587.68518,18.28728104,7.67667532,4,107.6212769
9118,54.05758667,40.17796707,24.47797966,5.364422798,3.137566328,975.2643061,3,2197.390884,10.93527985,4.725076199,4,299.744873
9119,80.31884003,39.82428741,26.47569084,10.86580944,5.69477129,2329.274287,3,14288.53124,29.61420059,8.051532745,5,32.45787048
9120,70.38272858,36.75982285,22.98954391,10.30069733,5.118997097,756.0621852,3,7138.68805,20.18684387,10.26996231,4,293.4438782
9121,77.7904129,40.74657822,21.32116508,9.199368477,4.705036163,378.4544913,3,6106.551355,16.84310913,7.671198845,2,255.7627258
9122,103.0346985,29.79769897,18.21464348,10.00553417,5.813004494,4789.779385,1,10239.96156,29.40400505,7.944029808,4,73.88292694
9123,76.81690979,35.39662552,24.97150993,12.01808739,6.785220623,3713.414055,1,12756.11498,31.62446404,9.27371788,4,316.4941406
9124,163.6941833,43.82044601,28.86001587,8.191631317,4.839738846,4903.549375,3,9987.759476,24.72749138,8.046892166,4,302.1957397
9125,102.1152496,22.11694145,17.50727654,9.387651443,5.646378517,661.0452479,3,5039.584418,29.49199867,9.134152412,4,268.8002319
9126,155.1347809,25.14246368,13.43234348,6.806333065,3.965906143,1933.298336,3,3970.793602,19.72783852,8.723995209,4,233.4269714
9127,98.74915314,31.56376266,17.68805504,7.946920872,4.537127495,960.6708453,3,31123.18208,18.41044807,7.467210293,4,247.3801422
9128,3.736956596,49.53755188,21.64095688,4.777229309,2.506304026,101.3693409,3,20051.48134,6.916724682,2.766681671,4,178.2241364
9129,19.67525864,40.99599075,19.34699059,7.782318592,4.718446255,150.7319618,3,19899.35066,11.11131001,8.264836311,4,197.5671082
9130,146.1610413,27.33766365,22.72122574,7.564837933,4.227951527,2694.874194,3,14360.2519,25.08022881,8.505721092,5,45
9131,144.276947,23.11177444,13.14535236,8.984959602,4.752130985,1763.676579,3,8877.124635,29.81144524,7.830672741,4,200.6630554
9132,40.50556564,33.37866592,17.77240944,6.680947781,4.217874527,2199.335593,3,1476.966672,15.20670128,6.046772003,2,126.8698959
9133,126.9302826,28.4255085,22.88864517,9.577220917,5.338354588,3351.317702,1,8959.564172,33.81368256,8.056513786,4,50.91767502
9134,176.1364899,25.88656807,20.38522148,9.937315941,5.889668941,2663.566792,3,5003.390706,28.06631088,9.354532242,4,199.3348083
9135,86.88876343,27.40367699,15.77056313,8.558264732,4.757787228,2562.197776,3,8617.043365,19.7693119,10.81397533,4,144.1354065
9136,71.27983093,34.32598495,17.40699959,8.750622749,4.564393997,119.8102036,3,24934.11455,18.81473351,7.35711956,4,109.9293976
9137,150.7281189,45.83463287,28.50291443,8.166059494,4.885715961,632.3724821,3,25004.10271,21.31625748,8.512563705,4,309.2072144
9138,85.18934631,32.65798187,28.19122696,10.60616016,5.656283379,171.7620872,3,10830.42942,28.18473434,10.71839523,4,29.73009109
9139,74.27205658,37.19326782,20.8813858,7.248204231,4.151250362,1108.163691,3,1920.874406,16.43941498,6.537247181,2,66.80140686
9140,88.61361694,36.30970764,18.24820328,8.180337906,4.654554367,1228.778002,3,553.1693923,17.53418732,6.449254036,2,215.3802795
9141,41.66343689,31.28069878,15.93075657,5.603782654,2.844550371,2578.229894,3,1837.801914,12.12445068,4.758422852,2,169.9920197
9142,115.7039948,27.33836365,12.97539616,5.6098876,2.918062925,3677.631421,3,2993.77592,18.66061974,6.264906406,2,233.043808
9143,126.7096405,31.87530327,20.72528839,8.631372452,4.940006733,3410.910475,1,13174.50666,24.18778038,7.516976833,4,287.2527161
9144,70.16136169,31.27044487,19.14273643,9.42343998,4.824248314,1462.044086,3,17619.17731,21.27546501,8.503153801,4,239.8789368
9145,36.17379379,38.54323578,19.78934097,8.397531509,5.180330276,2800.092889,3,14835.36972,17.91851234,6.771310329,5,72.79165649
9146,97.74180603,25.39097786,17.63632965,8.869973183,5.071083069,495.1825834,3,11639.87856,26.3043499,8.357200623,4,103.172554
9147,185.647522,23.8927269,15.46752357,10.09305573,6.131655216,1651.573632,3,12891.13713,31.43771744,8.306965828,4,104.6154022
9148,44.7078476,32.03722382,19.39355659,8.113750458,4.291692734,466.5638185,3,10117.52486,16.68369865,11.13639736,4,206.5650482
9149,140.5641785,19.14996719,15.94526386,8.027591705,5.21428299,3352.304373,3,4545.004024,25.73455429,8.380072594,4,194.6012726
9150,79.45238495,34.96131897,17.66205978,9.501952171,4.423959255,2322.139775,3,15721.47157,20.45217705,6.925755501,4,193.5431824
9151,125.1185455,42.87293625,23.32697296,10.90416622,6.31478405,654.0213629,3,5957.835366,25.32933807,10.20371532,4,53.4239769
9152,109.9317169,27.15066147,20.5098381,9.728235245,5.41767168,3639.759391,3,6990.244544,24.26078987,9.590096474,4,184.6770935
9153,103.6585922,28.8497963,16.64379692,8.326299667,4.870542049,2730.321958,3,17438.88577,20.99189186,7.73015976,4,112.3801346
9154,90.31202698,41.06254196,25.85323906,7.367494106,4.1061759,942.6330847,3,21959.80602,18.08335686,7.136726379,4,53.36205673
9155,33.58660507,44.106987,27.98521423,13.71334267,9.187380791,126.9068941,3,10464.55294,26.16078568,13.7177,4,29.47053719
9156,98.17823792,29.9201889,17.41813278,10.61875629,5.398216248,1277.784066,3,7515.505307,28.22728157,8.680583954,4,112.9540863
9157,116.4936905,27.53327179,16.92553711,5.833361626,3.708860159,3222.112242,3,2427.258513,15.71965122,5.256582737,2,265.6012878
9158,102.2692261,27.95703125,14.37224865,7.231499195,4.596630573,4020.7661,3,3100.703047,16.68152618,7.981557846,2,168.8432617
9159,16.98370743,46.08257294,17.40600586,10.01767731,6.230005741,1719.716056,3,16500.13237,15.04638577,6.162415981,4,213.6900635
9160,97.61899567,22.57610893,14.23034,6.526783466,4.459675312,4448.455512,3,14628.36883,17.5268364,7.923548222,4,207.6066742
9161,26.87004089,35.53686905,24.25945282,6.656060219,4.274015903,53.49620795,3,30435.76107,12.41232204,7.284387589,4,315
9162,92.60279846,50.35658646,25.0273056,6.976745605,3.491460085,3416.730663,3,28298.79166,15.39649868,5.729756355,4,54.72757721
9163,59.85647964,29.7875309,19.64368439,6.421066761,3.656392336,822.5253067,3,24141.133,17.97948647,7.719510555,4,262.1602173
9164,68.22060394,25.68981171,12.6189003,8.384293556,4.73622036,235.5616804,3,20412.44537,19.43180084,8.455712318,4,85.15599823
9165,48.68539047,29.28595161,18.10884666,7.645738602,4.279579639,284.4449555,3,19383.18739,15.78495121,8.609664917,4,201.0993805
9166,129.8472443,23.33761978,14.63696766,7.881698608,4.920300484,1670.791487,3,8961.462262,32.26218414,6.767161369,4,243.4349518
9167,92.09928131,33.9812088,21.39528465,11.74633598,6.332697392,1121.172161,3,17145.12686,23.31781006,9.896091461,4,182.2558594
9168,148.8513947,29.35155487,17.5809269,8.623259544,4.87344408,5457.798946,3,10247.56196,25.02468491,7.63960886,4,88.46553802
9169,71.36585999,38.28129578,19.09540176,9.441867828,4.806034565,702.3974009,3,29865.41384,21.31258392,8.547359467,4,67.5430603
9170,104.0242157,44.50050354,28.78663445,7.237133026,4.484434128,652.5356296,3,24566.25876,19.38313484,8.294567108,4,32.19573212
9171,80.28671265,28.33076096,17.05883408,9.687650681,4.809270859,4652.857442,3,9935.428336,25.97956657,7.438353539,4,186.3874664
9172,147.5219269,23.66261101,16.88903427,9.593203545,6.158989906,4211.815342,1,12102.04821,32.22938156,8.143466949,4,87.05421448
9173,152.9805298,32.61782074,13.85289192,10.63969994,5.68500042,4323.986662,1,12142.19016,31.96934891,8.279305458,4,75.92163086
9174,86.36315155,28.17980957,18.94154358,8.541202545,5.156395912,291.3827037,3,17544.58682,21.92553329,12.84542847,4,92.72904968
9175,7.761835575,44.76772308,19.41118622,5.905488014,4.640378952,171.2859659,6,17970.13588,6.328596592,5.988688946,4,284.6944885
9176,99.75051117,47.24347687,26.71981049,11.24022675,6.657406807,2127.282034,1,15899.53973,26.41890717,9.76790905,4,306.2538452
9177,126.7125473,39.87376785,25.73769951,9.625574112,5.420862198,3140.039418,3,14916.87812,25.26433372,8.1701231,4,312.1594849
9178,11.03281021,50.61394119,18.90840912,7.280488014,3.054759979,30.09052533,3,928.2376141,12.49069405,4.847569942,4,132.7093811
9179,94.45591736,30.96305847,21.37071991,7.618067741,4.640971661,1863.097576,3,17881.13577,19.9112072,7.171178818,4,280.6196594
9180,32.80227661,48.15449142,20.68192101,6.204954624,4.135279179,295.2523539,3,21702.49785,9.376701355,6.785219193,4,295.5045166
9181,25.70079994,39.70193481,18.41751099,9.099281311,4.970162392,225.6049955,3,17924.18823,14.05125427,8.29745388,4,271.4083252
9182,67.16816711,36.72842789,23.34403801,10.75863171,7.008407593,1089.18808,3,17185.18731,20.40497971,8.8758564,4,305.869812
9183,47.16613007,30.59727669,17.63220406,6.689153194,3.482348442,101.6044906,3,798.3991418,16.0644455,5.752725124,4,60.70863724
9184,69.96672058,27.8737812,18.36833763,7.300583839,4.884652615,1482.714684,3,9670.507834,17.46318626,5.827375412,4,131.7767944
9185,85.39659119,36.09794617,25.81402206,8.965399742,5.512766361,5137.677655,3,30046.82734,23.09914207,8.271146774,4,308.2901611
9186,62.5794487,25.20291328,15.44729424,5.836723328,3.312009573,3448.985876,3,28955.84173,15.31408787,5.58454895,4,194.6208801
9187,88.97515106,31.59791946,20.10830879,13.85351753,8.891561508,4106.2273,1,12377.48148,33.315979,11.82470322,4,294.0221863
9188,67.26251221,30.8476162,21.03326607,6.612903595,3.837310314,677.5191766,3,245.1969959,17.00291061,6.167912006,4,66.65021515
9189,136.6054688,48.51438904,28.58946609,11.09499264,7.134922981,2481.182983,3,8459.581504,28.03498459,13.99778271,4,46.50743484
9190,90.26572418,29.41815758,18.30084419,6.641578197,3.746371508,1247.999148,3,9667.511441,16.45499611,7.283089638,4,61.34817123
9191,23.72131157,40.89116287,23.74609947,8.42774868,4.360275745,82.22569453,3,20085.40945,14.87334633,5.909741402,4,46.97493362
9192,93.23492432,27.12730408,17.51141167,8.614229202,5.325217247,2445.677615,3,16108.63318,23.50045586,8.636009216,5,109.7222748
9193,163.963501,28.35652351,21.33902359,9.029229164,5.649485588,1299.618267,3,11899.225,27.86920357,8.311710358,4,306.0982666
9194,70.0572052,34.55796814,23.70586777,5.794053078,3.563258171,2653.448366,3,4869.00796,13.92354584,5.298217297,2,48.4336319
9195,59.4064064,33.51352692,19.7168045,6.195527077,4.131205082,3295.866901,3,4128.017734,13.28938103,6.61127758,2,255.6752014
9196,35.16820908,48.09733582,25.48740768,15.4705162,8.183470726,1609.156696,3,16575.61783,26.775383,10.0789156,4,329.2810974
9197,72.64748383,34.79450226,18.37527275,9.556508064,4.972243309,1391.577331,3,451.0796539,22.46641922,7.318283081,4,238.7290344
9198,21.68750191,37.9006424,21.87513924,4.128648758,2.456149817,347.1447086,3,1241.572004,8.060235977,5.057430744,4,240.4486694
9199,33.66600037,31.53659058,15.05202103,5.630739689,4.014787674,2699.076948,3,13714.02003,12.37706947,4.129150867,4,242.4397888
9200,148.3182678,23.79044342,15.67602825,6.200274944,3.515492916,4713.948898,3,15511.1473,20.11150169,5.190914154,4,101.3099365
9201,63.35159302,33.67778778,17.87384605,9.960822105,5.476921558,410.1577829,3,29628.36607,21.39474106,10.3519392,4,119.9621887
9202,30.74047089,34.79985428,21.85710526,6.889406681,3.563498974,55.66011223,3,30261.69036,13.1448164,7.304720402,4,311.9059448
9203,109.6872787,28.95406342,16.27672958,6.907589912,4.475754261,1222.47464,3,21261.70373,17.61282158,6.481189728,4,77.78189087
9204,100.2488937,20.3820343,14.07362175,6.299087524,4.146256447,2528.004945,3,16467.18326,22.05071831,6.455630302,4,240.3501434
9205,56.25760651,29.48692322,17.75650215,9.420847893,4.9676404,1581.234597,3,17415.767,21.52162933,8.691820145,4,167.8762512
9206,16.0057354,38.91152191,11.84236717,8.847322464,3.342140436,1969.652359,3,16972.49165,13.47536182,6.227440357,4,295.7958069
9207,138.7627869,29.17188835,16.93687439,8.589784622,5.171892166,2010.576252,3,16791.05834,21.16705513,8.682058334,4,208.9705811
9208,69.93097687,26.3100872,25.03901291,11.81790352,6.587844849,147.4263465,1,10450.49639,33.84205246,8.068653107,4,24.80992889
9209,40.35087204,43.56665421,28.32872581,10.00456524,5.613337994,586.24777,3,10029.04702,22.46936035,10.13550758,4,44.19306946
9210,187.6632996,22.52784157,16.29262161,8.371356964,5.396176815,490.3923365,3,11154.47854,29.82803345,6.901071072,4,76.32868958
9211,221.9253082,37.02280045,24.24969101,8.408447266,4.334168434,4060.523325,1,12572.2438,23.23349571,9.079957962,4,293.6248779
9212,101.7873535,31.84252167,19.21141434,8.702632904,6.565245628,3041.874524,3,8050.552248,18.30639839,11.65413284,4,111.6147766
9213,94.81567383,45.25556183,27.97985077,7.518600941,4.699124336,298.6198274,3,21437.61899,17.83067894,7.456632614,4,40.18592072
9214,115.5179749,38.05282593,26.77285004,8.767792702,5.227797031,1617.670892,3,13299.04378,25.07108879,7.812983036,5,55.72952652
9215,160.478363,38.0531044,25.70077896,7.86463213,4.5836339,2564.51766,3,14091.48596,22.27954865,7.70236063,5,299.1517334
9216,175.50354,36.9251442,29.07676125,8.52758503,4.559421062,471.7520672,3,11094.61057,27.86138153,7.352867603,4,312.3308105
9217,63.88412476,40.4736824,26.26797104,5.889012337,3.097970963,1794.695822,3,2547.867643,14.522892,5.065703869,2,45
9218,167.3564911,25.0409832,15.94791412,6.759144783,3.937066078,6816.410086,3,11985.90871,21.27331924,7.730383873,4,279.2213745
9219,67.42669678,23.78015518,15.3429575,7.770994663,5.980420589,2043.245933,1,1093.11167,25.9254303,6.058881283,4,311.9211426
9220,121.8102112,28.62225151,21.03389359,7.024772644,4.788814068,2204.269688,3,12364.06424,18.62372208,8.49771595,5,271.3019409
9221,13.60311985,34.2481575,19.25734901,3.07603097,1.75483048,407.9516316,3,21080.82737,6.93052578,3.743067741,4,155.269577
9222,64.002388,40.36678696,23.89821053,7.210386276,4.083002567,37.3050207,3,21195.24234,18.06824875,7.78578186,4,310.5028687
9223,71.5725708,37.09853745,26.50440025,8.015879631,4.794264317,357.4882298,3,21659.49398,18.9752121,6.669232845,4,292.451416
9224,138.3974457,26.97906494,23.52950478,8.137390137,5.223946571,1731.956007,3,12378.29956,27.99272537,6.933137894,4,67.49647522
9225,117.4058075,30.72003746,18.67226601,11.30210209,6.09332037,1871.455071,3,8470.269936,27.48460197,9.811412811,4,149.9314117
9226,192.9925537,25.27583122,15.73912334,9.976421356,5.971633911,1690.200045,1,7546.17191,34.46335602,8.029017448,4,235.8071899
9227,52.79393005,30.2618351,22.26879501,10.79037857,6.38665247,4158.505035,3,12306.21111,27.39151955,9.566914558,4,101.8886566
9228,120.5057526,27.50061989,14.85030746,10.39191818,5.174417973,533.5771211,3,6154.724293,27.7387104,8.450375557,4,150.3501282
9229,68.97949219,47.27446747,27.11643219,6.703681469,3.943346977,718.5997403,3,158.7244159,16.15291214,6.270854473,4,53.74616241
9230,65.67224121,24.16709518,15.41431427,5.424090862,3.152814627,1016.621366,3,20585.76748,16.02581215,6.397731781,4,91.88819122
9231,89.55573273,27.42192841,16.80443954,7.483116627,4.3382864,542.6341548,3,26335.38111,19.55633163,6.340410709,4,120.2576141
9232,43.64958191,32.09670639,16.68488312,8.294589043,4.169595242,277.8029877,3,19575.32619,16.39929771,8.930494308,4,210.4655457
9233,31.94610596,38.10569,14.94312382,9.662297249,5.010313034,381.5411353,3,19079.9012,15.0412035,7.726280689,4,146.3519287
9234,67.97874451,34.74375534,20.69906616,8.608327866,5.050715923,1094.647276,3,17768.57838,16.87687111,6.74144268,4,278.8161621
9235,99.49160004,30.08177567,18.33367538,14.00398064,7.60045433,4796.122031,3,11558.73007,37.25756836,13.2631216,4,189.2026062
9236,103.0827713,28.04742432,18.38500214,12.49284267,8.496786118,4565.10718,3,11897.68531,33.85463715,11.24508572,4,127.0565338
9237,190.3619385,25.95896149,16.00736237,10.03472519,5.732784748,7172.167047,3,11705.7724,28.34713364,8.414185524,4,184.6533508
9238,17.11872101,43.71504974,19.69330215,10.26619148,7.186108112,3339.536572,3,8312.508226,17.68247223,8.367025375,4,172.8749847
9239,132.6373138,28.58224869,21.64081764,6.987298012,3.895205498,4182.966326,3,9086.765823,20.92604065,6.649416924,4,38.41805649
9240,147.954483,26.88776207,17.87099457,9.953116417,5.734648228,3180.58949,3,2218.074295,29.12750435,9.222870827,4,140.2338562
9241,54.61503983,24.98975372,15.54889011,5.13385725,3.013664484,624.6617739,3,10207.98015,13.81759739,4.305002689,4,79.21569824
9242,22.66953087,30.7681427,23.16100502,12.68438911,6.074400425,194.776494,3,10624.27471,21.79474449,8.67491436,4,224.045166
9243,71.04024506,48.08784103,26.15784073,7.762829781,4.189936161,2904.339937,3,14817.09793,18.8981266,7.567157745,5,301.8659668
9244,60.61037827,26.46157455,17.67639542,7.587242126,4.886273384,393.9711495,3,11218.55857,18.5624752,6.531340122,4,266.9872131
9245,115.4854126,23.26779175,15.02210426,7.718874454,5.239197254,1009.563175,3,11656.79767,21.77828789,7.971845627,2,244.8552094
9246,14.0712471,35.64253998,14.71804619,5.362273693,2.955740213,102.9872716,3,30147.42935,12.41495991,6.417113781,4,293.5319214
9247,77.14006042,32.9669342,17.64527702,7.834644794,4.391393661,1969.105317,3,32660.09442,19.68166733,6.34082365,4,72.8972702
9248,22.12410545,33.42169571,18.18645668,5.704060078,2.116640568,2181.382025,3,16690.42592,11.43372726,3.9792974,4,246.0375061
9249,91.35823822,32.61479187,19.17341805,9.307109833,5.033267021,1101.125578,3,19127.70514,20.05319023,7.340314388,4,98.44905853
9250,20.73004341,35.85744476,22.00519562,6.679604053,4.231704235,36.19200828,3,29858.85983,10.10940647,6.502137661,4,293.1986084
9251,92.99105835,45.31906509,27.7716465,7.806922436,4.73357439,1461.212657,3,22162.09112,17.81481743,7.194781303,4,75.00065613
9252,135.8680573,30.32997131,19.08564949,7.492368221,4.294176579,3118.4954,3,15419.81274,20.12796783,7.397571564,5,251.922821
9253,169.6622314,44.66426086,28.06350708,9.867225647,5.645528793,1334.338904,1,16906.44191,29.79486084,8.980488777,4,45.36499405
9254,111.2753754,19.4229126,15.2122488,6.17072773,3.954351902,4881.645273,3,15440.05757,22.64701462,5.066781998,4,65.46227264
9255,141.7533875,22.61748505,16.65180206,7.818744659,4.798360825,3782.671996,3,15805.30705,23.7891655,8.849770546,4,67.61986542
9256,41.91859818,33.72293472,23.10724831,8.167881012,4.570150852,553.1873696,3,30289.44551,17.49979973,6.678979397,4,267.3574524
9257,106.1052017,37.04597855,23.90425491,7.200280666,4.352273464,1393.621041,3,31051.98962,16.69548035,7.260294914,4,236.219696
9258,102.8668823,32.6671524,17.42543983,8.383678436,4.666434288,2333.676588,3,32609.59296,17.80365753,8.138995171,4,101.0937195
9259,136.8350067,22.62831116,18.20996857,7.370454311,4.228406906,3244.716869,3,33410.53547,21.24570847,7.292798042,4,263.65979
9260,46.29347229,56.50859833,25.13616753,8.939941406,4.434350491,5449.182368,3,30895.62639,18.35285187,6.744609356,4,38.77215195
9261,76.5298996,36.33414841,16.11641121,6.148425102,3.268155336,5353.359555,3,31450.89311,13.52062893,5.729990959,4,147.7617188
9262,117.6666031,30.79042435,19.40770912,9.900889397,7.507939339,5105.525762,3,30564.27395,22.85363579,9.686806679,4,155.6803284
9263,54.1895256,45.42897797,24.01689911,9.013684273,4.404824734,277.5429889,3,20145.69716,17.83741379,6.896945,4,56.48199081
9264,175.3629303,29.63912201,21.27173805,10.28725529,6.519832611,476.2640922,3,17038.65059,26.1045208,11.24980354,4,59.53445435
9265,29.74009705,44.88277435,26.79178238,12.60567188,6.807872295,3328.401146,1,8398.932961,26.35392761,10.33664322,4,28.94001389
9266,47.38993835,27.45750999,18.55680084,9.153176308,5.2760849,2819.67538,3,7971.227115,20.86717224,6.692091465,4,192.4649353
9267,77.76292419,30.24932861,22.84995079,10.31686783,6.35537672,3009.84362,1,8289.460845,30.21786308,8.100551605,4,36.93258286
9268,87.58569336,28.66327286,15.52482224,6.894165039,3.750853777,3303.053774,3,16642.33529,18.69630051,6.788954258,4,227.1641541
9269,135.7973328,20.86760139,13.1315136,6.888192654,4.023850441,4707.143636,3,30302.36967,24.17037964,8.15215683,4,224.0289764
9270,108.8025894,27.05481911,15.07167721,8.659276962,4.967688084,3903.735742,3,29498.12263,22.65629959,8.602643013,4,124.298645
9271,88.1555481,33.7705307,16.98560143,7.431426525,4.573112488,2311.363726,3,23278.84066,16.07558823,7.972975731,4,205.9743958
9272,66.5372467,34.06141663,17.97472763,6.488511562,4.146798611,456.3841788,3,18734.29218,14.25010967,7.905351162,4,217.8749847
9273,200.3339844,39.97996902,25.07444191,11.43592358,6.776988983,1747.64123,1,7268.364797,31.62375832,8.125639915,4,306.6167603
9274,184.9016113,38.98367691,26.65752602,8.000204086,4.48109293,4003.193585,3,9775.574419,20.79600906,7.371656895,4,86.08174896
9275,68.01300049,43.55720901,25.96372414,9.598107338,5.12867403,1532.679691,1,601.9999944,25.55324364,6.597530365,4,322.5238037
9276,106.1843719,46.0026207,28.94530296,7.584816456,3.99850893,1220.613903,3,21035.34953,17.09636307,5.798930168,4,322.01651
9277,118.4805298,25.3063221,19.89820862,7.938644409,4.69653511,548.0178046,3,11151.15063,27.90721321,6.794327736,4,48.12213135
9278,131.9251862,31.26247025,24.89471245,10.52366543,7.166650772,691.6081836,3,9973.663771,31.08551025,10.11946011,4,36.41605377
9279,55.1277504,24.97837448,20.30303192,10.87453842,5.984600544,1132.491979,3,9519.614657,21.84465408,8.543937683,4,188.4476624
9280,26.89768028,50.56454849,14.36389256,13.71060276,6.060321331,5383.017587,1,10550.04056,23.27408028,8.860401154,4,119.3956451
9281,69.43352509,30.18011665,17.09039879,8.050590515,5.639791012,423.6594831,3,17801.26638,15.50994492,9.687261581,4,212.9052429
9282,10.97431564,45.94723129,18.25435829,10.50779152,6.670055866,101.8895759,3,10648.42579,12.70250988,8.126385689,4,143.5695496
9283,85.14797974,25.82045746,20.0734024,10.38044643,6.920576572,4988.346489,1,11048.53955,28.84012604,9.052124977,4,166.9798737
9284,117.5294571,36.04691696,27.63933372,9.955789566,6.693760872,5431.571324,1,10684.32779,30.78239059,8.326251984,4,27.6659584
9285,98.01096344,29.69374847,15.91579056,8.930306435,5.257855415,2121.034784,3,979.05057,23.57478142,6.901004314,4,233.7461548
9286,69.62931061,27.10027885,18.73113823,6.995400429,4.768269539,717.4123259,3,181.9564486,19.99419022,6.55166626,4,102.8937454
9287,60.30857086,33.68429947,17.09080696,7.772593021,4.267875671,1551.826585,3,23697.25079,17.18365669,6.861997128,4,192.9946136
9288,47.91295624,36.15421677,25.21397209,9.234764099,5.608104706,121.8020746,3,19722.0958,17.17539597,10.39023781,4,33.2976532
9289,125.7194595,28.5892086,15.91398144,10.98979282,6.487235069,2790.174145,3,15322.35038,29.72131348,8.910998344,4,163.9925995
9290,18.92219925,42.8074913,11.89388084,7.572102547,3.791456938,2523.359971,3,1562.678898,13.88682938,6.002233505,4,161.2479248
9291,114.2107315,31.45742989,22.48060226,7.269609451,4.223719597,1018.736744,3,9724.202687,20.33975601,7.62029171,4,48.90049362
9292,51.53447342,19.19631577,9.916239738,9.349701881,5.018433094,2317.917653,3,1367.978171,25.38160706,7.660687447,4,266.5317688
9293,63.14065933,29.91315269,16.25940514,6.42865324,4.076775074,5608.624737,3,31212.56771,15.31210518,7.667051315,4,228.5763397
9294,55.94937134,22.54293251,14.7589016,5.98211956,3.581438303,2698.253439,3,28407.37594,14.60181618,4.795916557,4,195.5826721
9295,75.44496918,52.40305328,27.6174984,8.183240891,5.188540459,730.5941635,3,20314.1244,15.72976017,7.109261036,4,307.875
9296,103.9971848,30.76258087,17.21246529,9.402158737,5.302862644,4383.199265,3,9591.537528,28.07189941,8.011031151,4,67.4839859
9297,165.3618317,44.75969315,27.59342575,9.605746269,5.474951744,3663.072242,1,9030.856579,28.53783607,8.16448307,4,306.3615417
9298,93.87749481,52.07827377,27.807724,13.25370026,7.85254097,4667.340001,1,11812.48671,33.53294754,12.1342659,4,288.15271
9299,104.0398407,26.15704155,16.59033012,8.790618896,5.576892376,1720.694287,3,16190.74211,27.40796089,7.340413094,4,211.8274536
9300,54.99555969,28.120821,16.95443344,5.868616104,3.755073547,508.4376535,3,20554.44362,16.25357819,7.292853832,4,120.4998322
9301,44.07393265,41.10070038,18.17541313,12.15745258,6.899568081,655.1990182,3,18262.85994,18.00647354,9.987493515,4,137.6025696
9302,64.38702393,34.76377106,18.09500313,6.543830395,3.691459894,2036.875729,3,2846.482927,15.69289303,5.295425415,2,191.6114807
9303,65.77288055,43.80251694,23.82150841,8.421251297,4.756750107,721.9725188,3,25.74160614,18.14522171,6.561871052,2,276.115509
9304,50.22412491,44.5982933,28.91410446,10.50720692,6.638092995,5476.651941,1,10506.27431,30.96178818,7.160667896,4,325.7028503
9305,98.08311462,28.47884178,18.97759056,10.09074974,6.303852558,1321.568652,3,16735.29048,26.78837776,8.55223465,4,166.6016541
9306,103.6697311,34.86437988,22.30267525,10.42841721,6.407916069,527.4454213,1,6307.664277,28.5261116,9.371612549,4,45.89517212
9307,219.0405731,35.04468536,23.79711533,9.405802727,5.736440659,2193.598624,1,3745.036548,26.56507301,7.96831131,4,302.1957397
9308,144.129837,33.16768265,19.31391144,9.787125587,5.723457336,3320.425724,3,3559.164208,24.09485435,8.981728554,4,129.9203949
9309,114.1083221,31.18548012,20.18119431,10.0700922,5.364311695,1748.852567,3,838.196944,26.29809189,8.331008911,4,225
9310,111.1814117,20.99894905,12.48576832,5.832366943,3.273943901,1300.563832,3,9499.891273,18.58957481,6.808401585,4,73.44293213
9311,129.2097778,30.50271988,22.38822174,7.524636269,4.090452671,674.2064163,3,9993.551866,22.7311058,9.59999752,4,43.60281754
9312,129.6687775,31.59028816,20.81569481,7.21489954,3.974868059,477.396026,3,10137.17137,21.93930054,10.75265408,4,46.73570633
9313,28.10871696,35.72080231,18.48810577,14.89299965,4.928021908,206.49015,3,10902.31624,25.07718086,10.86306381,4,248.9367218
9314,99.07288361,29.38095665,17.01733971,7.777461052,4.164680958,908.7036906,3,19339.23812,19.63597298,6.541632652,4,199.2059937
9315,51.94343948,33.72201538,24.16983795,9.603676796,6.204709053,74.61497698,3,20719.50683,20.14034462,10.68588829,4,324.6375427
9316,47.4709549,23.599226,11.157341,5.943180084,3.229317188,107.2543868,3,25445.32159,17.11445618,4.845361233,4,135
9317,13.37442875,47.00698853,18.30174446,6.861991405,2.555032969,154.1700834,3,25392.26658,9.884165764,4.809485435,4,72.75854492
9318,118.1310959,42.44509506,29.27972031,7.552911282,4.624855042,885.368297,3,25606.25195,22.46678543,7.783601761,4,326.4222717
9319,197.5079956,36.11107254,26.75862885,9.990401268,5.97456646,325.3568285,3,10972.62567,27.65658188,8.887951851,4,297.9920654
9320,55.13744736,48.03258896,27.29986191,8.779902458,5.149691582,36.17875347,3,6519.403897,17.09284019,6.925911903,2,50.19442749
9321,70.67105103,43.73233414,23.83934593,6.401697636,3.57352519,2739.901068,3,4099.163444,14.39403152,6.272916794,2,283.3329773
9322,44.65494919,29.451828,18.93673706,10.38393211,5.811450005,5222.065006,1,10226.21034,29.06832314,7.079016209,4,134.7551575
9323,151.3150482,38.32118988,27.63337326,10.67690182,6.039783001,4806.750183,1,11755.62605,30.45786667,8.919773102,4,37.02961731
9324,111.5440292,26.75329971,20.80269241,9.480000496,5.598844528,3514.107398,8,6128.561909,27.50682068,9.434674263,4,104.412384
9325,82.41027069,27.34770012,15.68380737,8.730223656,4.785869122,3868.424913,3,7021.813377,22.36443138,7.051511765,4,255.3791199
9326,87.77696228,32.20773315,18.05882645,7.348784447,4.706407547,1205.298604,3,28607.75951,16.35790062,8.663533211,4,91.68468475
9327,54.45915222,32.10400772,20.41617012,9.168492317,5.443145752,183.2548235,3,6942.508656,20.19611931,9.686304092,4,217.146698
9328,31.91980553,29.47652435,15.86262035,7.546397209,4.212413311,1239.598428,3,7741.08787,23.80160904,6.463662148,4,116.554657
9329,157.2284698,26.28031349,20.89452744,8.734758377,5.126529217,4531.406611,1,12040.2349,29.48379135,7.602802753,4,282.9946289
9330,123.9754562,21.33665085,12.6057663,7.502625942,3.938757896,5624.078715,3,13091.20887,23.28647804,6.038838387,4,191.3099365
9331,147.4828491,28.50505829,19.24023247,10.55734921,6.900911808,3127.843961,3,2208.655745,27.46285057,11.22024727,4,264.2373657
9332,95.57636261,32.06167603,16.93034172,8.126803398,4.46324873,879.6799323,3,27872.46439,19.02211189,8.321938515,4,111.8014069
9333,15.93481541,27.04026413,13.62961006,6.377501011,3.436564445,183.7649644,3,25568.76262,16.48343468,3.082421541,4,57.04447174
9334,51.69577408,32.9666748,21.32056618,12.3260994,7.262988567,1037.521271,3,7704.06763,25.64691353,12.03178024,4,296.2376709
9335,129.477417,29.93140411,18.09177017,8.670122147,5.473216534,225.6988023,3,10301.60458,22.17098045,8.89526844,4,73.29620361
9336,64.50847626,27.60522652,20.65851402,6.324315548,3.53474617,4209.70557,3,32092.81269,17.89313126,6.007439613,4,46.68614197
9337,124.2897415,23.07845879,11.97145271,8.392068863,4.650808811,3006.194795,3,15307.97822,27.42338943,6.610198498,4,206.3421021
9338,156.016983,22.23610878,16.3591404,9.240868568,5.847779751,3288.868682,3,15116.35549,28.47162437,8.344575882,4,174.9759216
9339,111.0325928,30.53819275,18.4495163,11.54764557,6.497505665,1707.03325,3,7461.100333,28.62315178,9.752670288,4,202.0272827
9340,35.03379822,27.03282928,17.4766674,4.860943794,2.729836941,171.9421773,3,1348.111191,12.45108509,4.953352928,4,231.9924316
9341,90.93850708,33.12801743,22.63635254,9.022564888,4.726543903,905.2080891,3,11495.81864,21.16023636,8.486815453,4,290.1264038
9342,118.0026093,28.60759163,17.69020653,8.596946716,5.594534874,671.4294059,3,11191.81476,21.53887177,7.879588127,4,242.9140472
9343,179.5604858,44.23059845,27.797369,9.135825157,5.432034969,4445.923284,1,12713.87372,26.03019524,8.908088684,4,315.7911987
9344,101.0661469,38.57643127,28.17062569,7.222061157,3.999653101,2993.569648,1,8726.398566,21.27127266,5.67160511,4,45.98775864
9345,48.46123505,24.98251343,22.03169441,8.123837471,3.535208941,2543.935414,1,8124.828946,26.76513672,4.563658237,4,24.81016159
9346,104.4892273,31.20091438,23.22215843,8.604020119,5.726875782,2022.537774,3,8070.06901,26.11424637,8.667019844,4,42.39743805
9347,173.8653107,28.35582161,16.63823509,9.422979355,5.22064209,2045.194739,3,4203.64273,26.2850399,7.92176199,4,192.3390808
9348,57.32988358,33.64293671,19.1041584,6.917326927,4.283512115,220.0041201,3,849.1904018,14.28875446,8.178287506,4,64.62895203
9349,73.7203064,30.03587151,17.35204697,6.756789684,3.706837893,357.5365319,3,1932.314523,16.94556618,5.971356869,4,219.7261047
9350,154.1450348,30.02189255,17.5412693,10.86215019,6.22677803,3352.323561,3,8072.457985,32.36578369,8.359704971,4,233.1947632
9351,58.22049713,39.45253754,29.20444489,7.29617691,4.109538078,3708.082477,1,13321.3017,18.91646385,5.626708984,4,332.5924072
9352,42.84658432,31.56727028,18.80911636,8.03720665,5.505961895,446.2870364,3,5578.757386,16.53361893,10.30610275,4,279.130188
9353,71.27809906,29.96776199,18.07209206,7.506872654,4.140526295,1977.46636,3,24583.52601,18.84982491,7.942239761,4,238.6387024
9354,127.1511536,55.40256119,27.05940056,7.742505074,3.881104231,874.208552,3,25881.16863,20.50443268,6.646070957,4,53.21585083
9355,144.1487427,43.26467514,28.51078224,7.740668297,4.647923946,1162.296778,3,26384.99676,23.01476288,8.858539581,4,323.1300964
9356,81.56465149,36.31028366,22.6755085,9.337004662,5.275714874,314.2126684,3,19617.3151,22.15025711,9.703888893,4,48.57633591
9357,7.351842403,37.71993637,13.62121391,3.825319767,1.814702272,255.9782089,3,19118.19956,5.587748528,2.107280016,4,220.9143829
9358,15.5227766,43.1883049,14.5161171,9.442534447,3.277000904,1197.293732,3,7807.405972,15.70782566,7.421733856,4,112.3795853
9359,119.194603,28.29828835,17.90633774,9.065138817,5.897825241,1439.410884,1,16583.15993,26.00456619,7.87530899,4,282.6525574
9360,144.057373,27.93270874,16.58660889,10.17830658,5.483223438,1795.340815,3,16375.29426,26.66176414,7.884278774,4,165.3932648
9361,145.2238312,30.94426727,15.99799442,9.174608231,5.301320553,2645.892105,3,15730.85841,23.71685982,8.649356842,4,169.5625305
9362,73.7744751,31.82524681,16.74226952,6.725278854,3.587346315,1951.116581,3,23486.819,15.50660324,6.176588535,4,81.86989594
9363,36.19128036,47.60422897,26.69523048,8.655547142,5.008023739,425.1271586,3,30105.16803,13.93785954,7.279666424,4,80.09581757
9364,66.18378448,36.76491547,26.81985092,9.30074501,5.957044601,237.228619,3,26130.94799,23.74404716,7.493745804,4,54.96324921
9365,95.20648956,27.74624634,16.77593803,6.480788708,3.552165508,793.3018658,3,26432.30643,18.01984596,5.202370167,4,70.7407074
9366,171.6123505,36.57200623,22.56596756,10.12829876,5.815328121,692.0186615,3,9836.320585,26.02007294,11.5036459,4,57.13445282
9367,109.9279556,30.29474449,17.58977318,12.12342739,6.490036488,1500.685126,3,8958.612993,29.41143227,10.93440151,4,223.3616943
9368,115.1773529,31.8288269,18.60259628,8.516026497,4.933456421,1380.828808,3,5719.759278,20.59259987,9.516399384,2,236.4717865
9369,41.96889114,35.00207138,19.11901283,10.33702087,7.05416441,398.7662356,3,1097.05965,20.6337986,10.79705715,2,137.8804932
9370,54.81869507,35.4328537,18.3201561,7.72937727,4.426311493,1546.445403,3,757.8825654,16.10012245,7.467501163,2,155.4985504
9371,89.47314453,54.61961365,28.04605484,11.60984039,6.355697632,5445.257269,1,10203.11429,30.84980011,8.374224663,4,328.2702637
9372,76.8907547,27.63657188,16.15039063,7.938462734,4.419598103,3021.440426,3,8533.329968,23.96244049,6.583490372,4,83.43123627
9373,83.26446533,27.14330292,17.88538361,12.11793804,5.955136776,3745.844737,3,7242.938181,26.9482975,12.01303005,4,239.1398468
9374,65.66796875,34.21194458,21.81195068,11.42643642,5.682594299,3955.27268,3,6619.274501,23.40953636,9.779273987,4,234.4324951
9375,66.46146393,64.60962677,21.87753487,8.786452293,4.33241272,2077.499887,3,18565.73378,19.07112503,5.792635441,4,59.03624344
9376,84.82175446,31.51853371,17.52939606,8.33083725,4.32809782,930.9161771,3,18861.69537,18.67170715,6.987557411,4,193.752182
9377,80.35317993,23.56822014,16.12297249,6.485206604,4.227572441,1899.959704,3,24055.62826,18.63003159,7.933735847,4,99.3720932
9378,67.06330109,24.51675987,16.64640236,6.388870239,3.941012383,1789.811001,3,23681.65957,17.99275589,5.4576087,4,181.9305878
9379,78.48804474,34.98780823,21.43948364,10.51779461,5.722932816,813.6493142,3,20520.33314,21.66333199,10.15364933,4,89.02897644
9380,85.06757355,28.95285225,14.45751572,6.612425327,3.655808687,3605.771785,3,2624.012338,16.57950401,6.227902412,2,168.4844055
9381,167.7373962,41.13135147,28.20353889,10.52938461,6.391642094,4546.982795,1,9068.416244,32.14443588,8.71005249,4,102.5125885
9382,132.3488159,32.42935944,24.6298275,10.10986137,6.192700863,5305.883555,1,11027.13779,30.0954895,8.199118614,4,31.51237488
9383,60.86946106,26.15342903,15.8924818,8.005804062,3.824126005,238.0269032,3,931.1361475,20.3084259,6.975068569,2,299.2328186
9384,105.7590332,23.50642395,14.43307018,10.45524693,6.177785397,3176.160467,3,14585.3834,29.49556351,8.719398499,4,179.348938
9385,96.57535553,28.21330452,14.86397171,8.35173893,4.422208786,5320.513127,3,13430.74473,27.97501183,6.686343193,4,133.0694122
9386,57.85146332,32.5847435,20.79051399,7.866018772,4.486519337,825.3105547,3,29989.17869,15.08372593,6.684616089,4,263.2901611
9387,67.11026001,29.64646721,18.3860054,7.689396381,4.93564558,2442.59275,3,22638.20221,19.32965469,7.248043537,4,273.6214905
9388,72.14582825,37.26512909,17.87595177,8.115421295,4.442158699,2556.945528,3,22920.11269,17.2368145,7.331702709,4,160.2011261
9389,145.3314362,30.86053085,16.40148163,9.738585472,5.1457057,4426.899775,3,9298.432423,28.62100029,7.812633991,4,100.0079803
9390,156.3277893,26.58375549,16.53700829,8.369631767,4.7836833,2135.819444,3,4533.690999,25.57134438,7.275173187,4,227.8271179
9391,89.44485474,28.01385307,16.18009186,7.695996284,4.312663078,473.0482343,3,19751.35473,19.35830879,8.078967094,4,130.9004517
9392,60.88680649,28.24337578,18.45431137,8.96438694,5.138708115,1478.514592,3,27249.68894,25.51052666,8.025522232,4,230.7105865
9393,55.05509567,39.14463043,23.61678123,8.383015633,5.174096107,513.1699289,3,29105.5107,15.14056873,8.476453781,4,300.4655457
9394,67.05839539,29.70099831,19.12917137,5.382024765,3.173561811,2487.788954,3,28338.18044,13.09591961,4.355398178,4,301.5513916
9395,59.40854645,30.34727097,17.18219376,8.084287643,4.447719574,1550.238545,3,27420.6285,17.34128571,6.612398148,4,125.8698273
9396,92.0495224,38.21466827,21.4360714,6.727059364,4.275501251,2458.95972,3,1392.065108,15.13052464,6.318453789,2,254.8218994
9397,99.99262238,28.71327209,15.86492538,6.208748817,2.996624947,2414.883144,3,1454.980722,14.7594595,4.62171793,2,202.796524
9398,107.7428894,29.90219116,18.7498455,10.54648972,7.2273283,5571.647897,1,10894.42313,30.72635078,9.581888199,4,116.9423218
9399,106.5184326,31.11685181,17.7803154,10.04181767,5.644241333,385.9431793,3,6668.137594,25.21380997,6.927754879,4,163.9400024
9400,95.03185272,27.64552307,18.94950676,12.72042847,7.855261326,13.01623103,3,5960.961196,27.40589142,11.29708576,4,97.59464264
9401,39.520298,32.03082275,17.96292877,7.521803856,4.779556274,1195.891557,3,3258.407349,15.22374821,7.196599007,4,195.255127
9402,40.75421143,31.30417824,13.93844891,8.518022537,4.234789848,1052.441475,3,3266.829243,15.11753845,5.838155746,4,291.1398315
9403,196.1248474,33.02838516,22.81255531,10.1558094,5.974397659,1946.449423,3,4362.269843,26.78552437,9.120814323,4,314.5264893
9404,90.79385376,28.12117004,17.12473488,8.446788788,4.999948502,977.5023907,3,27407.69144,20.4989624,7.863594055,4,212.3349304
9405,129.4078674,30.05818558,18.65703773,12.47302151,6.806546211,5173.878811,1,11393.67884,33.31742477,10.93782043,4,256.5891113
9406,138.5661163,30.15569496,17.47739983,10.42012024,5.637931347,3542.45765,3,14000.305,25.42860603,7.842175484,4,141.2258301
9407,113.8840942,30.78730202,16.99119377,10.42611408,5.24978447,3440.157388,3,14233.32953,27.08762741,9.165266037,4,113.7203979
9408,21.63641357,34.67726898,19.37104797,7.709767342,3.108108282,3685.871511,3,6244.022029,14.45219135,5.408564091,4,182.083252
9409,133.4657745,24.38302231,14.86086369,7.664216995,4.871455193,1092.699396,3,11524.66329,22.13982964,7.866052628,4,220.7636108
9410,58.14640808,29.95272064,19.18583298,9.175469398,5.396853924,0.729196377,3,29022.51907,20.81417274,9.179223061,4,135
9411,61.84703445,30.85215569,16.08320808,7.10371685,4.055874825,5078.501876,3,31774.66926,15.00591373,6.56900835,4,185.1944275
9412,79.36625671,34.17396545,17.51003265,7.967232227,4.426804066,2266.116761,3,1410.1478,16.92915535,6.06256628,2,265.1546021
9413,140.9233398,26.99916458,16.111166,9.646346092,6.056654453,3613.622877,3,3242.413876,26.07863808,8.332555771,4,247.416153
9414,140.8825989,30.19546509,22.66087151,9.974124908,5.874466419,2343.589926,3,4713.12563,28.46614838,9.568066597,4,308.1740723
9415,61.2297287,57.71354675,23.37786674,8.220090866,4.534299374,3717.465375,3,7171.45776,16.42752266,7.802530289,4,280.4516296
9416,58.03963089,36.04128265,16.00653267,12.0485754,6.740648746,1605.343357,3,26970.56182,23.26233482,10.62984276,4,96.97711182
9417,58.43522263,40.40232086,26.69950676,9.925175667,6.000613213,340.5246341,3,7281.723939,21.14637566,9.165660858,4,30.96375656
9418,287.4030151,32.69246292,17.92400932,6.366449833,3.899254322,3981.079043,3,1641.517638,13.97301197,7.657426834,2,168.6900635
9419,100.0783539,38.33997345,27.05736351,10.79510117,6.115909576,5590.536789,1,10906.63524,28.89734268,9.69870472,4,326.8886719
9420,106.1884918,32.09677124,19.83077049,8.872215271,5.023674965,3805.929891,1,13459.36521,25.47889137,8.580359459,4,283.3894043
9421,109.2191391,23.31537056,15.44478607,6.749797344,3.921730757,1831.232689,3,8739.176122,18.96022034,7.240299225,4,116.7523041
9422,95.76422882,37.38776779,25.91689491,8.190151215,4.57092905,280.9659117,3,20088.89125,22.73365593,8.35332489,4,302.9052429
9423,90.74645233,30.78260422,18.04907417,6.177994251,3.196698904,531.1267881,3,20937.42775,18.46705627,5.311168194,4,247.8905487
9424,159.0197296,21.93811989,14.60350513,7.346875668,4.208379745,3793.544066,3,33218.81731,24.63531685,7.266112804,4,240.5241089
9425,118.7423401,25.55835152,15.60683346,7.795144558,4.113400936,4895.475915,3,32150.43773,20.98589897,7.62448597,4,71.9412384
9426,137.0149536,21.76855659,14.85579109,6.294865131,3.983798504,1503.254008,3,24386.94133,21.89341736,8.406409264,4,67.06790161
9427,68.74668884,31.26493263,24.46507454,10.27247143,6.178319454,1040.174961,3,8014.202149,31.04594612,7.517213345,4,42.11358261
9428,77.29437256,35.18395233,17.39767265,7.513984203,4.657627583,1227.345246,3,1970.170256,15.79462051,7.459440708,2,156.1612549
9429,22.43526077,18.44067574,11.39699936,5.564305782,2.66984725,4278.966224,3,3385.288836,14.87446308,3.62203598,2,175.6485291
9430,96.44400787,25.73251343,19.15008163,8.625356674,5.48492384,3869.360834,3,6924.09139,24.22861099,10.33832264,4,253.6104584
9431,35.9809761,30.69784164,17.58006859,6.173849583,3.426924229,3447.042204,3,29224.97519,12.63236141,4.120035172,4,207.0720825
9432,81.19610596,46.43803024,28.3521843,8.34928894,4.329884529,1374.502326,3,27126.43496,18.22297859,7.995830059,4,305.294342
9433,73.83103943,30.15783501,23.61743927,11.74167442,7.472756863,790.3269711,3,7701.214136,29.46253586,11.34965897,4,236.9761353
9434,149.0240936,30.85211372,21.8740139,9.390520096,5.20499897,3797.198893,3,4392.589427,27.04183388,9.581532478,2,296.6880188
9435,182.4307861,31.51978111,25.07580376,8.876808167,5.244744778,4586.521419,1,12362.20072,28.83434105,9.415307045,4,64.10734558
9436,169.758255,27.12828636,15.99871922,7.914659023,4.343636036,4264.250383,3,9752.254378,23.05794716,7.522170067,4,88.68811035
9437,45.52643967,35.1250267,19.04437256,13.70391846,7.386222363,460.7202472,3,5878.497562,26.63084793,11.53692055,4,250.4188538
9438,165.140686,27.86102486,17.34182358,11.0096817,6.918009758,2553.184324,3,5192.035064,29.4675312,10.60807991,4,107.5924225
9439,101.6816864,23.02958488,14.3695116,7.703439236,4.951207638,4130.857653,3,29872.53952,22.64721489,9.79900074,4,152.5712585
9440,154.4279175,25.23464203,15.70652294,6.802025318,4.249674797,1743.132524,3,16967.52629,18.80913544,8.281689644,4,256.7594604
9441,64.80832672,35.06780624,18.56523705,7.920502186,4.291114807,295.6733382,3,471.6498672,16.26708603,6.588578701,2,156.2659302
9442,63.91195297,35.99119568,18.9256649,8.62063694,4.969967842,737.3100761,3,113.2125567,18.57924843,7.449742794,2,180.7073212
9443,78.33188629,23.8065815,16.44481277,8.671393394,5.531288147,80.06965663,3,6182.479153,23.7267189,9.362956047,4,93.12213135
9444,44.48228455,37.64601517,24.70511436,10.08962345,5.039558887,3614.170926,3,6268.87025,20.00995255,8.304739952,4,335.2695618
9445,131.8039856,23.91379166,16.99528885,8.766745567,5.992332458,2912.179676,3,5788.411413,27.53165817,9.552705765,4,263.5652466
9446,106.609169,29.40349388,17.63703728,8.272835732,4.685842514,2281.894455,3,26117.35379,20.07931519,7.883110523,4,147.3967896
9447,67.63967896,18.07403755,14.8981123,7.888978004,5.200336456,5132.429047,3,31357.18128,22.2176857,9.834218025,4,186.679245
9448,89.96948242,39.891819,23.44000053,7.213763237,4.052149296,1496.707167,3,27400.02407,16.6725769,6.108701706,4,53.68090439
9449,13.38575745,34.9242897,18.41329765,4.463984966,2.154541731,741.6248583,3,1439.56776,8.331876755,4.468660355,2,106.9703522
9450,24.9740448,29.81678963,21.54969597,5.802892208,3.659445763,535.0198392,3,1239.652381,13.58280563,7.284400463,2,265.8703003
9451,169.3409576,21.18945313,12.0105629,5.803403854,3.687422991,4319.771799,3,3804.47434,19.97504807,8.742398262,2,253.9327087
9452,126.7152023,28.17083168,17.56259346,10.6900959,6.03236866,1588.307427,3,6863.276565,27.28345299,6.427744865,4,240.3408966
9453,112.2782593,57.2571373,27.79377365,8.888553619,4.717612743,3689.608024,1,12915.93743,26.25083923,7.285712719,4,37.14668655
9454,131.1993408,28.28551483,17.10426331,8.484210968,4.795004845,1964.326468,3,16322.55469,25.33001518,8.080532074,4,255.7841492
9455,67.12374878,24.97911644,13.90153885,7.811522484,4.529220581,469.0296441,3,2468.501421,19.08299828,8.384821892,4,149.7528076
9456,168.7125092,21.91823387,15.88130665,8.409434319,5.947117329,2516.856224,3,8156.275689,24.13592148,10.44062424,4,173.4674988
9457,33.35266113,30.22834969,12.66800308,11.30811977,3.88065052,1678.157293,3,12075.31317,29.31737137,6.704426765,2,206.869812
9458,135.4985657,21.5920639,14.85721588,7.638062477,5.142366886,2231.148055,1,7079.377969,33.69101334,6.035883904,4,242.2324524
9459,190.9454193,30.00356293,17.15712357,10.63772011,5.908965588,5442.208681,3,9428.621489,30.22136879,8.661634445,4,119.7220154
9460,95.24394226,25.52089882,18.50222015,10.8622942,6.494303226,1160.611731,3,16367.77895,26.58374786,9.805418968,4,178.7811279
9461,90.12104797,26.8901825,17.53484344,7.107946873,4.114816666,947.4997731,3,39.78113244,18.41733932,6.612500668,4,118.7484741
9462,87.57926178,27.80886841,20.36669159,8.037192345,5.228431225,1408.616451,3,9005.486009,21.00815773,10.52702236,4,254.8609619
9463,54.33966064,28.44576073,17.29729652,5.050951958,2.664385796,2226.062886,3,23077.0377,13.96073723,5.54827261,4,235.3048401
9464,249.9794769,34.05238342,19.37233543,7.083653927,4.581597805,4638.9354,3,2268.051162,14.00786209,7.121831417,2,263.2901611
9465,66.57688141,31.8627224,16.63482666,8.364375114,5.449558258,377.5453465,3,1116.62853,20.29476738,8.13643074,2,249.9047699
9466,191.2526398,29.79416466,18.06164551,8.278643608,4.951453209,6792.260262,3,11640.17164,23.78690338,8.516384125,4,265.3999023
9467,35.38434982,35.62316895,19.26367188,5.6042943,3.143353701,525.284345,3,2728.893076,10.90139484,4.905721664,4,272.2869568
9468,111.1520309,29.16946793,16.5447464,7.25981617,4.3697896,2585.868828,3,24656.87207,18.03085709,7.406020164,4,210.5544739
9469,120.6618423,34.56398392,18.52169418,7.359856606,4.479004383,1219.175264,3,6084.385059,16.20063591,7.124118328,2,247.6671448
9470,98.34308624,30.75889778,14.73143673,11.70194149,5.455445766,1992.068785,3,15974.7811,30.63649368,10.10557175,4,110.1423645
9471,21.56942177,34.18562317,19.67469215,9.009058952,4.457021236,409.8105483,3,809.8498641,16.77698708,7.207979202,4,121.7656097
9472,25.68593216,40.89007187,26.47490501,7.682077885,4.520509243,396.8530868,3,920.5146785,15.33962345,8.116969109,4,65.40753937
9473,191.4670715,24.66500473,14.65706539,6.813025951,4.134029388,1263.628963,3,3670.970393,22.56277275,6.990996838,4,245.5560455
9474,84.81381226,32.87800598,18.3494854,9.447147369,6.110230446,2798.477337,3,32172.41033,20.58812523,8.728806496,4,116.2734604
9475,134.6000671,26.35571671,17.21371841,9.803899765,5.846328735,5010.517637,3,32686.93398,26.62453079,9.120628357,4,151.1275787
9476,72.83176422,25.54284286,16.72663307,5.216266632,2.879490852,2707.479727,3,28606.77141,14.75006294,4.863098621,4,266.8201904
9477,53.01537323,34.63714218,19.34137726,8.130238533,4.917455196,286.7886874,3,18655.26684,15.51295757,7.459187984,4,214.5625305
9478,66.57554626,35.44071579,19.91708374,8.364012718,4.413271904,1307.431572,3,2018.594894,17.5328083,6.247743607,2,59.03624344
9479,72.77269745,31.47690964,19.90159225,6.834972858,4.083940029,1472.557655,3,2178.390409,17.53648758,6.384439468,2,68.91133118
9480,108.2334061,45.00329208,27.57087326,10.66397095,7.558347225,3550.119321,3,6500.828682,22.38565254,14.37214088,4,53.2543869
9481,136.4703369,28.3478241,17.9250164,7.13747406,4.099663258,4263.682831,3,33439.63643,21.57678795,7.332166672,4,162.090271
9482,11.38461113,50.11894989,10.74111462,7.800038338,3.637017727,3647.915192,3,29423.43125,11.55061054,4.547162533,4,216.4370422
9483,68.31330109,36.67978287,18.44838333,8.160953522,4.629995823,2771.342304,3,31671.00421,15.89276791,7.06084919,4,197.8188782
9484,167.3892212,42.90301514,26.71937561,11.04424953,5.944833755,177.6450281,3,10227.96477,26.30189323,10.10196686,4,37.35800934
9485,63.98823929,35.812603,21.89467812,11.35685635,7.376030922,840.9846205,3,9481.229775,20.21814156,16.14273262,4,92.88594818
9486,34.65366745,41.66724014,17.71896935,9.304207802,6.489615917,1072.297357,3,9215.028875,16.39448357,12.73201752,4,255.2564392
9487,43.11211777,27.06677246,16.31883812,10.31255341,6.374993801,1732.778789,3,15934.10358,24.44112396,9.289448738,4,178.7078247
9488,98.20061493,35.1014061,22.95796394,8.061422348,4.553654671,3694.666247,3,33380.6963,21.20317078,7.055735588,4,288.5584106
9489,87.22348785,33.62016678,19.85372734,6.96739912,4.476614952,1453.295384,3,20921.70828,16.91545105,7.038262367,4,104.173233
9490,38.09850311,30.61078072,18.68328094,8.461033821,4.671100616,767.1431466,3,17973.11039,18.76629448,7.478572845,4,130.4971619
9491,98.69043732,31.0849514,17.2804718,10.55192852,5.442329407,2574.805563,3,13812.60437,27.20810509,9.263987541,5,156.8981934
9492,73.89086151,19.14988708,13.18017769,5.961410999,3.688322544,2023.283252,3,22845.64143,15.73383141,5.626840115,4,168.6900635
9493,55.84006119,29.65492249,18.97894096,6.899333,4.021138191,1933.676695,3,22221.01197,18.38677406,6.34346056,4,87.87890625
9494,80.64031982,52.68193054,26.12722588,10.48184872,5.912563801,1008.73306,3,19937.32258,19.17126656,9.406624794,4,49.08561707
9495,27.61475372,37.17774963,20.14102554,10.98336792,4.579957008,1946.854841,3,15730.65274,20.00555229,9.104409218,4,73.30075836
9496,111.3835449,30.68992615,17.11181259,9.73595047,5.264855862,4818.850095,3,14156.11373,26.43169785,8.870896339,4,157.4833832
9497,27.10316467,26.62077904,18.6068325,5.375118256,2.979851961,3837.317635,3,29622.74547,12.36558056,4.669630527,4,168.5153809
9498,35.8141098,31.2970295,16.689394,6.014260292,3.363443851,3411.078044,3,29267.11157,14.09955597,4.319904804,4,325.5262451
9499,127.8443756,21.30253029,11.18787098,5.500469208,3.199641943,4606.114221,3,3645.797852,16.94884491,6.959290028,2,233.4490662
9500,48.60896683,42.96052551,24.54459572,6.357759476,3.47192955,1147.565487,3,302.6975207,13.38588142,4.824516773,4,306.2538452
9501,64.82167053,29.61585045,18.42807007,8.87552166,5.073976994,626.8313544,3,19740.37281,20.56442451,7.873603821,4,135.9559021
9502,204.8443298,23.85153198,15.73384857,7.398788929,4.388492107,6482.64944,3,11627.27052,26.36923218,6.860251427,4,239.2401428
9503,103.6177216,38.82149506,23.6594677,8.295454979,4.997477055,1948.49604,3,25983.79176,20.65722466,7.511438847,4,47.41950989
9504,23.06553459,35.09986496,19.20803642,6.238482952,3.412247658,3725.977706,3,29569.50385,10.48782063,4.681801796,4,297.2311707
9505,266.7870483,32.61850739,19.03535843,8.982977867,5.428598881,5887.778167,3,3745.603233,16.87022972,7.000414848,2,155.3904419
9506,117.7731247,26.78001595,16.4493351,6.368162632,4.000179291,1284.877056,3,206.3264568,18.25656319,7.936589718,4,65.22486115
9507,83.86208344,23.82358551,17.59357452,6.422244072,3.762431145,956.993737,3,18615.40017,21.16450119,6.212009907,4,83.25441742
9508,58.44976807,38.75417709,18.66576576,6.404345036,3.408270597,2932.355133,3,1583.865167,12.25995827,5.080486774,2,147.9259949
9509,29.45958138,34.38328934,15.21854401,9.305872917,5.039989471,3697.593808,3,14257.9663,19.4218502,7.65762949,4,131.8201752
9510,97.49941254,30.95268059,23.88569832,8.515590668,4.758555889,3547.473897,1,14333.61777,23.42652893,9.026172638,4,308.5169067
9511,144.7840424,36.43688965,27.16564941,9.3729105,5.715110302,2886.750403,1,14907.07147,28.44081306,8.678997993,4,39.80557251
9512,170.2050629,27.34266853,18.66189575,8.858071327,5.172452927,2582.925197,3,15041.68322,29.85686684,8.885807037,4,87.51044464
9513,157.4510956,32.51262665,27.58277893,9.779163361,6.103199482,2375.292564,1,15175.06786,30.12187767,9.147444725,4,330.7824707
9514,14.25450134,33.94311142,22.3771019,4.79754591,2.865769148,333.1246637,3,17748.81721,9.169229507,3.579463482,4,82.37243652
9515,112.8960266,32.18206406,18.29602051,9.403568268,4.93730402,1008.193527,3,17111.58375,23.14855576,8.94836998,4,240.0684814
9516,97.48141479,25.40899658,16.68564606,9.257696152,5.715006828,6156.344207,3,13108.90649,25.6466465,9.527693748,4,221.1387024
9517,160.5052185,19.71319199,12.52267361,7.199999332,4.974023819,6344.957222,3,11632.04087,27.73582268,7.982173443,4,262.0596924
9518,167.4565735,29.47257042,17.4240036,9.681965828,5.399450779,6106.555909,3,11894.94109,25.73074341,8.021459579,4,160.3071289
9519,114.4415894,41.85693741,27.60046577,9.779579163,5.429254055,2114.702761,3,1223.863605,27.20596695,7.554411888,4,274.2678833
9520,101.2522507,26.85274696,15.03042603,7.368632317,3.786712885,732.374414,3,28105.81354,19.49087334,7.22087431,4,195.255127
9521,71.69342041,22.57915878,16.62905121,7.115279675,4.544423103,4430.832939,3,30411.74885,19.85429192,10.94247723,4,195.1644592
9522,103.2735214,33.26828003,23.93585396,8.377081871,4.557503223,3122.672297,3,29871.35392,19.20353127,7.567388535,4,49.95610428
9523,143.647171,19.19140625,13.1617403,6.241260529,3.419856787,1959.90885,3,24560.79344,22.54623222,7.240713596,4,63.99665451
9524,55.73197174,31.81735992,21.77099419,11.20803356,6.460646152,44.16662337,3,7376.17885,25.26161194,11.13465786,4,222.4495239
9525,95.2433548,37.04042816,19.6417408,6.365446568,3.458120108,1064.875006,3,6100.511285,12.93311977,5.945167542,2,308.3851929
9526,44.31254959,42.80970001,16.82146645,8.843419075,4.551827431,1242.833722,3,1947.820682,15.39205456,6.644060135,2,158.9006195
9527,16.41308975,38.60470581,18.38788986,6.154084682,3.658061981,850.7423365,3,1588.207219,8.41437149,5.967763901,2,98.85939026
9528,78.08245087,31.7039814,17.64103508,9.242287636,4.791984558,3214.737553,3,9341.530749,21.93698502,6.595115662,4,181.9895935
9529,141.4305725,31.69493675,18.64908791,10.22191334,5.785099983,1543.27998,3,8126.334289,25.539217,8.348305702,4,170.6691284
9530,59.12947464,23.08392715,19.39645767,6.870835304,4.697197914,4876.213107,3,31140.16516,18.40021324,9.138703346,4,188.1300964
9531,140.0174713,27.96958923,19.07475662,9.189313889,5.569063663,2955.442823,3,14170.54496,26.79370499,9.027789116,5,67.98871613
9532,136.854126,37.99094009,28.30911827,10.20137405,5.939194679,1790.208106,3,12678.33695,28.82814407,8.716938019,4,317.3859253
9533,145.4562531,32.52800751,20.62090874,10.74761105,6.020373344,208.8204837,3,10283.97458,29.35817909,10.14696693,4,119.2887268
9534,112.3260727,52.81832886,26.14369202,9.504822731,5.427479267,820.4841545,3,8339.804972,20.73571968,7.393289566,4,311.3857117
9535,98.07865906,35.42950439,24.15839958,9.820646286,6.325086594,276.1261572,3,7828.673238,26.06821251,8.736037254,4,42.77603912
9536,112.7435532,28.86051178,17.80105972,8.867202759,4.874947071,3952.591167,3,13659.71375,26.48900414,7.782052517,4,79.15969849
9537,104.7481689,52.33220673,29.02806664,7.686469078,4.689661026,3964.804669,1,13793.70921,19.38290977,6.906723499,4,86.18592834
9538,65.34240723,36.22348785,24.1235466,5.689154625,3.54199028,540.5906139,3,1130.749437,14.21361542,7.812758923,4,48.81407547
9539,47.23524475,16.18311119,8.35091114,5.739066124,3.974955559,2116.962346,3,4590.039404,28.51100731,2.988523006,4,266.0885925
9540,72.69952393,24.96860695,16.72628593,5.993430614,3.203301191,1563.719097,3,27437.91145,16.29889107,5.048125744,4,67.04405975
9541,55.31636047,24.99835587,16.18424416,5.311462879,3.029512644,2244.489971,3,27978.51938,14.2628355,6.059610367,4,218.6598053
9542,100.7395172,26.44532776,18.54492188,9.22638607,5.338386059,1392.983782,3,12062.28586,29.33426666,8.381457329,4,268.6028137
9543,88.63361359,27.87992859,15.85840988,8.621037483,5.116197586,3584.410109,3,14893.89444,29.36880112,7.018886089,4,221.0548096
9544,126.9246674,34.90645599,20.99669075,10.53537655,6.055945396,5169.156392,1,14239.73554,28.83298874,10.4603529,4,295.9743958
9545,30.14250946,39.51568985,19.05547333,9.174370766,5.763924599,356.2107776,3,6176.370432,17.27283478,8.259138107,4,105.2551193
9546,158.816864,27.85869598,17.80468941,8.244329453,4.939481735,321.1974315,3,10003.96003,22.10361099,10.33666039,4,93.06745911
9547,56.86515427,28.3403511,16.25534248,6.342012882,3.681886673,819.7305742,3,11177.53865,18.19525337,4.919365406,4,260.7539063
9548,62.86843491,29.14074516,17.58713913,10.77206707,6.008644104,538.334153,3,10770.15212,23.58124542,9.374772072,4,245.9734955
9549,33.83448029,35.6936264,18.1029892,7.285439968,3.999554396,164.0089184,3,19184.4677,15.11588001,7.302190304,4,148.8060913
9550,113.9842377,38.9401207,25.08825111,7.8313241,4.377084732,4054.301807,3,31345.00841,20.03971672,6.938587666,4,278.4256592
9551,88.50626373,34.82119751,22.05215263,8.270082474,4.614045143,3009.284614,3,29450.5878,18.55793571,8.167316437,4,278.1300964
9552,138.91716,16.98581314,10.62438488,6.593965054,4.109570503,1666.782686,3,24700.96247,25.33919907,6.618732929,4,75.64794159
9553,149.4265594,26.67656898,20.22113991,8.480670929,5.220829487,3567.99504,3,14233.66706,25.43037987,8.529231071,5,52.12501526
9554,124.5256577,36.87029266,26.13440514,10.11117458,5.963652611,1450.888013,3,8652.085082,27.2305069,9.204931259,4,321.238739
9555,39.48484039,30.58267784,16.39177895,6.295322418,4.448946476,3482.908752,3,2261.76108,12.4582634,6.076142788,2,166.184967
9556,19.88734818,55.15216446,27.26509094,8.985473633,4.031014919,3847.64407,3,14166.01106,15.33185577,5.921261311,4,333.4349365
9557,23.01119804,32.16619492,16.12352562,9.770161629,5.077056408,521.3453954,3,5987.035076,20.34854698,7.764678001,4,230.8959351
9558,140.66185,28.92021751,22.34014893,8.452646255,5.529839516,5037.737372,3,32773.07622,27.5428791,8.2420187,4,318.0818481
9559,125.1180801,38.13807678,24.67926216,8.03018856,4.576052189,4365.411222,3,31216.62671,21.20701981,6.920920849,4,324.6051941
9560,75.22444916,33.02540207,19.32871628,7.724712372,4.463699818,3024.388545,3,22478.987,17.99875259,6.990044594,4,268.9740295
9561,148.9058075,28.8502903,23.9012661,8.741378784,5.577525616,2956.519675,3,13623.83599,26.62072945,7.920104027,5,278.6428223
9562,76.52919006,26.3314476,21.6393013,8.798902512,5.064716816,1086.305026,3,8430.500732,26.09073067,9.000835419,4,67.7144165
9563,192.0984497,24.9967289,14.86403465,7.503970623,3.9294734,6515.306389,3,11857.64911,28.14679146,5.909941196,4,236.989212
9564,145.1165924,35.12942886,24.17406464,9.406599045,5.768236637,2277.491323,1,4354.529522,26.57665062,8.31933403,4,307.7744141
9565,37.3446846,23.33908272,17.5897522,6.501057625,4.437880516,619.8881842,3,5994.036987,20.14337349,5.217277527,4,276.4830933
9566,204.2770844,18.30367851,12.90258217,6.343560696,3.834757566,1460.030965,3,3919.432822,27.37949181,5.33409214,4,249.0265045
9567,161.1415405,26.75828171,18.4433918,8.912221909,5.033606052,2774.88873,3,7753.901218,25.8306942,9.732200623,4,102.6865234
9568,83.95253754,27.83862495,16.6588459,6.277194977,3.32164216,1792.722204,3,25093.92864,17.45568275,5.558220387,4,254.4936981
9569,52.0605011,46.03465652,31.67727661,9.398656845,4.709604263,4848.500646,3,31704.54712,21.77449417,8.167348862,4,319.7636414
9570,42.87638474,33.75112152,18.81256485,9.008735657,4.299162388,3955.546462,3,29987.6845,18.08625603,8.128785133,4,320.1478882
9571,134.6226044,32.70749283,18.08500481,8.410757065,4.351928234,925.1501876,3,17611.8828,17.38502693,7.185669899,4,190.8640594
9572,125.7027817,28.93498802,15.06270409,7.621044636,4.452293873,1680.159723,3,16905.87768,22.18743134,8.33849144,4,240.2551117
9573,145.5688934,28.26089287,17.79698563,10.37064838,6.418968678,138.9261663,3,10022.91393,30.28853989,11.09885693,4,87.95458984
9574,148.9797974,27.99423027,16.43231583,9.39898777,5.953688145,660.1115458,3,9300.109573,24.95422554,10.51965237,4,258.6900635
9575,45.31937027,25.39309311,12.8942728,6.42412138,3.916750669,4533.328225,3,4235.956963,21.28689575,3.690453053,2,278.0752563
9576,74.40581512,34.05937195,18.65394592,10.53095627,5.985141277,893.0844221,3,5963.194785,22.01307678,9.315182686,4,254.9816437
9577,94.77165985,28.94142532,18.74513435,9.737944603,5.25906992,2234.511876,3,1350.258782,25.49383926,8.766172409,4,226.3980103
9578,99.11761475,28.0079155,16.85005951,7.27439785,4.464304924,1909.313743,3,21046.61245,18.99241638,7.422889233,4,142.4958496
9579,58.83774948,36.1423645,22.41207314,8.047639847,4.45806694,2816.579092,3,23437.87132,18.86295319,7.224442959,4,65.65046692
9580,12.57758141,29.44397163,12.01019764,2.727080584,1.621030211,2532.636139,3,24044.28109,8.666395187,1.758756638,4,128.2901611
9581,92.17170715,53.6975708,28.93022537,9.346059799,5.694659233,4143.757789,3,30798.13822,24.97169304,8.668891907,4,49.76364136
9582,182.4948273,26.79632378,19.11989594,8.432506561,4.887999058,2191.587184,3,25209.30267,21.22313309,7.404854298,4,176.4236755
9583,86.7305603,33.32720184,17.96753883,9.043366432,5.004257679,1716.664858,3,20993.17626,19.60442162,7.471120358,4,93.63385773
9584,38.37413025,42.14129639,21.14871407,7.218584538,5.270870686,197.1152552,3,19084.60537,14.31926346,11.39584255,4,50.82872772
9585,46.73749161,35.60214233,19.60108757,5.559427738,3.574053288,105.4001904,3,18617.36827,11.74804878,7.700352192,4,226.4687958
9586,116.4431229,40.45682526,23.72260094,7.63093853,4.301875114,988.5926463,3,6414.805716,16.06235886,7.61534071,2,287.8670044
9587,226.444519,27.92130089,16.91667175,10.24517727,5.87142086,5021.937832,3,12614.98116,29.38136673,9.020750046,4,99.90418243
9588,129.2826385,33.40647888,20.63834572,13.28591824,7.045047283,2947.892286,3,2072.575889,30.03052902,10.85688972,4,191.4302979
9589,89.55336761,45.51329422,28.16664124,7.445664883,4.301375389,864.5750445,3,20799.04908,21.27693367,5.95174551,4,312.0197449
9590,52.33724213,34.33530045,18.74204826,7.000320911,3.673429728,1345.114544,3,29808.74522,16.17448997,6.098400116,4,131.49646
9591,70.3686676,35.88434601,18.43473434,9.161241531,4.903085232,1900.426442,3,30464.96274,19.94403076,8.100016594,4,176.7602997
9592,54.3921814,36.60653687,20.95878601,8.221261978,4.504907131,2841.036221,3,31399.81514,17.67933273,6.40995121,4,94.08561707
9593,68.93562317,23.54946709,17.30143166,6.559493065,4.044700146,3559.796626,3,32629.11881,16.00832558,6.002573967,4,281.7250977
9594,68.02322388,57.21646118,24.64416504,8.223953247,4.294692993,3018.721084,3,28922.45737,15.86299419,6.703261375,4,311.528595
9595,107.9086533,23.25228119,20.10626984,6.42809248,3.845849276,2309.872417,3,12968.31633,27.91802597,5.245678902,4,64.7326889
9596,65.37001801,31.25592804,17.54876518,6.015385628,3.463504791,2532.351969,3,3332.502425,14.40844631,4.694746017,2,72.18110657
9597,41.3371582,28.75403976,13.71479416,4.17099905,2.199364901,4285.68583,3,2955.467922,9.552893639,2.888461351,2,240.5241089
9598,54.29235458,18.24079704,12.29585552,5.80783844,2.93025589,4683.07668,3,3980.11337,19.72199059,4.405613422,2,277.3278503
9599,83.56020355,24.36704445,13.50174427,5.219193459,3.558193684,4958.567167,3,3549.418757,16.5121212,5.369535923,2,278.84375
9600,118.2302017,42.03746414,24.29779625,10.51009083,6.181463718,6308.006053,1,10231.84778,28.80682373,9.244286537,4,289.1252441
9601,40.98895645,32.18251801,14.13771057,8.268528938,5.111235142,6973.611281,3,12472.66606,26.85251808,5.960196972,4,214.8771362
9602,19.27904129,39.90681076,17.69612885,8.529175758,4.566650391,2311.481762,3,16701.94914,13.61666298,6.80772543,4,180.8814087
9603,86.57611084,40.05092621,23.74040413,8.251066208,5.183146,387.6612042,3,19520.80825,21.6724987,7.428068161,4,277.2750244
9604,54.0042305,28.77455139,17.86279106,6.485479832,3.810461283,2719.689342,3,23716.30746,17.31796074,7.032509804,4,108.8521271
9605,65.28704834,27.44693756,14.28633308,6.303451538,4.010166168,2602.622055,3,23885.80003,16.56783676,8.181410789,4,79.69515228
9606,45.36231995,23.14230537,13.00916862,6.890891552,3.267700434,2691.16836,3,24335.84123,20.60678673,7.696759701,4,227.3215332
9607,60.62483597,30.78235435,18.14119339,7.184670448,3.667781115,457.9563159,3,27590.91224,15.26333141,7.202300549,4,169.9920197
9608,13.05741501,29.00327301,16.6809063,4.659703732,1.978357196,3125.764673,3,3917.207048,12.86556625,3.694650173,2,192.9946136
9609,196.8430176,50.35637283,29.6162262,10.54080582,6.620690823,5799.914703,1,9053.956209,32.74792099,9.189249039,4,329.6567383
9610,23.2788372,35.21074677,16.62299538,5.313102245,3.059047937,2776.310679,3,15939.40597,10.01774788,4.875475883,4,162.8240967
9611,10.74888134,50.69091797,14.98544693,6.996178627,4.511064053,3221.484511,3,15450.14147,11.90462589,4.241734028,4,229.5139923
9612,142.5374908,43.58959579,27.60211372,11.93774414,7.242039204,6418.473339,1,13178.68995,32.58354568,10.92328453,4,257.0053711
9613,60.42031479,26.20318985,18.39738274,9.086774826,5.919775963,6911.31479,1,12643.25779,28.34846687,9.443348885,4,336.8013916
9614,82.35095978,26.43886757,17.81414223,9.675416946,5.744509697,336.6276851,3,6517.866041,23.30370712,8.978082657,4,88.72445679
9615,83.54063416,44.11358643,23.75342941,11.05651188,6.550580978,549.8820508,3,19310.97747,21.88105583,9.681738853,4,69.00854492
9616,33.17072296,27.75859261,13.48609924,4.559185982,2.783060074,4105.352272,3,2849.455498,9.69075489,3.138433695,2,268.1524048
9617,84.1233902,27.24866867,18.29808235,8.265067101,5.240475178,3470.678233,3,15092.16625,21.45136642,8.912218094,4,231.7098389
9618,92.24141693,23.43416405,18.1610508,9.706272125,6.589056015,3290.000886,3,15640.10368,28.66954994,8.888179779,4,65.19649506
9619,29.41518021,45.80850983,21.68316078,6.927514076,4.009979248,2237.034646,3,16509.73485,11.44657135,6.034856319,4,54.54102325
9620,112.7073212,23.63629723,15.86498356,7.532049179,4.512325764,2845.285373,3,15896.33386,21.85756683,9.152580261,4,58.28252411
9621,17.06552696,30.40472603,14.6619072,6.631133556,2.862050533,48.93423764,3,28469.19776,12.17822838,7.170255184,4,193.3971558
9622,72.03495026,34.74546814,18.99116707,7.706903458,4.452399731,3111.757597,3,22894.81442,17.47643661,7.139632702,4,126.7920532
9623,81.40422821,31.84853172,14.72289562,6.628443241,3.458866835,1119.710343,3,17457.92138,14.95968723,5.438270569,4,288.4349365
9624,117.8054733,39.71731567,28.31806946,10.93348885,7.152662754,613.5954122,1,7207.196835,30.25395584,9.876755714,4,33.26410675
9625,112.5031815,33.2040329,19.13472939,8.617154121,4.830951691,2971.632497,3,4476.326233,19.21589851,7.844128132,4,160.8808594
9626,87.86170959,26.08589745,16.06786156,6.016526699,3.418467045,2389.395845,3,21281.57738,18.26995277,5.275836945,4,263.1572266
9627,110.1500549,32.33995056,16.76414299,6.648878098,3.881221533,1127.249866,3,26052.01167,17.83521652,7.87390995,4,82.90856934
9628,108.8493958,39.65699387,25.3484993,8.586525917,5.168001652,3355.692259,3,30319.34901,21.78763008,8.616724014,4,299.807251
9629,162.2427826,25.8885994,15.13426208,9.025724411,5.266989231,3033.265038,3,15459.37473,23.4618454,9.904361725,5,177.4828186
9630,44.36942673,30.94098091,18.7379837,9.52964592,5.657886028,437.6496455,3,1398.13778,17.54112434,8.91480732,2,244.1022949
9631,51.7064476,36.08813477,17.53888321,5.74432373,2.892305136,3121.407283,3,1741.513415,11.1700573,4.271234035,2,232.1250153
9632,72.3359375,28.92603683,20.90873528,10.67115593,7.560948372,2632.858677,1,6971.327529,34.7870369,9.20697403,4,223.002121
9633,255.5669403,41.69664764,28.51997375,8.400148392,5.04169035,5275.482901,1,12513.55699,25.619133,9.280884743,4,90
9634,51.48806763,37.59256363,21.01979637,11.52748394,6.243785858,437.9585696,3,17102.51902,20.18592644,8.68729496,4,162.5069275
9635,50.07648468,26.08226967,15.78554249,6.264770508,3.304049969,69.19629868,3,2040.33203,14.2626152,5.34873867,4,181.9749451
9636,70.10184479,28.14321709,15.61453533,6.896293163,3.768921852,735.0149169,3,3146.335922,16.31767273,5.937942982,4,281.3528748
9637,57.36341095,32.61499786,18.3141861,9.826641083,6.242508411,723.8094925,3,26956.06533,21.43299103,8.220046997,4,66.93847656
9638,101.9700928,30.09997368,18.58288956,7.773971081,4.475903034,1121.299794,3,26292.35931,18.03733444,8.004454613,4,172.5685883
9639,29.14816093,35.02795029,18.10075951,3.985808849,3.026287317,52.00877109,3,28231.58989,7.955105782,6.01169157,4,159.4439545
9640,106.8287811,42.98886871,27.87436485,8.0929842,4.426395416,1630.902904,3,12312.41814,22.49249649,8.27410984,4,291.4360352
9641,144.1210022,32.44172287,26.5070591,7.704718113,4.397122383,2282.423354,3,12963.15492,24.76360703,7.578222752,4,297.5701294
9642,145.1773071,36.03042221,27.54841995,9.158432961,5.271629333,2693.436678,1,6168.588229,27.31628418,6.29408884,4,316.068634
9643,161.1569214,33.55824661,22.41861534,9.774267197,5.549251556,1573.219919,3,15915.58857,27.82497025,9.622868538,4,38.77215195
9644,140.995285,29.10225868,18.53761673,9.75992012,5.366654396,1566.834783,3,15840.10723,30.25881386,8.934779167,4,96.8817215
9645,75.33686066,41.37005997,25.9652729,12.11736012,7.802614212,504.3896298,3,17028.3118,26.11757278,11.55578899,4,63.95423126
9646,132.6773834,39.64318848,24.15887451,9.753992081,5.855206013,6735.096129,1,12212.52267,27.03960037,8.310343742,4,297.6459961
9647,106.1789703,31.68312263,18.62698364,8.388831139,4.87284565,2714.591968,3,4665.667861,21.52693558,7.113066673,4,230.7246704
9648,97.29756927,16.12275314,15.7341547,6.145314693,5.627202034,1907.197091,3,4399.292545,31.0734024,6.809442997,4,262.4053345
9649,24.89453125,41.2333107,21.34979248,9.739449501,6.564948082,211.8464842,3,28253.18274,11.95088863,9.439945221,4,315
9650,28.71826935,34.76998138,16.22037888,7.51496172,4.044220448,249.6946596,3,18407.91007,15.2453804,7.23296833,4,165.6506653
9651,127.4359894,32.73163223,19.87324905,9.123768806,5.126624107,971.0927063,3,17560.21794,20.2822628,7.72107029,4,257.3474426
9652,63.88463593,35.08301163,18.36916351,6.409632683,3.849248886,1129.585392,3,2003.525254,14.47264481,6.499538898,2,78.21914673
9653,18.41512871,25.78186607,11.54229069,4.34662056,2.515109301,3828.425521,3,2522.030874,9.273552895,2.978045464,2,265.9143677
9654,59.2365303,31.21132851,17.24073029,7.0185709,3.978831291,843.5730017,3,17476.71173,15.55065727,9.751626015,4,238.5704346
9655,27.14792061,36.65912628,19.10286331,5.665742874,3.532277822,167.8001868,3,2508.327531,9.451411247,5.259761333,4,191.4651031
9656,93.59731293,30.2544117,19.16557884,8.907717705,5.088964939,1485.73039,3,17184.52614,22.70957565,9.813588142,4,255.9637604
9657,51.97731018,35.03525162,17.0275383,8.108695984,4.616022587,2803.33273,3,3537.049856,15.94653606,6.249621868,2,145.0079803
9658,151.8300323,33.72951508,20.40719795,9.8163414,5.679630756,5367.024873,3,11604.2373,27.54483032,8.687114716,4,248.1985931
9659,152.9692078,32.63736725,18.71193886,10.0991745,5.461984158,1598.043461,3,5332.29708,25.38189507,10.40563774,4,209.2913513
9660,115.3176575,30.86666107,17.16372681,9.752333641,5.813313961,2461.305259,3,4903.363886,24.64295959,9.294811249,4,136.3322144
9661,46.81847763,57.73791885,24.46956635,9.487206459,5.523750782,292.2240535,3,1831.56311,19.87430763,10.35249043,4,315.8184509
9662,35.50336075,52.0212326,23.9662323,9.714495659,5.08415699,681.5169459,3,29691.9681,16.54717064,7.202528477,4,63.43494797
9663,12.52793884,43.61156464,14.18569565,5.437064648,2.597399235,574.5723415,3,18069.06294,10.10176945,2.640898466,4,220.6012878
9664,31.33813477,33.68348312,21.36430359,6.984934807,4.3514781,279.3870518,3,18326.63195,12.52196598,6.655284405,4,273.0127869
9665,73.90643311,35.28495026,16.62844467,8.07957077,4.720463276,695.2947535,3,17855.16216,15.64849567,6.823250294,4,207.1811218
9666,122.960762,29.02497482,17.78884697,8.013735771,4.635454655,1345.270328,3,6299.757565,19.59131622,8.310479164,2,227.664444
9667,43.4878006,30.83843803,20.49736595,9.949375153,5.920711517,1844.374053,3,2612.494047,23.27062416,8.486538887,2,213.2341156
9668,232.703476,17.04533005,10.98706627,6.699921608,4.1351161,1411.699109,3,3905.939284,28.5575676,6.396199703,4,239.5776672
9669,94.66375732,27.66808319,18.71714973,6.48426199,4.20580101,3965.313684,3,13814.36115,19.86097717,6.748762608,4,61.0490036
9670,19.95007706,34.42673111,17.42027092,7.423653603,4.076058865,1853.833037,3,16751.79734,11.62168694,5.736291409,4,92.72367859
9671,82.27622986,30.47512627,17.36928558,6.899511814,3.841475487,1348.310817,3,19723.67404,18.70198631,6.608034611,4,93.99091339
9672,85.14363861,32.25580215,16.94594193,9.391054153,5.814881325,2481.131895,3,23812.76675,20.78755188,8.214712143,4,81.02737427
9673,53.88717651,48.19258499,26.71423531,6.537489414,3.529340029,2927.525367,3,3626.597955,14.47807789,4.992135525,2,40.72378922
9674,110.8303833,28.83095741,18.50403595,9.067972183,6.02485323,3523.257496,3,15511.80313,22.36907959,12.22457504,4,205.9479828
9675,20.58031273,36.0719986,19.4638958,4.180515766,3.200895309,129.4100206,3,27865.84844,8.342541695,7.162278652,4,168.9765472
9676,131.4772491,34.88914871,24.39539909,9.014696121,5.759225368,5652.0459,1,10921.42838,29.06255722,8.354599953,4,38.95590973
9677,69.60357666,34.76280594,15.28674984,9.530765533,5.965259552,3004.70548,3,15819.27126,23.22021294,11.4998703,4,261.4163818
9678,114.9989166,24.87580872,13.69392872,9.368544579,5.667572975,3421.517417,3,9652.434761,26.67170334,9.526738167,4,93.58652496
9679,120.9512634,34.05073929,21.89576912,11.06454086,6.149016857,2604.969986,3,1576.573407,27.96003532,9.70816803,4,283.2159424
9680,106.7365952,29.26210022,16.31625557,9.79049778,5.516679287,3979.042627,3,3050.05569,26.26480293,8.546113014,4,154.216217
9681,49.51685715,29.48535538,16.28982353,6.184472561,4.077114582,445.1178085,3,2871.557917,15.36348438,6.814019203,4,227.4176941
9682,98.39302826,30.00695419,18.49024773,8.844240189,5.028558254,536.1744824,3,17942.98603,22.83040619,8.586210251,4,113.1985931
9683,96.48830414,27.19305992,15.56091499,6.149605274,3.663868427,1615.242721,3,20437.15619,18.00155258,6.268939972,4,215.5376892
9684,97.50758362,30.63903236,26.51295662,8.288045883,4.69671154,4345.03078,3,31706.60887,26.58149147,7.184352875,4,23.07041168
9685,49.62265015,43.38537598,27.37215805,11.41872597,6.54729557,2689.949433,1,6754.374534,27.25401115,8.427206993,4,50.17420197
9686,154.7839203,44.42510605,26.42675781,11.17691803,6.41413641,3498.701309,1,7647.956258,30.35434151,8.778932571,4,267.9637146
9687,73.92639923,38.73988342,29.00538826,6.436088562,3.264249563,4289.002352,1,13058.65003,21.39692116,7.117424488,4,25.50566483
9688,53.86566925,28.94068718,19.49315453,10.42276096,8.0240345,1892.456155,3,813.5912238,26.77355957,7.055071831,4,87.63375092
9689,62.03007507,28.36334991,15.93852901,4.752250195,2.424092293,1191.307009,3,28.9924242,13.00462723,3.747470617,4,75.79118347
9690,89.44649506,26.12559509,15.05359745,6.517255306,4.536780834,1832.56905,3,550.5686742,17.63692474,7.517755032,4,97.83552551
9691,90.21892548,25.40281105,16.20853043,7.023848534,4.505539894,2424.583232,3,12314.65527,18.86150169,7.795977116,2,152.1027222
9692,92.97264862,27.66620064,19.14727592,7.595126629,4.985650063,294.9237436,3,18329.21254,22.10471725,7.071227551,4,284.4207764
9693,86.45140076,36.78858948,22.9201889,8.298918724,4.761570454,653.0685758,3,19230.2326,21.19727516,7.507613182,4,301.0231018
9694,52.23258209,20.95718193,15.06738949,7.346698284,4.432547569,1981.374603,3,22571.12805,19.68568039,7.066448212,4,187.0853882
9695,128.4332886,30.73865318,18.01658058,8.504110336,5.13697052,2174.555889,3,22373.4108,22.88432503,8.286672592,4,247.135498
9696,15.94685268,38.21665955,19.59181213,5.107002735,2.404303551,174.9633786,3,28012.75531,8.168995857,4.124274731,4,296.5650635
9697,161.415802,22.36658478,12.47761345,6.272271633,3.938343048,2885.951634,3,15627.02112,24.59739876,6.641652584,5,250.5918579
9698,17.36512375,39.08656311,19.07398796,9.804258347,3.850841761,3508.388913,3,14728.1751,17.44444275,6.296090126,5,283.3995972
9699,123.8479691,23.31793213,13.5420742,9.920658112,5.518368244,3395.446207,3,15088.59922,26.36980438,8.030840874,5,189.1623535
9700,163.9252472,26.97369194,17.95421791,9.094827652,5.460398197,6003.722781,3,4516.142453,18.28525734,6.537760735,2,146.0020447
9701,97.71498108,32.42703629,23.47677994,7.45432663,4.17118597,3643.108118,1,14114.16816,20.79600525,7.548046589,4,300.699707
9702,31.01903152,38.4162178,16.23507309,11.90180016,7.434302807,214.037006,3,17579.63461,17.53709984,10.16391563,4,83.01894379
9703,78.45732117,19.52823639,14.57582569,7.157942295,3.947029591,4088.493592,3,3199.059581,24.54066467,7.140525341,4,301.7989197
9704,146.0632172,25.38666344,14.26564407,11.2425909,6.803336143,3235.997832,3,2350.054106,31.69259071,10.93041134,4,220.1081543
9705,93.62695313,40.78800201,27.67347908,9.523999214,5.406295776,3771.778324,1,2894.170894,27.14189529,8.050897598,4,333.2324829
9706,85.80354309,34.54361343,18.8398838,8.284566879,4.230834484,2231.818258,3,1288.688146,23.60313034,5.819471836,4,314.6886292
9707,73.29677582,26.15476799,13.67144108,6.511636734,4.617833138,843.397965,3,3299.939122,20.4288063,5.54780817,4,264.8795166
9708,97.88807678,28.84488678,17.63601875,6.779321194,4.262481689,2922.197531,3,12672.56562,18.48818398,7.19519949,2,259.1144714
9709,12.06962967,33.45136261,14.33704185,3.931403637,1.994305491,3577.625212,3,2192.654808,8.717558861,2.411827087,2,259.6951599
9710,83.93183136,25.04745102,13.81885529,4.3412323,2.710231543,4304.398583,3,2822.122511,11.83814812,5.037946224,2,261.268158
9711,118.6630936,45.57271957,28.0260601,12.55475712,6.489957333,1283.36448,1,15808.84173,29.10614586,10.48119259,4,309.1843872
9712,109.0903244,32.43397903,21.76375961,10.36030674,6.489449501,528.3347131,1,17162.68696,25.61348152,13.35185337,4,305.869812
9713,171.8346252,38.69615555,25.6860733,13.00875092,7.48191452,3038.648596,3,2111.794787,33.80031586,11.09161472,4,282.6518555
9714,79.65973663,34.46199036,21.61354065,7.36962986,4.751040459,200.6905036,3,2229.737158,18.44067383,10.57971859,4,53.13010406
9715,106.2325592,26.44122696,15.30533314,5.596411705,3.009938478,2095.784394,3,27086.76266,16.70094109,6.206224442,4,214.420578
9716,91.24874115,32.87519073,18.56786156,9.314221382,5.152909279,1342.612266,3,17179.65633,21.68095207,9.967125893,4,164.407196
9717,141.5868835,32.05950928,16.9787941,10.35463333,5.220752239,429.7021053,3,10595.75871,27.32095528,8.205064774,4,164.744873
9718,26.59005737,31.28392792,25.24650955,10.42543983,5.535799503,2271.56956,3,5522.823028,19.76364136,9.521343231,2,241.0399475
9719,61.54134369,22.30676651,12.95356655,5.496590137,3.001211882,1966.032065,3,5859.264863,21.70438385,6.498895645,2,244.3589935
9720,116.7357407,29.75147057,17.3713398,6.502708435,3.731944084,1619.669057,3,6377.405383,16.04362488,7.220969677,2,265.4622192
9721,151.8434143,29.25076866,17.98962593,10.32276154,6.583470345,3563.059819,1,7220.620755,33.51448822,8.843716621,4,241.1786804
9722,122.9248199,28.11960602,18.71781349,9.786250114,5.912806511,273.1131385,3,16591.42083,25.92176437,11.90289593,4,126.8698959
9723,97.87236023,49.36490631,27.88285255,10.27994633,6.063248634,1200.696161,1,17629.54367,27.17667007,9.893471718,4,61.58734131
9724,23.33122253,44.85355377,18.41596985,7.371170521,6.625798702,913.6888785,3,17517.36058,8.764671326,5.151184082,4,244.440033
9725,93.94849396,31.14976501,17.01982689,7.93793726,5.425592422,2042.228435,3,16470.14424,19.17709923,9.839252472,4,205.0168915
9726,55.67164612,32.68707657,22.89191628,9.529384613,5.054207802,212.9334455,3,2113.341267,23.96302986,9.857232094,4,34.83791733
9727,136.6160583,32.20921326,18.98646736,9.667850494,5.59170866,2290.532209,3,21624.39339,24.43626785,8.558716774,4,98.55718994
9728,66.81780243,26.15386772,14.49349976,6.059129715,4.184698582,2607.450244,3,28376.9011,14.95849705,5.982058525,4,119.5778351
9729,121.2290802,27.40348816,20.07525253,6.150343895,3.482079268,2525.853263,3,24136.76734,18.69534302,6.690940857,4,68.6444397
9730,97.39542389,52.06742477,23.89700317,9.65868187,5.462201118,1633.141657,3,21007.5527,17.154953,7.780817032,4,46.1457634
9731,106.4457474,29.58906364,15.60998917,5.667934418,3.14827919,4356.608634,3,2767.50926,13.36597252,5.372246265,2,280.3981323
9732,20.4336834,49.71293259,15.44728088,9.511429787,5.297613621,2592.603405,3,16117.72397,14.6416502,6.76570797,4,260.2175903
9733,25.7528553,52.0655365,26.42952156,6.993391514,4.816493988,6.159835018,3,27415.26076,9.627893448,7.191562653,4,56.30993271
9734,40.61016464,35.16603088,19.33740044,3.878067732,2.58500576,728.8607125,3,28269.40635,8.172178268,5.539381981,4,219.6225586
9735,60.97815704,35.19316483,20.35269547,7.67206955,4.86930418,3268.794212,3,23278.26064,17.55056953,6.967800617,4,250.3461761
9736,128.0283203,30.60111618,23.86446953,7.987339973,4.888439178,2550.81152,3,15954.21705,25.88404465,7.835736275,5,282.5800781
9737,53.57912445,43.02816391,24.59436989,10.06941795,6.023539543,883.0309964,3,246.2137113,22.51990128,8.668786049,2,304.3803406
9738,10.22098637,38.49663162,13.3784256,4.414996624,2.813663483,2499.604306,3,16341.03614,8.457328796,3.503003359,4,233.9726257
9739,96.99925232,32.07555008,18.1294651,11.30392265,5.932015896,210.0006227,3,6847.732693,25.29686546,9.473229408,4,96.56593323
9740,54.54227829,34.20598602,19.2311039,6.302054882,3.849825382,1304.867882,3,28955.91147,13.30735493,6.37740612,4,191.3099365
9741,54.23661804,23.29595947,16.84487152,5.521903992,3.648705482,684.8131708,3,1575.076744,14.90494823,5.28560257,4,271.0809326
9742,140.3207703,24.69739342,14.73823357,9.66783905,5.44645071,5543.950718,3,11728.36916,24.96501923,8.837388039,4,185.2900391
9743,170.520752,29.9586792,17.9172802,11.01016521,6.352985859,4814.878374,3,11496.33427,28.31125832,9.63487339,4,111.6147766
9744,46.2783165,36.87811661,22.37823677,9.706492424,5.495644569,3640.294226,3,3787.961967,22.69837379,8.898351669,4,159.655899
9745,199.803772,23.93193054,16.56196213,8.232279778,5.299403667,4006.050052,3,3129.541882,27.01663017,9.13222599,4,296.3582153
9746,74.8380127,28.31436729,18.61120415,11.67645168,7.036895752,3782.555577,1,3776.404735,30.45004272,8.564844131,4,298.9635315
9747,221.4295044,19.22500992,12.06554985,6.88462925,4.116390228,1118.448111,3,3692.11299,25.79995537,8.359752655,4,223.7680206
9748,169.4464264,24.15427589,14.27366543,7.995534897,4.622668743,3019.358163,3,7373.868436,21.95833969,7.641819477,4,133.1523895
9749,85.58124542,27.57204819,21.84524727,7.444351673,4.317791462,2446.769324,3,28951.78701,17.20290565,6.660168648,4,166.4931641
9750,87.08084869,35.22344971,17.68740654,8.709627151,4.602162361,1168.067583,3,265.9506513,19.20085526,7.001893044,2,173.6598053
9751,95.28943634,49.64167023,28.70345688,9.703436852,6.167827606,2082.523776,1,16891.17712,25.60333633,11.73714542,4,335.5560303
9752,132.2576752,26.22465515,14.76258469,9.721317291,5.469664097,4132.739755,3,10440.23549,25.44683456,8.491580009,4,127.1847076
9753,27.63077545,39.44949722,15.36213017,8.813922882,4.537726402,2808.557448,3,9246.41421,20.5550251,6.774427891,4,141.3878174
9754,87.24479675,26.76500702,13.51717186,9.223042488,6.027097702,2191.537663,3,960.1509858,18.94210434,8.66675663,4,132.5887146
9755,41.18905258,27.22127151,17.34172058,8.465126038,5.036073208,444.4535573,3,2908.361413,19.62038612,7.778134823,4,230.1627808
9756,20.91984749,33.05202103,11.97983742,8.615766525,6.296967983,2461.733875,3,16034.59793,15.8509779,4.128752708,4,66.81906128
9757,132.0427246,23.87979317,19.78745651,7.352348328,4.497075081,2322.745416,3,15908.43601,23.38243294,8.484873772,4,67.34810638
9758,53.64495468,28.58036804,15.8973608,5.218362808,2.890022516,337.4711504,3,26852.88604,13.22074986,6.022397995,4,148.8716125
9759,36.67417908,41.72776031,24.62684441,12.35216999,7.291721821,161.8957676,3,27047.4479,17.49054527,11.83432961,4,294.1359863
9760,62.16691971,36.71553802,20.63039207,8.631446838,5.707181454,475.8665349,3,311.3269973,18.08850288,6.808301926,2,281.6196289
9761,128.3948059,37.22747803,27.21352005,9.159014702,5.361503601,3137.14908,1,6434.010217,29.47274017,7.834199429,4,70.99401855
9762,20.11830139,38.54409027,15.96466351,7.09337616,2.9039464,1944.841512,3,16489.52417,11.95835686,4.258565426,4,163.7059631
9763,138.3583832,26.39914322,17.05195045,10.00492859,5.687462807,1378.320167,3,11763.51241,28.00733948,8.75690937,4,191.9441833
9764,182.6675873,26.99188805,18.66265297,10.26153183,6.001444817,837.8393392,3,11031.3525,28.09792328,9.410585403,4,82.30394745
9765,54.32055664,42.79311371,21.79025269,8.402998924,4.666488171,1035.83858,3,6733.975827,15.86459637,6.513554096,2,284.0362549
9766,86.65092468,49.13204193,26.61966705,11.89249992,7.595252037,2696.900522,3,16449.62212,22.85619926,11.20041752,4,307.9987183
9767,128.6953583,37.44713974,26.70803452,9.609060287,6.204944611,1193.956489,1,8125.6022,29.37784195,7.933145046,4,38.15722656
9768,72.02044678,33.05822754,18.30571938,8.485156059,4.49987936,987.0907976,3,951.0243461,18.69604874,7.279362202,4,103.6533508
9769,95.96090698,27.90808105,22.0032444,7.38860321,4.150140762,3654.097277,3,30628.68729,27.92897987,6.641741276,4,51.63339233
9770,63.1017189,31.40443611,17.3553009,6.122988224,3.71739459,2993.901396,3,4167.252093,13.75024509,6.358436584,2,205.4077148
9771,83.44856262,24.52675629,14.59830666,9.624457359,5.717880249,4590.758282,3,7900.619912,28.05314064,7.80770731,4,172.5674744
9772,137.5602875,33.64578629,29.23237419,9.966286659,5.627222061,5627.653671,3,11359.55091,31.21068001,7.813127041,4,24.10223389
9773,166.1739197,22.35723305,16.57224274,7.939030647,4.954676628,6008.038989,3,10936.28359,29.40690613,8.311515808,4,266.9512024
9774,129.3865204,22.5691967,14.56860638,8.420615196,4.674468994,2230.963584,3,26800.9614,24.15571594,8.313306808,4,184.6354675
9775,28.94990921,38.74155807,21.01124763,8.541854858,4.213008881,106.392727,3,1422.949479,14.30058956,5.824431419,2,128.884491
9776,147.1864624,23.81306076,15.14187241,9.700021744,5.628941059,2742.692346,3,14634.49278,31.87684631,8.35627079,4,111.3852158
9777,123.680336,26.26315308,13.93680573,9.621519089,5.68053484,2273.588515,3,14886.75883,31.95582962,7.654943466,4,209.124054
9778,69.24179077,36.03624725,13.84021282,8.549877167,4.213624001,3163.487517,3,9614.235167,19.7895546,9.316302299,4,120.3791275
9779,58.33382797,40.27610397,27.56158257,7.506035805,4.553007126,3008.456393,3,9625.159602,19.92162704,7.579755306,4,23.48414612
9780,17.46964073,57.30355453,27.35781288,8.418498039,3.693309784,2728.137467,3,9255.781274,18.06682014,5.956423759,4,48.36645889
9781,71.11778259,27.79811478,20.08691216,7.90683651,4.409362793,3503.736865,1,2624.976288,29.67454338,6.433862209,4,309.9204102
9782,91.40699005,37.49911499,25.81605911,8.074155807,4.394433022,4135.482831,3,13903.00379,18.61471367,7.060152531,4,46.59114075
9783,69.45690918,57.44588089,25.62199211,8.134040833,4.72005558,1632.092844,3,20754.77688,17.47471046,7.047846794,4,72.88127136
9784,68.20695496,37.77163696,18.06710815,7.97479248,4.230326653,2035.005316,3,21026.2569,18.6872139,6.166187286,4,145.964798
9785,81.34262848,34.47000885,18.37958527,10.78011513,5.825810909,1054.086586,3,19728.8096,22.85905838,8.93140316,4,148.0978394
9786,37.39488983,35.09648895,19.80939674,7.471146107,3.736999512,41.32404726,3,18531.37612,12.53585911,7.475910664,4,228.0703735
9787,40.87684631,35.42430115,16.46673775,5.251271725,2.636874676,3250.291839,3,1744.801565,10.11567879,3.950383186,2,152.4243317
9788,26.67791176,37.65031433,18.62480164,9.053384781,4.335579395,452.8451737,3,10547.42922,18.33062172,8.257791519,4,220.2363586
9789,54.10145187,37.37244415,18.7021122,10.80076027,6.176196098,1575.677041,3,20356.63759,21.26794624,8.775595665,4,177.8493958
9790,143.0181427,31.84677505,18.04800797,9.84710598,5.112485886,1730.645083,3,12094.26096,25.37865829,8.518381119,4,95.19442749
9791,11.44944763,39.03565598,15.65230846,7.313788414,4.001803875,6868.974147,3,12630.75435,12.8865633,3.812712908,4,203.1985931
9792,37.31600952,27.45689964,16.93400764,6.160479069,3.418390751,1670.252949,3,40.39776061,15.79781342,5.096232414,4,203.928833
9793,87.39775848,21.09082985,14.36942863,6.105128288,3.254134893,4446.653674,3,33353.99721,20.6555481,5.633151531,4,228.9347229
9794,94.4969635,27.15169525,18.63893509,6.870862961,4.492598534,3338.861059,3,23995.34481,19.02184677,6.798484325,4,76.79891205
9795,128.2175293,27.65640259,15.40312958,10.04170609,5.491155624,2041.376316,3,12536.22757,26.44002342,8.824454308,4,178.3634338
9796,104.7973099,30.19171333,15.41909027,5.882503033,3.191357136,4058.518595,3,2077.219682,12.78695202,5.32380867,2,210.9637451
9797,127.2440796,29.17593575,17.0991993,11.74212646,6.320000648,4193.129278,3,7371.091017,31.41515541,9.377696037,4,210.2390747
9798,48.58019638,26.89871216,18.53540802,9.015920639,5.960025311,4108.371346,3,15162.6714,21.78957748,12.75498199,4,208.3476715
9799,59.74648666,47.21192932,26.73225021,10.56722546,6.260892391,4042.480861,1,15309.12465,27.40873146,10.23081207,4,295.795166
9800,105.0198059,32.17935562,19.03625488,7.948047638,4.43573904,765.5087858,3,9463.41611,20.33058548,7.185600758,4,135
9801,79.31194305,28.53186417,15.5606699,10.32399178,5.931835651,1280.786683,3,25685.94001,23.21637726,9.817164421,4,111.8879547
9802,103.0890884,33.2439003,18.26484489,7.046107769,4.145783424,2596.729384,3,5689.909578,16.28822708,8.176691055,2,205.1729431
9803,86.65083313,29.04523659,18.21039009,6.120884895,3.68091011,3610.191369,3,4918.681615,16.22890854,5.540467739,2,72.75854492
9804,84.01795959,48.70372391,29.6137085,10.53315544,6.310792923,3180.759643,1,16080.58844,27.66864014,8.857293129,4,292.2094116
9805,115.7114868,39.40786743,25.61136436,10.13743401,5.368473053,703.3860726,3,9424.909248,23.8003788,9.961891174,4,37.11188126
9806,109.0402145,24.45662117,14.57557106,8.301918983,4.492129326,307.8873687,3,9752.940437,20.42898941,7.368497849,4,52.27500534
9807,130.9528503,34.62125397,21.25152969,10.46802139,5.947729588,1521.788817,3,5654.238049,27.55504227,9.069832802,4,286.5980835
9808,90.54691315,31.9408741,15.98673153,8.336760521,5.306362152,931.5084806,3,25607.97952,20.93358994,9.499170303,4,126.511055
9809,66.18668365,34.27482605,18.32920265,7.65680027,3.747029066,1559.70846,3,30043.46737,18.15018654,6.176017284,4,249.9047699
9810,53.69504929,26.84483719,17.86444664,8.459955215,5.092056751,3830.834002,3,32031.38022,15.81904411,6.66445446,4,276.5531921
9811,83.2779007,25.62752151,15.2208252,7.638976574,3.737937212,3461.523712,3,31256.56109,22.40877533,6.971705437,4,195.6993256
9812,74.08599091,34.80203629,16.73682213,9.066431999,4.90685606,462.8642579,3,19081.90339,19.6816349,10.19602394,4,61.75832748
9813,93.26591492,33.67358017,22.896595,8.017134666,4.852970123,100.8440149,3,8078.682618,21.29047775,7.334557056,4,59.03624344
9814,71.97704315,33.65686798,19.66767502,9.507748604,5.254005909,2312.43689,3,3399.259958,18.89871025,7.219290257,2,143.5836182
9815,68.99665833,33.13384247,19.63275337,6.645863056,3.691644907,2267.795562,3,3151.540539,15.66797543,5.092381477,2,70.94229126
9816,60.95372772,35.1093483,22.77767563,8.707737923,6.074737072,182.1737939,3,1221.374826,17.02747345,8.707462311,2,263.5504761
9817,73.27763367,25.3290596,14.68622303,4.775600433,2.907598257,3865.191109,3,2121.86348,10.92356014,4.256642342,2,259.1876831
9818,114.8644333,42.83355713,29.79327011,10.22882938,6.177817822,3512.519658,1,15911.17358,30.89823723,8.424860954,4,55.348526
9819,18.89926338,22.36850929,12.74711418,8.458586693,4.360213757,3304.195287,3,9841.738984,19.811306,4.903429985,4,22.01128387
9820,52.39783096,26.22267723,16.94297028,7.722216129,4.715570927,1458.205384,3,610.6866892,19.58359146,6.497366905,4,129.1736603
9821,48.55339813,44.1085968,26.40942955,7.493540287,4.81050539,1501.607584,3,782.5338993,17.59893227,6.690982342,4,320.1184387
9822,8.830795288,40.98685837,16.84367752,3.19722414,2.789041758,156.5449782,3,2619.271245,5.135828495,3.426332235,4,73.07248688
9823,80.38247681,27.18036461,17.62229729,9.114304543,5.010035515,100.1505944,3,10047.28582,20.00449562,8.515728951,4,85.1028595
9824,80.96458435,27.59874725,17.19945145,7.037832737,4.08562851,745.3497236,3,10635.23372,19.44338226,5.769966125,4,259.9920044
9825,87.57388306,27.97404671,17.56191826,8.181314468,5.214743137,996.1265124,3,16966.58711,21.79069901,9.233738899,4,246.4996948
9826,167.4408875,26.82023048,17.68118668,7.347625732,4.349561214,2456.698559,3,25336.80226,21.32626724,6.503225327,4,67.01128387
9827,125.7140579,39.3154335,26.6552639,9.208116531,5.562139034,6457.134397,1,10367.40689,27.59930801,8.26709938,4,69.59979248
9828,133.3826141,25.38682175,15.25521851,9.818674088,5.865209103,3598.866656,3,13904.47647,29.90359306,8.502397537,4,177.3655243
9829,189.0764771,32.51803589,18.03458214,9.272302628,5.460077763,5319.498552,3,14280.9871,24.33317947,8.940219879,4,222.0624084
9830,52.70656967,29.68598175,16.23339462,6.860086918,4.406052589,1746.030864,3,182.2532774,16.52867126,5.811503887,4,194.908844
9831,63.55402374,32.17700195,21.64559364,6.149974823,4.148749352,1052.266626,3,1405.887487,13.80920792,6.581387997,4,260.9421082
9832,162.8237915,21.21430779,14.87964535,9.583060265,5.988184452,2838.372275,3,5851.860678,29.79836845,8.863315582,4,208.3007507
9833,174.5470428,21.38601112,14.25859928,6.694688797,4.125802517,3117.70091,3,7235.241721,23.04259682,8.273207664,4,103.4091568
9834,139.9573212,21.87371445,18.00605965,10.44207668,7.084602833,2843.520377,3,5895.318129,33.58112717,10.60046673,4,312.7630005
9835,31.59475327,35.17213821,19.15099525,9.84835434,5.483045578,1609.699968,3,29321.79736,17.83151627,9.549944878,4,162.2362671
9836,78.78220367,35.45251465,22.11486244,6.926555634,3.930723906,2406.957834,3,30615.09773,17.3787365,6.550479412,4,277.7786255
9837,67.51644897,35.06909561,21.19647026,10.732584,6.270830631,4204.771232,3,32807.11626,20.94350243,10.84322071,4,162.4744263
9838,22.76613998,35.82738113,20.02036095,7.097383976,3.699002743,13.25296869,3,18558.76373,12.14022255,6.292246342,4,213.3206177
9839,4.573474407,27.4365921,12.06348801,2.750763416,1.147024393,268.6927088,3,18825.97979,5.588112354,1.670585752,4,45
9840,38.99671936,36.10738754,21.41862297,10.1231451,5.635433197,1105.660842,3,2198.918753,17.40703773,9.181268692,2,169.5625305
9841,53.7112999,52.10343552,26.11244392,7.211785316,3.965446472,2239.32023,3,3500.357173,14.36126709,5.376247406,2,77.50543213
9842,232.5306702,34.26841736,20.18666267,7.308483124,4.327927113,5943.632767,3,3678.289736,16.06747246,6.262105942,2,247.7971802
9843,101.9771271,42.01774216,26.01688385,8.389083862,4.886883736,2692.326996,3,9527.988318,20.3927803,8.196855545,4,292.7297363
9844,228.7789154,47.26581955,26.61077118,12.05270481,6.586390018,3691.005476,3,2699.42021,33.40410233,9.800686836,4,302.4711914
9845,2.472003937,41.2815094,19.23912811,2.332995415,1.180417657,232.7737138,3,2714.289777,3.157557011,1.553290367,4,91.36315918
9846,75.94111633,33.78535461,19.32388115,7.391921997,4.631726265,463.2982611,3,2017.380617,17.47785378,9.438454628,4,90
9847,90.77980804,29.94643593,13.59535885,8.502650261,4.731129646,814.8529976,3,3311.383333,21.92041016,8.530646324,4,262.2921143
9848,57.72751617,37.41439438,17.62123489,9.552926064,5.398763657,439.7708923,3,2938.175286,18.70849228,8.739182472,4,256.4295654
9849,76.88527679,28.24663734,18.01480675,9.502700806,5.513199329,3188.52517,3,30649.09644,23.23942184,10.78274918,4,152.8503113
9850,28.2407856,38.87535477,22.28608704,11.94146824,5.767089367,613.1222889,3,7343.485182,19.63044167,8.35112381,4,265.7391357
9851,35.75682068,36.69187546,18.24261856,6.795517445,4.05146265,1117.566509,3,6798.661083,13.42918015,5.3436656,2,203.9624939
9852,61.91504669,37.00697708,18.99611664,9.723759651,5.252548695,4863.926942,3,7894.233881,24.71326065,7.714528084,4,266.8201904
9853,208.4817657,32.40543747,22.91670227,9.021386147,6.143233776,5405.533253,1,14359.37211,27.32108498,10.2842226,4,297.2842102
9854,38.67198563,31.30904198,17.12439728,4.014802456,2.217050076,278.7303577,3,26117.65053,8.160636902,3.795574903,4,136.4687958
9855,34.97585678,41.56529999,22.44937515,9.339280128,5.727427483,4613.585351,3,32770.71354,16.78993416,7.978832722,4,312.3162231
9856,165.786377,23.19498825,15.47956657,8.684541702,4.965284824,2388.06003,3,25574.75495,23.53285789,7.921265125,4,165.8739471
9857,55.20407104,32.73875427,18.72912216,7.334965706,4.101027966,3628.201611,3,14543.74367,16.23248863,5.851572514,4,77.96940613
9858,38.82603455,48.13643646,24.60528946,6.551924706,4.462040901,686.7551676,3,27491.20331,10.38347435,6.960527897,4,59.95652771
9859,35.11798477,36.39149094,21.91553688,11.09625721,7.135121822,3640.964764,3,31675.09197,20.02338028,11.04993439,4,130.8150787
9860,55.7097702,30.23173332,17.64847183,8.960426331,5.015111446,3503.265302,3,31392.87123,19.12385368,10.45484924,4,173.0228882
9861,130.7653961,21.41869926,15.38040638,9.657868385,5.971853256,3961.610083,3,32284.23756,26.72917557,8.294489861,4,172.3039551
9862,104.7372742,27.9750824,19.74451256,8.102420807,4.384939194,4079.878608,3,10664.5487,21.36175919,8.083981514,4,50.19442749
9863,95.71728516,47.26086807,27.22870827,8.195411682,4.033520222,3423.785935,1,10146.30234,22.43421745,7.185992241,4,308.6403809
9864,107.5249863,32.81310272,17.05961418,6.111976624,3.656250238,3971.774171,3,13734.38961,15.14703083,5.982961655,4,128.744812
9865,104.8037949,29.62179565,16.36322212,8.697809219,5.474072456,2365.972232,3,27437.77633,19.39487648,8.467936516,4,117.7585449
9866,37.11734772,30.90657234,20.56978989,6.445932865,3.979266882,350.4811998,3,18892.52334,13.65506172,8.637922287,4,43.35108948
9867,123.1580124,32.96577454,19.16484642,11.11083031,6.651199818,3354.140842,1,4407.655973,29.64911842,8.868686676,4,293.9848022
9868,20.30750465,31.02367592,17.55892372,4.618751049,2.442246437,158.6049126,3,26473.89948,7.861876965,4.819779873,4,125.8376541
9869,74.36146545,34.58873367,17.53186607,7.843909264,3.975841761,654.1553386,3,17887.95544,16.69939041,6.123607635,4,259.6951599
9870,48.76501083,32.38550568,19.71100426,9.273706436,5.429330826,347.0427493,3,2852.784561,18.83363342,10.35816002,4,247.3801422
9871,85.501297,31.08904076,17.41181564,9.560765266,5.180418015,1444.866594,3,11240.5986,23.71700287,9.557971001,4,197.542923
9872,164.3299713,32.97195816,16.02519989,6.167190552,3.875401497,5488.100229,3,2759.821265,13.80504131,7.250231743,2,183.2154846
9873,183.978653,20.17584419,12.68496704,7.571836948,4.405615807,1196.405138,3,3870.722485,26.96828461,7.040329933,4,246.5570831
9874,160.6157684,26.76504898,17.00439835,7.588818073,4.600077152,3057.872496,3,7112.613967,19.26169968,8.233057976,4,129.409256
9875,59.09873199,29.3915062,16.43647766,8.338264465,4.003352165,2277.792187,3,7967.836715,17.39580727,8.379624367,4,128.1572266
9876,58.1015892,25.95590782,17.36372757,10.34678364,5.856041908,1870.430502,3,8302.033762,23.22431755,9.84335804,4,284.6419067
9877,25.01232529,29.7657795,21.49751091,6.858664036,3.491122246,26.98767828,3,18507.72168,12.99742031,7.51604414,4,228.6307068
9878,143.814743,31.59003067,20.63550377,10.10438633,5.631134987,311.9626093,3,8933.524335,25.92658615,9.562107086,4,238.2286987
9879,63.29950714,49.66585922,26.33910942,8.608489037,4.915920734,1327.225435,3,2639.835619,16.0662365,6.918542862,2,50.04244995
9880,18.99666023,36.59798813,21.63487434,9.891950607,4.994848251,347.8798755,3,1762.917635,15.74734497,7.124311924,2,264.7248535
9881,93.99627686,41.75926208,23.2785759,8.511693954,5.013185978,1452.320478,3,188.7910203,19.23338699,7.201208591,2,282.5288086
9882,26.64273643,29.93022537,17.62688065,6.343814373,4.938161373,237.1618599,3,18772.72657,12.20800304,9.543868065,4,63.43494797
9883,118.0251312,24.36634827,15.08615398,7.925715923,4.459087372,1642.957266,3,16863.60481,23.40501976,8.624437332,4,284.6208801
9884,113.0623779,27.88669586,20.19080925,9.350124359,5.800770283,2000.548542,3,16472.80407,27.84233093,9.133134842,5,118.2652206
9885,111.3759995,28.97792435,15.63019848,11.00781918,6.22821188,1322.153187,3,15421.96243,29.69140816,10.1292181,4,164.4939117
9886,130.8989716,26.31973076,16.34059715,8.33288002,5.566384792,1629.223335,3,17580.01486,21.64484024,10.66323662,4,183.7313995
9887,99.02193451,27.66250801,19.14749527,8.601470947,4.453932285,3779.419105,1,15620.62971,30.09295464,7.829480648,4,285.0183716
9888,122.1849442,32.98016739,24.15168762,8.832562447,5.330356121,4222.668761,3,3337.521672,24.23649216,7.679992199,4,302.8842163
9889,230.7143555,24.81480026,16.4567852,8.5620718,6.273499012,793.3306338,3,3641.513348,26.37208557,10.71283627,4,229.6354675
9890,117.8783112,31.50877762,21.55793953,8.196162224,4.80713892,4282.998361,3,6524.834773,25.84536362,6.818087101,4,278.9726257
9891,178.1395111,24.7011261,16.20311928,8.945498466,5.577465057,4230.762547,1,13203.7756,32.20342255,7.593437195,4,62.59242249
9892,155.6736145,28.30646324,16.24073601,11.75804424,6.523029804,4482.734759,3,11207.43631,32.46360779,10.30941772,4,222.2736816
9893,46.6529808,30.39725876,14.52128124,5.75470686,3.78949666,2089.37963,3,579.8180732,11.99959373,5.001569748,4,130.3645325
9894,172.4300995,27.29770851,16.97145081,14.11034775,7.869060516,1330.954513,3,4328.89213,37.97789383,14.13610554,4,132.916748
9895,119.2485886,28.46496773,17.44810104,9.309559822,5.492516518,1550.717547,3,22880.9303,24.32274055,8.156188011,4,91.30262756
9896,27.12482262,39.59439468,22.92666626,10.43206978,6.227017879,956.919392,3,7249.89849,18.88474464,7.961174011,4,228.7274323
9897,97.74713135,30.8037262,18.31837463,10.30054379,5.767958641,1896.646182,3,5752.675356,25.62799072,8.178314209,4,159.7174377
9898,80.57546234,23.59882736,15.61046696,7.011427879,4.160620213,2168.217866,3,26774.30457,20.02600861,6.678534508,4,245.9848938
9899,105.6099548,50.60330963,28.68277931,8.75590992,5.033742905,4275.508665,1,6896.039123,25.42635918,6.317216873,4,318.5986633
9900,157.3792877,33.06603622,22.00340652,10.3700552,6.234703064,6481.400057,1,9446.863102,32.16069412,8.458937645,4,92.93567657
9901,46.08608627,35.50622559,19.42191124,13.3564539,7.088399887,6937.809654,1,9428.757605,28.70089149,11.47069645,4,97.7021637
9902,97.46163177,28.62654877,15.66482067,8.377539635,4.870330334,2546.739759,3,1290.096042,20.99377632,8.782513618,4,108.4349518
9903,78.53636169,27.47350693,18.05687141,6.431746483,3.738836288,2046.160745,3,7679.634276,15.38144684,6.41561079,4,292.9887085
9904,89.87662506,26.19815826,17.52285576,5.710918427,3.595820665,2381.413504,3,21337.47843,18.04935265,5.251378536,4,52.19923401
9905,69.12623596,49.17707825,26.57242966,9.013662338,5.154829979,2405.402028,3,21119.97071,18.10837364,9.084158897,4,60.70330811
9906,108.7767563,29.42912483,18.25232506,9.183041573,5.558567047,6831.270927,1,9819.439785,28.82081413,7.992222309,4,256.9480896
9907,111.0372314,28.634758,16.2381134,10.96303368,6.581611633,1856.881603,3,15023.17271,30.30946541,9.238223076,4,177.7970428
9908,19.60494995,57.89525986,22.80965805,8.255835533,4.217014313,2131.516601,3,385.8949516,13.37376785,6.093102455,4,45
9909,39.32976913,41.74640656,21.36737633,7.512269974,4.379239082,2201.05308,3,276.1215607,14.372118,6.523085117,4,52.12501526
9910,17.31520844,34.87433243,21.5643959,5.542530537,3.712876558,8.388376954,3,2494.052011,9.417758942,6.310916901,4,60.94539642
9911,104.5205078,26.17283249,16.48968315,7.466616631,5.547862053,371.7527462,3,3072.974843,18.5067482,9.471215248,4,236.6464539
9912,37.61566162,44.06467056,21.04323196,9.448750496,8.002033234,203.1589777,3,26712.38983,13.91253471,13.96169662,4,271.9749146
9913,69.52151489,43.87181091,25.01965141,9.385145187,5.038861275,960.1621153,3,26855.28621,18.35012054,8.289761543,4,261.3843384
9914,18.61530304,50.32912064,25.9322052,6.914642811,4.360110283,1917.313656,3,29092.49218,9.606911659,6.577045918,4,333.2250671
9915,45.62126923,35.50998306,19.26959801,7.739190578,4.131928921,2761.630626,3,808.5513358,14.7754612,6.095703602,2,126.6070709
9916,118.8058929,28.91749382,17.5109272,9.450304031,5.897136688,326.8188948,3,16785.95977,21.36054993,12.39060974,4,232.1250153
9917,60.36037445,30.40300179,18.79312706,10.95558929,6.672220707,648.120672,3,6606.246742,29.74117661,10.31748676,4,260.0328979
9918,80.55461884,29.11737251,18.36759377,8.14307785,4.574022293,425.3676075,3,2179.615278,19.87886047,7.735061646,4,61.82141113
9919,213.9150085,21.52689552,13.79083347,8.275065422,4.848959446,1881.357601,3,4934.231225,31.63427544,6.95182991,4,281.5346069
9920,109.9746704,29.74069595,16.3624897,11.07534885,5.044209957,555.1896259,3,9382.123376,25.89882278,8.344920158,4,146.8766479
9921,126.3133469,23.54655266,16.9809227,6.112166405,3.786978722,1604.8381,3,16076.45109,20.40511513,8.368011475,4,70.84439087
9922,80.81632996,27.5066433,16.75854683,8.232083321,4.811284542,2081.048369,3,24900.74508,19.11005974,6.983786583,4,149.4906769
9923,59.73878098,32.95653915,19.27486229,6.551795959,4.523421288,2349.691604,3,29910.97977,14.65879822,9.028370857,4,235.6196594
9924,123.9431152,17.66427612,13.58418655,7.148085117,4.403283596,2932.71391,3,31049.94073,27.78759384,6.440548897,4,212.3578491
9925,94.30085754,26.15592384,19.94882774,7.637640476,4.346532345,3064.241659,3,9923.461742,26.25053596,7.345218658,4,52.20140076
9926,71.868927,29.16290092,19.01786423,10.81671524,5.914138794,742.5087647,3,6638.619822,26.84121704,10.8226099,4,226.7907104
9927,105.4600449,26.21158409,17.51635361,10.61685276,6.142328739,1311.024088,3,6124.178571,29.27350616,8.293650627,4,203.4160309
9928,166.7767181,29.24333382,20.11128235,10.86057758,6.343223095,3503.337897,3,2430.193676,34.97651291,9.902601242,4,302.8981628
9929,134.605072,33.61178589,18.40653992,7.900864601,4.251453876,699.1537487,3,9177.730799,19.87864876,6.724720478,4,73.61045837
9930,107.2938004,45.9805336,26.53764534,8.663888931,4.736282349,2061.312141,3,27164.05798,20.06694984,8.354909897,4,275.2476807
9931,17.69801903,59.52334213,21.94098854,7.784861088,4.892472267,2225.537334,3,29464.21361,9.562755585,6.871910572,4,62.5670929
9932,40.31364441,57.37195206,26.21426201,9.129513741,5.747448444,4251.961421,3,31745.34521,19.36221123,7.803594589,4,24.9693222
9933,48.62880325,30.55751228,20.05731773,8.525475502,5.036027908,4129.210461,3,32041.92422,17.28998375,8.110398293,4,204.1022339
9934,87.85279083,22.62123299,14.06256199,7.574025154,3.713225365,2070.711472,3,28027.16703,23.09127808,6.823393822,2,207.6900787
9935,37.80772018,35.57190704,20.25017548,8.705629349,5.31642437,1565.646844,3,6798.498508,16.42777252,8.260819435,2,192.9096222
9936,126.6564713,50.55198288,27.20075417,12.9218092,6.816641331,7128.543502,1,9560.258848,29.15573883,9.431809425,4,41.33221054
9937,38.67274475,47.46923828,25.49263382,10.32175446,4.31409502,7126.6871,1,9422.802447,27.40394402,7.722486019,4,314.3991699
9938,153.2646484,33.29422379,21.32552147,8.245501518,5.069328308,2891.692962,3,1480.665227,22.0603199,9.805123329,4,54.84329224
9939,82.34910583,46.72821808,29.70901108,9.066386223,5.340069294,468.6398967,3,18959.18596,25.22581291,7.568930626,4,30.19162369
9940,81.04211426,30.7356205,17.13111687,11.13914871,6.87556076,1157.953143,3,23998.14172,23.14479637,9.660435677,4,81.40760803
9941,93.4547348,27.52528954,17.49464798,7.599901199,4.616961956,1122.624581,3,24624.1972,20.35790825,7.318397999,4,239.6208801
9942,101.7542648,45.05285263,27.01832962,9.316224098,5.616780281,5257.469847,3,31425.82933,19.08517075,10.37856197,4,42.15523529
9943,122.3324356,30.3805027,19.50246239,6.669659138,3.771293402,5523.818127,3,31895.0774,16.76068306,6.810976028,4,253.7892151
9944,36.30957794,66.6519165,17.54028511,10.58933926,5.733253002,3947.088069,3,31452.50935,15.16943359,6.826535225,4,317.769104
9945,75.30299377,31.28046799,18.08738518,7.896146774,4.668165684,1622.23166,3,22945.64601,17.99914551,8.658560753,4,120.1400299
9946,40.48643875,31.08512306,22.55268288,11.17111111,5.764649391,1242.523485,3,7091.221536,23.12870407,9.683537483,2,220.7858276
9947,187.7515869,27.90561867,16.48931885,10.84581947,5.916862965,4404.443353,3,3470.081508,31.38220024,11.0935936,4,213.0348816
9948,92.92082214,34.73640442,15.08115578,8.990335464,6.34843874,3105.49379,3,1887.607368,25.99922562,9.77823925,4,79.46728516
9949,10.8411541,38.55944443,22.91692543,5.207206726,2.959875822,2375.623522,3,754.9526624,8.251824379,3.796642065,4,91.97917938
9950,115.8306122,23.09400368,14.84411526,8.611766815,4.816713333,2302.27346,3,30479.16253,25.05842972,6.877494335,4,202.9507751
9951,78.40275574,30.75729179,19.77563667,7.349287987,4.340606213,1872.961868,3,22492.05879,18.40634918,7.160168171,4,262.9851685
9952,63.10932922,32.98397064,20.4463501,6.048191547,3.556110144,2576.888778,3,21372.59164,14.34725094,6.714951992,4,53.88066101
9953,61.64197159,34.3474884,23.18379402,11.17366314,6.328710079,1839.275653,3,20541.62354,23.27458954,8.919692039,4,35.08724976
9954,63.48719025,56.40607071,27.34906578,9.828402519,5.362229824,1088.710018,3,19631.50518,20.10414314,7.716898441,4,35.35903931
9955,62.58618927,29.09337997,19.86854553,7.387703896,3.95638895,374.910087,3,18900.99723,19.78463364,8.664196014,4,60.00492096
9956,42.59845352,35.9885788,18.53344345,6.424530506,4.053384304,104.0778649,3,18416.3896,13.68841648,7.335089684,4,238.3925018
9957,52.37987518,32.03134918,17.12397957,6.774303913,4.053804874,151.8562815,3,18358.59054,14.65795612,6.618886948,4,242.2614746
9958,19.14405632,35.39890671,18.21365547,5.508551121,2.599366665,216.5504188,3,10089.93164,12.79708672,4.831651211,4,97.91307831
9959,66.65182495,32.38565826,23.81712914,9.688510895,6.962141991,57.45982376,3,9842.543466,32.34537125,9.762425423,4,309.1060181
9960,187.4373779,27.38772583,17.43998146,9.587723732,5.858018875,3575.639039,3,5637.59988,28.9330368,9.136488914,4,220.2113953
9961,20.70968819,34.47841644,14.56229591,9.527313232,3.824345112,4564.174674,3,7436.036178,19.0785141,8.519367218,4,227.009552
9962,107.1873779,30.85033226,18.69979858,9.301308632,5.208870411,6314.458734,3,8139.128156,28.76296616,6.96655035,4,81.86989594
9963,75.46071625,28.64409065,17.89184952,10.82270336,5.977585793,6659.954919,3,9044.236184,31.62610054,8.129115105,4,115.2504349
9964,55.37417603,48.76348877,27.65968132,7.444005013,4.206091404,786.0143604,3,1730.641141,16.75820351,6.787273884,4,298.3764648
9965,59.09700775,52.48436356,27.68169785,7.929875851,5.28225565,1657.653786,3,28383.75441,16.3125782,10.27966118,4,317.2025757
9966,48.94991684,54.77596664,25.26523209,9.588260651,4.706147671,2194.106164,3,28701.98247,15.22872353,7.009822369,4,292.3434448
9967,80.52883148,29.79804611,19.21253204,9.087325096,4.796895027,5076.041994,3,33071.50459,19.16076851,8.830364227,4,216.8699036
9968,97.00535583,23.95019722,17.25192451,9.908144951,6.40957737,4738.373694,3,33420.19396,26.57808495,10.69276524,4,215.1341858
9969,167.4241486,26.82500267,16.82136536,9.1085186,4.839122772,2429.641683,3,12898.74214,26.88589096,7.488652229,4,74.39605713
9970,51.54089737,30.27290535,18.42973137,11.28799248,6.18819809,786.9875295,3,7499.901466,26.26865196,8.011387825,4,40.99028397
9971,52.00955963,35.95770264,19.34305954,7.588314533,4.122689247,2020.161064,3,95.4849431,16.35059547,5.935071468,2,142.0530396
9972,31.34746552,33.84607697,16.47430992,4.919106007,2.710392237,3093.882785,3,1059.264961,8.832982063,3.82755661,2,253.3007507
9973,105.706459,36.90626526,21.08564568,9.640361786,5.566478729,5620.527552,3,7739.648189,24.13524055,8.066477776,4,251.869812
9974,69.71730042,39.01019669,28.4165802,10.38961983,6.698507786,6917.576056,1,9043.739801,31.64291382,8.00492382,4,293.6456299
9975,48.67641068,43.20339584,25.14671516,10.26458073,5.955532074,475.7139936,3,26381.4867,17.64594269,9.095018387,4,294.9243469
9976,111.4404221,28.21681023,15.66676998,6.651564121,3.774024963,1957.391054,3,25902.32258,18.36332321,6.31713438,4,78.98786926
9977,133.2311554,35.47411346,22.98483658,8.796374321,4.414296627,5192.218085,3,7000.472941,24.00277519,6.951987267,4,293.2919312
9978,114.6776276,43.74016953,29.87861443,8.001607895,4.814472675,5468.133111,3,7337.455518,23.3728714,7.22701025,4,31.16838074
9979,78.48683929,38.67665482,27.84623528,11.57393551,6.019752502,788.2011076,1,15777.14401,29.36403275,9.22274971,4,321.5437622
9980,75.99410248,28.47879219,16.57938957,8.52613163,4.567883015,795.9195243,3,18399.14993,19.55754471,6.764800549,4,188.0272827
9981,90.77558899,32.2219696,20.35313225,7.896918774,4.865562439,2196.371241,3,29084.13608,20.73304558,9.553124428,4,66.43602753
9982,145.9806976,23.96391678,14.75921822,7.387901783,4.157417297,1475.954355,3,17017.42097,22.34366989,8.524280548,4,239.2810974
9983,110.4161758,31.24805069,17.39170074,11.02347946,5.875412941,889.9583874,3,15784.1174,28.60358238,9.299440384,4,130.4260864
9984,38.55477142,32.27146149,16.0927372,10.04778576,5.315200806,354.6990784,3,7018.908059,20.63982964,7.117770672,4,78.54968262
9985,148.7337646,18.88142776,12.60598278,8.222303391,5.812786579,3469.490003,3,6556.998301,29.56361961,9.268380165,4,126.6625519
9986,125.0664291,26.5183754,15.75513744,7.40373373,4.240746975,1048.971245,3,26834.69729,20.5783844,8.114444733,4,228.7828979
9987,96.06016541,30.91648865,19.90868187,8.812788963,5.580936909,2379.957287,3,21035.7063,22.25772476,10.21414948,4,90
9988,86.10124207,32.91666031,20.63466835,8.360246658,4.800788403,771.1379757,3,7929.597902,19.90631676,7.373687744,4,77.2756424
9989,128.4919586,37.2766304,28.29485893,9.042048454,5.604195118,7605.607213,1,9031.681129,31.1881485,7.742801666,4,28.88658142
9990,117.2390213,26.83687973,14.46637726,8.508193016,5.075368881,5369.746368,3,11720.1294,22.39946175,9.663098335,4,246.0375061
9991,13.02628899,35.15660477,22.61480331,8.593725204,5.46417284,1859.616603,3,288.6494028,12.53921795,9.09575367,4,151.6992493
9992,101.6448822,31.02871323,18.85068893,8.49392128,5.974816322,610.5714499,3,25523.69864,18.47558784,10.73764801,4,86.72921753
9993,44.22029877,37.53660202,19.70162582,11.00903988,6.843699932,375.3874433,3,18130.03325,19.68496895,10.3858223,4,155.6954498
9994,47.64655304,37.21681213,20.93099594,8.112133026,5.216053486,449.1628846,3,18048.23084,15.13461304,7.082963943,4,284.3069458
9995,152.2866974,25.91848183,13.15323162,6.714560032,4.225095272,2995.862668,3,15489.89523,22.6607666,7.04026413,5,208.0091858
9996,128.9343414,24.56101418,15.48198414,7.843543053,4.595860004,3309.309214,3,15119.86263,28.08237648,7.3561759,5,285.0183716
9997,88.38983154,30.05716896,21.77794647,13.07794476,9.92693615,311.3878571,3,10056.54338,30.66638756,14.07826042,4,280.527771
9998,115.486351,33.26060867,18.67644691,8.577072144,5.085654736,6573.880058,3,13206.71729,22.55636597,7.972528934,4,94.0569458
9999,128.0301514,26.98192406,15.82251263,7.067381382,4.228505611,1757.991759,3,28911.00162,18.97238922,7.035136223,4,94.6354599
10000,168.9415131,38.35549545,24.76126862,11.18898106,6.387099266,7533.759044,3,9218.730628,28.6363163,8.864658356,4,298.4259949
10001,51.77275848,50.43734741,26.05979729,7.697637558,4.167888641,2410.812835,3,32.2655014,16.01532745,5.701941967,4,306.2538452
10002,113.5381622,39.56071854,25.92098999,7.807445526,4.487336159,3234.241821,3,28202.00408,18.79136086,9.426493645,4,303.3497009
10003,79.07917023,50.11988449,28.43466759,9.791148186,5.495174885,4973.222765,3,32348.76152,22.85476875,8.500128746,4,59.38139343
10004,109.9940491,43.79064178,25.39216042,7.766057968,3.878060341,1000.825604,3,7998.552935,16.85699081,7.176822186,4,52.59464264
10005,34.03406525,61.50143433,23.31451035,8.533202171,4.277911186,1477.077174,3,7131.021843,14.92008495,5.503988266,2,324.9768982
10006,57.07012558,33.71245956,22.53911209,6.484134197,3.754968166,1274.421755,3,7678.960532,14.14304829,5.256184578,4,37.18470764
10007,148.7406158,24.67802048,13.86706734,7.805569172,4.933486462,5879.713358,3,11909.32027,24.21196365,7.341112137,4,252.0126648
10008,109.4848785,25.05272675,14.58596325,6.971899986,3.986945868,5875.445601,3,12563.24308,18.83977318,5.828021049,4,217.0517578
10009,91.77645111,20.34743118,16.17881584,7.630263805,5.633245468,2358.306121,3,15142.13031,26.18771553,8.085315704,4,226.4814606
10010,49.78707123,30.07442665,20.07762527,5.649273396,3.879333735,2893.506939,3,29925.96028,13.92334843,9.283798218,4,247.6198578
10011,103.6575089,32.1591568,16.33755493,10.09012413,5.791950226,2322.751462,3,16132.28269,22.91034126,7.633017063,5,260.3947754
10012,125.5013275,26.7644558,14.23546696,8.585158348,4.923900127,5501.954365,3,12303.8907,21.80204391,7.229522228,4,162.7744904
10013,105.2636719,30.38434601,17.33545494,8.40799427,4.576519012,1485.165954,3,23321.20238,21.32157516,7.566064358,4,220.7108459
10014,41.02069092,36.5638237,21.92119217,8.254894257,4.130654812,2064.40372,3,28662.64046,16.52114105,5.86330986,4,118.779808
10015,78.94039917,35.99145889,19.74251938,7.157620907,4.298890114,2680.647081,3,27903.26668,15.12345314,6.581803322,4,99.28485107
10016,68.71472931,27.05961418,19.75670433,6.348162174,4.102619171,1815.794986,3,29597.03146,17.11653328,5.535805702,4,120.9637604
10017,233.5912476,23.26266479,15.5533371,8.130025864,4.720734596,2678.528913,3,15570.11492,26.54250336,7.490811825,5,217.7072144
10018,35.49493408,22.17971039,15.51608753,7.75924015,4.337560654,502.6272268,3,10330.69348,16.52490425,7.897754192,4,119.0546036
10019,101.2644653,34.77257538,23.92409706,9.263420105,5.337151051,3896.156505,1,6359.552777,25.71363068,9.194237709,4,57.60015869
10020,73.5137558,30.97952461,17.70856476,7.963108063,4.567448616,232.3675187,3,7278.431283,20.41355133,8.251300812,4,94.39870453
10021,89.03803253,34.68814468,24.67941856,10.42100811,5.933576584,1265.924523,1,6303.459667,29.38879776,9.066597939,4,309.3682251
10022,112.3883896,39.08453751,26.81086159,6.843981743,3.761582375,3532.186784,3,13623.89372,19.32253265,8.461811066,4,62.1027298
10023,14.83957577,29.93568993,14.18513489,5.857915401,4.324074745,2334.725965,3,20219.45133,9.945147514,6.203534603,4,207.8972778
10024,122.820137,25.54441643,15.18042469,10.76649666,5.853000641,1201.186523,3,11184.82889,28.87843513,10.06169891,4,156.8962708
10025,130.3600006,43.55441666,28.91048622,8.878237724,5.235406876,125.2380672,3,9316.01954,24.03484917,8.08770752,4,300.2564392
10026,108.2345428,30.80774117,21.63025475,5.423066139,3.075435877,2820.513098,3,5844.164468,15.79698753,5.309641361,2,300.5297241
10027,95.0120163,23.76626587,18.47829056,10.41784096,6.688498974,2883.054922,3,14186.96477,30.27095032,9.886185646,4,154.7810669
10028,135.9131622,41.55591583,29.02773857,10.21978283,5.934114456,3029.824067,1,13835.02971,31.27105522,8.313602448,4,45
10029,81.29065704,44.67749023,30.57543564,9.6963377,5.727181911,3735.807451,1,10517.66258,23.86660767,8.537828445,4,26.00334549
10030,142.0792236,28.37923241,17.60869026,10.3516264,5.789804459,1431.390892,3,8527.50947,29.16122055,9.017273903,4,168.2862091
10031,54.21495438,46.02097702,27.38959694,6.868574619,4.084314346,2338.1666,3,160.8405424,14.81754971,5.249164581,4,41.5526123
10032,56.78875351,36.80248642,27.32481766,7.05696106,4.506217957,1370.462814,3,1084.404972,18.99179649,7.485636234,4,27.36487961
10033,53.9670372,32.27171707,19.56177711,5.644636154,3.240586758,1904.048466,3,583.7901288,15.86109734,4.880461693,4,263.65979
10034,70.97589111,30.94856644,20.43379974,7.498094559,4.396366596,753.722834,3,2197.266993,18.89099884,8.124275208,2,85.15599823
10035,83.69522858,29.73923683,16.18145561,9.274037361,4.791243553,3374.002809,3,16277.67307,27.51995659,7.690083027,4,163.0928497
10036,96.71327972,38.21626282,16.73738861,9.86636734,4.615990162,3618.902885,3,16125.3489,26.5243187,9.196781158,4,242.0272064
10037,53.22729492,33.89282227,18.4737072,6.953759193,4.020596981,2595.065261,3,612.4553033,13.78431034,6.177854061,4,108.4349518
10038,75.38539886,27.77002907,20.54411888,9.243643761,5.410333633,1502.178113,3,11152.50772,25.10553932,8.638079643,4,296.5650635
10039,113.6413116,26.74419594,16.31451988,6.69631958,3.690847874,1353.816274,3,17132.43285,20.88074875,7.841229439,4,280.0248413
10040,43.26358414,30.16805649,22.26081467,6.58404541,3.612300873,1966.413735,3,7113.117343,15.06678963,5.043135643,2,46.90915298
10041,29.05830765,38.58784866,21.83751869,9.557250023,5.312259197,112.2970024,3,1800.694348,14.47747326,9.133093834,2,215.639801
10042,142.2698059,32.5268631,18.13487434,10.67480564,6.297214508,1561.737314,3,8748.901033,25.76005745,10.08734131,4,57.17528534
10043,120.2812805,40.27330017,27.32307434,9.632543564,6.123929024,7350.653962,3,8388.122776,31.31738663,7.443361282,4,35.53767776
10044,82.44682312,27.495327,18.50866508,9.456463814,5.616733074,165.1027363,3,7699.30151,24.76347351,8.637105942,4,172.3039551
10045,82.96653748,39.8624649,25.61582756,7.327290058,4.325214386,2575.955947,3,11964.25638,17.32256508,6.959614754,4,284.6548462
10046,75.97592926,32.91958237,16.5505085,8.004808426,4.537131786,1111.961497,3,18636.38045,19.95373535,6.999920368,4,238.886261
10047,88.2182312,26.49229622,15.58689785,5.72228241,3.171023846,2871.058744,3,20553.15554,16.03023529,5.916368008,4,249.1866455
10048,97.75300598,52.18798447,25.56793594,8.387830734,4.75422287,5079.212261,3,32708.13861,16.28841591,8.238113403,4,315
10049,86.44572449,29.24166679,18.25647736,8.999634743,5.3507514,1392.984565,3,27945.62183,19.17537117,8.533693314,2,206.4890594
10050,133.8850098,34.0365181,18.45132637,9.357426643,6.71475935,1174.828062,3,27098.83747,17.17627525,9.992418289,2,163.9091797
10051,164.2067413,26.78788376,15.69903278,9.132620811,4.726296425,2852.65629,3,13331.27443,27.26078033,7.227861404,5,144.7617798
10052,177.901123,33.29147339,18.7996006,7.03976965,5.258549213,1936.756119,3,17391.35169,18.34118652,11.84002781,4,277.4147949
10053,177.9546051,29.81629562,16.80792046,9.945002556,5.62846756,5000.765132,3,15201.10833,27.22232628,8.059375763,4,140.9315186
10054,171.9508972,23.24458885,14.30339432,8.261068344,5.824975014,3364.90318,3,1870.976296,24.03026199,10.46419907,4,105.1895599
10055,11.28342056,39.52088928,19.08125687,5.528416157,2.409904718,2269.042876,3,11881.55984,9.896841049,3.688786507,4,273.0127869
10056,149.6831207,37.53846741,27.62856293,8.716417313,5.66605854,3261.698448,3,32375.5971,26.30732536,7.794959068,4,329.0362549
10057,79.77890778,47.57577133,30.15650558,9.248660088,5.472808361,2807.832895,3,31607.9016,25.63830757,8.813147545,4,25.9065094
10058,39.46364594,32.56446075,20.71465683,11.66310883,5.477194309,2694.506547,3,31236.66637,22.92041397,8.501414299,4,220.8403625
10059,183.2830505,46.37765503,27.91542053,10.19609356,6.193515301,3820.344213,1,5164.771745,29.26224518,8.997579575,4,265.2077942
10060,145.0166321,22.85372353,15.86633778,8.464726448,4.987495899,3940.622119,1,13188.35355,30.38101387,7.623960495,4,48.98207092
10061,55.87571716,22.9095974,18.48937607,10.1574688,7.440737247,2179.19377,1,14632.01546,30.95163345,7.970518112,4,29.74488068
10062,166.8859863,33.29605484,26.62845421,8.152917862,4.935708523,2327.977821,1,14369.99822,30.52745247,7.092211723,4,29.67820549
10063,205.0813141,22.35463142,14.00889778,8.719829559,5.836307049,3246.425851,3,6313.977687,27.72543144,9.639011383,4,120.9637604
10064,190.7159271,19.21916962,13.82368374,8.544874191,5.381419659,2735.665073,3,5777.931637,30.15607452,8.505134583,4,145.027832
10065,58.39344406,30.83548546,17.44169998,7.109024048,3.412211895,3028.524138,3,12516.63905,18.47216988,5.608503342,2,251.0009766
10066,84.43043518,35.18482971,20.09924316,7.914375305,4.343994617,2075.321843,3,19500.31002,17.76689339,6.680161476,4,90.90066528
10067,153.9545898,26.36066246,14.52161884,7.049840927,5.130180359,1459.278912,3,29253.6245,19.37368011,7.348635674,4,74.46409607
10068,94.63818359,52.07717896,27.32114029,8.816054344,5.269011497,2191.520512,3,20776.34643,20.50891876,9.940047264,4,68.37416077
10069,98.21413422,34.68120575,18.49887657,10.05052853,5.565421104,1465.696954,3,19993.84182,21.14299965,8.378974915,4,133.8065186
10070,109.6367111,40.07699203,24.66134834,7.756999969,4.419698238,875.9943786,3,19377.00243,18.21812057,7.243685722,4,70.11483765
10071,123.1074448,46.39806747,26.77807808,8.237787247,4.981865883,1793.286383,3,20308.13021,19.62606049,7.752533913,4,53.08290863
10072,250.3406067,21.14094543,15.08558846,7.230032444,4.546991348,2531.985686,3,15492.2537,26.01203346,7.031842709,5,262.3039551
10073,10.90031624,54.4793129,28.94614983,5.939063549,2.761498928,2968.070809,3,14504.8813,8.782125473,4.711303234,5,15.52881622
10074,212.109024,22.16994286,17.13743973,6.887839794,4.111342907,2793.225008,3,13808.09222,27.59584999,8.037205696,5,55.08059692
10075,82.32468414,33.39925003,20.28099632,8.059329987,4.713733673,1132.956177,3,2949.461064,18.16993904,8.196210861,2,102.0305939
10076,53.53039932,33.53816223,17.34044647,7.516383648,4.211613178,769.7533265,3,2617.578199,17.05435181,7.030912876,2,198.4349518
10077,59.36534119,31.92020607,20.78239632,8.700037956,4.754684448,485.5026844,3,2199.009239,20.41102982,7.153595448,2,61.22019196
10078,81.54210663,33.43803024,19.10209084,6.636669636,4.120705605,1169.820645,3,1123.844839,12.37698746,6.360589981,2,153.824707
10079,114.0664749,31.23552704,18.41031075,10.89589405,5.752766132,3395.402939,3,4513.385305,25.88465691,9.427892685,4,199.0751038
10080,271.3589478,25.93100739,15.13017654,12.08586884,8.062378883,4374.365134,3,3347.396172,34.43889236,15.78766537,4,270.1411133
10081,52.15561676,29.68757629,19.23600388,10.01454163,5.490519524,740.8293149,3,10487.17025,20.05315018,9.44603157,4,194.0362549
10082,143.3597412,37.19300079,23.78011703,6.662519455,3.860745668,1633.318825,3,26814.13328,16.22096825,7.010262012,4,71.56504822
10083,172.8499298,28.29538536,15.73885155,9.870635986,5.002045631,6992.026998,3,10544.24426,27.87728691,8.543997765,4,162.2995758
10084,47.53230667,26.48804092,14.21582794,9.52733326,4.655108452,4098.579538,3,3978.047827,19.0383606,6.593609333,4,288.7997131
10085,294.8880615,19.79989624,10.43805218,10.89467144,7.309632778,4313.162306,3,3155.426926,36.19696045,14.08791256,4,252.3482513
10086,46.71426773,30.54692078,20.25977325,6.569861412,3.617707729,459.5843332,3,9943.435259,15.72259426,6.472091198,4,293.1986084
10087,22.17525291,38.47105789,21.28608704,7.009418964,4.436124325,368.4041149,3,16631.79853,11.13996315,6.337745667,4,68.7820282
10088,68.33960724,33.54758835,19.29728127,8.90451622,5.401090145,335.0218999,3,16969.96005,21.84726143,10.60660172,4,237.1549377
10089,105.1833115,31.0958519,23.71014786,7.403603554,4.1731987,1784.399983,3,30439.48166,24.39844704,6.903738976,4,274.6668701
10090,29.17064095,29.18507385,10.53612137,5.095330715,3.288007498,1564.394314,3,28923.65433,19.26043892,2.920221567,4,110.157608
10091,161.4796753,28.60601234,16.77171707,9.625209808,5.733059883,4478.996216,3,15461.34126,27.66517067,8.320717812,4,209.9487762
10092,130.995285,36.11374283,23.75117683,10.96295261,6.143104553,3381.905863,3,4667.049995,26.78706551,9.181817055,4,323.8579712
10093,41.73170853,42.15740585,24.89871025,7.095433712,3.574485779,662.9207609,3,10179.48411,13.54995632,5.001134872,4,324.6051941
10094,104.0661621,33.15323639,17.99764442,8.882580757,5.383707523,434.8178366,3,25348.63775,21.11092377,10.51418018,4,112.0121613
10095,110.1694336,23.86633492,17.9184494,10.54384995,5.559578419,301.918392,3,10023.23063,27.91882706,9.275589943,4,252.8240967
10096,149.7181854,43.04430771,22.98337936,12.61617565,6.824624062,7687.420764,3,8583.524311,29.05257797,9.879509926,4,266.7060547
10097,55.62685394,32.61687851,26.08684158,8.936594009,4.7924757,2499.759568,1,14281.24064,30.29851341,5.721551418,4,21.54097748
10098,84.36849976,38.39075851,23.91706657,11.21172523,5.933118343,1542.159856,1,15095.37327,29.98068237,10.04110718,4,34.11447144
10099,133.1725616,26.94064713,16.39353561,10.94929695,6.466218472,3977.640332,3,11011.00489,29.40571785,8.761007309,4,187.8152924
10100,120.7130356,29.39494514,17.03097153,9.435904503,5.492344379,3777.098823,3,10981.41939,28.08493614,8.709089279,4,263.5136414
10101,122.5954666,33.18719101,22.55434227,7.787592411,4.214102745,1010.720483,3,26093.89913,21.47231483,6.971164227,4,290.5028076
10102,61.15222168,38.66516113,25.11091614,7.5166049,4.188338757,222.8071093,3,25673.94455,15.5446167,9.089539528,4,311.8201904
10103,33.14328766,35.24854279,17.77553558,9.190707207,4.798205853,786.2537929,3,10506.84078,18.54707336,7.04561758,4,64.50640869
10104,133.8513489,25.46129799,15.49594975,10.02307987,6.033659458,5262.209615,3,12149.14879,29.50813484,7.747079849,4,157.6768799
10105,81.02561188,24.718153,17.56174278,9.123401642,5.766519547,1459.316684,3,15657.90301,23.55343819,10.49717426,4,180
10106,114.8075943,30.82117081,18.01042366,7.850348949,4.204797268,893.117783,3,17589.69039,17.88972282,7.872114182,4,222.7207184
10107,57.60425568,33.2464447,17.28218269,11.4665451,5.884272099,2004.000901,3,12144.72656,29.26301384,8.38455677,4,154.648056
10108,48.96305084,41.78200531,21.09321213,8.537571907,4.650414944,2151.692408,3,3916.192626,13.44864845,7.309403419,2,209.0431824
10109,51.68258667,21.41752625,17.30327225,8.803927422,4.196801186,1847.605681,3,3440.767258,22.47853851,7.5590415,2,166.6754761
10110,103.0815353,30.38251305,16.96932983,10.58041954,5.67986393,4550.761917,1,12582.05755,28.49391174,7.904865265,4,171.6469727
10111,196.5105133,39.94231033,27.43540573,9.592991829,5.813971996,1881.288051,1,14633.86278,31.0730629,9.349385262,4,59.03624344
10112,44.69158173,50.19443512,25.17852974,7.716534138,4.417527199,803.4695917,3,10364.45399,15.03274059,6.118290424,4,321.4610596
10113,50.17982864,25.50677109,20.35933113,11.47814655,7.265820503,0.641300855,3,17185.33925,27.6935215,12.03120041,4,128.2127075
10114,63.88490677,47.47375107,25.39561081,7.097861767,3.808211803,2981.151369,3,29040.9831,14.63319302,6.490488052,4,99.7351532
10115,70.74726868,27.75811958,16.05615997,6.294672012,3.450875521,1137.494114,3,27446.95091,15.76980686,6.939761162,2,226.1597748
10116,105.360733,31.55461693,21.59976768,5.492556095,3.05777359,1780.38135,3,25422.63407,12.89247608,5.112472534,4,47.38594437
10117,101.2073898,28.01795197,20.56932068,6.273096561,3.575746536,1670.946635,3,25704.16108,17.82291412,5.069646835,4,48.36645889
10118,68.29685974,32.51491928,18.61074257,8.96482563,5.413636208,2730.37234,3,24323.71119,20.07250786,8.150408745,4,175.0209656
10119,53.21356583,26.21183395,19.91627121,7.681463718,4.743758202,2397.442184,3,24470.64821,18.76814079,6.01489687,4,33.59675217
10120,139.0501404,52.00570679,25.74261856,13.30887604,6.935461998,1792.566644,3,11690.29281,26.68515015,9.789084435,4,40.36453629
10121,68.56152344,35.98027802,17.90326691,7.314526081,4.121352196,1845.419889,3,3636.095806,13.77190971,6.902749062,2,147.3807526
10122,110.3536453,29.06129074,18.05239487,10.85391426,6.044545174,2297.119298,3,17305.87094,27.26627922,8.592006683,4,153.824707
10123,168.126236,27.71348763,15.18161297,10.46233368,5.457850933,2236.311674,3,9450.939518,28.36404228,9.370128632,4,144.2664185
10124,18.00072861,30.53819466,18.95500755,5.996584892,3.072331429,27.38676276,3,2798.337075,11.75817013,4.954790115,4,223.4518433
10125,117.9971085,23.02699089,15.1405468,9.01836586,5.279379845,730.0376394,3,3665.416536,27.85133743,7.838756561,4,248.1088257
10126,37.71472931,57.78435135,24.57203865,8.767712593,4.259830952,1132.575284,3,10559.01411,17.78446007,5.757000923,4,34.87194824
10127,50.36529541,28.93356133,18.02601814,7.165221214,4.267899036,344.6537859,3,17324.96596,17.87050629,7.816264153,4,306.0273743
10128,93.89672089,33.3486824,17.70957756,7.414433956,4.223225117,344.6391871,3,24594.16689,19.76707268,8.816236496,4,180
10129,46.25856781,35.15345383,23.30431366,5.075888634,3.315244913,3689.131197,3,29952.71104,10.41031551,6.38212204,4,241.4617004
10130,69.18414307,39.92055893,25.13941193,7.33083725,3.899960518,1538.764265,3,7691.711902,14.79558277,5.858674526,4,268.0250854
10131,48.20718765,33.48365402,20.58360481,7.684795856,4.558522701,2303.725073,3,241.458522,16.16347122,6.203606606,2,261.3898315
10132,105.1233597,28.53143883,17.50502586,10.69900036,5.9591465,818.5351602,3,6844.963132,31.70534706,9.250076294,4,263.4150085
10133,24.58433342,28.0871563,11.17489719,10.73046589,6.127015114,3976.769069,3,4087.189108,23.47601891,6.99581337,4,330.8113708
10134,22.04335976,47.19300079,23.59558487,8.128424644,4.02165699,489.1641988,3,2381.750326,11.39646626,5.496069431,10,307.4589539
10135,88.49877167,30.86311722,16.33115005,11.96024895,6.229340076,671.248974,3,3714.969701,29.67874527,10.84882164,4,157.2858887
10136,39.28540039,29.31044197,20.21146774,7.253115177,5.000238895,2618.903017,3,14638.53715,18.1115303,6.988847256,4,66.25050354
10137,42.05374908,30.88158226,18.68242455,10.46045399,5.173184872,506.8863694,3,17725.00553,21.07617569,9.972402573,4,219.4006653
10138,56.76354218,37.96218491,24.4748497,7.219129562,4.642881393,3670.322913,3,30573.86844,14.19626045,6.67241621,4,316.5074463
10139,117.5794525,23.69095802,19.10664558,8.534248352,5.047947884,1961.597369,3,31602.18871,26.62854767,8.855303764,4,56.30993271
10140,47.70353317,35.71185684,17.85205269,7.578506947,4.71363163,1261.704276,3,27752.46439,15.04842949,8.140613556,10,130.6012878
10141,129.6182098,23.24453545,16.64003944,8.76644516,5.291138172,357.0564354,3,10084.45567,27.00609589,8.816019058,4,239.8690186
10142,297.4350281,31.55656815,21.47432899,10.41020775,7.120228291,4673.092736,3,3517.090424,28.64173126,12.29643536,4,277.8492126
10143,78.57395935,34.47727585,18.94155884,11.02161407,6.898440361,34.6540534,3,9606.71512,21.86018753,9.754324913,4,103.3760605
10144,85.32968903,26.90250969,14.65547085,9.951276779,5.025313377,2399.218184,3,12655.23614,29.49249268,7.246930122,4,148.815033
10145,63.50393295,61.2010994,24.26864624,12.93232632,6.053794861,2494.757737,3,12637.37061,26.87166405,8.784784317,4,77.17949677
10146,103.7554321,30.48356438,15.47843647,8.746598244,4.679194927,7045.636381,3,10162.98181,24.7161026,6.838379383,4,186.8817139
10147,39.86103058,46.54193878,21.70464325,11.93694878,7.239403725,1970.246128,3,5908.599134,21.70782089,7.81176281,4,314.4383545
10148,118.5872574,30.24162865,16.39003754,9.132330894,5.135257244,709.7155279,3,8637.514284,23.30153656,8.88363266,4,202.8042908
10149,113.7485352,29.6361618,17.83733368,11.25916004,6.599666595,258.4819682,3,9097.151717,24.67063713,9.569858551,4,114.7904053
10150,72.51420593,30.01609039,17.95879364,7.319652557,4.200816631,2719.850024,3,14115.32038,19.91043663,6.536457062,4,85.97173309
10151,101.7787094,41.35311127,27.54069901,7.186377525,4.324350834,1402.566418,3,15213.25828,18.60150909,6.764780998,4,45.80132675
10152,93.72463226,43.31827164,28.60537529,6.493719101,3.392251015,2499.083882,3,14052.64852,16.62299538,5.836160183,4,83.79655457
10153,87.64464569,32.91809845,21.57995224,7.132651329,4.180794716,1583.626911,3,18412.09196,18.65826607,5.830606937,4,273.5322876
10154,56.42341232,35.11107635,18.76310349,7.713123322,4.540346146,1858.723151,3,23208.11326,14.95377159,7.165670395,4,182.928009
10155,133.7779388,45.19937134,27.27932167,11.02283382,5.665812492,2575.430098,3,12592.42675,27.33989525,8.416606903,4,58.39249802
10156,174.6709595,30.9945755,18.79794693,11.34199905,6.357209206,2095.202066,3,11895.90791,27.3751545,8.643963814,4,119.5051498
10157,116.6851044,29.6441288,17.56241608,5.679991722,3.41424346,2764.056608,3,6337.541975,16.22052765,6.933483124,2,252.5820313
10158,131.1677094,25.96220398,15.50469875,9.767111778,5.707915306,5248.759756,3,12154.34427,29.5345192,8.280323982,4,236.817749
10159,134.1290741,38.68486786,24.46515274,8.549987793,5.288791656,3389.306467,3,1497.480217,21.33498764,9.775643349,4,56.30993271
10160,49.57429886,44.47631836,25.04834938,7.00412941,3.873541594,3360.666791,3,869.3896276,14.57189178,5.858154297,4,75.18508911
10161,53.64963913,32.44318008,17.355093,7.370799065,3.895047426,1351.898075,3,1259.162142,18.0917778,6.40764904,4,209.0545959
10162,76.50299072,33.92850113,18.08060646,11.4552021,6.383324146,1375.434971,3,10875.87759,24.06598473,10.87355995,4,252.7585449
10163,91.0511322,47.81773758,28.24254227,8.859832764,5.108573914,4707.279277,3,33135.73515,20.50547981,7.452816486,4,37.50414276
10164,262.599762,41.96786118,27.89129448,9.821118355,5.708296776,2281.190202,3,12497.34624,26.81388664,7.936507702,4,55.86405945
10165,107.7940826,29.33730698,18.37155342,12.43985462,7.333061695,311.644934,3,3330.469013,30.83808136,12.61184978,4,207.9172058
10166,8.518133163,57.17490005,15.99449921,6.092689514,2.515968323,3521.157448,3,12868.50253,7.597236156,4.523241043,5,282.7281189
10167,74.98004913,31.91780281,16.44661713,8.882630348,5.19391346,2769.654394,3,20711.63157,20.51985741,7.754529476,4,194.931427
10168,225.5111237,20.32844543,14.26460266,7.547232628,5.096313477,2394.742528,3,13654.6094,28.45311546,6.577270985,5,71.92803955
10169,184.8734894,27.09714508,24.38328743,8.162021637,5.155432701,2160.131086,3,13522.50243,26.82037544,7.787022114,4,44.1418457
10170,109.2652664,40.21406937,27.68605423,8.80900383,5.253885269,5009.175652,3,6788.332553,24.32188225,7.140776634,4,49.17043686
10171,122.6909943,30.70035172,17.30777168,10.70982075,6.348774433,2479.29607,3,17203.31769,28.80400848,9.85776329,4,264.9882202
10172,77.84806061,45.02462769,27.5876236,7.632820606,4.922624111,849.5469852,3,17714.38999,20.75302696,6.467854977,4,320.5275269
10173,95.7385788,36.90679169,23.05601883,8.107398987,4.623345375,4196.315432,3,33201.96448,18.3510685,8.748338699,4,69.86369324
10174,118.8234711,23.06660271,15.00823975,8.46775341,5.130665302,1008.17703,3,29797.19423,25.50458145,7.073627949,4,193.1464691
10175,143.7868042,22.7373867,15.87067032,7.475471497,5.043171406,910.7754694,3,28699.96314,21.77434158,7.948867321,4,65.4213562
10176,89.45210266,31.64628792,18.54426193,7.105100155,4.493884563,2122.705497,3,24410.45355,16.03812218,5.884857178,4,60.25511932
10177,70.29221344,33.37059784,21.65192795,9.977415085,5.495736599,534.0469159,3,19028.12939,21.58372879,9.086547852,4,59.359375
10178,70.7144928,38.18304062,18.3325386,8.357409477,4.645127296,781.9857091,3,1119.223004,17.94293022,7.990316391,2,231.7535706
10179,19.7329464,54.46794128,25.67830276,6.64713192,3.130257368,258.5867915,3,2608.444173,10.52596283,4.675439835,10,48.36645889
10180,61.51366425,51.72916412,25.53390312,11.26821232,8.176328659,246.4449855,3,2777.249649,21.49669266,13.30638123,10,45
10181,28.44555855,37.89974594,20.84148026,17.12137794,8.254512787,1970.633432,3,23894.21223,26.71442032,10.81009865,4,253.7184601
10182,26.61365509,36.48747635,23.2094841,10.25883102,5.627124786,131.3986593,3,1778.959742,16.49511147,8.821282387,2,257.0974121
10183,127.0501556,36.59462738,23.7361412,9.809309959,5.866417408,418.2271475,3,15986.66609,25.96169853,11.01880074,4,69.2951889
10184,69.90343475,47.35143661,24.3488121,10.76233768,5.977820873,225.8260299,3,7916.581412,23.61164474,8.825657845,4,37.69424057
10185,83.2498703,34.97323227,19.4845314,10.52068138,5.951880455,767.0595139,3,1993.066393,20.30202103,9.763326645,4,114.6768646
10186,120.7072906,29.19011879,15.42739201,10.18387985,5.947558403,1756.982934,3,14826.32809,30.35142136,9.870816231,4,100.4593353
10187,27.0494175,34.91005707,15.93232536,7.599366188,4.616218567,936.5407716,3,8438.634942,17.07745171,6.228302002,4,141.6239014
10188,65.19790649,63.05166626,24.22006798,12.27282333,6.942616463,844.4526183,3,8477.995391,26.87451744,9.653944016,4,53.74616241
10189,110.6007156,28.71996498,17.29741287,9.612090111,5.126399994,719.7465448,3,3799.681998,28.23500633,8.668971062,4,289.6039429
10190,174.8629608,27.37008476,20.27732277,11.24296474,6.176225185,1348.47108,3,4427.293627,30.55040741,9.289871216,4,319.7397461
10191,68.32160187,32.38615799,19.86415672,11.69504452,7.114002705,157.9110389,3,24953.90387,22.20318222,13.10758018,4,126.9247665
10192,23.40454865,31.59238052,17.93065453,6.194804192,3.785523653,183.3707929,3,18677.42614,11.67868519,5.501038551,4,233.1300964
10193,39.60016632,33.04417801,16.6307106,8.901433945,4.138010502,82.22531264,3,18403.30349,16.99899101,7.281770229,4,215.2175903
10194,158.8341064,33.63857651,19.35552597,10.15301037,5.865868092,7607.632982,3,9434.763243,27.71380806,8.426809311,4,70.97439575
10195,96.02140808,31.17907906,18.32559204,11.06251621,5.796251297,1146.873454,3,6877.889356,25.34160995,9.595895767,4,161.9587708
10196,122.2021103,27.50510979,20.40785599,7.654184818,4.851099968,756.2267598,3,25575.29089,24.34148216,7.286487579,4,280.887207
10197,120.5369492,42.31304932,27.80302238,9.114090919,5.087838173,836.6775497,3,25349.35824,23.47035408,8.760362625,4,31.37300491
10198,127.9061127,28.82004356,14.05162239,9.276579857,5.105698109,5616.450552,3,11736.62818,24.89777374,6.995120525,4,95.58470154
10199,183.5917358,33.53249741,23.26031685,10.51752377,6.000524998,2571.007581,1,9946.328744,28.52011871,8.906489372,4,37.30394745
10200,186.5844879,38.42754364,27.66666222,8.446152687,4.960581303,1876.447133,1,9629.46112,24.63129807,7.554205418,4,43.84266663
10201,200.0236206,24.59662247,16.67232132,10.04138279,6.762734413,2452.026864,3,5360.405602,25.59204865,10.33580303,4,124.4792175
10202,176.5027771,21.95491028,13.00668621,7.488278866,4.208621025,1617.818838,3,4705.707774,29.91399574,6.735513687,4,259.2896118
10203,13.27727509,33.80789185,18.77622032,9.126214027,4.492872715,24.60065251,3,16961.4467,13.57351017,7.846902847,4,140.8773956
10204,80.76781464,29.60601616,16.4570961,6.531253815,3.93431282,4871.695004,3,30661.934,16.20336533,6.994131565,4,231.3401947
10205,85.18121338,25.28664017,18.48994064,9.773451805,6.291696072,783.4261521,3,7177.868313,28.74591064,10.07342625,4,251.809021
10206,83.48691559,31.63098145,18.97233772,7.833629131,4.521131039,88.04951881,3,7825.110548,19.37182808,8.022478104,4,121.8340378
10207,376.4459534,28.28550148,17.30592918,9.339502335,5.652519703,4071.237063,3,4230.518098,26.47382545,9.959211349,4,240.875946
10208,71.88186646,27.84804535,17.85071373,8.966908455,5.041472435,1937.156859,3,11173.39072,21.91603279,7.632361889,4,246.0203552
10209,105.6208801,28.85889244,16.45123863,6.816745758,3.884546041,866.8142407,3,17608.18262,16.97491264,6.399644852,4,264.0142212
10210,74.35010529,36.12693405,18.30900955,6.824555874,3.506502628,1685.757983,3,3472.679101,14.20982838,7.296684742,2,114.1455383
10211,116.9947662,25.43711281,17.99899864,8.243742943,5.123945236,3759.195048,1,13211.95334,26.75132751,8.454125404,4,36.8818512
10212,190.7031708,30.338377,17.79137993,10.55351448,6.293325424,5607.927057,3,14594.0671,28.29143715,8.798816681,4,261.8285522
10213,73.06956482,51.72880936,27.46345329,9.404647827,4.682244301,1547.733192,3,10541.59113,19.17464638,7.621469498,4,34.79602814
10214,23.71148109,27.21948814,13.359972,8.019245148,4.829073429,254.9670624,3,17133.2606,16.79142761,6.486460686,4,304.5733643
10215,81.73808289,40.372715,24.80322838,8.165073395,4.334268093,5332.374749,3,32566.72044,20.23748779,6.879773617,4,50.48484802
10216,34.96740341,37.14616013,21.47476196,11.82027149,7.188471794,809.1794704,3,10534.55659,18.55032349,12.18690681,4,82.36544037
10217,41.63862991,36.26510239,20.68223381,10.86871052,5.926016331,174.9019021,3,2194.105208,20.43247032,8.941756248,2,131.8630676
10218,14.27112198,37.30736923,19.22396851,8.302285194,5.602088928,27.34694656,3,1939.214941,16.71329498,4.178033829,2,87.19120789
10219,153.2348785,27.68093109,16.73613739,11.10552788,6.628392696,3680.426922,3,11597.16959,28.3170948,10.1787138,4,123.1113434
10220,114.2161636,41.14632416,23.75851822,11.45112228,6.611904144,1563.765868,3,6705.691622,27.80442429,8.972676277,4,281.3099365
10221,290.6685791,38.29903412,23.63916969,11.3874855,6.495053291,3177.676045,3,5091.165767,26.74102974,9.09307766,4,277.7556763
10222,72.39025116,33.87902069,17.21253586,8.182221413,4.262952805,2205.227261,3,19151.72793,19.48159027,6.923809528,4,126.7536774
10223,54.53373337,24.41535378,15.99289131,5.449920654,2.822293282,3052.156616,3,20225.56296,15.2318821,4.800361156,4,240.5241089
10224,82.58157349,46.7792778,26.55710411,8.54586792,4.668159485,907.8330826,3,26626.96249,18.18240547,6.240504742,4,47.90274429
10225,11.05944061,40.21641922,21.9159565,6.74024725,2.829050779,786.5060215,3,8557.366196,13.49618244,3.070268631,4,43.62720108
10226,139.7708435,23.56678391,15.81678581,8.611145973,5.518349171,6817.344603,3,10814.96569,28.50268173,8.433947563,4,228.4893188
10227,179.9992676,25.36158943,14.57701683,8.301277161,4.959593773,5818.893483,3,11519.87245,23.94613266,7.968117237,4,107.8786926
10228,58.92230988,28.95805359,15.83345509,6.78501606,4.112140179,3590.431311,3,12493.57123,15.78794098,5.776480198,2,100.8855286
10229,84.09572601,36.19301605,23.9011097,6.09081316,3.233924627,2482.506121,3,19070.57324,16.04738045,5.288486481,4,38.85337448
10230,74.784729,33.71740341,20.93576622,7.402969837,4.34792757,1748.609526,3,22351.60117,17.71346855,6.976152897,4,275.1944275
10231,114.9262466,27.3175869,14.18403721,10.36806679,5.157204628,48.52204911,3,9783.403243,30.09198761,8.079694748,4,234.9939117
10232,94.01893616,34.8589325,21.19597435,6.318432808,3.663594246,3819.043606,3,1618.348927,13.5226984,6.091444492,2,270
10233,14.73182392,47.62432098,24.04588318,11.02354908,5.579831123,169.1092198,3,17009.80231,12.34599686,8.650510788,4,308.65979
10234,95.57909393,33.01153564,16.96838379,9.504380226,5.536117554,1350.330253,3,8563.68785,24.11363983,8.96434021,4,202.3251953
10235,90.57086182,31.41247368,18.37867165,6.869876385,4.171528339,3242.056671,3,4932.922807,17.35350227,5.245617867,2,73.68467712
10236,36.22767639,32.98485565,17.96546173,6.455721855,3.678669691,2319.96636,3,22.66108502,11.40131474,5.511452198,2,175.5863953
10237,56.04458618,42.91809082,25.28890228,10.50914478,6.5527668,2486.720881,3,55.35785218,20.14104271,9.453367233,2,298.1873779
10238,102.4839706,31.51350594,17.08206558,6.58533144,4.112778187,1457.480233,3,17546.08098,16.1793232,9.603034973,4,234.1178589
10239,99.41636658,26.18549728,17.34894943,9.646326065,5.509717464,2737.915059,3,17112.74964,26.4036808,9.580087662,4,176.9872131
10240,31.38506126,25.23095512,11.92685318,6.334424019,3.617001295,2940.57173,3,6704.713207,14.5072403,5.120118141,4,170.3112183
10241,79.03709412,46.00423431,28.42354965,8.756246567,4.787070751,881.6525474,3,9903.975211,17.82731247,7.055202484,4,54.00891113
10242,81.17272949,34.57645035,20.42924309,6.92578125,4.1451931,1194.494747,3,10209.09001,15.93040276,6.144126892,4,282.1477966
10243,166.2307739,27.78747559,18.08820724,7.914667606,5.341569901,1665.377099,3,11400.16251,22.73396873,10.50026608,4,91.14622498
10244,141.5769348,26.72976303,17.61658478,8.815621376,5.44012785,570.59152,3,10431.98817,26.63223076,10.34121132,4,270.7957153
10245,127.4907913,24.86886215,17.15740013,9.46926403,5.828889847,3335.050152,3,13263.36284,29.06344795,9.726726532,4,212.2651672
10246,119.5962067,30.75888252,17.01220703,9.469716072,5.757674217,1145.043085,3,8265.019294,22.69455147,9.108891487,4,110.8977661
10247,59.97408295,30.03447151,20.31162262,7.747766972,5.615205288,398.3700943,3,16822.18649,16.81790352,10.84327888,4,271.8240967
10248,103.9161377,30.19454956,19.17301559,7.163559437,4.507911682,1039.99496,3,17546.76347,20.37366867,5.641071796,4,267.2072754
10249,126.9090652,35.03305435,24.05431366,6.605731964,3.564832211,1717.617334,3,25108.36246,17.14677811,6.596004486,4,32.27564621
10250,26.52690315,38.27827072,17.20800018,10.03862762,4.841905594,1709.807453,3,23980.92908,21.4128685,6.975345612,4,220.0594788
10251,152.2353668,24.07457161,15.46223259,8.173448563,4.419726372,81.72908716,3,9832.292607,28.04688072,6.728103638,4,296.8536072
10252,28.79683685,39.44225311,24.58730316,4.790624142,3.077592611,2578.773725,3,7051.94241,10.48060989,4.609154224,2,59.47029495
10253,39.15784073,41.36969757,23.95186043,7.418570995,3.710116625,685.1794487,3,1355.352538,15.30799389,6.034478188,2,274.3987122
10254,46.03101349,45.898983,23.0985508,5.934360027,4.158901215,439.0382045,3,1768.328587,10.11154938,6.891865253,2,279.3446655
10255,126.455719,29.79079628,16.68215752,10.65054607,6.137207031,4893.674312,3,12078.50768,27.01646614,8.595086098,4,139.4473877
10256,104.0013733,43.88247681,29.80127525,9.407020569,5.013007641,1122.387128,3,1909.657053,24.44970512,8.765929222,4,27.10599136
10257,117.8650665,22.38531685,17.63288307,5.750916958,3.608906746,288.5511492,3,16052.46511,18.37023163,8.150855064,4,75.75057983
10258,105.4176788,41.07741547,26.03591728,7.634093761,4.259735584,1109.107101,3,17405.62665,19.28541946,5.741810322,4,316.3821411
10259,62.46309662,29.75525475,18.97557068,9.378404617,5.078294754,1603.638092,3,24238.61263,22.44147301,7.930998325,4,65.10392761
10260,78.54415894,32.32820129,18.23773193,7.366884232,4.239455223,1580.22371,3,22603.55299,16.59375763,7.212553501,4,133.906311
10261,90.19864655,29.08831978,14.55029297,8.114917755,4.708858013,1921.034096,3,24934.7889,19.21008873,7.867470741,4,92.75117493
10262,125.105484,31.13342094,17.57680321,9.993833542,5.541528225,4417.317968,3,11853.14778,28.95759583,8.39802742,4,278.9623413
10263,50.09679031,32.95402527,21.04273796,6.618851185,3.788046837,2869.98817,3,347.5718616,15.66816425,6.040353298,4,259.9855957
10264,121.7029343,44.77862167,29.59610558,9.009841919,4.928496361,1015.06236,3,25840.98333,23.39426804,7.640463829,4,38.45370865
10265,94.02771759,28.57331657,18.74998474,6.353553295,4.227412224,3356.586549,3,6149.620606,16.95794678,6.716491222,2,263.1686096
10266,36.86485672,32.84136581,18.89746284,7.152513981,4.341786385,392.9853548,3,16444.79504,13.27846813,6.628136635,4,247.7923126
10267,115.4147873,28.46002388,19.96418953,10.71425247,5.842669487,61.04850759,3,15969.59014,30.32710266,12.20187569,4,56.8232193
10268,137.3213196,31.54052544,16.84059906,9.442755699,5.230686665,3992.22596,3,2008.482793,25.92275429,7.485002518,4,179.1930695
10269,64.87615967,30.3923111,20.19190025,12.51274014,7.646339417,1220.888277,3,1605.591379,28.87770844,12.03288651,4,131.3896484
10270,119.7114487,43.74265671,28.28335762,7.844320774,4.811280727,941.6207909,3,2098.660702,21.09962463,8.010354996,10,293.945343
10271,111.2756729,28.64905739,16.03160858,9.340182304,5.38205862,1112.525327,3,8854.211018,29.40838623,7.555255413,4,120.709671
10272,128.7183533,32.44468689,24.46310043,8.820734024,5.470880032,5678.568462,3,11452.7172,27.73875046,8.004158974,4,57.875
10273,111.272438,40.27641678,26.46263885,9.996200562,5.539057732,2783.301092,1,17378.60235,28.70236206,9.149795532,4,293.5253906
10274,60.97291183,35.58580017,20.01509857,8.743900299,4.422955036,1758.345431,3,872.4160637,18.24305344,7.786592007,4,79.82330322
10275,89.68496704,34.51970673,26.09832764,9.733149529,5.731558323,1320.147845,1,1633.390753,25.05331993,8.450722694,4,326.6593018
10276,104.1330566,28.10325432,16.41321564,7.577661991,4.305227757,3123.092504,3,6237.346558,21.75686836,7.170142651,4,138.5322876
10277,75.18302155,28.79839897,19.17613983,6.450270653,3.521406174,2393.666361,3,6552.457163,16.93915367,6.156019688,4,294.8293457
10278,50.55961227,56.7694931,26.16026497,10.21356106,5.301928043,1780.183756,3,10865.37073,19.32915497,7.323588848,4,46.61642075
10279,57.64638901,36.10385895,19.35862541,7.347727299,4.582012653,2890.634752,3,11896.41431,17.03011703,6.780804634,4,239.8586121
10280,22.46293449,41.92542267,23.37067986,7.587968826,4.282085419,232.3758544,3,18713.90136,13.67522049,8.242559433,4,54.46232224
10281,128.3629608,25.91132545,16.78015327,8.427709579,5.246142387,500.6873028,3,17877.02433,21.795681,9.553397179,4,229.6479645
10282,68.686203,30.71337509,19.04845047,9.312898636,5.100932121,1673.060879,3,8322.380383,26.04214668,9.072558403,4,134.4710388
10283,11.15519238,41.70619583,19.24471283,3.713563204,1.529821515,2129.372918,3,7450.124166,6.992928982,3.479628325,4,94.08561707
10284,146.207428,27.39349937,17.65522766,10.0521946,5.918022633,5426.694621,3,14508.03187,26.66708183,8.203737259,4,168.2260132
10285,167.3730774,28.00156212,18.03659821,8.587335587,4.501900673,917.0771384,3,8826.705713,24.3632431,8.595815659,4,120.4326248
10286,127.902153,30.04010773,18.0605793,11.38010883,6.781930923,780.8923994,3,30279.77462,26.70618629,10.09196091,4,98.36588287
10287,104.6730804,25.41081429,20.59568214,8.126788139,4.885574341,1302.823794,3,31090.90708,24.11355209,7.532762527,4,269.1048279
10288,75.24876404,35.52929688,18.06354141,9.588508606,5.846158504,798.9354686,3,19286.17011,21.65858459,8.983096123,4,95.94337463
10289,102.7766266,30.72169685,18.38747025,10.70065689,6.971840858,1277.890807,3,17035.67214,24.98610878,9.797687531,4,103.8867645
10290,277.8582153,20.39551544,13.13348866,7.342265129,4.593011856,2185.184256,3,15387.32405,25.68408394,7.777212143,5,226.4144287
10291,136.1301727,32.51438522,16.74939919,9.841786385,5.40750885,282.4022994,3,9710.015755,27.3909874,7.713646412,4,147.8071594
10292,142.2842407,31.93962288,19.65712357,11.57718849,6.76546669,832.6448558,3,9364.142849,29.67191124,10.07017326,4,183.2005768
10293,131.9472961,40.17236328,25.79983139,10.69810581,6.574528694,4238.199779,1,15986.85496,29.79304123,8.801833153,4,298.6273193
10294,69.44083405,30.7274189,20.25855255,6.233830929,3.975058317,2423.919305,3,20650.12316,15.72252369,6.084914684,4,274.3439331
10295,130.4837952,27.89041328,18.15424728,8.522966385,5.005518913,517.6481457,3,26744.73307,23.21321106,9.10812664,4,195.9935913
10296,45.53872299,30.78853226,16.42708588,8.547142982,4.109964848,1493.971168,3,16668.36602,21.49149704,5.681692123,5,247.5702209
10297,125.2580719,29.98291397,17.4502182,9.365233421,5.205849648,6839.708258,3,7054.130801,26.12902641,7.963470936,4,198.4349518
10298,101.6415253,29.06884003,15.53060818,8.219078064,5.115898609,5973.221029,3,13374.00406,24.60316849,9.546377182,4,138.9909058
10299,164.7488861,33.54390335,19.1454525,11.72046566,6.736120701,4346.759654,3,2247.136993,28.15223312,9.364075661,4,80.1541748
10300,55.54582596,32.98948288,17.36659241,7.023222923,4.220255852,2174.937161,3,447.5528577,16.02507401,6.485920429,4,162.5528107
10301,67.22116852,22.49176216,14.6245575,6.500064373,3.403933048,3463.40637,3,13011.56666,18.75528336,6.451965809,5,218.4180603
10302,112.9139099,32.42398071,18.72043228,11.06414413,5.928133965,747.3131031,3,15296.36203,29.19702721,8.765162468,4,207.349884
10303,200.2727509,26.82221985,16.19604301,9.24716568,6.811627865,600.6987342,3,3628.028543,24.1768322,9.365182877,4,236.3099365
10304,86.15638733,31.38984871,17.98522186,8.469395638,4.54749012,1223.524105,3,20343.27589,20.52755737,7.339552879,4,93.97325897
10305,95.86293793,36.50880814,22.03988075,8.521958351,5.226753235,395.9152243,3,18840.48607,18.59212112,8.866404533,4,59.53445435
10306,122.8888474,46.66592026,26.01469231,12.47534752,6.389121532,6890.104627,3,8074.102553,29.72768021,8.942923546,4,309.3693237
10307,142.1241608,28.68694687,18.46387291,9.401738167,5.845798492,5312.714233,3,14402.05222,28.40304756,7.923149586,4,259.6018677
10308,77.37255859,42.51077652,23.46611023,7.597793579,4.601035595,3536.902621,3,29087.90326,15.83118343,8.244936943,4,81.97276306
10309,22.55316544,41.72994614,20.21330261,5.898860931,3.262913942,4036.139814,3,29366.0955,10.10553741,4.752562523,4,86.82016754
10310,78.50848389,37.13336945,25.34192467,9.130597115,5.409192562,4943.96548,3,29954.72587,19.57620811,9.499238968,4,42.70572662
10311,40.71805573,31.35063744,20.29558945,13.42848301,6.441672802,1401.510251,3,23878.34845,25.53889465,11.56177425,4,248.9608307
10312,90.91345978,38.07728577,25.8532486,8.950381279,4.92333746,969.0244045,3,19449.19784,20.49879837,6.817983627,4,43.40885925
10313,286.639679,25.21397591,15.71569538,8.78250885,5.424189091,1650.060876,3,15533.98501,27.8272171,8.82569313,5,217.2796173
10314,141.0365143,29.92582512,17.39892197,7.534883022,4.395567894,6709.364368,3,6628.411051,23.53002548,6.192170143,4,95.86669922
10315,72.25354767,31.3164959,19.97941589,9.998465538,6.288341045,4736.168129,1,12257.80701,29.78745079,7.989959717,4,39.4724617
10316,149.0563354,21.40379143,13.47511768,7.32668972,4.19802618,2738.244484,3,5700.121592,24.74472427,8.978844643,4,121.4842529
10317,62.04852295,35.85515976,19.18664742,9.229996681,5.900860786,1859.212542,3,8113.099077,20.81694984,8.8135252,4,251.5650482
10318,68.0686264,35.07926178,20.11969376,9.958310127,5.770514965,2247.350861,3,7889.23762,20.97690392,10.01884174,4,198.0437469
10319,194.9081879,29.33242035,21.84315109,9.692063332,6.059325218,4088.530356,1,12543.7887,33.33763123,9.018250465,4,71.06466675
10320,94.64030457,30.93875313,18.52561951,8.321908951,5.478871822,1300.190916,3,17131.93237,23.23378181,9.973450661,4,295.223938
10321,76.62607574,44.06137466,29.04106903,7.578913689,4.235804081,1355.241877,3,18095.45453,20.73612976,5.981912136,4,30.00492096
10322,30.75709152,36.98048782,22.97892189,10.51786613,6.09941864,3042.793129,3,19800.98686,16.80746841,8.649470329,4,70.79096985
10323,96.46800995,34.48321915,18.2157917,7.457282543,4.622085094,503.3522767,3,23619.16085,16.7040844,8.215247154,4,158.8559875
10324,98.46469116,30.52241898,18.43680191,10.61916351,5.315493584,816.5931632,3,24685.2695,25.6587944,9.417937279,4,243.9053345
10325,101.4531479,36.45951462,24.98672867,9.905618668,5.387910366,397.5247462,3,24992.03335,26.65929031,9.749829292,4,308.2901611
10326,48.68922043,28.93904495,18.61009598,9.414955139,5.153128624,3860.307131,3,5859.47633,20.11878777,7.145345211,2,257.1617432
10327,36.42932892,30.9675293,18.3574295,5.522047997,4.029049873,2983.654954,3,6944.514403,11.15824986,5.354032516,2,191.6270599
10328,28.06019402,32.63191986,17.26761246,7.201613903,3.869575977,1316.021575,3,3223.79902,13.52427006,5.82878685,2,198.4349518
10329,128.0753937,30.89992142,16.52296257,7.736281872,4.551000595,6844.648753,3,4115.607842,10.91357613,4.368691921,2,290.2248535
10330,134.7936707,29.92054939,18.37434578,8.959430695,5.30650425,8735.254339,3,7966.137542,27.85565567,8.065242767,4,95.19442749
10331,227.7855835,24.93371582,14.04932308,8.97547245,7.199295044,5004.287727,3,3578.881368,27.29319572,11.67791367,4,238.8649139
10332,17.39281464,51.55568695,24.65049171,11.89504814,6.714833736,112.4214112,3,24372.43666,16.41439629,10.54976559,4,327.944519
10333,58.76861572,33.356987,17.48816681,6.983975887,3.841449976,4229.673432,3,1490.675989,14.81977272,6.668377876,2,159.4756775
10334,203.7837067,26.59142494,16.1851902,8.988676071,5.338644981,6966.367577,1,10131.78664,29.05344582,7.553792,4,221.6335449
10335,147.5282898,18.79358673,12.64997768,8.660215378,5.557512283,4720.270522,3,3133.277527,36.72537231,8.682798386,4,252.5528107
10336,230.0298004,18.69144058,11.72070885,6.716464996,3.629224062,1096.864606,3,4037.852569,27.01465607,9.41932106,4,224.3562469
10337,63.38140869,36.23847198,21.5414753,8.831327438,5.611588955,2562.440866,3,19409.03893,18.20792961,8.200097084,4,95.75456238
10338,45.01548004,35.38937378,19.80074692,8.799303055,5.920909405,2023.542278,3,19956.21952,19.14314079,9.537644386,4,260.466217
10339,118.4602432,23.5542717,17.70906067,8.505085945,5.161884785,1790.3817,3,32212.34507,24.69726372,8.477871895,4,227.9866333
10340,113.6335678,30.44923973,16.94294739,9.750868797,5.206385612,7538.655157,3,7476.148065,24.35438156,8.336823463,4,170.6108551
10341,57.39672852,30.86944389,17.66195297,9.760658264,5.291787148,5210.17023,3,12559.67769,22.5681324,8.697908401,4,218.3288269
10342,40.40843582,26.01886177,15.12402725,9.356689453,4.613293648,2388.661286,3,11355.64677,23.66561127,8.765790939,4,191.5352173
10343,130.434021,22.21167755,15.64191437,8.390221596,4.914742947,3473.754594,3,32998.46002,26.74663734,9.118556023,4,253.9959564
10344,21.56071281,33.02915192,18.29036903,7.24732399,3.150235415,1369.522947,3,24088.21116,14.15061092,6.474506378,4,80.51869202
10345,90.83148193,33.29711914,17.85653496,8.257398605,4.58439064,1258.719094,3,24372.949,19.83542633,7.007817268,4,81.86989594
10346,65.2273941,29.53419304,12.3754282,5.73928833,3.047428608,3708.824693,3,6053.354864,18.22389603,4.865925312,2,283.8406982
10347,96.98304749,26.92592239,16.01554871,5.769227982,3.540034771,3730.121672,3,6298.336424,15.53858185,7.426822186,2,219.8055725
10348,63.97276306,37.20883179,19.53315926,8.286292076,4.75971508,1695.716835,3,1072.392143,13.90309334,6.862562656,2,284.7435608
10349,171.3315277,25.10572624,15.06302834,9.328847885,5.522717476,2990.129217,3,10979.42652,28.92128563,8.725667953,4,250.0168915
10350,150.6498566,27.94570541,15.98590183,7.297053337,4.04106617,2124.732178,3,9692.509976,24.25883675,6.832750797,4,77.60321045
10351,122.471138,28.16751289,16.3913002,8.113614082,4.40624094,778.9356842,3,26282.65326,22.6014843,8.741267204,4,195.9224548
10352,275.3552246,22.84300613,14.69709969,8.730445862,5.282297134,1055.77587,3,14855.4815,30.22222137,8.082852364,5,153.7680664
10353,133.6351013,29.50319481,18.55596161,10.89158344,6.950830936,1694.498646,3,14457.28892,30.7342453,9.438645363,4,202.9887085
10354,128.8872528,32.42964554,17.48570442,10.75091743,5.502910137,1140.677392,3,14973.68917,28.92536736,9.222262383,4,89.75515747
10355,158.6558228,30.283041,17.06894875,10.02042294,5.417770863,4550.292499,3,2417.531153,25.67507553,8.780924797,4,176.7191162
10356,84.21294403,31.0618782,19.74866676,7.06018734,3.918628693,2505.438054,3,6122.564073,16.91934967,6.488328457,4,300.3026733
10357,75.83180237,33.58365631,23.28565598,6.06351614,3.433571339,2945.273618,3,11665.36385,17.30156708,5.06182003,4,299.744873
10358,83.39894104,33.56505203,26.45581627,11.35820866,7.319235325,240.2347538,1,23825.18969,29.9574604,10.39099121,4,325.7854004
10359,113.1100998,35.51533508,17.94078255,9.641611099,5.388475418,2047.844857,3,20562.96828,21.66300392,8.163724899,4,209.5115051
10360,158.9786072,28.35764694,15.70716953,5.997521877,4.123558044,5730.914123,3,3023.507162,14.60832119,7.815762997,2,238.6504211
10361,82.2674408,35.00548935,21.4949894,12.25898933,6.850299358,1240.791185,3,16769.35261,26.42399788,11.59904194,4,165.6282501
10362,270.3203735,20.47058487,15.37916374,8.118560791,5.326262474,5122.330815,3,3664.026605,28.18027878,10.75159168,4,249.9864349
10363,98.22285461,31.06446838,19.30212402,9.813968658,5.379777431,431.5387526,3,22664.47461,20.60442734,10.38269234,4,163.8846741
10364,19.16320801,41.1186142,20.02383423,9.177400589,4.276116371,1832.171489,3,3825.163548,14.4056778,6.125163078,2,135
10365,37.1597023,66.45220947,20.50660133,10.97447014,6.245892048,1883.973842,3,3997.086724,17.55561256,8.060952187,2,91.50639343
10366,55.69777298,40.75453949,22.82296753,7.533678055,4.410700798,1327.931459,3,3646.513565,15.02546978,5.836532116,2,75.11373138
10367,107.6947098,33.39658356,19.58942032,9.328982353,5.561013699,5748.516916,3,13425.41041,25.35786438,8.874860764,4,47.65068817
10368,78.54736328,27.92242813,15.68373585,8.823048592,4.934229851,3062.631381,3,5424.455065,22.17095184,8.042550087,4,195.154068
10369,94.21829987,37.37597275,26.6708374,7.196880341,4.485358238,1953.752312,3,10714.92151,19.63103485,7.809443474,4,295.1447754
10370,115.2508469,39.30002975,29.08160782,8.902267456,5.094863892,2603.074086,3,10923.09702,23.72562027,8.129817963,4,32.56605148
10371,42.07310104,34.39452362,23.20069122,6.796628952,3.858235598,1515.804451,3,23334.41012,15.00185299,6.363121986,4,277.5946655
10372,61.72600555,26.15661049,15.45745659,9.718206406,5.943804264,1048.808803,3,23863.24337,27.1272316,6.863063335,4,253.6751251
10373,96.46500397,41.99098206,26.84236717,6.239233971,3.696238518,3132.004408,3,4925.089634,15.75316525,5.449447155,2,57.52880859
10374,33.67514038,33.43789673,21.42038918,9.530373573,5.639774799,995.5100761,3,3154.163818,18.59748268,8.694785118,2,239.7306213
10375,127.9188461,28.11558723,17.74364662,9.297988892,6.270798683,516.8382689,3,2543.546078,25.02170181,8.766091347,10,73.57069397
10376,108.1931839,40.95783234,27.31017876,9.078291893,5.280545712,967.8050415,3,24054.9975,25.10606956,7.552328587,4,64.6230545
10377,123.6985931,22.74850655,16.94598389,10.15022659,6.101998806,246.2826785,3,29169.85889,27.5166626,10.9127388,4,175.6713257
10378,95.99624634,33.89875793,20.04612541,8.49868679,5.152601242,1642.204458,3,20093.5237,19.29753685,7.68384552,4,76.42956543
10379,103.7779999,31.21427536,18.17387772,8.210799217,4.581861496,1325.302959,3,19772.76885,19.04120827,6.873218536,4,204.2510986
10380,213.2941895,30.72034836,17.6999054,9.46306324,5.070542336,2321.219171,3,13871.96935,26.83853912,8.620873451,4,153.824707
10381,193.2831268,29.45308495,17.50356102,10.30799675,6.361733913,2056.669789,3,14133.73475,30.28160286,8.500771523,4,95.81248474
10382,50.64922333,32.4042511,20.99213028,8.378645897,5.251172066,1893.705023,3,915.0783544,19.14947701,7.857930183,4,126.8698959
10383,20.56308174,53.22325516,17.5094471,11.6165123,5.626056671,1817.784319,3,1065.953196,18.248312,8.073431969,4,306.5578918
10384,113.3407898,33.91733932,20.46549416,8.085137367,4.650912762,2368.214291,3,4720.416989,19.03616142,6.19912529,2,87.61405945
10385,48.25257111,36.30605698,22.13268089,11.42646217,6.945851803,1141.594355,3,1498.526729,16.58337975,9.81362915,2,273.4832764
10386,84.75123596,30.48513031,17.3761673,7.789037704,4.39342308,6195.816907,3,6048.085194,22.50900841,6.237714291,4,103.8610306
10387,140.2719269,30.22631264,19.06090164,10.65963364,6.101753712,8802.971246,3,8287.541505,31.04131699,8.968109131,4,198.0542603
10388,152.1096497,30.62075806,16.54489517,8.901643753,4.920004845,7832.58613,3,9345.282504,26.05626869,7.663006783,4,112.0272827
10389,31.7364254,32.9359436,18.62421989,9.959914207,5.003089428,7614.071666,3,9913.427308,24.35795593,9.31926918,4,175.1338959
10390,194.4454498,26.94203186,17.52178192,10.51891994,6.235111237,2162.101191,3,17299.03529,29.4624424,10.49892521,4,164.1676025
10391,102.2347031,30.27516937,18.30114937,8.922794342,5.216045856,1191.369941,3,7771.682227,21.18331337,9.284818649,4,156.9295959
10392,78.69602203,27.64150238,19.60049629,8.211014748,4.985757828,2662.481492,3,13291.86396,21.32598877,7.429089069,5,199.9118958
10393,67.63380432,37.32746506,19.8241291,8.96501255,4.755257607,2152.962694,3,13723.75095,19.34403992,7.327436924,4,123.9590607
10394,64.03104401,33.14271927,18.56195068,7.196811199,4.090428352,2409.472708,3,18597.29345,16.96791458,5.806028843,4,139.1610107
10395,60.47834396,28.76522827,19.94191742,11.02262115,6.651287556,250.8709551,3,28279.83164,23.1681633,13.4102993,10,167.8557129
10396,57.50330734,32.77916336,17.64505386,6.404430389,3.524860859,2491.939659,3,4354.754473,15.04964352,5.388438225,2,71.56504822
10397,32.62870026,36.41184998,17.8478241,6.966816902,4.345880508,361.6572943,3,2649.935748,13.81891632,6.539148331,2,98.42697144
10398,46.27047348,30.95084763,21.93105698,8.465976715,4.061234474,15.01965778,3,2331.61395,17.38558388,8.670214653,2,270
10399,131.2870178,28.6430397,15.97893429,9.790382385,5.152812004,8686.708601,3,8482.372258,27.82312202,7.703174591,4,119.5387802
10400,67.77188873,29.53250885,17.08589172,7.474225521,4.311091423,1942.876263,3,14000.988,16.50177002,6.056642056,4,231.9220276
10401,41.80858231,30.51272011,26.24645805,8.684380531,5.675375938,3363.134545,3,33197.95264,21.63657761,9.404555321,4,225
10402,58.24487305,32.82662582,11.96323776,10.14368057,6.854232788,371.1331577,3,28060.94673,22.73429489,10.74271679,10,117.7258148
10403,14.19656277,31.4837265,16.67183495,6.661972046,3.01305747,358.8803983,3,27898.21831,13.19723988,4.326026917,10,209.0545959
10404,47.01444244,32.54828644,17.62862015,10.55023861,5.053874016,317.1864877,3,27656.24838,19.85099411,10.69506073,2,182.6978149
10405,63.07572937,36.70451355,20.30970955,8.073260307,5.064792633,1599.340441,3,1107.958609,16.17856407,7.739042282,2,172.8749847
10406,28.63375282,38.60186386,16.21739197,8.636646271,5.469397068,5835.952562,3,3143.499669,14.84215832,7.300944805,2,159.1520691
10407,39.23872757,27.1297245,15.3027153,7.13771677,3.675631762,5975.64687,3,3266.933795,8.830049515,4.662141323,2,269.2259216
10408,131.8661804,38.51759338,25.40481949,10.38679695,6.174438477,553.050175,3,8661.725338,24.32099533,9.145664215,4,52.85331345
10409,22.48140144,31.2592411,14.81775284,4.709645748,2.555794954,4655.687612,3,4018.408268,14.52660179,2.911420107,4,270.4696045
10410,116.5370026,29.21371269,16.09111404,9.069965363,5.327113628,1275.215697,3,24826.68769,20.93594933,7.809551239,4,134.4491425
10411,110.6569672,30.81181908,20.48889923,7.677174091,4.55850172,1041.021719,3,24945.54911,19.37686348,7.290987968,4,62.46098328
10412,121.4539108,25.09109497,17.30474281,8.359927177,5.253098488,771.1251369,3,17311.39626,25.27298164,8.814669609,4,101.4545441
10413,71.36553955,29.98034286,16.75608063,7.312367439,4.233962059,1578.802025,3,16309.17472,19.73489952,6.508843422,5,259.9920044
10414,38.63516235,39.01708984,21.66291809,11.80871487,5.689497948,615.7929971,3,2907.534807,21.9540081,10.61917782,2,163.810791
10415,101.7381668,31.03888893,17.11623764,11.0621891,5.855239391,8622.495988,3,8657.584887,30.09994888,8.52103138,4,213.747467
10416,30.32978058,27.06289864,21.21015358,6.315865517,3.710580111,352.6257772,3,7845.181967,18.05774307,4.249287605,4,102.5288086
10417,100.9035416,27.70362091,16.62439537,8.545666695,4.197433472,895.9906196,3,25574.67984,22.6811161,7.098053455,4,218.0703583
10418,78.07654572,29.95158386,16.64259338,8.002095222,4.910973072,913.0714826,3,16796.55164,19.64811325,8.820311546,5,218.3674927
10419,104.1429977,27.52715302,17.11521339,6.124007702,3.341706514,3141.627364,3,5208.775992,18.0565052,4.994160652,2,77.47119141
10420,142.6660767,31.45541191,20.57556915,9.959690094,5.562288761,8122.817684,1,9196.928351,30.7893734,8.574560165,4,54.61972809
10421,119.2163696,31.30771255,17.54276657,9.445964813,5.585781097,7178.781227,1,10187.41854,26.89193726,8.350329399,4,223.6573792
10422,66.07793427,29.57068253,18.8765583,9.247743607,5.834099293,293.5209885,3,8128.842385,23.65786362,7.974108696,4,89.46393585
10423,39.45121002,29.30210495,11.37326527,11.28366089,5.146961212,4123.844701,3,4509.676498,29.29457474,7.102031231,4,258.9511108
10424,54.80492783,36.27043533,18.91071129,6.801721096,3.957604885,2379.99142,3,284.466898,14.64687157,5.906927586,4,73.5017395
10425,88.86658478,23.41344643,17.02091026,7.746260166,4.778937817,399.7020165,3,9324.668431,24.45620346,6.916155815,4,294.9858398
10426,124.8457794,29.44797897,16.71604347,9.174501419,5.326752663,1187.018585,3,17198.384,23.84309006,8.681986809,4,242.1985474
10427,117.5505447,27.89322662,16.24835205,7.79799509,4.433740139,5130.979046,3,11694.34272,23.09480095,8.345432281,4,80.24757385
10428,156.5480042,30.94032478,17.83004951,10.66011333,5.997979641,4994.588689,3,14549.8355,29.75979805,8.866383553,4,205.6881409
10429,65.37166595,25.9134407,14.10640049,7.81991291,4.086221218,3883.298321,3,4832.193954,21.51916885,8.300143242,4,243.9413757
10430,59.15758896,18.647089,11.151371,6.790085316,3.486535788,4219.301129,3,4514.024415,21.82119751,6.690622807,4,233.0047302
10431,97.51682281,35.295578,22.17536545,8.399438858,4.695880413,995.9121151,3,7680.406014,22.31393051,10.2179594,4,52.72541809
10432,66.22353363,34.74320602,16.9663887,8.744300842,4.561206341,1195.807514,3,7143.129976,19.73233223,6.851626396,4,225
10433,98.09824371,33.19488144,19.21459961,8.6684618,4.721364975,3950.58436,3,28437.50025,19.29342079,8.864849091,4,90
10434,65.6002121,35.28142166,24.13617897,7.707672596,4.040360928,4378.59693,3,29553.32749,18.98857307,8.683774948,4,299.7058105
10435,96.92153931,32.83252335,17.3206234,9.24173069,5.039485455,5195.911615,3,13094.90809,20.27684593,8.716393471,4,83.95590973
10436,70.5589447,31.60045624,17.51208305,8.601254463,4.835165977,824.7003623,3,7703.957585,21.41146278,7.864989758,4,262.3374329
10437,96.32498169,23.19338989,14.72773933,6.293159962,3.397198915,1738.465159,3,1306.997921,18.16106606,6.035660744,4,263.5357056
10438,95.26250458,25.67412567,17.12413597,9.031941414,5.70001173,601.0244037,3,15294.45379,25.24432564,9.843596458,4,206.9509277
10439,33.41500092,43.09617615,25.62156296,16.98709869,6.89318943,7687.382465,1,9788.048837,31.23709679,9.776716232,4,38.44744492
10440,124.6148453,37.73418808,24.02673149,11.10167599,6.186032295,4885.696161,3,13814.12691,26.39573479,8.74118042,4,67.30487823
10441,63.4043541,33.47081375,18.61261749,6.487255573,3.588320494,3143.525806,3,300.901001,15.9464922,5.414083004,4,94.03826904
10442,153.3656921,25.82995987,18.73646736,11.29820919,6.819431305,1747.346368,3,4489.631871,30.5790062,9.904352188,4,144.0767517
10443,75.77480316,29.95186424,17.48570633,7.12915659,4.74313879,1452.759409,3,6915.690882,18.14071274,7.344696045,4,127.1466827
10444,32.32953262,43.14638138,18.71600723,13.38809204,7.677051067,23.6259857,3,8598.81323,20.24826622,10.6111517,4,157.9945221
10445,2.603618145,62.19194794,12.97387028,1.9279989,0.908590555,382.104198,3,16273.47879,3.01168251,1.343847394,4,153.4349518
10446,63.28471375,30.43936348,18.43627167,7.595632076,4.209165096,665.4196339,3,16459.58601,19.96160889,8.198174477,4,278.3005981
10447,129.799469,30.14023399,16.72647095,8.077507973,4.674692154,4628.139277,3,28061.77303,19.7858429,7.420089722,4,101.3099365
10448,53.12771225,36.06544876,20.02979851,7.553946972,5.816975594,256.9685233,3,2321.417073,13.07259941,10.8464489,2,212.9645538
10449,83.70877838,27.48489761,16.09728813,6.964927197,4.203135967,5557.444172,3,5698.392601,21.93205643,6.146068573,4,233.6954956
10450,219.1791687,25.53644562,16.03538322,9.448343277,5.584959984,6596.33316,1,10379.90696,28.12166405,8.077077866,4,149.3145447
10451,105.884758,27.95207596,17.28689575,10.44771957,6.658253193,118.1221439,3,15609.82727,28.54606819,11.42817307,4,126.3986206
10452,43.95750046,41.40193939,21.95616913,10.95149994,6.353258133,3213.733765,3,5444.397975,18.8207016,7.407505989,4,221.8154755
10453,42.98080063,50.79779053,28.53395653,8.347620964,4.085817814,2160.777427,3,796.4358883,19.07594681,6.880213737,4,31.42692375
10454,66.75760651,43.71107483,28.41452026,7.90483284,4.4997015,3946.255291,3,32894.45439,18.19406891,6.290683746,4,61.69924164
10455,24.30633736,35.34121704,25.43483734,7.285964966,3.535571337,3493.78542,3,33413.53738,15.65100384,5.73348999,4,38.29016495
10456,89.72703552,26.29410362,17.69077301,10.51462078,5.990577221,653.8265275,3,23974.25572,26.85286903,10.00459766,4,253.3690491
10457,53.98132324,34.21865845,23.7909584,12.71963501,7.092977524,1577.353397,3,8673.522217,27.75435829,10.69056892,4,172.0928345
10458,38.17502975,30.9327755,20.42109871,6.698185444,4.209496021,272.5955002,3,16000.20429,16.92384911,9.145648003,4,111.9063416
10459,165.9032898,21.19271851,13.42302227,6.903578281,3.929030657,1233.913302,3,4089.309436,27.24557114,7.640685081,4,221.4236603
10460,127.2939529,42.35619736,14.92750359,11.1673584,6.632191181,353.8304058,3,8154.271567,24.9480648,8.402555466,4,82.43626404
10461,122.1774902,32.73374557,27.12059212,8.713979721,4.977376461,2068.759815,3,32708.79637,24.99789429,10.44528484,4,31.75947952
10462,150.1568451,26.49363518,16.22642136,10.33437443,6.705489635,317.1007076,3,30590.95932,26.76642418,9.581061363,4,103.2405167
10463,18.20743561,40.33380127,17.4557476,6.035906792,3.083347321,3135.207351,3,7021.045968,9.493558884,4.542445183,2,264.0938721
10464,60.83113861,29.58459854,20.40524292,9.01515007,5.928445816,7651.357462,1,9708.4842,28.96531296,7.232542992,4,78.69657898
10465,66.41376495,29.68135452,16.93589783,10.69360447,5.629811764,615.3748715,3,16233.72861,25.58331871,10.70163536,4,286.189209
10466,258.5985718,33.89463806,18.58687401,11.46204567,6.369380951,955.879588,3,9196.689332,26.14937592,9.247014046,4,134.131958
10467,15.40827465,41.55897522,12.41742229,7.463284969,4.451110363,3137.095295,3,5469.770252,10.44770336,3.134631872,4,261.1888428
10468,40.97058868,28.62941933,12.88810539,6.851574421,3.940807104,211.7371967,3,8638.785396,16.77187729,5.953210354,4,323.4550171
10469,129.8935547,29.46334267,18.44731903,9.413178444,5.626690865,1307.966963,3,9784.367742,24.34029579,8.324730873,4,231.9436493
10470,87.48708344,25.58228111,16.37575912,6.721197128,4.166789532,3598.36675,3,11843.77845,18.01867867,5.906223774,4,84.20720673
10471,150.6397858,40.90377045,27.90529823,8.71451664,6.202451229,270.568106,3,28075.81246,26.96641541,7.744695187,2,33.55895615
10472,100.0331955,31.79296494,16.3508625,10.31266975,5.758205891,743.291973,3,25816.44296,25.86280632,8.827425957,4,126.1932068
10473,83.98123169,24.89385223,16.59647179,9.238463402,6.055971622,1523.017791,1,8939.402769,29.7573204,7.779742241,4,307.6422729
10474,163.1690216,24.03462219,15.95056152,9.293457031,5.782567978,6174.114727,1,10677.0319,29.31990623,7.613602638,4,229.1976624
10475,83.33254242,35.44788361,21.59861374,7.850949764,4.56476593,3013.940143,3,12653.3661,19.57006454,6.929505348,2,59.74356079
10476,98.8237915,23.16021347,15.08870697,5.46015358,3.310290575,845.8574021,3,14871.03954,19.25119972,5.037126541,4,89.29267883
10477,101.8802261,30.54087067,17.54739761,6.708025932,3.863183022,2686.853345,3,18583.47921,18.3977108,5.539329052,4,76.38339996
10478,105.0888519,28.6359272,14.98161888,7.153429031,4.017505646,2599.505833,3,18273.53977,18.96196747,6.785569668,4,141.031601
10479,16.13436508,28.87378502,17.58261108,4.5161376,2.51851964,136.171725,3,23272.45098,10.01772308,5.336652756,4,171.3307495
10480,8.882708549,52.05503082,23.59571838,19.05597305,8.390414238,37.9063701,3,23324.01344,12.8651123,10.60919094,4,316.5911255
10481,120.9989929,29.4206028,21.84464264,7.12239027,3.893878698,2641.005265,3,33254.62502,22.24703789,8.796118736,4,271.6082458
10482,37.38734055,42.64587021,28.04087067,7.38731432,4.592637539,250.830899,3,30072.35417,15.78802967,5.888169289,4,300.6185913
10483,16.59365654,38.81801987,17.4153347,11.06825924,6.77963686,874.8929976,3,3148.08573,19.06819153,9.641518593,2,181.6846924
10484,93.93039703,24.96064377,19.78510857,9.37690258,6.037502766,4148.069045,3,4037.222404,21.53546524,10.46610165,5,179.9368744
10485,82.26725006,29.95278931,16.78308487,8.562430382,4.859526157,4533.432113,3,4938.572852,24.54844284,7.178803921,5,190.7625427
10486,166.6434631,28.65806007,16.01707077,8.120780945,4.575674534,4124.555784,3,12475.17217,22.76461792,8.188286781,4,245.1912231
10487,288.9147949,23.43117142,17.0350914,7.918248177,6.255087376,4997.111685,3,3951.60082,29.54576683,9.578755379,4,260.456604
10488,146.3398438,28.67712021,18.33558273,10.16675949,6.414093018,4975.206176,3,2741.359596,27.45205879,8.490869522,4,94.28435516
10489,126.8383255,31.72806931,16.9916954,10.27035236,5.372146606,532.6463774,3,7610.325923,26.49181747,9.253783226,4,111.6147766
10490,88.78725433,36.06701279,25.91680717,10.5574646,6.86946249,87.79789413,1,22769.19723,30.33616447,9.439147949,4,332.9216919
10491,106.7540359,49.83235931,30.82776451,9.798594475,6.287747383,136.5257052,3,28367.78322,28.56887054,8.780653,2,342.2027588
10492,36.65763855,31.08405304,16.15650177,6.806027889,3.521665335,885.538354,3,25986.4302,22.07061005,8.219184875,4,257.8637695
10493,121.4975662,33.75662613,19.68683434,8.000331879,4.742166996,1920.315735,3,4487.017937,17.69972992,6.78359127,2,95.0463562
10494,119.1684647,27.76983452,18.2139225,7.572184563,4.849229813,1696.23741,3,25523.75011,20.68567085,8.535256386,4,240.6422424
10495,80.91597748,38.07679749,25.02267075,8.22082901,4.772622585,3119.634507,3,33228.88942,18.14644241,6.677601337,4,56.63363266
10496,236.8135681,21.37602997,13.09400272,8.39616394,5.012134552,834.2970981,3,14467.84566,29.34679413,7.690490246,5,211.5794525
10497,59.17564774,29.25142479,19.37561035,11.05523491,7.012822151,1218.068571,3,9111.997925,29.9253521,9.675141335,4,151.6992493
10498,41.403759,49.64982986,27.19998741,9.754965782,4.914927006,560.1787809,3,3001.886874,16.37473488,7.07288599,2,40.7578392
10499,105.2832794,30.66149902,17.85507774,8.238375664,4.85344553,1811.814634,3,6823.373591,21.44402504,7.078871727,4,183.5322876
10500,112.6109619,43.58868027,19.36113739,10.70744991,6.327869415,2016.741544,3,6769.024503,19.4787693,8.070116043,4,300.9637451
10501,68.27836609,51.53946304,25.90232277,11.10166836,5.830544472,3236.088566,3,5544.790416,27.16743088,7.707847595,4,331.0181274
10502,201.7628021,20.32100868,13.60618496,9.504698753,6.607431412,5143.851102,3,3723.00779,28.46320343,11.54793549,4,269.6568604
10503,61.08518219,35.17643356,18.00497818,9.182291031,5.34994173,3821.385628,3,1294.66235,19.02729607,8.105500221,4,184.8439941
10504,63.7657814,26.70882416,17.33803558,7.522776604,4.817276955,215.5481924,3,8434.475586,19.71842575,5.920768738,4,292.1178894
10505,101.3381958,28.73383141,19.22213745,10.83541679,6.722719669,80.57574308,3,15827.98234,27.22382927,12.29844475,4,115.3461761
10506,84.61676025,30.89850807,21.06797981,7.560171127,4.249184608,590.5395152,3,23408.11976,23.92393303,6.791457653,4,289.6222534
10507,68.24634552,33.99468231,23.82183075,7.803806782,4.341912746,529.946239,3,23042.87054,21.4941864,8.402132988,4,62.35402679
10508,111.8157196,42.96397781,27.7685318,8.128482819,4.781559467,412.6630055,3,29455.11397,20.29343796,8.414525986,4,36.54497147
10509,82.59915161,30.51236725,25.48684311,8.766705513,5.370052814,2092.938989,1,8393.511145,26.23189545,7.145386696,4,309.4006653
10510,49.23813629,25.127491,21.77889252,11.3849926,7.721918583,2730.039179,3,7605.263326,25.09553146,12.03126907,4,186.9884949
10511,99.06401062,32.44952011,14.91982651,9.217384338,5.545975685,4488.482297,3,12517.88724,21.29710007,10.53173161,4,233.0894775
10512,15.11505318,48.11605835,22.62888145,9.451913834,4.129518032,3716.548968,3,5066.313898,13.8816967,5.595018864,4,301.089447
10513,103.3469696,23.46719933,16.81846237,8.316268921,5.159344196,280.1495753,3,8069.975177,27.24302101,7.76435709,4,120.5640259
10514,45.8431282,59.20265579,25.78510666,7.006476879,3.786521673,2943.175959,3,7723.963998,13.85132313,4.937961578,4,330.3581543
10515,26.6320343,57.22518539,27.57555389,6.423949242,3.560741186,3238.437948,3,7442.387643,13.36427307,4.209371567,2,20.85446167
10516,17.75722122,36.7961235,22.8775692,5.799323559,2.97456336,3258.254134,3,7179.569684,9.480116844,4.321464062,2,200.7722473
10517,40.30844879,35.91759109,18.15098953,7.796426296,3.808719635,3722.556445,3,985.291609,15.44376278,6.504528999,2,192.6201172
10518,58.63082886,33.67433548,15.19808578,3.860485077,2.15043354,4715.929399,3,2012.332889,7.504380226,3.274564028,2,202.380127
10519,66.52879333,28.01554871,16.79455566,7.053477764,3.967651367,4147.301105,3,32936.36606,17.00455666,7.29037571,4,95.98930359
10520,91.84395599,28.17287636,16.34708023,7.828019142,4.854838848,418.5169842,3,26304.95574,20.94898224,8.893424988,4,200.8593292
10521,120.5678101,43.44911957,27.25865173,7.104148388,4.383358002,2771.591753,3,5056.998837,16.33104515,5.607601166,2,50.07960892
10522,36.08414459,28.63690186,15.81598663,7.261575222,4.217634678,4601.452849,3,12912.76177,17.23700905,7.676683426,4,113.9624863
10523,158.4546967,32.73918533,22.46569252,10.65454102,6.434355259,4634.464112,3,4406.768411,29.08930779,8.878289223,4,308.7227173
10524,136.7355042,49.93720627,29.66838837,7.929167271,4.46817255,2701.213116,3,5516.645158,26.43134689,7.362442493,4,37.40535736
10525,59.98091125,25.21000481,15.92809772,13.25405598,8.400248528,1333.965377,3,11335.29286,22.32660484,12.51517487,4,84.55966949
10526,181.2550812,27.63638115,15.83042717,9.253684998,5.174401283,1885.199923,3,12132.40547,26.99700928,8.413393021,4,128.0093231
10527,12.95931625,48.95262909,15.09108829,14.80568123,8.227850914,3610.346053,3,5167.619265,18.53712082,5.759512424,4,308.6066284
10528,135.4046021,38.2856369,24.0278492,8.755894661,5.228972912,1277.973157,3,17112.60105,22.11071396,7.639443874,4,307.1466675
10529,146.3971863,41.11301804,27.38188934,8.03482151,4.569012165,5150.790922,3,28195.1532,21.18388176,7.769790173,4,266.0817566
10530,303.1416931,22.95550537,12.80422974,7.81207037,4.68322134,1255.208465,3,15609.44462,27.85968208,8.212916374,5,259.9920044
10531,42.75065994,35.61543655,21.93219757,9.728010178,5.060428143,3488.724205,3,772.0592247,17.68145752,7.351350784,2,90
10532,53.05244827,37.93751144,20.51154709,7.863586426,4.699072361,5023.522844,3,2293.613042,15.33829117,7.582874298,2,293.9624939
10533,116.3712463,25.98546791,14.73010063,8.398900986,4.874001503,5019.614569,3,13517.50679,23.8022747,7.304429054,4,149.5227661
10534,81.52606964,46.68888092,26.69404602,9.745736122,5.148774147,3857.79105,3,5254.374435,20.90041351,7.728017807,4,51.12844086
10535,76.26409912,26.37964058,18.45359802,8.45689106,5.636334419,707.2165763,3,11104.35736,20.43943405,11.46383476,4,253.9973145
10536,224.0658722,20.42386436,14.24261475,9.42257309,5.757514,877.3376736,3,13869.08513,30.49682808,8.981124878,5,156.0375061
10537,184.6656189,32.08307648,19.28602028,11.76734447,7.812099934,1282.453438,3,11890.3646,29.69981956,11.75138855,4,79.91818237
10538,56.06095886,31.91482162,23.52048874,7.070044041,4.361476421,2559.831223,3,8311.981075,16.38153839,7.093184948,4,55.78429794
10539,93.48885345,23.78250694,15.48149586,5.747386932,3.661406279,4057.179696,3,6310.859927,15.57325745,6.696710587,2,275.3893127
10540,46.40501022,33.17793655,18.24349022,8.117604256,4.535009384,3254.093145,3,542.3378926,18.20518875,6.4200387,2,212.4711914
10541,100.494072,27.05199814,19.1071167,10.09728813,5.663590908,562.0319529,3,22095.27487,28.6516552,10.23731613,4,138.2397003
10542,182.033905,17.88009262,9.723108292,7.125491619,4.227153778,928.6361821,3,15726.54199,31.03382301,6.348238945,5,221.7905121
10543,40.66372681,38.60001373,25.83905602,5.802642345,3.91755724,3433.093465,3,7414.842925,11.76620007,4.485262394,2,31.75947952
10544,46.52717972,37.86452103,17.29749107,7.156447887,4.077708244,4376.508915,3,1668.575734,13.79675293,6.842009068,2,228.4556122
10545,101.5649338,27.32219505,18.28448105,7.01398468,4.201742649,6743.59866,3,3973.256532,22.4458,7.84759,2,284.7463684
10546,148.5142365,39.24901962,25.34992981,10.46521378,5.987081051,1380.019002,1,16720.4823,32.13240433,8.988749504,4,303.8788757
10547,219.8197174,26.42106628,16.51320839,9.899245262,5.863796711,4745.1962,3,4606.443787,27.1206398,8.578936577,4,160.8045349
10548,66.0164566,35.99725342,24.73377991,8.739393234,5.48247242,4014.088935,3,1446.962217,21.45473671,9.319087982,4,295.662323
10549,118.7795486,29.05521011,19.08758736,8.248730659,4.767925739,1459.277496,3,17056.48847,22.27302933,8.086413383,4,226.6846771
10550,27.27110672,39.51343155,24.8382473,9.283131599,4.958341122,197.5077878,3,22021.654,18.29637909,7.950559139,4,304.7598267
10551,38.60730362,36.36488342,18.81288528,7.536612511,4.664011955,3047.757991,3,336.2637835,17.19382286,5.780772686,2,102.5288086
10552,13.60986328,28.40084457,13.52811146,2.568962097,1.541987062,4093.533877,3,1403.21274,6.198973179,1.312934279,2,222.1447144
10553,85.87410736,27.88965797,16.76450729,10.31608295,5.693574429,4542.22862,3,15508.25494,25.45571327,9.775905609,4,162.3238831
10554,145.2362366,32.9841423,21.35543251,10.58237553,6.776996613,399.8923386,3,2454.136158,24.5283699,10.80751324,10,84.80557251
10555,87.06043243,20.58845711,12.22951031,7.73800993,4.37658596,877.826143,3,3775.443984,24.3864212,8.68151474,4,238.3386841
10556,99.19424438,41.09796143,28.73702812,10.45939064,6.019205093,1009.653761,3,22221.30342,26.14900017,8.45443821,4,44.46949768
10557,85.83618927,29.50619507,15.3440733,6.808246613,3.904347181,2664.17475,3,26549.32932,19.35704613,6.725747585,4,109.6348419
10558,105.3719864,32.73906326,23.96829987,7.668415546,4.492181778,3860.335416,3,26756.71117,22.7679863,7.864712238,4,296.8962402
10559,98.77544403,30.75901031,17.88794327,8.179065704,4.827447891,5538.670707,3,31298.6559,20.19018555,8.624256134,4,230.04245
10560,139.224472,30.94894409,24.59849358,7.250099659,4.091210842,1037.629303,3,29010.46837,22.37096977,7.532191753,4,289.2900391
10561,102.9478455,29.25375938,16.38825989,7.306808472,4.36335516,548.8074486,3,24584.21518,17.72339439,8.456086159,4,98.79413605
10562,159.5891418,38.11592484,25.62460709,9.766710281,5.189658165,1364.231331,3,12549.7311,26.5889492,7.709914207,4,61.62075806
10563,190.5842285,25.8900547,16.33187294,10.05092812,5.945817471,801.5349184,3,13565.07233,31.11946869,8.24352932,5,235.5084991
10564,98.31044006,30.52508736,18.30681229,10.30739117,5.910915852,109.9132372,3,10483.9743,27.80403519,8.852219582,4,162.5745544
10565,92.07094574,29.35487938,17.10077667,6.301536083,3.77865839,4147.676593,3,6241.291117,15.52927303,6.700932026,2,256.7594604
10566,56.88393402,36.38565826,18.26919174,7.558075428,4.539906979,2274.549848,3,554.8558261,16.64086533,7.301380634,2,166.8662567
10567,82.56575775,32.10160828,25.9799614,8.001411438,4.78533411,5004.052714,1,4814.432022,24.76907349,6.61935091,5,315
10568,103.1491089,34.28479004,19.37014008,10.46711349,6.024262905,7936.115486,3,7472.332722,26.55812836,8.379585266,4,263.65979
10569,113.3325043,30.94976807,17.9128437,11.68812943,5.963324547,8343.534464,1,6990.042747,29.44874191,7.96512413,4,273.3630981
10570,139.0971375,30.73310471,16.16767502,10.88091183,6.467115879,8177.016001,1,9183.59634,32.00503159,9.153063774,4,112.796524
10571,22.82596779,43.6602211,22.76430511,8.470255852,4.909418583,133.0123704,3,15649.33909,13.31572533,8.474495888,4,277.5946655
10572,25.07486153,36.13402939,23.72836494,6.652451038,2.382014036,226.7760043,3,3125.417703,12.17662525,6.247186661,10,276.7098389
10573,133.4483337,35.7421608,26.07911301,7.682921886,4.292248249,1486.471755,3,9594.005773,20.3300972,7.486801624,4,328.9529724
10574,98.15088654,31.40090942,22.72029686,6.23058176,3.276917934,2841.758174,3,11259.83033,18.90579224,5.569172382,4,289.9341431
10575,30.7554512,48.16677856,19.9306469,11.97379303,4.932859898,479.4705293,3,16002.67304,19.93353462,9.099173546,4,62.23825455
10576,26.04109764,40.17119598,23.17952347,8.680809021,4.578252316,632.4288762,3,16222.85041,14.6798439,6.903465748,4,247.203476
10577,80.12420654,33.34343719,17.48385811,8.98597908,4.598040581,4634.004764,3,32051.50554,21.17301941,8.179418564,4,182.0013123
10578,85.30755615,46.099617,30.38984489,6.57831192,3.725763083,5729.064752,3,4972.021695,18.68307877,5.265269279,5,64.05763245
10579,77.03908539,28.17876244,19.96515656,7.002285004,4.16598177,5904.853703,3,5198.286073,21.68380737,5.692121029,5,287.4571533
10580,88.18334198,22.59668732,16.2974968,7.359246254,4.242760658,6470.403801,3,6322.38476,22.59069252,6.20746994,4,194.3227234
10581,110.7858887,41.30553055,28.68954849,8.798243523,4.736969471,4925.367625,1,11774.87373,24.15794945,9.107966423,4,309.510376
10582,100.5213699,41.5276413,25.42039108,7.344778061,4.460394859,3154.174098,3,98.35467687,16.25500107,6.639864445,4,304.5085449
10583,32.96959305,42.28365326,27.51548004,8.151790619,4.042475224,2181.770268,3,868.5852728,16.47162819,7.439689636,4,42.66777039
10584,42.34285736,31.08406258,17.52981567,6.901236057,4.600214481,333.8373036,3,3173.183305,14.12583637,5.997313023,10,220.2363586
10585,98.34896088,27.96953201,18.01151848,8.588661194,5.088031769,3247.277502,3,26118.00767,22.17956924,7.944441795,4,101.7251129
10586,71.46033478,31.10014534,23.21546936,9.888286591,5.284477234,6148.207152,3,30162.67039,23.99093246,9.718206406,4,300.9637451
10587,122.9270706,30.96883011,18.78798294,7.402645111,4.432973385,1785.272506,3,21088.30499,18.8146019,6.646706104,4,76.90810394
10588,79.78475952,30.41779709,19.13283539,11.72146797,7.445919514,1336.670121,3,9211.673492,28.81025314,11.10832787,4,252.7187347
10589,27.53630447,35.90058517,17.41887474,4.549893379,2.455360413,3816.53917,3,6886.855584,8.880290031,3.278454065,2,261.0038757
10590,58.98983383,30.22483444,19.58991432,7.589632988,4.61288166,5866.76921,3,5526.166434,21.99699974,6.663939476,4,306.4806824
10591,156.3475647,28.34190941,17.87141037,9.851528168,6.357765675,7759.852758,1,9238.226103,33.741642,8.26376915,4,79.56252289
10592,189.4897614,33.82863235,21.98205185,9.918913841,5.769851208,2261.445041,1,17467.44455,29.81694221,8.844018936,4,287.8786926
10593,80.81668854,30.57379532,17.374897,8.205039978,4.919236183,2002.025232,3,1003.150134,20.78639603,7.529701233,4,133.3167725
10594,65.63562012,30.80842018,16.63614464,6.623008251,3.892967463,1792.411938,3,6459.998535,17.38630486,5.504012585,4,123.2266998
10595,116.4297104,26.4137249,16.50500679,8.972917557,4.943896294,538.2818423,3,9517.879209,29.9966526,7.629321098,4,230.4365692
10596,132.871933,29.5652256,20.47863197,9.491658211,6.354365349,4684.937038,1,14638.88391,32.11565018,8.874601364,4,296.5009766
10597,155.4484711,26.17718315,16.25635147,8.646080017,5.005657673,2310.587672,3,13678.16747,26.86966515,7.627343655,4,95.09211731
10598,49.56214142,34.10993195,20.52814293,11.79256821,6.12701416,3779.900629,3,1130.274381,23.45716286,8.87556839,4,179.1574707
10599,67.09555817,31.23123741,14.8347168,7.438135147,4.171010971,1512.712059,3,1530.939726,17.59553337,5.28848362,4,282.9946289
10600,24.66150475,38.69108582,19.89241219,7.072194576,3.530180216,1423.093101,3,24715.81517,14.08623409,7.510145187,4,247.0362244
10601,110.0128326,42.76182938,20.88842583,9.728703499,4.982575417,1775.753862,3,25370.95452,21.89267921,7.377623081,4,306.8699036
10602,140.8163605,32.30946732,24.84493637,8.662085533,5.325057983,379.6471719,1,10429.65258,27.1792717,7.02513504,4,316.0609131
10603,46.92495728,39.40646744,30.70214462,8.883752823,5.899531841,852.6749412,1,9655.374421,26.48725128,7.251869678,4,342.0720825
10604,89.99306488,37.00918198,19.13231659,8.074040413,5.175213337,5303.211493,3,2387.964359,18.02837181,8.595898628,2,131.0548096
10605,108.2097549,45.11746597,26.72246742,7.34017992,3.798859358,2397.002383,3,5796.230714,18.91498375,8.106153488,4,258.9174194
10606,92.41681671,48.29396057,26.79807472,9.520524025,5.203460217,1653.989479,3,24241.57696,23.27240562,7.791021824,4,67.05106354
10607,14.66795158,48.5515213,17.58743286,8.592414856,3.562232733,124.6204244,3,26923.07422,9.150589943,4.540742397,2,144.462326
10608,124.4829025,30.12508774,21.77764511,8.484034538,5.450228214,390.7352198,3,27594.34425,28.05873299,7.196408749,2,36.08507156
10609,23.8836937,23.81419754,10.8203373,5.421770573,2.801398039,431.5117466,3,26535.85906,14.02036858,4.617822647,4,207.0720825
10610,164.7468262,36.98204041,20.5341568,10.21559429,6.16460228,2640.7235,3,6327.517924,24.33269691,8.698981285,4,254.5603485
10611,231.1513367,22.76363754,15.10282421,8.829914093,6.298957825,5556.988878,3,3875.013711,31.49116707,8.959590912,4,228.0127869
10612,79.40500641,24.79911041,18.28596115,8.338814735,4.471120834,135.3724571,3,26911.89669,24.2033577,8.677512169,2,43.42325592
10613,113.0549011,31.05031013,21.07971764,7.986188412,5.217323303,2480.557386,3,8843.179987,20.2779789,10.20307827,4,240.8323822
10614,238.2510223,25.09578705,16.82745552,7.789614201,4.862604618,915.0352845,3,9299.352623,22.06142998,7.705832958,4,75.3236084
10615,201.473114,24.06775475,13.89039421,9.458189964,5.770987034,1405.064692,3,10079.88689,27.59404945,8.669736862,4,108.4349518
10616,94.61122894,37.33414841,24.3941021,8.309429169,4.973303318,4458.128434,3,3510.196958,12.88007736,3.342312574,5,261.0273743
10617,168.4175415,26.40898705,15.83251572,10.99514961,5.786603928,4265.439729,3,12134.0706,31.68206978,8.806443214,4,141.277298
10618,31.82916069,28.37891197,16.60982323,11.89269161,5.247980595,358.2416808,3,15181.92013,23.25092888,8.686786652,4,177.8438721
10619,132.5232086,28.49834824,17.15487671,9.932830811,6.40549469,3389.258819,3,16853.3605,30.23183441,8.939012527,4,119.3330688
10620,138.3681793,25.57304382,15.37416458,7.746720791,4.498777866,882.4173093,3,9566.249042,20.12270546,6.467134953,4,184.2363892
10621,97.1437912,36.88708878,25.91106796,7.939184189,4.86978054,1242.510881,3,16091.21945,20.21022415,6.284140587,4,65.13630676
10622,91.38500977,25.85081291,14.93671703,6.233868122,3.604846239,2649.846591,3,17917.17723,17.1552372,5.641753674,4,70.8663559
10623,124.531723,29.48980904,19.15554047,8.698659897,5.344377995,2395.461417,3,25354.99153,23.06273842,8.58331871,4,258.3406982
10624,167.526886,24.95318413,13.76010227,8.874610901,4.787874222,662.4049715,3,15827.15589,28.30261803,7.565625668,5,236.3099365
10625,119.0287018,26.87767792,16.11098862,7.699329853,4.595180988,5533.167618,3,4583.412154,25.87713432,6.856365681,5,245.2254028
10626,204.1977692,25.78386116,19.65520859,8.972529411,5.830263138,4369.570762,1,11900.80191,32.08575439,9.079433441,4,61.97550201
10627,99.50640869,27.80216599,17.58496475,10.10989666,5.817901134,2907.983751,3,12994.0976,29.24416542,8.543632507,4,213.1113434
10628,21.0743103,37.23605728,11.66991997,18.35767746,7.257458687,179.6245461,3,15329.00903,20.85778046,10.42260647,4,118.8107452
10629,121.2115784,21.15228462,13.67471504,7.902653694,4.597710609,1623.096804,3,1304.057794,26.76046181,8.008683205,4,225.8551025
10630,89.18780518,24.69781685,18.96289635,8.612546921,5.052314281,259.4904842,3,8061.481751,23.05361176,8.486866951,4,270
10631,113.2355194,32.18990707,22.8931675,7.33367157,4.339336395,989.8788505,3,8764.98114,19.89000511,6.681377411,2,321.1095276
10632,133.3820953,30.91379738,18.68964386,7.229349613,3.929824114,1103.584497,3,9013.566929,17.877882,6.299971581,4,256.1593018
10633,78.63720703,32.88711929,17.95375443,9.169355392,5.569234848,1361.401762,3,14103.37447,20.30866814,7.432266235,4,198.9465027
10634,122.8848038,27.56177711,16.97661018,7.339437008,4.252799988,1623.945827,3,16606.6495,22.64772606,6.70207262,4,260.776062
10635,19.57067108,32.08481979,19.29975128,5.380720615,2.811262131,2508.00441,3,19032.28409,11.88845921,4.492285728,4,232.5982971
10636,43.15666962,35.7530632,19.92945862,13.62373924,6.478032589,2002.609626,3,19125.48177,24.60811806,10.06128788,4,178.298645
10637,100.7341156,36.07257843,27.47580338,7.586181164,4.465836048,2237.443741,3,24476.82007,21.19168854,6.425625801,4,29.74488068
10638,60.13423157,34.10951614,20.79674149,8.295369148,4.478391171,5648.676053,3,29705.95989,17.88757896,6.806515217,4,108.4349518
10639,114.0849838,22.98305702,15.70084572,8.079562187,4.867762089,265.601011,3,31195.18233,24.77109528,7.012543678,4,89.80511475
10640,70.61354065,32.74501801,26.01464462,9.829182625,5.431256771,331.5698111,3,30651.51684,22.94909477,11.43614483,4,299.7259521
10641,76.39553833,35.21143723,26.15961647,7.115650654,3.787083149,1060.634841,3,9605.365105,22.66752243,5.438671589,4,42.87817764
10642,118.701683,49.08415604,27.79837227,7.744276524,4.195736885,2225.759181,3,4673.255437,16.07798195,5.684643269,2,82.11685944
10643,55.19014359,26.39867592,18.57932091,7.601184368,4.725994587,236.3931405,3,2872.902161,20.59267044,6.532700062,2,68.14186096
10644,123.2246704,46.42599487,27.54766464,8.163591385,4.559308052,1616.166357,3,4235.923441,17.15714836,6.464560032,2,270
10645,10.09283829,29.40056038,15.77461338,5.252835751,2.41844821,3697.795742,3,1008.889243,9.301246643,5.030930042,2,177.2227783
10646,8.111311913,28.21398163,11.37985706,2.041549921,0.854565978,3730.514013,3,1042.124687,5.232316971,1.132144928,2,228.0045013
10647,11.58870316,26.1253109,10.70892239,3.154228926,1.334567904,4083.286051,3,1394.528602,6.241650581,1.883732915,2,238.2405243
10648,108.465744,33.86154175,23.5282135,7.890428066,5.029780388,4575.956377,1,3839.63515,25.84614563,6.086884022,5,315
10649,115.3461456,37.92896652,22.6440506,10.30464172,5.762020588,282.9027979,3,14972.90646,24.46472359,10.50556374,4,60.83113861
10650,147.5508575,25.11873436,16.59961319,9.027318954,5.147244453,519.3615833,3,15744.3267,27.86951828,10.07325649,4,228.9680481
10651,153.2306671,30.41593742,14.0006237,9.769550323,5.401622295,2746.525766,3,11190.5499,24.32187653,8.240702629,4,216.7388916
10652,16.92995071,45.71043015,16.18081284,6.548157215,3.865726948,4603.310715,3,2051.767309,11.13840199,3.361108541,4,176.039978
10653,28.52241325,44.9540596,16.21469498,9.745289803,6.923616409,4715.574196,3,2115.892666,15.76762867,9.4754076,4,226.5378418
10654,112.7563019,38.64295578,23.69100952,7.268735409,4.180596352,1589.91247,3,16932.65086,22.47894287,5.845035076,4,317.3139648
10655,111.5127182,29.05248451,21.33617401,8.718135834,5.789748669,1056.680689,3,30145.11054,23.8547554,9.901901245,4,279.522644
10656,150.0754547,42.3890419,29.42604637,7.905102253,4.503848553,1074.144284,3,28057.62374,21.10796928,7.931940556,2,24.14553833
10657,96.15533447,30.48736763,19.07796097,9.052268982,5.061386585,1284.417292,3,21758.84026,21.38649368,7.418274403,4,238.3602142
10658,125.0859299,37.89424515,27.00862312,8.576586723,4.711503983,1394.13048,3,9784.011287,26.39270401,7.779312134,4,307.1168823
10659,45.76563644,32.26350021,22.15671158,5.351942539,3.301397562,3495.567218,3,7602.142215,11.81159782,4.16115427,2,48.46822739
10660,85.07546997,33.82567596,21.2593689,4.725261211,2.945453167,4348.493012,3,6620.29162,12.48216343,6.023784637,2,278.8532104
10661,31.26220512,23.83233643,11.86241531,10.27915764,4.93225193,1812.30847,3,10157.84583,28.64989853,5.311694622,4,62.1027298
10662,122.6712799,48.85690308,29.13399887,8.907623291,4.860567093,2498.84232,3,25023.21576,22.87963486,7.853507519,4,34.37407684
10663,222.9479065,25.61102295,15.10037231,9.260102272,4.830228806,4839.445207,3,11261.21954,26.02131462,9.900156021,4,191.7251129
10664,93.20635986,31.40580177,17.58111,10.87749767,5.760385513,1105.123733,3,14600.79459,26.40068436,9.186745644,4,142.3692169
10665,80.78288269,57.83734512,25.40474701,11.09142017,6.159123898,505.5369321,1,14960.47521,25.84287834,9.615855217,4,27.92897797
10666,105.6875153,25.78454399,15.63251019,7.333814144,4.067781925,338.047575,3,8997.826183,20.18363953,5.762718201,4,132.8759918
10667,47.08695221,36.93280792,22.92084503,14.01760483,6.988470554,340.8896501,3,15738.15503,29.37192917,11.52643299,4,283.8971558
10668,112.897995,54.33377457,26.70550919,8.793102264,4.671264172,4172.935887,3,28400.73546,19.99087524,6.906664848,4,63.97040558
10669,181.5190125,28.05702591,16.99238968,10.78977108,6.667823792,8802.47132,1,8081.705021,31.34481049,8.507183075,4,216.7757874
10670,140.7376099,40.46784973,27.55918694,11.04703426,6.698787689,1132.176995,1,14310.50785,31.0172863,8.959088326,4,266.1688843
10671,201.4984741,26.22306061,16.54017639,10.00166893,5.942476273,3553.310814,3,15525.23975,28.92442894,9.574868202,4,188.2158813
10672,153.0133514,31.94334602,17.19587326,9.623963356,4.844035625,3791.618041,3,12555.80341,24.85285378,8.87428093,4,211.9081116
10673,23.17006874,41.17700577,17.70580101,10.98603344,6.244934559,2163.738918,3,10555.78365,18.14141464,8.600237846,4,223.2874298
10674,15.61488914,34.29267502,13.13879967,5.518316746,3.068779469,4793.135332,3,2209.152479,11.7651577,3.355852365,4,164.4758911
10675,18.5114727,23.19170761,20.76275063,7.972022057,4.351665497,2244.568562,3,18933.22756,15.03736877,5.814950466,4,230.7105865
10676,104.8260956,25.90842056,17.35808563,8.949465752,5.435761929,894.6730162,3,22802.10163,23.15803909,8.720461845,4,237.1654358
10677,83.40962219,29.71681595,16.429739,8.820476532,4.580192566,4154.752643,3,32256.24279,22.07403564,7.337325096,4,195.9454041
10678,50.45717621,34.1084404,19.91013145,15.71198177,7.369674206,243.5082816,3,24087.44865,26.77814484,13.76255131,4,211.7809143
10679,92.4234314,30.52169991,17.94185829,7.3810215,5.286266804,4296.76046,3,6764.520249,16.43966866,7.314925671,2,233.3658905
10680,81.85018158,33.14211655,18.9685154,8.240395546,4.396249294,6431.320645,3,5568.771301,22.10668373,7.023338795,4,106.616188
10681,138.6968689,41.07908249,27.64756393,10.72506046,6.48334074,8151.615124,1,9078.120921,32.1517868,9.800498962,4,25.49794006
10682,135.0475006,26.08392525,16.09771347,10.00566101,5.469678879,4309.189152,3,13889.79301,25.86831284,8.588768005,4,161.1881104
10683,76.54772949,34.43946838,20.82468033,12.72760963,6.207128525,4362.738694,3,1747.079387,23.92551041,10.37889385,4,197.076416
10684,51.27862167,34.98437881,15.442276,8.830775261,4.86125946,3790.548833,3,1068.921623,21.57318306,7.229192734,4,297.5360718
10685,19.05617523,38.58264542,15.2927351,5.872375488,3.696526051,2331.008698,3,18639.41489,10.46188641,6.777579784,4,79.50852203
10686,70.82637787,28.36985779,17.16309357,8.462555885,5.062342644,349.149954,3,21735.77052,22.0404644,7.923612595,4,281.7467041
10687,92.66210938,38.93094254,22.20775604,8.148531914,4.872815132,2786.805038,3,26296.1244,16.055336,6.674424648,4,51.71074677
10688,102.8764343,23.71305466,16.21741486,8.294002533,5.197123528,256.8206767,3,25213.41903,23.18555832,9.736927986,4,153.9114532
10689,107.1045456,48.41682053,28.60597801,7.628071308,4.850525856,447.7098967,3,25407.98911,20.7514286,7.941799641,4,46.06586838
10690,6.60953474,29.74605179,14.58878803,3.009358883,1.309175134,3554.340555,3,865.9796158,6.270082474,1.736145973,2,193.1935425
10691,87.51244354,31.11903572,23.44935989,8.139886856,4.612167358,4088.2801,3,5006.05692,24.87427521,9.39789772,4,280.3583069
10692,125.1864929,25.76180077,18.38849831,7.358651638,4.041589737,1102.080196,3,3885.545847,24.10115242,8.538819313,4,236.6893616
10693,82.58554077,31.58654404,18.50907135,8.330988884,4.891068459,223.8349059,3,14893.57673,19.78756905,7.182651997,4,102.5288086
10694,103.2696762,32.64680099,18.47539711,7.742513657,4.455384254,3983.117398,3,6477.194571,16.29558945,8.328808784,2,173.0470428
10695,53.65548325,36.32742691,21.51263809,8.762562752,5.248631477,2283.756835,3,454.5113434,17.81312561,7.402554989,2,272.071228
10696,79.44654083,32.26435089,20.12888908,9.022277832,5.041903019,7229.628168,3,6286.316911,21.44881058,8.285054207,4,187.1934814
10697,121.0594864,33.31782913,18.5906105,10.66901398,5.92487812,8596.788202,3,6684.745162,26.56356239,8.815426826,4,167.2037048
10698,125.8058853,29.79569435,17.01183128,9.600823402,5.483541965,2438.957384,3,9913.537892,21.98273659,7.96097374,4,159.2858276
10699,232.3664398,28.46622658,18.27280426,11.11404991,6.308200359,1818.677538,3,12077.46614,28.84479332,9.796910286,4,149.2067566
10700,17.43831062,45.79838181,17.32946205,7.778851986,4.680577278,4125.654098,3,1432.913797,19.63917732,3.835914612,4,276.1885986
10701,51.05991745,44.05529404,18.06189156,18.30043983,8.301481247,613.8574314,3,3337.695266,32.40870285,13.30157471,4,242.4957581
10702,62.79600525,55.22912598,26.69783592,9.706356049,5.430485249,1792.243784,3,19009.91327,21.94258308,9.328696251,4,41.34777832
10703,90.85525513,32.15859604,17.81742096,10.16409588,5.523532391,1072.236806,3,20762.33212,23.19260597,8.134881973,4,231.9919281
10704,8.430786133,39.66146851,19.25255585,3.497691631,2.94901228,230.2980654,3,17054.16286,4.801784039,3.906831026,4,161.5650482
10705,198.6378174,26.98517609,16.99419022,9.881857872,5.354690075,151.0702341,3,15832.73563,29.60018921,11.48800564,5,200.8790283
10706,36.88886261,39.69263458,20.23588943,3.593986034,2.078439236,787.7531599,3,2082.514099,6.01469326,3.418078423,2,203.1985931
10707,66.49678802,28.75374413,18.50891113,9.101878166,5.190771103,7320.964499,3,6076.90093,24.7412796,6.420872688,4,50.01876831
10708,100.1705704,46.61983109,27.16849709,10.01928711,5.835566521,4419.606575,1,1678.966319,26.05348396,8.38627243,4,303.5093384
10709,75.2738266,39.53242493,23.81146049,8.571929932,4.185999393,3972.713544,3,1088.480516,21.02707672,7.151707649,4,249.9439087
10710,64.28131866,40.42051315,25.23431778,6.872184277,3.961303473,2977.389619,3,8050.981153,13.67113972,5.153053284,4,307.6942444
10711,77.61341858,32.53218842,17.29844856,11.72025204,7.112229347,3524.728996,3,16298.30409,26.41251373,11.88708687,4,112.3286591
10712,138.5261841,37.80872726,22.15758324,10.31421471,6.202500343,4129.120344,1,15396.05602,29.86724854,8.698375702,4,288.4349365
10713,129.5558167,30.4201622,16.17314148,11.06612206,6.451683998,3593.790271,3,15838.35243,31.88617706,9.522254944,4,247.7063751
10714,27.9032917,33.66595078,23.05314064,11.32212543,6.065974712,452.3215761,3,8323.705587,22.64798355,8.234109879,4,101.5751877
10715,149.5535736,28.19630432,15.50948715,11.14780903,6.304414749,5516.330692,3,2947.559915,29.36180687,8.394815445,4,111.3179169
10716,165.3799438,25.77691841,18.5042057,7.744698524,4.565583706,1859.480403,3,6000.210126,25.51654434,7.876700878,4,48.23101044
10717,49.643116,29.66937065,20.57946014,10.68446827,6.93277216,2015.638417,3,13363.8239,21.59314156,9.70129776,5,73.46968079
10718,30.90888786,34.14511108,15.77779484,8.66049099,5.667729378,1801.957491,3,13597.82269,21.73477745,8.072868347,5,196.8729095
10719,75.58731842,35.16284943,20.01438904,7.049659729,4.006947041,2314.719948,3,18258.35868,16.5642395,6.161258698,4,72.26548767
10720,86.69771576,24.10370636,17.65038681,9.493572235,6.291465759,417.6135722,3,15355.85961,27.76985741,10.43296242,4,265.997467
10721,85.47858429,32.07517624,21.21156502,15.46064091,8.468314171,882.9730002,3,19803.61614,31.31162834,14.25089264,4,203.4985657
10722,29.26169395,37.02628326,18.50087547,7.452505112,4.269283295,3266.613278,3,578.039029,14.46883392,7.036402225,2,148.3681335
10723,22.322052,35.68421173,18.09654236,3.695217848,1.742014766,3327.627004,3,630.1121619,7.806078911,2.875706911,2,275.7684631
10724,24.34971619,32.97196579,15.51419067,3.407403231,2.137535095,3329.989185,3,615.339113,6.19853735,2.553287983,2,218.8254089
10725,108.4416885,28.55363846,18.55258942,10.47024822,5.863372326,8108.158243,3,6952.404199,27.16644096,8.601642609,4,170.2525177
10726,52.30033875,31.62156677,16.60419464,10.3287611,6.788878918,7876.393994,3,6483.471007,29.11119461,7.130393505,4,237.875
10727,186.5508575,32.79568863,21.71377182,10.11312199,6.077348709,3375.179671,1,15455.28072,31.24725723,9.546410561,4,280.0079956
10728,22.44733429,51.82501602,17.03948212,6.807522297,5.197208405,692.251769,3,8142.385681,15.06048965,4.14206171,4,222.1375885
10729,115.1574936,24.19418526,16.34727859,6.624946117,4.1609025,562.7283417,3,2158.950854,19.80241203,7.794243813,4,148.5814209
10730,130.25383,47.09880066,30.30540276,6.294107914,4.2641716,3823.573619,3,11760.62354,18.42070198,7.854596615,4,40.05013275
10731,140.8900604,27.03299141,16.8768959,7.860012531,4.685083866,1006.962932,3,28230.63045,24.66006851,8.547851563,2,112.7824097
10732,71.3572998,27.09784698,15.49093819,8.552523613,4.826023102,365.1641996,3,16617.41508,17.99775696,9.743395805,5,208.5331726
10733,112.497612,27.97817612,17.2559185,12.36365604,7.064065456,152.826379,3,16255.16068,29.77198219,13.65112495,5,212.2636108
10734,83.68405151,27.4467392,15.99660969,8.80877018,5.474917889,4050.293208,3,13311.91945,22.99476814,8.075387955,4,91.73570251
10735,10.30764294,49.62281799,14.97379494,9.793990135,5.451058388,5002.45772,3,2390.202926,11.59445667,4.019011497,4,198.0286255
10736,57.99507141,21.09206581,12.96732044,8.13283062,4.662457466,5119.467328,3,2528.992436,27.93110085,5.815615177,4,131.3100891
10737,105.1844711,21.90060425,17.43489075,10.5420866,6.218276024,1437.597358,3,1348.65476,27.53284645,9.851416588,4,190.5658264
10738,89.38243866,26.99572754,18.36572838,10.37306118,5.674630165,547.98017,3,7280.043821,27.32370949,8.854093552,4,169.168335
10739,63.75907135,37.09541702,19.66400337,8.738677979,5.451967716,0.516887796,3,20784.936,16.14341545,9.227793694,4,143.500946
10740,41.65636826,37.63597488,22.31164932,9.975297928,6.236491203,29.04747925,3,21412.72728,18.17685699,12.63027382,4,107.879776
10741,58.30567169,34.3240509,18.20799828,7.661417007,4.676923275,4650.282078,3,1879.564548,15.9085474,7.741838455,2,214.3803406
10742,23.82710838,48.56023407,16.96438599,7.477594852,4.295575619,7830.194407,3,6325.088963,12.98569202,5.367571831,4,128.829834
10743,168.7464294,25.99721336,17.13832855,9.303334236,5.511370659,9352.043291,1,7523.722318,31.63131523,8.017647743,4,72.64597321
10744,29.85989571,35.98661041,17.15382195,10.67151165,5.27685833,1676.468669,3,13937.09272,21.47488785,8.982906342,4,139.1849213
10745,18.11447716,31.43871498,15.93709087,10.60538292,6.795693398,460.7022473,3,8392.59163,14.29968166,7.321080208,4,97.62756348
10746,144.0039825,27.87109756,16.43132973,7.272600174,4.09883213,3293.120626,3,12083.07091,19.87252426,7.042394638,4,115.0502472
10747,92.37036133,33.28004074,19.50699425,9.0280056,4.890473843,928.484355,3,3590.998821,19.19278908,7.307304859,2,128.9891663
10748,167.838028,26.7884655,16.10487366,9.593654633,4.906544685,6206.481447,3,10349.28021,27.51038742,8.006302834,4,186.901825
10749,229.9803772,30.28832626,16.69986534,8.334139824,4.664972782,5007.382557,3,11018.05553,24.28229904,9.950992584,4,137.7595062
10750,175.3239899,27.93340111,15.6802969,8.745160103,5.159399509,5623.051727,3,10564.07234,23.97713852,7.653404713,4,142.683136
10751,94.5681839,28.42061996,17.9162426,11.46049213,6.192305565,3609.444106,3,16645.99676,32.56126022,9.475871086,4,224.3562469
10752,194.8075714,39.62524414,22.87256813,12.55811787,7.068731308,2337.774515,3,6735.726637,27.28057098,8.999544144,4,303.7811584
10753,131.9870148,30.69639015,17.71365738,9.013310432,5.577802658,1478.019284,3,8689.888363,21.49777794,8.126466751,2,194.6548309
10754,166.8592987,28.00933075,17.10640144,7.815692425,4.631884098,2909.347701,3,10203.80446,22.82293129,8.250084877,4,250.0421753
10755,51.25589371,33.53812408,16.80833435,10.09498596,6.2158041,2101.319545,3,13165.46092,20.87281609,9.305552483,2,127.5041428
10756,132.2945099,51.22957611,27.56142426,10.51400375,5.680445671,1601.140168,1,13881.15959,30.10962677,8.233402252,4,297.8554382
10757,27.36534691,20.23162842,12.3284359,10.46430683,5.183891773,2329.231528,3,5668.463063,29.5479908,7.033724785,4,30.48329926
10758,167.2597809,38.88454819,27.02503204,7.800503254,4.458296299,1072.490859,3,27534.68128,21.3182373,7.277593136,2,55.23480225
10759,42.25889206,45.33852005,25.17789078,7.274287224,5.283772945,125.226454,3,24390.72772,12.85218525,8.576375961,4,45
10760,40.29364014,32.05376434,17.83985901,4.45830965,2.649366379,101.1566907,3,18247.6877,8.332899094,4.498724461,4,131.8201752
10761,24.91004181,43.64638901,24.63084221,14.78827286,8.040435791,153.6217435,3,2639.05368,18.54784393,10.43072128,2,247.7703857
10762,52.67006683,37.95119858,18.45300293,9.986311913,5.881072998,2336.54353,3,352.2484815,18.36853218,8.714962006,2,162.3777008
10763,103.5335846,29.52683258,16.59063148,7.762364864,4.949552536,5668.655262,3,2710.637462,17.71952248,8.735463142,2,292.6937866
10764,95.76041412,32.32546616,18.48469353,10.19371605,5.873006821,238.834364,3,9036.681423,23.92304039,8.522721291,4,52.64040756
10765,18.16115379,37.47346497,18.52347565,16.50766373,6.729877472,515.2356334,3,8389.399131,18.90665054,9.775714874,4,103.195816
10766,40.50879669,24.4307251,23.4505825,8.186105728,3.943574905,753.6915704,3,8194.574687,18.65019035,7.409405708,4,265.8392944
10767,46.56742477,32.53302002,19.97542381,10.28679562,5.164322853,770.8208051,3,8241.763536,17.8322525,7.525545597,4,270
10768,41.09515762,40.6697998,19.53979874,15.951087,7.229440212,430.8577178,3,3151.776131,31.72180176,9.264383316,4,96.26603699
10769,81.5490036,28.2812748,18.814291,7.999514103,4.777016163,1561.541205,3,13467.02696,23.76370239,7.771463871,5,56.30993271
10770,44.10958481,24.16217995,20.03191566,8.549658775,4.3740201,224.138836,3,26098.51959,19.19887733,9.10619545,4,176.9872131
10771,65.28348541,30.04356003,19.02754784,11.69338226,7.01286459,284.125786,3,23849.63606,26.10893822,10.33031464,4,231.4993439
10772,13.84100819,34.54333878,23.52318382,9.118191719,5.591094017,6.332724495,3,16938.21919,11.39414215,8.348631859,4,35.53767776
10773,96.22805786,25.22457504,22.52179718,6.453997612,3.234357119,1134.263697,3,9854.362783,24.76980591,5.251105785,4,44.47436523
10774,192.9535217,28.58212662,17.26534653,10.49338818,6.151511192,8191.997483,3,8440.979402,33.0081749,9.178815842,4,84.7421875
10775,116.2688522,31.34880447,17.77539253,9.149954796,5.313649178,2396.704757,3,17553.73481,21.85326385,8.013442039,4,89.32596588
10776,131.4594574,21.46886444,18.60756302,6.80011034,4.226576328,1058.37305,3,29393.00838,27.24353218,7.067026615,4,50.94686127
10777,65.2747345,37.55063629,17.65537453,6.82623148,4.210972309,329.5479846,3,19131.86654,12.75527096,7.399721622,4,142.539444
10778,94.15057373,31.41637611,24.70788002,8.913478851,5.788813591,487.3640426,3,17852.99404,22.74333191,10.07906532,4,287.6303711
10779,50.49808121,41.11751938,27.77690697,7.530071259,5.380959988,116.1304247,3,17241.68377,17.50709724,8.304349899,4,18.89682007
10780,74.98842621,46.78541946,23.99899864,8.606369019,4.463759899,6698.019348,3,5486.997049,22.03052139,6.291056156,5,47.36435699
10781,134.2775726,27.04353523,13.35508728,8.72427845,5.237070084,3620.436701,3,5778.998375,20.94485664,7.420789242,4,225
10782,207.5267639,26.62611771,16.65481186,9.888205528,6.091515064,5607.090851,3,4279.23338,29.09976387,8.959833145,4,154.2592926
10783,47.80033493,32.28635788,18.4678421,11.0137682,6.691675663,167.6604713,3,2835.745705,22.32680511,10.2239418,4,149.5110626
10784,76.82775116,30.05027771,15.24138546,8.399477005,4.201942921,4502.977421,3,32038.04341,23.5147953,6.225433826,4,273.9093628
10785,123.1338806,27.97451401,16.112957,7.970756054,5.197640896,817.7426849,3,27528.37725,21.87532043,7.401678562,2,88.87669373
10786,45.98680878,35.96898651,25.69188118,11.33601379,5.138629913,48.71859931,3,26277.84979,24.09621239,10.7530756,4,22.95296478
10787,155.370285,27.2657547,17.30418587,10.68673611,6.682496071,764.7752899,3,11987.53783,30.86686516,13.29156685,4,82.93740082
10788,57.00822067,39.56970215,26.26671219,4.500414371,2.400978088,3661.442666,3,7624.263815,10.06361008,3.678816557,2,51.42999649
10789,77.82338715,29.10029411,17.05953217,6.142583847,3.859509468,4203.188126,3,7439.247071,15.39074802,6.874747276,2,96.3401947
10790,94.92799377,40.62030029,22.8977623,12.3092289,6.192712784,537.0191893,3,3162.339065,26.24755859,10.68103695,4,266.6768799
10791,150.1315765,28.55034637,18.89056587,8.329161644,4.750298977,2760.508481,3,24084.95867,23.77565956,7.627426624,4,235.506134
10792,98.17568207,25.8091774,16.05908775,6.573049545,3.96586585,3604.638743,3,6117.201677,18.32036591,6.683237076,2,250.4268799
10793,253.4338837,25.83016777,14.6670332,9.842259407,5.725610256,3659.520431,1,12269.97955,32.07394409,8.948306084,4,67.76669312
10794,175.9219208,26.91583061,13.6498642,9.508067131,5.300067902,5925.050858,3,4018.652125,29.68420219,6.988367558,4,233.4033661
10795,15.29461002,41.20239258,15.17216301,7.104984283,2.575324535,4981.636397,3,31416.96562,12.44945049,4.897164345,4,196.1134186
10796,182.2487183,28.09090042,16.15057755,12.67730331,6.595496655,521.1684467,3,13512.47899,31.40206718,10.22370434,5,173.442215
10797,33.80827713,37.77065277,15.87299442,4.706118107,3.011600971,731.7397125,3,2165.749771,7.72037077,4.901666164,2,227.6355591
10798,26.87958908,30.20754433,17.37495041,5.290668488,3.419327497,2889.871374,3,199.6512681,14.44295311,5.008103848,2,147.5317078
10799,56.13835526,37.55114365,24.43273735,8.22334671,6.105521202,3480.151412,3,711.5509407,17.49177361,9.44017601,2,297.8972778
10800,133.0069733,29.46969414,17.31916618,9.521578789,5.790985107,8894.948346,3,6908.262828,28.19094276,7.468864441,4,256.8458862
10801,205.8253326,27.02657318,20.54576111,9.256484032,6.93623209,1942.412461,3,4609.956599,29.97810555,9.675232887,4,313.7174683
10802,84.50957489,39.19008255,24.74146652,8.788368225,4.807301044,629.0854321,3,26435.79342,22.25492859,7.376099586,4,293.5634766
10803,145.3113708,29.14080238,18.56392288,9.944449425,6.120605946,9821.230078,1,6903.809647,30.23792648,8.376379967,4,253.7203217
10804,110.1995697,27.81848907,16.56004143,10.60517597,5.965410233,2368.713332,3,13357.98779,28.03508759,8.260007858,4,131.6173706
10805,148.4690399,45.41132355,27.40255547,9.630517006,5.283604622,1961.212167,1,13507.83748,28.31157303,8.967718124,4,308.9909973
10806,100.5652008,29.38168335,18.65324402,9.914325714,6.145785332,358.18491,3,7898.153404,25.51245308,10.79180431,4,257.1226196
10807,130.4698944,27.71924019,17.25963593,11.52190304,6.539232254,1072.356245,3,8567.918463,26.20627403,9.552969933,2,197.7004242
10808,38.15929794,30.90344238,20.65570068,9.369092941,4.45294857,4777.658058,3,31600.83675,21.38332558,9.117045403,4,220.3331451
10809,47.74809265,48.49060059,25.23669052,7.79437542,4.445890427,4432.487191,3,1593.700923,16.23776817,6.700810432,2,282.0767212
10810,76.12606812,31.0060482,16.74115944,9.572402,5.364171028,178.2952523,3,9305.179748,20.93260002,8.095046997,4,197.6125793
10811,72.56365204,26.74782562,15.52240658,7.433450222,4.843775749,230.972465,3,8744.488354,20.66932678,5.808298111,4,97.52381897
10812,159.8656006,27.8181076,17.8420105,9.551792145,5.342980385,2290.755115,3,6925.790845,24.1784153,8.813549995,4,211.954361
10813,64.32278442,33.30490494,16.68763733,9.859283447,5.540921688,171.651907,3,7362.749415,20.19509315,7.190331936,4,101.770401
10814,114.7258606,29.87714005,21.87332726,7.529214859,4.987862587,490.5624901,3,17137.44385,20.3263092,9.094572067,4,38.43588257
10815,121.2699203,48.22795105,29.12696075,8.693779945,4.466999531,5657.056047,3,4284.107048,23.62512398,7.365346432,5,38.19094849
10816,141.0467987,28.45829201,18.01861382,8.86954689,5.276864052,5655.835244,3,3810.145287,27.0389576,7.406630993,5,241.504364
10817,103.2277679,33.98329544,22.08237648,9.462532043,5.205688953,829.1203632,3,6862.643004,25.0801506,7.92095089,4,48.94518661
10818,56.2293663,21.44752693,13.81961536,6.196703434,3.278634071,3645.175214,3,32658.12561,20.01032639,5.283275604,4,225
10819,117.4315338,24.85076141,16.39034843,8.675984383,5.097052097,3497.649546,3,12591.96155,30.44296074,7.640737057,4,253.8063965
10820,114.0392761,32.7374649,18.7146244,10.44842815,5.686508179,4921.755912,3,2175.593809,26.67768669,8.765534401,4,258.6900635
10821,147.4065552,26.02264023,18.11071014,6.18755722,3.967660189,3342.300278,3,11841.45735,19.92329407,7.789239883,4,60.01164246
10822,88.50070953,45.9081459,28.34807205,7.477775574,4.618664265,5863.770451,3,30597.78772,17.77110291,6.820672035,4,43.83086014
10823,11.53592587,35.48387527,23.15683174,5.955858231,3.436167479,189.2590508,3,2648.67233,10.65839767,4.284655571,2,112.7893677
10824,22.75359535,36.94375229,21.63120651,13.26755524,6.140501976,293.8827231,3,2564.458423,17.10080528,9.031598091,2,275.8443604
10825,78.25196838,27.4683857,15.49812031,7.23225069,4.286275387,7000.093384,3,4946.378384,19.74525452,6.788998604,5,173.8476563
10826,89.10977936,29.71121597,16.06970215,7.159464836,4.118294716,7272.987532,3,5765.62417,24.16580009,5.231954575,5,129.1481323
10827,226.4237061,28.10141373,17.3595295,10.37388611,6.161780357,1435.838118,3,12010.08875,30.82953262,9.515000343,4,261.7649231
10828,104.8685989,25.56900406,14.56800461,6.706061363,4.276263714,2966.589399,3,12100.96335,20.53847122,7.315059185,4,92.20259857
10829,63.45251465,55.40197372,27.52517891,8.87580204,4.884364605,2014.354021,3,13017.39017,22.12804222,6.932945251,2,188.804306
10830,88.33434296,28.58035088,16.40415192,8.345397949,4.637821674,6060.230804,3,28806.16475,20.83149338,7.82131958,4,102.6193237
10831,89.8828125,28.01029396,17.9271698,6.479337215,3.34625411,3497.775981,3,32639.06208,17.9269886,6.617596149,4,255.5792236
10832,61.40913391,35.81195068,21.01545143,8.174102783,4.771214008,526.7987014,3,26566.44695,20.54123306,7.478823185,2,45
10833,103.0127029,35.63391495,21.74120522,8.710494995,4.78148365,7354.052087,3,5513.522833,23.94894218,6.915307045,5,42.01853943
10834,147.6940613,26.75564194,16.02859497,10.24888992,5.037708759,6139.94292,1,10247.65637,30.49133682,9.112429619,4,258.618103
10835,91.87264252,36.62682343,23.19920158,8.614219666,5.017937183,670.9849225,3,20794.59536,21.56531334,8.40309906,4,307.875
10836,117.8260117,34.78497314,23.17115021,8.978900909,5.171662807,6270.287465,3,29996.93747,22.1684761,8.106546402,4,262.519104
10837,15.25690842,40.47227478,24.72187042,5.42416048,3.304926634,5004.497177,3,31304.14979,10.59525585,5.41643858,4,284.9971924
10838,12.20198536,43.89025497,16.78807259,8.182003021,4.180683613,4924.295065,3,31409.75713,15.27665138,4.971104145,4,322.2369385
10839,99.76785278,26.55764771,15.12454796,8.396949768,5.143166065,3638.02593,3,6231.911188,20.82862663,8.733153343,2,206.0753479
10840,8.074904442,38.15270233,16.0498867,7.671639442,2.882122278,8044.805777,3,6212.906588,9.959801674,3.79001379,4,213.5604706
10841,107.7750244,27.41945648,16.92310333,10.44954205,6.445044518,2703.517798,3,12648.45257,25.391325,10.21152782,4,154.6538239
10842,76.37823486,31.49496269,17.05458069,7.077469826,3.972550154,2793.90418,3,118.1794866,17.48367882,6.46749258,4,118.8355026
10843,100.9397125,44.65071869,26.56749153,8.095553398,4.53289175,4021.397675,3,32035.93072,19.64019012,7.713345051,4,302.2655029
10844,85.13433075,27.31666183,18.13742447,6.781599998,3.93825984,3410.744105,3,6053.506719,18.65121651,5.711579323,2,274.7636414
10845,135.3910065,37.10601425,23.99712181,11.45763874,6.374263763,4206.946308,3,14303.09065,29.40710068,9.170682907,4,66.88955688
10846,52.80182648,36.53660965,17.11525917,10.51153374,5.436276913,3328.22057,3,13349.74974,21.42152786,9.794789314,4,74.09991455
10847,75.14997101,25.35812759,18.51907539,8.262170792,4.354242802,310.4758064,3,8929.987462,20.58763695,7.781748295,4,98.63845825
10848,4.659604073,39.43959427,8.905151367,5.297245502,3.343547821,4560.229766,3,31712.24422,6.2528615,2.384434223,4,264.8055725
10849,150.7050476,24.20165443,13.57694817,9.400053978,5.526989937,400.1808646,3,13364.23272,31.79772568,8.02058506,4,240.1828918
10850,173.7282867,28.73405457,16.06242371,10.54336834,5.85567379,329.8434814,3,12847.76374,30.83899879,8.980626106,4,146.4270935
10851,39.47712326,37.1069603,19.32497787,5.273602962,3.438951015,836.6811397,3,1853.964354,8.207191467,4.704242229,2,135
10852,32.52925491,39.70465851,16.0378418,9.975281715,7.556344509,7947.251558,3,6084.001611,26.2828598,5.658293724,5,87.39045715
10853,75.31693268,26.92770767,13.64274216,8.970878601,5.116118431,3110.828069,3,12972.86007,26.57623291,8.623262405,4,231.1572571
10854,126.8246002,28.38511658,19.66096306,8.968366623,5.494438171,2770.588571,1,11549.19567,28.50654221,8.593794823,4,290.2975769
10855,113.9705429,28.91872787,15.96952915,8.96724987,5.462330818,982.0294749,3,8382.693573,25.47603607,9.24009037,4,264.052002
10856,85.32505035,45.74106598,27.185606,7.043327808,4.054969788,2803.791966,3,37.83256755,17.9372406,6.697740555,4,36.77212524
10857,59.1556282,45.94368362,24.71620941,10.92739964,5.782772064,1770.011371,3,964.7711974,21.0359211,9.298977852,4,45.95484161
10858,91.59146118,24.65674973,16.31567001,6.250617981,3.570798635,327.4661142,3,24465.42434,18.45431328,5.768463135,4,51.51980209
10859,145.9702606,29.72481346,18.00419998,14.12709427,9.140060425,6001.587039,3,3355.738435,33.37863541,12.11231232,4,143.8716431
10860,174.1256714,22.93142128,15.80225754,6.922308922,4.137745857,3416.059627,3,10556.24927,25.68024826,8.893306732,4,215.9605103
10861,68.62420654,38.05972672,25.08171844,6.28000021,2.962341547,1889.61362,3,18666.64767,16.14724922,6.109071255,4,318.3273926
10862,132.133194,27.36152649,18.09573936,10.47437954,8.238714218,976.3228298,3,19262.37447,26.44414139,10.9252224,4,51.78897476
10863,52.77723312,40.24317551,19.67383575,9.819718361,5.230036736,4380.953389,3,1368.328661,21.11782074,7.446068287,2,109.9164047
10864,56.70648193,36.04844666,18.37198448,9.755718231,4.762831211,8350.763882,3,6138.721586,23.0320034,7.699285507,5,219.7623901
10865,40.69178772,32.93599701,17.4347477,10.68417072,6.063145161,2737.355593,3,12874.72477,25.97171974,7.645646572,4,152.6143951
10866,183.3440552,45.27303696,29.42197037,9.42412281,6.066902637,2915.400358,1,12532.31282,29.36768723,8.204217911,4,281.7675171
10867,103.1744614,34.12784195,16.4818573,9.260629654,4.91439867,4816.005632,3,1889.690825,21.84024239,7.888834,4,212.7748718
10868,123.6072693,30.72872734,18.78327942,10.11013317,5.642380238,1301.90139,3,21766.25841,26.10261917,8.889034271,4,259.6026611
10869,84.64253235,28.26501274,20.17921829,7.669225693,4.262735367,6642.026661,3,29177.44432,22.37943268,8.117537498,4,293.5323486
10870,71.84503937,36.7325325,27.49702644,9.210356712,5.504987717,746.0609214,3,30452.5598,22.598629,8.379285812,4,58.58303833
10871,99.23103333,28.04839897,16.11589813,9.233758926,5.920491219,8029.781036,3,5786.44222,29.69487,8.617905617,5,76.60749817
10872,90.64321136,29.23044395,20.94158745,11.41077137,7.513333797,7151.913307,1,9299.463229,32.487854,10.48497295,4,55.27446747
10873,246.7110443,28.28718567,17.45940208,10.28451443,5.756777763,1565.38579,3,6052.178259,27.71509933,10.25361919,4,94.66067505
10874,112.4461899,41.55457306,24.77025032,8.623858452,4.769772053,4763.181849,3,31240.38433,20.59605217,8.281186104,4,284.5344543
10875,92.21722412,30.85721588,17.65377045,7.198912144,4.13836813,1436.66387,3,22153.19611,17.02505493,6.240205765,4,110.6922302
10876,73.83324432,31.85595131,19.25814056,10.92541122,6.160800934,6811.781615,3,9637.860785,29.32161713,8.402532578,4,218.4616241
10877,164.0115356,21.13686371,13.75218582,9.672432899,5.285286903,5358.683894,3,10732.95474,29.14315414,8.810028076,4,196.0185242
10878,106.2052612,33.0681572,22.32052994,10.39210701,5.655743122,5605.246833,3,30508.70703,22.64149094,8.883694649,4,71.08538818
10879,98.1375885,44.68218231,28.20033073,6.928858757,3.68206811,5086.584951,3,30971.76513,20.86777878,6.614609241,4,34.47921753
10880,84.46368408,50.5959549,23.88815498,9.822997093,5.783116341,1000.82553,3,3702.691134,19.42060471,7.642695904,2,64.24952698
10881,83.38432312,31.15506935,18.82830811,7.304023266,4.391131878,319.0551657,3,3112.021494,17.83111191,7.473630428,2,74.24882507
10882,147.9816437,29.7989006,16.18163872,10.5818615,5.627582073,6255.439357,3,9889.813311,31.48931694,7.744152546,4,213.9485474
10883,143.2448883,33.79431915,23.98227692,10.39445877,5.497056961,2225.509213,1,13136.04367,30.38344765,8.738721848,4,290.1977539
10884,130.9480896,32.75880814,17.57000923,11.43830013,5.953593254,2899.150196,3,17372.93363,27.62133217,9.139879227,4,129.5596619
10885,63.87981415,34.05897903,18.42453003,9.003764153,4.668222904,579.0084357,3,14394.66528,20.19431877,7.509538651,4,178.0887146
10886,27.02241135,32.82275772,21.02194214,7.581554413,4.412944317,1657.439765,3,23019.71646,15.67472076,7.84489727,4,225
10887,116.4368668,30.89360046,22.46120262,8.732359886,4.978666306,923.0757101,3,17013.53451,23.74148178,8.132697105,4,54.98290253
10888,51.00503922,36.51542282,19.697855,4.619384289,3.177355766,359.6634271,3,2345.653881,8.040494919,5.084276199,2,224.5303955
10889,96.73679352,44.23802567,26.40864944,9.158606529,5.106818676,1465.707247,3,13031.97252,21.62517738,7.592904568,4,57.89374542
10890,17.43392563,31.9939518,15.71339417,2.701957703,1.434113979,2527.624521,3,201.347014,6.081195831,1.906789064,2,276.7098389
10891,111.8740616,36.5232811,19.82201767,10.89577675,6.012975216,5847.166989,3,2737.210529,17.6150589,8.587694168,2,163.3457031
10892,112.9970932,34.25357819,21.62827873,9.006086349,5.428575993,6008.341182,3,2771.517622,27.67246056,8.360604286,2,304.3436279
10893,203.77948,26.7009964,16.68532181,12.60587406,7.643654823,4009.118688,3,11678.9209,34.64302063,12.09660339,4,149.5173035
10894,128.5191956,28.81756783,15.8443718,9.249622345,5.408099174,5215.972723,3,4420.744038,28.03941917,7.634393215,4,276.9343262
10895,182.1535034,24.97794533,14.08894539,8.807943344,5.807031155,961.2882539,3,3676.52537,23.88779259,9.498171806,4,228.6677856
10896,171.4821472,23.34702682,15.47072697,7.95967865,5.581779003,138.9468607,3,11161.28128,24.5901947,8.086224556,4,266.4785461
10897,51.38115692,35.32260513,19.87785149,7.535158157,5.316028118,1327.213298,3,1361.150522,16.00925064,8.330245972,2,157.619873
10898,173.2882843,30.11717606,18.4673214,11.86112881,6.026866436,7884.865685,3,8762.319541,31.82635498,8.433763504,4,194.9535675
10899,99.94274902,33.12067413,22.25561714,9.832489014,5.45206213,3644.891435,3,5957.008334,25.01335335,7.918788433,4,305.3112183
10900,43.45220566,53.33554459,22.78167915,7.888032436,4.593760014,363.1306414,3,3068.103031,12.40410709,5.969240665,4,276.34021
10901,91.5057373,26.35131073,17.55582809,7.842389107,4.594183445,1941.833126,3,18071.38217,22.47986794,8.078071594,4,252.3241882
10902,22.26511955,73.00345612,13.88202477,6.649242878,3.898479939,5151.6964,3,31060.15102,16.44740868,6.203944206,4,38.82982635
10903,94.03673553,27.86429787,18.3768692,7.224721909,4.721606255,2354.77393,3,33385.30418,19.8166008,8.151502609,4,128.6598053
10904,137.4101563,23.01353073,16.87759781,12.06483841,7.008369923,99.61568213,3,14649.12495,32.98288727,11.82194233,5,189.5337524
10905,24.74952126,44.70812225,21.53254318,7.108795643,4.736917973,1162.034973,3,1528.621458,12.15850449,6.257110119,2,255.6506653
10906,235.5044556,23.27986336,14.67044258,8.558272362,5.237965584,1416.498206,3,16586.72571,27.82738686,7.589331627,4,211.2321167
10907,117.78582,28.44478226,15.98616505,8.793017387,4.778558254,2862.136178,3,17404.12906,26.06622314,7.396663666,4,75.13591003
10908,58.99460983,31.37585258,15.15642166,11.16071224,6.458898067,2875.601552,3,16807.75907,24.85601807,12.08420849,4,218.5104523
10909,87.14963531,31.0267601,19.80786514,9.039221764,5.879145145,5340.30666,3,2546.740269,28.23625374,8.834949493,4,239.9697876
10910,85.74251556,36.08332443,23.2535553,9.204771042,6.029937267,466.906581,3,2214.08658,22.53718758,8.121016502,4,68.83306122
10911,156.3596191,16.78860855,10.26803684,5.464332581,3.083957195,1646.275573,3,4666.752085,22.78632545,5.402571678,4,258.144928
10912,21.00340462,71.18682098,12.68788624,11.02611351,4.869555473,1709.37305,3,22867.01206,17.18400764,6.212070465,4,174.1420898
10913,99.69516754,36.12718201,26.42526436,9.239027023,5.619402885,1151.071347,3,31426.49681,26.2450428,10.14722633,4,43.51213074
10914,78.46216583,25.55347824,20.76122284,6.738017082,4.298510551,992.3572071,3,30970.07718,21.79673386,7.356378078,4,278.7579346
10915,53.7526741,35.21271133,15.81809616,4.416586399,2.418376684,467.5489033,3,19906.03819,10.05764103,4.431908607,4,128.3534241
10916,87.39920044,40.25680923,24.88956642,8.143942833,4.769741535,1210.659293,3,18950.69052,17.75777435,7.32764864,4,57.52880859
10917,68.09494019,32.00513077,17.9122467,6.660998821,4.10960722,3327.171389,3,484.681659,16.34920692,7.43259573,2,221.9197388
10918,91.15496826,26.95921326,15.94037056,8.828463554,4.899498463,3375.908801,3,13814.09222,23.96247673,7.660479069,4,122.9645538
10919,171.3061371,28.40554237,15.4979887,7.96832943,4.31197834,5057.36058,3,4326.434066,25.95350838,7.257321835,4,238.0504456
10920,93.34057617,34.72734451,23.60860252,10.17263222,5.619567394,1995.077548,3,22218.67823,24.18855286,9.11337471,4,64.05770874
10921,99.0171051,32.64661789,18.84689713,7.209377766,4.335610867,1754.740728,3,4471.65452,15.09207249,6.00084734,2,132.2675171
10922,174.5445404,36.89062119,26.20510101,10.59608269,6.572847843,3900.039508,1,11505.49786,31.2515049,9.530506134,4,318.1363525
10923,141.9593201,26.94336891,15.74355507,9.248875618,5.280864239,1403.418123,3,10401.64094,25.22043037,8.257041931,4,116.0457687
10924,32.45952606,33.79528046,14.62937355,6.581686497,4.478703976,679.4077238,3,9820.408343,15.33890247,6.074197292,4,56.06074524
10925,110.4911118,49.77048874,27.81491852,10.32261848,5.916049957,1868.01002,3,7509.68897,24.11243439,8.719705582,4,286.3348694
10926,104.2192917,29.67341995,17.12028313,10.14259148,5.597902298,4380.532775,3,5615.883258,25.7651062,7.849150658,4,109.6120911
10927,96.22168732,31.61907959,20.53428268,9.912074089,5.460656166,1007.532124,3,8387.920614,24.73303795,8.54002285,2,308.0281372
10928,105.674408,25.9791832,17.39507294,8.859388351,4.399415493,2371.730223,3,17181.47077,24.68538857,7.576116562,4,166.3570862
10929,149.9924164,25.41166115,17.01861,9.572809219,5.969788074,30.1973429,3,15550.59724,26.60929871,11.29927731,5,183.3018646
10930,35.59612274,23.59757805,15.47750473,7.695044041,4.685514927,273.9247045,3,15254.66847,17.52503395,5.409042835,5,197.7446747
10931,116.9062958,28.45783806,15.84446812,11.17320156,6.399978161,2298.380831,3,12492.0168,30.07328033,10.39843845,4,280.9260559
10932,119.8201599,27.46455193,18.17117119,9.068563461,5.244116306,3224.751058,3,6504.13258,30.72018814,7.920220852,4,289.7176514
10933,128.1880951,30.60953331,18.99354362,10.48555851,6.048471928,4850.414898,3,5147.559697,28.3351326,9.22147274,4,253.686142
10934,104.5177765,31.24905586,18.08980179,7.306996346,4.270087719,2130.681046,3,535.6681823,18.89579201,7.126275063,4,76.47683716
10935,117.1161957,21.5466404,13.42965698,9.043509483,4.907607555,1050.669881,3,1705.254754,26.78889847,9.585555077,4,159.3624573
10936,127.0187073,37.42104721,22.39028549,6.565216064,3.896773338,2014.377831,3,594.0958606,16.0601902,7.269767761,4,48.52145386
10937,59.04457855,25.89320755,16.82657814,7.810976982,5.373226166,255.270704,3,7162.158889,16.57404137,5.658459187,4,90.79016113
10938,127.5075607,32.8643074,26.60735703,7.305400848,4.52119112,2093.562182,3,9283.834558,24.13624382,6.875518322,4,39.45013428
10939,25.77820969,26.72840691,19.07994461,5.400146484,2.640589237,110.2804082,3,2793.709304,11.44079304,4.376429081,2,209.0545959
10940,106.3193512,42.56510925,29.266119,10.14432049,5.683921814,5702.770198,1,2862.588331,28.16672897,8.203233719,4,22.38013458
10941,139.8189545,32.72339249,21.97218704,13.85060501,8.880606651,6115.677812,3,3325.904937,33.66696548,14.4950552,4,270.2157898
10942,71.79213715,48.39393234,26.51633644,7.116624832,4.240579605,719.3336314,3,1850.95292,15.78543663,6.055180073,4,292.588562
10943,8.587867737,37.12262726,25.06586838,6.16377306,3.586588144,128.1477149,3,7516.556889,10.12499046,4.099748611,4,253.6104584
10944,128.2388,25.63056755,14.6771307,7.342009544,4.319357872,3606.190755,3,10635.83414,24.95195007,7.45952034,4,239.3852844
10945,93.77376556,47.97428513,27.94242668,7.726482391,4.351185322,2671.716047,3,12159.8925,19.18026733,6.559651852,4,64.44003296
10946,101.1816483,27.91262627,17.01486588,7.277167797,4.047391891,1688.550994,3,13003.8305,21.45403671,6.588244438,4,109.8270416
10947,102.2860413,30.92929268,18.3107357,9.998887062,4.42089653,176.5016746,3,19788.29035,24.81828117,9.145697594,4,63.72434616
10948,24.43771172,33.86276627,19.52444839,15.58173466,7.148656368,19.26358307,3,20156.40382,22.04733276,10.1808672,4,256.9306641
10949,71.37394714,31.2892704,16.78005791,7.176460266,4.293448925,3492.097621,3,32366.30437,15.89019489,6.958515167,4,153.768219
10950,67.48445892,28.98052025,19.41115379,5.909351349,3.634786844,3355.250872,3,32480.65719,14.91252041,5.179069519,4,274.3987122
10951,97.45587158,26.40899277,18.28637695,7.725739002,4.866269112,241.7931625,3,24232.37078,21.485569,7.384729385,4,57.90740967
10952,68.12580109,28.45510292,19.75664139,10.26916313,6.184522629,268.7028843,3,23675.14495,26.0949688,10.47084618,4,225.5330505
10953,178.1648254,28.47758675,18.80723763,10.14657784,5.855993748,1507.594412,3,10263.2545,26.9543457,9.571921349,4,224.3414612
10954,71.47116852,29.77696419,17.81733894,8.124344826,5.562558651,316.8530956,3,3194.524099,20.48890495,8.305987358,2,78.69006348
10955,116.0107117,36.79203796,18.452528,10.52342796,6.465197086,400.0470371,3,14691.75856,21.24139023,10.22524357,4,112.1663437
10956,46.05382919,35.73402405,17.09841537,9.248209,5.880346775,2847.802359,3,16656.51281,19.05273438,11.17892742,4,147.9946136
10957,21.58090019,27.95126724,14.00581932,6.677283287,3.12227869,3082.659728,3,13307.46021,15.06183434,6.024837494,4,108.4349518
10958,86.97698975,34.56943512,17.76897812,7.83317852,4.488263607,502.6073288,3,23200.7654,16.74956703,7.313734531,4,97.43141174
10959,60.49385071,41.48453522,26.41952705,14.98190212,7.871942997,442.3137343,1,16367.13896,31.21886444,11.47231007,5,28.38613129
10960,95.25370789,40.40120697,24.2403965,7.069983482,4.513159275,2093.603766,3,4850.35472,14.98081493,5.982812405,2,60.94539642
10961,78.28313446,43.72776031,22.99850273,8.018170357,4.677238941,3175.048784,3,263.7440706,16.34692764,7.124522209,2,270
10962,111.827301,27.05028152,17.3275013,7.874208927,4.923758507,8114.871111,3,5315.199455,24.15105247,6.788985729,5,137.4976501
10963,183.2230682,32.94318771,17.05668259,8.983476639,5.024517059,2680.40092,3,17481.16291,22.36717796,8.408252716,4,88.07702637
10964,66.29439545,30.22093964,19.04119873,9.004190445,5.327682972,2674.163895,3,13449.3932,23.24215889,9.460852623,4,71.44416809
10965,63.67728424,29.55094147,17.30287361,9.361812592,5.639550686,2645.218096,3,13107.48551,23.23216438,10.41423702,4,225
10966,178.1044464,26.60161018,17.1860466,8.788909912,5.567947865,1412.392524,3,6056.113082,26.14346886,10.59750175,4,63.81916046
10967,74.59631348,43.01095963,26.43345642,9.335906029,5.900762558,494.9877152,3,14162.57142,23.66285133,8.80764389,4,35.6795845
10968,122.751297,31.05471039,20.39222336,8.943322182,5.578661919,762.9775747,3,14859.77052,21.59499741,9.32876873,4,276.7277222
10969,110.0306015,42.51817322,27.62370682,8.009550095,4.098095417,2159.288538,3,22416.59709,20.65954208,6.325195313,4,326.8886719
10970,35.45150757,54.93594742,23.72247124,9.343673706,4.155051708,1964.164285,3,22879.65199,15.63226032,6.433946133,4,27.64597702
10971,91.4950943,30.1899128,19.291502,12.96145916,7.816096783,961.1114063,3,31826.85139,28.05578613,11.08173466,4,90.66619873
10972,38.64913177,27.74022484,14.21277142,5.002218723,3.106592417,331.9880034,3,20023.79281,10.30332756,5.025127888,4,147.5288086
10973,179.811615,25.9567585,19.79102707,8.537195206,5.102035999,1815.757663,3,16432.79239,26.9613533,9.417650223,4,267.3804016
10974,79.19140625,34.10636902,18.56679153,7.389887333,4.312865734,3555.879273,3,942.9417067,18.14082718,6.688135624,4,229.3987122
10975,29.20802689,37.30015564,21.50617027,7.458928585,3.718972445,1361.729334,3,1234.209076,14.99589634,5.097167492,4,78.92488098
10976,115.4538956,38.80075836,27.3880024,8.013419151,4.154248714,5530.890143,3,30457.05847,21.45967865,7.762442589,4,308.3187256
10977,145.0884705,42.06620789,28.87221718,11.04566097,6.086086273,5886.584951,1,3544.633506,28.94298553,7.94623661,5,296.3514404
10978,73.46131134,24.68357849,17.67013168,8.348445892,5.10419035,5448.649682,3,3040.608672,26.90291023,7.852003574,5,207.1578064
10979,139.4951324,31.60659218,17.91818047,10.02981567,5.331697464,9436.68872,3,6737.40765,28.48468971,8.489397049,4,150.9454041
10980,141.2434845,37.0602417,22.09174156,9.024105072,4.905807495,563.1803028,3,9916.574179,23.66515541,8.683491707,4,55.911129
10981,130.0158539,25.60278702,16.93214607,10.44862843,6.885669708,4662.703441,3,1706.768674,30.18097687,10.1844635,4,276.2496948
10982,100.2916183,30.11076546,16.71372604,8.701749802,5.380682468,4278.884229,3,1640.229601,22.13285637,7.77163887,4,95.19442749
10983,92.84320068,26.03700066,15.97463894,8.274245262,5.438075542,382.2647413,3,7641.500826,21.55905342,8.978470802,4,256.8659668
10984,148.0554962,30.02940178,17.69290543,8.653657913,4.792216301,1760.694595,3,12374.39814,21.17894554,7.612878799,4,172.8749847
10985,87.40454102,30.80731583,17.42414474,8.377552986,5.274454594,6180.866311,3,28233.69023,18.16586304,7.505787373,4,141.8427734
10986,108.961113,23.27594185,14.68947315,6.823841095,3.96975565,2160.218582,3,29910.48088,19.93745041,7.627346992,4,146.3099365
10987,121.9401169,22.36053467,18.22315025,5.94593811,3.531164885,6957.030904,3,4431.246417,22.47240639,6.173231602,5,64.48612976
10988,187.4025421,29.95538139,19.15025711,12.47576332,7.34669733,2799.500174,3,15227.96223,30.6936779,10.50842381,4,86.36439514
10989,252.457428,36.86698914,23.15366745,9.797121048,5.607483387,1046.416891,3,6270.064276,26.96613693,9.111178398,4,48.99091339
10990,161.3087006,49.0115509,27.47120667,9.895091057,5.453474045,2920.350889,3,23774.48131,22.37557983,7.980383873,4,283.8277588
10991,92.83839417,21.52189064,15.18985367,7.258247852,4.175600529,1945.519529,3,32978.63392,22.83446693,7.044156551,4,215.9091644
10992,33.21252441,39.24507904,20.15122795,8.750799179,4.883941174,1468.895429,3,1234.489521,16.76682281,6.191269398,2,246.6308899
10993,111.8711319,32.29816818,16.16031075,8.013232231,4.547774315,4253.047577,3,6016.046896,22.05217171,6.219849586,4,203.3921204
10994,74.32920837,28.16525269,14.35377884,8.015226364,4.813522339,784.512667,3,6620.549891,18.07021141,6.4569664,4,69.99832153
10995,114.8433533,24.0451622,14.06567097,6.07562542,3.510013342,3706.796353,3,10555.56944,20.38799667,7.266551495,4,217.8749847
10996,165.730957,23.90095711,16.61749458,7.514708996,4.623389721,2170.988385,3,15695.01454,24.46374893,8.073717117,4,76.09815979
10997,11.31483555,51.05804443,25.97344971,5.831291199,3.036366463,2117.773294,3,23028.62327,12.00863647,4.124755383,4,340.5841675
10998,70.28668213,28.25721169,15.8878603,7.876895905,3.965038538,5901.782449,3,27916.35081,18.56250763,6.631011963,4,178.298645
10999,69.93035889,29.45226097,17.64525986,8.056851387,4.271142006,1063.12259,3,25165.43137,20.68929672,7.02768755,4,194.9384918
11000,49.65944672,53.96910095,25.10567665,8.108711243,5.702363968,531.2057444,3,19093.84427,14.07195377,9.226781845,4,315.798645
11001,50.69181061,38.5096817,18.29094887,9.282392502,4.795084,620.5346813,3,3508.150091,17.7279644,6.804301739,2,176.2107239
11002,123.0694656,25.86570549,14.85547352,8.556190491,4.76181221,1464.44907,3,10670.46997,26.20293999,8.085659981,4,68.16902924
11003,88.97171021,31.5875473,16.50487137,8.099365234,4.937848091,1676.092913,3,32675.08244,18.64681053,8.473305702,4,182.5931396
11004,85.69688416,30.40270805,17.72060013,6.942186356,4.00633955,1330.641718,3,25422.89607,18.85153389,5.559233189,4,91.84761047
11005,95.09953308,53.87670135,25.89132118,8.637535095,5.371304035,814.1699038,3,19517.87004,16.94231033,7.188191891,4,325.2348022
11006,124.6562576,40.07611847,29.56387711,11.69078732,8.316908836,696.5536705,1,15883.43101,30.75502014,11.65259266,5,30.80348969
11007,170.8639984,40.54590607,29.35785294,8.991012573,5.418382168,1106.028157,1,15814.81929,28.81834221,8.774926186,4,37.20792007
11008,43.91352081,40.71323013,16.83284569,12.54334068,6.589774132,8764.663344,1,5963.015089,25.52033615,7.633080006,5,252.7839203
11009,84.9196167,33.79439163,18.08418465,11.93002415,6.067824841,9132.450311,1,6177.782284,28.66958809,9.229341507,4,199.8552246
11010,75.56027985,36.90077972,19.2143631,13.40049553,7.570306301,6780.118029,3,9343.752149,32.8393364,12.15008259,4,76.69506836
11011,17.17772484,40.18529892,22.82669258,6.496453762,3.520787716,54.85065061,3,15216.98327,9.629382133,5.607715607,4,252.8098297
11012,152.861145,24.54901695,15.10980415,9.020417213,5.197131634,3005.531088,3,14820.71896,26.31977844,7.529633999,4,217.0565186
11013,119.7152176,47.51232529,21.48556137,12.80020332,6.797726154,3264.056078,3,13994.31742,27.22301292,10.17469406,4,57.14656067
11014,64.41151428,32.67200851,19.50168037,9.519783974,5.551535606,103.7482438,3,2831.35763,19.76943016,9.848704338,4,240.6997223
11015,86.67583466,27.32107544,17.5579319,7.232405663,4.15975666,2239.362929,3,17016.53536,22.21533585,6.079363823,4,59.6763916
11016,128.6388702,28.11577988,20.7032547,7.205893993,4.528759956,2513.939742,3,24792.72136,22.08773041,7.930745602,4,282.8287964
11017,100.9401474,31.51599884,17.02749825,8.545231819,4.783864975,1487.689668,3,27158.05469,21.76765633,7.34833622,2,152.9125061
11018,91.07553101,32.12213516,17.2317028,8.72634697,4.782976151,1532.839314,3,26013.6296,19.8699398,6.702948093,2,168.1715393
11019,1.723037481,65.48901367,18.58440399,1.948263288,0.637616634,152.3025903,3,19379.28295,2.572071552,1.091418743,4,65.55604553
11020,35.80425262,59.17336655,22.7188549,8.020401955,5.852547169,189.7341553,3,19726.11005,11.16596317,8.145629883,4,315
11021,158.7080383,28.6673069,18.32705498,10.21925449,5.866915226,1459.601196,3,13666.58022,27.90568352,9.413029671,4,149.7259369
11022,147.0597534,33.55549622,18.37598228,10.20510292,5.254999638,857.7230228,3,14253.52158,22.51112175,8.239463806,4,149.1503754
11023,131.6592865,41.82910156,24.30146027,8.936068535,4.930371284,3167.181314,3,23547.92035,23.11902046,7.466229439,4,274.1446228
11024,126.2280884,25.24383545,20.60761261,9.103978157,5.709904194,1851.331715,1,17048.25722,27.68117523,8.975979805,4,54.5013504
11025,193.3071594,24.4015274,13.64697742,8.080374718,4.947850227,1479.29577,3,16550.12723,27.46984863,7.444821835,4,246.9217834
11026,109.5138245,40.65472412,27.54076195,9.45859623,5.702257633,5726.343238,3,2825.350521,28.39846992,8.045688629,4,41.39477539
11027,39.10987473,37.46333313,19.6020813,10.13506508,5.410096645,29.14894061,3,19935.4135,20.58589935,12.75368977,4,114.4439545
11028,76.77319336,28.5805912,19.06934738,7.661286354,4.597187519,3835.276844,3,24848.42233,20.22389984,7.772259712,4,97.11502075
11029,170.0074005,30.12622833,17.68314552,12.85810661,7.948486805,66.86300228,3,13433.5026,34.89382172,12.27731228,4,191.4032593
11030,74.83231354,32.64035797,19.68509483,7.470603466,4.872466564,945.1078692,3,3859.811015,17.6055603,6.03698349,2,65.1706543
11031,65.31490326,45.14775848,25.33835411,8.003846169,4.598795891,1692.939381,3,4572.207895,15.62366486,6.851615906,2,66.25050354
11032,26.6127758,37.29269028,20.83708191,9.819095612,5.433784485,1441.507512,3,1328.107174,15.34651852,7.528856754,2,149.5742188
11033,112.6148453,31.82423973,20.39477348,11.22787857,6.614487648,7264.280627,3,8966.220536,29.28371239,9.350248337,4,176.3861084
11034,150.3032684,33.407341,23.72678566,9.039861679,5.498009682,5282.063541,3,2578.495184,25.24880219,8.017214775,4,270.7854309
11035,107.9947586,32.47102356,18.98423576,10.17443466,5.42102623,4711.581066,3,1870.730362,27.56617737,9.435931206,4,263.8626709
11036,233.2449646,20.89265251,13.76797295,8.708908081,5.460184574,1220.060624,3,4421.068025,27.62659454,7.615913391,4,200.8200836
11037,119.4713898,35.9846344,24.0595417,7.82883215,4.445435524,2904.726013,3,22889.62408,19.51734161,8.122855186,4,292.6937866
11038,106.9973145,45.25172043,29.9026947,8.256664276,4.528367043,2937.835753,3,23183.47543,21.9249382,7.854569435,4,36.38435364
11039,104.9928207,25.22907639,17.85985374,8.164427757,4.840925217,1333.316984,3,18162.17656,20.07098961,7.423324585,4,249.4439545
11040,67.90628052,28.7840519,17.04137802,12.46876526,6.962469101,220.9893173,3,14158.1349,28.10818481,13.65370274,5,185.0636139
11041,50.81071854,33.09259415,19.90425682,10.30615044,5.834645748,173.7664504,3,3042.099374,18.91543961,8.171429634,2,53.91492844
11042,40.00986099,30.02768707,17.08590508,4.656227589,2.955789089,355.8482715,3,2443.269048,9.683954239,5.966638565,2,204.1455383
11043,156.1912842,27.42498207,15.03734684,9.7519207,7.445878029,763.641141,3,3690.61981,24.28063583,10.1942358,4,247.6198578
11044,153.9564667,27.1358757,16.88583565,9.810639381,5.236579895,784.7187436,3,18600.50021,27.77823067,8.172152519,4,172.0726929
11045,96.32823181,27.61494446,19.02705002,11.85398006,7.526406288,36.23133237,3,19452.44991,31.6752224,11.12268639,4,125.1758881
11046,79.55666351,38.05953598,27.76933289,11.11449909,7.631891251,549.9242833,1,15002.02035,25.55864906,8.974155426,5,27.80146027
11047,120.3422241,31.43722534,16.47271919,14.15946484,7.230923653,142.3695324,3,12730.53172,33.4810791,11.0418663,4,234.8137817
11048,27.57341003,45.77667236,18.24346733,12.21883297,5.435165882,4485.084036,3,7120.014586,17.90129662,8.724042892,2,131.3105927
11049,57.34493256,31.95849037,20.96613503,6.268778801,3.586612463,4140.752216,3,6815.331215,15.49520588,6.460737228,2,257.9052429
11050,50.89217758,28.41889763,18.20998764,6.521635532,2.668806791,3115.17077,3,15483.77291,19.55912399,5.064926624,4,245.1472473
11051,139.0070648,26.4968605,20.23650742,8.881046295,5.652274609,488.4711304,1,19504.64086,29.54812241,8.754595757,4,311.2786865
11052,101.6322479,32.71649551,23.41419983,7.707803249,4.68987751,4716.736461,3,25174.46073,20.13018799,9.367901802,4,60.4221611
11053,27.33079529,25.56053162,16.62802696,5.150808334,2.834950447,237.5512687,3,20307.51017,10.04835415,4.688948154,4,159.8202209
11054,55.82412338,31.59948921,16.10783577,11.05075455,5.72587204,673.011121,3,16881.31132,20.11889458,7.391861916,4,48.22452164
11055,65.78688049,34.45388031,17.5450592,9.965715408,6.038832664,8478.655192,1,5673.205273,25.99777412,7.922840595,5,91.12330627
11056,163.7715454,24.88916969,14.31301308,8.344445229,6.425272465,745.7754248,3,3764.302003,25.28333664,8.072875023,4,257.6609192
11057,107.7558899,30.591959,18.05405998,9.378847122,5.656927586,370.4690745,3,13751.07674,22.81876755,9.293311119,5,110.9426498
11058,120.5785446,32.40683365,17.65649223,11.92767143,6.604297161,327.8323685,3,18922.65049,30.17609024,9.868245125,4,148.6269989
11059,103.4605408,45.73492813,28.12897491,8.353515625,4.766364574,2791.994924,3,22517.87228,21.92713165,8.176869392,4,63.74221802
11060,170.1915131,33.31070328,25.15676498,9.12345314,5.130294323,1582.057286,1,15784.6781,29.13935852,8.757050514,4,49.23639297
11061,107.7521057,42.32696533,29.1219902,9.917517662,6.031315804,723.3968814,1,14744.23469,26.03658104,10.5959816,5,25.97439575
11062,83.5872879,33.0988121,17.66682816,9.383798599,5.295927525,432.2056241,3,15640.28203,20.54878235,8.877101898,4,214.633667
11063,158.2619324,28.77311897,18.026371,8.656970978,4.813883305,1837.62207,3,7885.219426,25.13460541,7.901420593,4,236.7187958
11064,100.4574127,44.01568985,28.96193314,9.631612778,5.187943935,2840.55814,3,6914.999678,29.10506821,7.831535816,4,41.87786865
11065,125.8930511,30.13864899,17.97378159,10.33767223,5.767823219,3988.01022,3,6281.878126,25.85735512,8.535627365,4,104.6138
11066,82.62690735,29.16002464,15.00983047,7.030843735,3.712991238,5552.157075,3,27567.76459,20.17865753,6.521965981,4,110.5560455
11067,80.03778839,34.25706482,18.05382538,8.513690948,4.612697601,409.9920787,3,21390.02024,18.56455994,7.922577381,4,135
11068,57.13772964,63.8710022,21.11935616,8.674537659,6.251374722,291.4701551,3,20496.36827,11.57622814,8.29114151,4,288.4349365
11069,127.1091232,34.2710495,22.21327782,7.706203461,4.720178127,2201.684034,3,20673.12104,19.76172066,6.97614193,4,290.3665161
11070,19.23871994,37.2195015,19.33178902,6.686805725,4.279810429,1643.358266,3,1164.598002,9.245282173,4.879687309,2,289.9830933
11071,47.41749573,34.00308228,16.57758522,9.387509346,7.795001507,2352.435085,3,17025.88618,18.39507103,13.47760773,4,254.6924438
11072,196.3079224,30.42794037,18.2229557,11.39968681,6.022012234,2378.613335,3,15640.71257,28.8392086,9.334287643,4,216.3628693
11073,143.8624878,26.70090866,15.68983459,9.356044769,5.531143665,1330.763372,3,11608.91299,29.96796799,10.43632126,4,121.7151337
11074,138.0401001,24.00975227,15.55982018,10.0710125,5.601157188,1320.002768,3,11042.2007,28.70204735,8.445559502,4,169.2175751
11075,146.1708679,33.63044739,20.69295311,8.461209297,5.572882175,1791.853436,3,12001.00925,20.8868885,8.003510475,4,55.42909241
11076,97.51265717,28.9407711,18.67863655,9.668197632,5.649605751,1069.768865,3,17873.87913,24.97045708,9.175466537,4,238.8421478
11077,167.1975861,40.13500977,27.67077637,10.20797729,6.377801418,931.4406264,1,14194.09014,27.43175125,9.413949013,5,36.99526978
11078,65.21582794,31.10923576,15.21592617,6.761021137,3.405390739,2598.238587,3,9597.650353,18.97044945,5.632052422,2,227.0612488
11079,127.394783,26.79379654,21.34904099,8.540829659,5.166588306,1119.427331,3,19957.54507,29.43071175,7.604595184,4,56.57518768
11080,75.2033844,31.29762077,22.08946228,7.233458996,4.120907784,4876.738593,3,25717.10786,18.55241585,7.868333817,4,282.6525574
11081,122.2724762,31.48025513,17.52851677,7.462948799,4.472037792,6300.526997,3,3346.950243,22.66261482,6.305848598,5,252.6810608
11082,174.7153015,26.53067589,16.04655647,8.57820034,4.639149666,2365.796226,3,17559.24757,24.10654259,8.859657288,4,105.6661224
11083,89.26602936,32.17918396,16.86667633,10.66390514,6.92532444,2631.519227,1,16635.53442,28.29462433,12.08211327,4,297.8536377
11084,104.9070816,30.75684357,19.13267899,10.11880589,5.302310467,2810.077664,3,13959.62973,25.86868858,9.187403679,4,161.8130798
11085,54.90351868,26.66909409,17.25432205,8.904397011,5.961407661,1905.412555,3,5477.484137,25.81534195,8.946910858,4,97.55960083
11086,96.92066193,48.5169754,29.72906876,9.310505867,4.918044567,6505.084476,3,29728.82733,25.72730064,7.890820026,4,34.25337601
11087,26.57188988,26.50820923,16.60992241,9.683915138,4.438180447,159.3636572,3,20860.63855,17.48224831,8.894669533,4,154.7545166
11088,127.5040436,34.8441391,18.47331429,7.902570248,5.163825512,3731.182854,3,6465.387029,17.55240059,9.256433487,2,188.6156464
11089,165.714859,26.69026756,22.77024078,7.80699873,5.102475166,6709.198225,3,1757.950356,25.30342484,9.971205711,5,57.15494156
11090,21.71478271,29.53821564,16.57197189,5.377420902,2.680653811,549.572142,3,9149.566092,12.57147884,3.890289783,4,94.68589783
11091,114.9556732,46.90776443,28.41702652,9.913831711,5.424805164,1257.649223,3,21467.55201,24.52436829,7.539928436,4,33.46537781
11092,88.15167999,27.55403137,16.53945923,6.726837158,3.665665388,5262.98146,3,26763.97367,18.00458336,6.392232418,4,137.7482605
11093,62.89300919,23.96702957,16.4481144,5.903760433,3.710047483,4129.808544,3,31727.00182,15.29654503,4.776833534,4,202.557251
11094,170.4366608,28.48531914,23.89946365,7.57057476,4.702764511,6929.995529,3,2157.728698,23.89512825,7.369404316,5,285.3786011
11095,112.4759445,23.51098442,16.97971916,5.866084576,3.701463461,7329.109615,3,4129.995936,22.94850159,5.875309944,5,83.50065613
11096,105.9378967,49.45319366,26.36559105,8.536568642,4.4848032,2703.545263,3,9482.671051,19.45341492,6.358160019,2,318.2396851
11097,133.2238922,26.78987503,19.15744972,14.51156712,8.064699173,56.11297402,3,12672.77228,35.44546127,11.93646622,4,175.266571
11098,37.97798538,51.12032318,17.31729126,13.92737103,7.212166786,9058.039491,1,5793.81154,23.89136887,9.562944412,5,55.75096512
11099,146.8164368,31.85812569,17.76656532,11.26375294,6.270069599,2287.989865,3,16495.34822,33.20277786,9.785417557,4,266.7146912
11100,175.0565948,30.48599815,20.29247093,11.26481152,6.471561909,1830.914919,3,16009.76267,30.61445618,10.05099297,4,73.9907074
11101,138.5198212,27.73931885,18.38074684,11.10793591,6.398321629,3678.152153,3,6742.60829,31.41166687,8.812745094,4,225.1836395
11102,71.27485657,30.432724,18.94062042,11.31507015,6.888168812,129.4897954,3,7094.820533,27.43994713,9.62471962,4,90.72522736
11103,77.86588287,44.69582367,27.20011902,6.893269062,3.662499428,3565.309438,3,10251.28628,15.25697231,6.541070461,4,318.471405
11104,147.591629,28.84060669,17.5336132,10.72322655,6.901303768,1786.119271,3,16372.07978,28.26575089,9.477648735,4,222.7970428
11105,101.1416855,30.2116127,20.54021454,9.457132339,5.923265934,1386.848681,3,20715.03907,24.72751045,8.534209251,4,256.6074829
11106,123.9411392,25.30400085,16.53216362,8.451968193,5.236868858,2299.052826,3,28732.33321,22.28076935,7.211163998,4,179.3562622
11107,114.3155289,29.63499832,16.72807693,8.876150131,4.888587952,2129.711023,3,28244.35546,21.14175034,8.090090752,4,157.0012054
11108,82.73838806,30.04861641,17.011343,12.945858,8.161906242,194.426062,3,12132.62516,28.80166626,14.33847141,4,117.2899628
11109,52.93679047,35.84408951,18.54236221,7.611842632,4.155945778,3518.29311,3,8415.535031,17.15285492,7.521761417,4,172.8749847
11110,64.42855835,36.42192078,20.27686501,9.833055496,5.83607626,4740.589687,3,1714.190432,24.23255157,8.688103676,2,231.3401947
11111,139.9296875,38.37479782,25.20265579,9.224962234,5.362700462,8202.987549,1,4729.353485,26.38451576,8.603803635,5,46.50088501
11112,159.0681763,39.10615158,17.79911232,14.90938854,7.707805634,6151.423127,3,4021.292034,31.59266663,13.09252453,4,187.6733398
11113,64.6987381,30.97715187,16.94880295,7.846830368,4.859208107,1924.855199,3,640.016114,17.77993202,6.730963707,4,98.47114563
11114,34.9471817,53.65818024,25.60225296,6.578670025,3.315471649,1181.519303,3,1385.613458,12.53687382,5.079354763,4,307.3181152
11115,57.9158287,32.68181229,16.83455467,7.133603096,4.02427578,2895.933457,3,10977.21486,14.05998993,7.287405968,4,119.9762268
11116,23.47553253,58.59893036,23.90703583,8.812653542,4.998085022,68.03571188,3,20734.17174,12.51595306,7.335945606,4,297.7457275
11117,89.93193054,32.21914291,21.34667015,13.53337955,7.601668835,12.34683319,3,12375.23108,29.15667152,16.92451668,4,176.7845154
11118,37.91070938,46.08856201,19.2155838,17.59428978,9.470999718,86.42005079,3,11912.52665,27.17738342,12.5121994,4,256.9306641
11119,66.60251617,32.49355316,19.72805977,8.981531143,5.103259563,3320.695641,3,142.0537823,22.29986,7.560040474,2,109.3231812
11120,30.09948349,32.41158676,17.57489204,7.757759571,4.634074688,433.0507784,3,14720.48277,14.10393715,8.504042625,4,109.5952377
11121,102.4514771,37.27560425,26.13017464,13.00642586,7.18484354,449.1606951,2,14740.07871,32.20072937,11.86643696,4,305.909729
11122,113.5882187,36.92240143,18.95363617,10.72180176,6.090461254,152.087847,3,9928.257411,23.28578186,9.809250832,4,75.3791275
11123,137.3562622,33.3914566,17.67647171,9.55305481,4.936478615,351.0418291,3,10457.43139,23.88786316,7.784569263,4,186.0814056
11124,56.11444855,47.92773438,26.51566315,7.061440468,3.750363588,1422.01819,3,1197.785607,14.57972145,5.831841469,4,310.7636108
11125,112.2631378,25.41238976,15.64665699,6.51109457,3.589675665,6290.918683,3,29466.17453,21.0669117,6.121398926,4,248.1985931
11126,84.15280914,30.17427254,16.1509037,7.799566746,4.438106537,3240.119246,3,8903.642057,15.92189789,6.191187382,4,60.64224625
11127,19.97258186,43.58794785,18.39088058,6.711430073,3.863170385,794.1538587,3,2009.360597,9.961620331,4.823538303,2,256.6196899
11128,139.9217072,28.52088547,17.97927094,10.56462097,6.238591194,5908.799273,3,10022.58777,29.40581512,8.725885391,4,170.7701111
11129,40.90271759,26.80212784,17.80097961,11.90891457,7.117006779,5550.314754,3,10217.03682,33.10010147,11.68100452,4,169.9066162
11130,168.0648193,22.90834236,15.8880949,10.52835178,6.406591415,5169.480598,3,10607.08148,29.33977318,9.086788177,4,175.5072021
11131,91.59772491,31.19709015,18.40984344,10.14365101,5.970449924,905.9506817,3,10935.18793,27.50473404,8.497858047,4,221.9872131
11132,231.909317,25.30949974,15.59554291,7.721476555,4.482765675,1180.072638,3,4497.681971,26.2794857,6.825984001,4,258.9891663
11133,67.24570465,30.39665985,19.41505623,8.934811592,5.688239574,16.92747398,3,21890.79396,19.77867699,9.405818939,4,133.0250702
11134,96.35398865,29.53877449,17.93115807,7.939641953,4.593046188,2198.493986,3,17939.91431,19.36883736,6.890638828,4,239.2452393
11135,69.0470047,33.47195435,19.35763931,8.05782795,4.534881592,1647.05754,3,4476.398852,16.78985596,6.484807491,2,108.4349518
11136,31.05382538,42.09873962,21.53920174,9.017213821,4.844010353,291.2063594,3,3102.333381,15.91761971,6.168272495,2,161.7979431
11137,49.18948364,36.70674515,18.72057915,11.13624954,6.215569019,4334.98558,3,1180.171553,24.5028038,7.950629711,2,115.8209915
11138,124.391861,30.85709953,16.52263069,12.05839062,6.382121086,9866.909527,1,6759.165968,31.43156242,9.756649017,4,207.8874512
11139,249.4774933,24.93817329,15.16582298,8.905150414,5.445877075,1220.321,3,16231.02426,26.56139183,8.394094467,4,251.0586243
11140,96.99564362,31.46166039,18.89962959,9.755159378,5.78512907,244.5755853,3,9839.971159,23.68610954,9.233813286,4,150.4731445
11141,25.57126808,31.32012749,18.56236649,5.774154186,4.855269909,558.4707415,3,9308.000702,12.21567631,4.824687004,4,134.0289764
11142,198.1429901,39.78781128,28.19036865,11.68521214,6.456361294,6577.774216,3,3800.780825,31.25829124,9.847940445,4,35.27242279
11143,112.0763092,29.90483856,19.92201614,9.246765137,5.949728489,1518.421752,3,16890.71004,26.54210281,8.691091537,4,60.64864349
11144,81.81003571,55.03551483,27.00012016,6.92159605,3.956825972,719.5915978,3,21162.82508,12.01704025,6.024495125,4,53.84181595
11145,69.61212921,32.21663666,20.74946594,12.2297678,6.853320122,3992.041961,3,8002.010565,25.11352158,10.1102581,4,175.4467163
11146,71.64981842,34.73083115,18.57540321,7.280939579,4.089766026,377.3368919,3,3137.280073,16.42456818,6.98328495,2,95.0383606
11147,20.91245461,47.50701904,20.98649216,10.56359768,5.758098125,4638.862016,3,1461.49423,19.1127224,7.617483616,2,272.9108276
11148,92.26161957,33.34236908,17.47040749,9.515403748,5.439812183,10169.14608,1,6405.417083,26.85695839,7.258163929,5,130.6012878
11149,31.13741302,44.56705093,20.45523071,14.98120403,7.031160831,6677.396121,3,9305.256604,23.90636635,11.70668602,4,158.1985931
11150,60.38669586,29.37611389,16.39285088,8.829100609,4.904371738,2232.734302,3,13568.95947,22.56261063,10.38134575,4,120.6506653
11151,47.64966583,32.630867,21.85560989,11.47537708,6.962615013,809.3370785,3,8896.136353,24.25418472,10.67742157,4,260.0145874
11152,190.4986725,35.24097061,23.95427704,10.74519634,6.452228546,2117.716016,3,7905.925833,28.50379562,9.190471649,4,318.9680481
11153,12.89111137,22.77976418,9.235878944,2.933274746,1.377601266,2303.725826,3,5132.001641,11.28999138,2.252208471,2,94.76364136
11154,121.7575455,35.81778717,24.759161,6.508201122,3.97321558,961.932844,3,3768.534784,17.39980698,5.014081955,2,51.10622787
11155,94.62213135,49.14694595,24.35052109,9.171578407,5.852981091,1276.520416,3,4184.079221,17.58028221,6.9906106,2,41.08175278
11156,10.69363308,46.41403198,16.57632828,4.183328629,2.267178297,2034.564957,3,13465.24041,8.262452126,3.729007959,4,221.4236603
11157,53.89072037,48.07868195,25.43272018,6.938061714,3.730031013,1166.929416,3,1514.155539,13.88506699,5.469689846,4,309.1401978
11158,71.75293732,28.53590775,17.07311058,9.00621891,6.31228447,4305.326703,3,7647.940892,22.04115105,7.278666496,2,118.8355026
11159,107.042984,32.77262878,17.88158798,8.48525238,5.317716122,2445.751368,3,5248.299345,20.32320595,8.873166084,2,236.3099365
11160,43.66648865,39.4824295,20.69993401,11.7250309,6.562525749,9571.921816,3,5976.39589,24.70547295,10.14533901,5,210.6209106
11161,42.23852539,50.26147461,27.83196259,15.17542648,8.503521919,6693.357551,1,9248.671784,31.96877861,11.69958305,4,25.57743835
11162,7.352981091,17.86401176,9.00933075,3.074650288,1.530697942,2193.145372,3,17186.00715,8.546087265,1.534057498,4,255.1052246
11163,88.4973526,32.40931702,18.27708817,9.769558907,6.300316811,1131.48767,3,13333.32892,21.27468491,10.06892204,4,222.7534027
11164,218.0567169,26.71032906,17.46702003,11.98895836,8.816082954,6217.704538,3,3410.607386,32.75208664,13.63332272,4,275.3947754
11165,120.8353424,42.18884659,26.41230965,9.010602951,5.552709103,1705.353513,3,8566.527141,21.33274841,8.034733772,2,301.0743408
11166,112.6664276,26.06466103,17.4215889,10.26254845,5.775765896,1592.400798,3,17081.38687,27.208601,7.867043972,4,176.3732452
11167,83.93092346,33.03160477,20.37665749,8.866312027,4.837976933,1374.587713,3,17468.61744,22.42330933,7.785077572,4,80.39788818
11168,16.69138718,43.728508,21.23120499,7.338302135,4.667787552,6672.820154,3,28454.97708,10.9124918,6.545090675,4,118.810791
11169,93.92153931,23.24704742,16.44168091,8.283481598,5.439392567,1598.684188,3,32504.37935,26.47943306,8.517484665,4,237.8374939
11170,75.80257416,43.46239853,27.40637589,11.89578438,8.035715103,1149.64268,3,31806.48803,23.14267731,11.30991077,4,304.2611084
11171,61.12212372,30.47473907,21.68318367,12.39301682,7.323524952,45.66296267,3,23413.74747,25.69273376,13.20092869,4,174.5596619
11172,116.7707214,42.26515579,28.27778244,8.220046997,5.069854736,1157.016125,3,24945.65602,21.11773682,8.40623188,4,58.81502533
11173,41.56317902,51.72836304,25.08819008,6.967244148,3.933694124,377.472725,3,21271.39201,11.33935261,5.292996407,4,317.8294678
11174,88.17592621,35.26033401,17.65159798,11.99015045,6.660435677,258.871296,3,13210.65747,27.95665741,9.337029457,4,195.7223816
11175,68.06512451,38.28895569,20.3168087,7.417103767,4.359014988,2462.148384,3,438.8240372,15.12458038,8.072148323,2,223.0250702
11176,71.29354858,35.57136154,20.80136108,9.574566841,5.509391785,3623.659121,3,410.3153233,21.7175045,7.554210186,2,251.5650482
11177,71.90987396,43.55500793,29.08490944,11.40704536,6.54248476,7230.134726,1,8777.531648,34.33094788,8.365419388,4,326.3497314
11178,175.3031921,27.63501358,16.02719498,10.4258709,6.338819504,1501.672054,3,16925.98079,27.46686554,10.72131538,4,123.1975708
11179,9.645648956,26.14992905,10.00344086,4.497422218,4.157960415,2121.350379,3,17236.33087,8.760586739,1.708770752,4,239.0362396
11180,106.0169144,29.34064293,16.18240929,10.19817352,6.172170639,975.626989,2,9137.815538,31.03531265,8.367822647,4,294.092041
11181,28.5979557,42.04756546,20.17197418,13.21155548,7.7529459,236.4735321,3,7287.362014,17.76722145,8.997649193,4,238.5358582
11182,24.13188171,29.35906029,18.70703125,7.376406193,3.393900394,6509.420318,3,28575.7594,16.21103287,5.889986515,4,291.8013916
11183,48.18289566,35.02074432,21.83886147,5.905952454,3.385681391,2757.918193,3,9374.505657,11.69362259,4.202328205,4,51.34019089
11184,74.83625031,31.75460625,15.03192043,8.251249313,4.517830372,3285.283845,3,8843.876975,19.09607315,6.432709217,4,104.2645111
11185,47.65002441,30.39486694,22.29409218,7.458214283,4.124155045,4510.506801,3,7388.352542,19.07393837,7.287227154,2,291.3477478
11186,225.6907959,26.5021286,17.18219566,8.323339462,5.064852238,8236.774135,3,3724.393257,23.73854446,7.831850052,5,116.7273636
11187,217.1632843,39.35379028,27.54769707,8.202525139,4.832290649,8787.707548,3,3625.949148,23.21314812,8.083544731,5,75.73548889
11188,138.2838745,29.32731628,21.01473999,10.23014832,6.525121212,7035.349849,1,8775.111637,34.141716,8.354426384,4,317.9536743
11189,178.1026611,28.87446022,15.59170532,9.806174278,5.505734444,731.0951677,3,6445.654702,25.02542877,9.371536255,4,130.5444031
11190,32.39067078,42.6813736,13.68045902,13.51529694,6.834706783,22.0377719,3,7079.112557,29.37853241,9.297408104,4,81.20230103
11191,77.02883911,26.77584267,15.79955101,8.971343994,5.685501099,656.8083414,3,24608.53157,19.17866516,7.778652191,4,156.5409851
11192,63.50405502,51.41854095,25.02531624,7.208372593,4.509576797,868.2792657,3,21031.12593,13.41053009,6.697124958,4,318.3421021
11193,151.7751465,34.76541901,25.75178146,7.928556919,4.305426598,1309.007401,1,15455.95433,25.81767845,7.27224493,5,310.8126221
11194,220.5098724,34.79036713,27.49385643,8.583888054,5.209282398,1363.723663,1,10725.7726,28.44597244,8.09090519,4,309.3635254
11195,114.4002151,33.52572632,21.08595848,7.550648212,4.489417076,3902.640484,3,6702.443493,15.78443813,7.701883316,2,284.7001343
11196,87.37792206,33.21799469,20.40657234,6.623635292,4.172046661,1573.948144,3,4504.7398,16.35285759,5.903782368,2,90
11197,16.62107086,55.84187698,22.09912872,14.5435915,5.684014797,4875.868847,3,10749.95555,15.13295937,8.056566238,4,151.5240631
11198,179.3384094,25.65894127,13.50613117,7.693624973,4.336936951,1078.59794,3,16128.24218,26.86778259,6.905725956,4,244.212677
11199,112.8869171,50.38579178,24.87686157,10.91072083,6.510277271,1999.25023,1,16888.89526,31.38682556,7.924278736,4,321.1466064
11200,148.2429962,48.25308228,26.79529572,10.96584606,6.159334183,1594.110727,1,8673.770736,29.59014511,8.931777954,4,292.4667358
11201,133.7911835,34.05722809,17.124403,11.30611992,5.317112923,1492.855819,3,8536.607726,29.36449623,8.330864906,4,254.5387878
11202,241.7677917,30.83604622,19.10014153,13.01230907,8.859388351,1048.746946,3,6041.006606,31.24531746,13.2637825,4,74.42745972
11203,112.5361938,18.78029251,12.74637794,9.173765182,5.807127476,1584.964402,3,5104.206148,29.88125229,7.302329063,4,201.8014069
11204,86.57926178,30.58891678,15.65072441,8.455070496,4.561133862,739.944855,3,22846.25011,20.45825958,7.474640846,4,186.5014343
11205,56.94592285,29.4434967,24.27709961,12.71881008,8.035120964,636.8579446,1,13396.28888,31.85785103,8.504051208,4,21.80140686
11206,83.53958893,35.89075851,20.66801071,8.744282722,5.202685833,3062.096033,3,9028.133769,18.0431366,6.955173016,4,50.61758041
11207,101.5035858,32.41242599,17.323246,10.4340744,5.366923809,8000.789485,3,8136.764332,29.30287361,8.211355209,4,137.0273132
11208,107.7399063,31.00818825,24.79521179,11.45299244,6.994677067,7794.758855,1,8161.824008,35.14758301,9.416009903,4,318.9176636
11209,169.6460724,43.30702972,29.31120491,10.15993595,6.919393063,6408.805323,1,9360.389518,34.93950653,8.012420654,4,35.59650421
11210,87.56730652,51.74097824,30.07175446,11.78586102,7.754142284,5319.246303,1,10309.1973,32.971241,9.013718605,4,23.30489349
11211,143.6975098,37.34870911,25.22649574,11.54798317,6.55222559,5756.541613,1,9662.27589,30.42530251,10.23303986,4,280.5007324
11212,47.76863098,44.66390228,28.69152451,14.05618477,8.403709412,4949.035017,1,10640.73241,30.86154747,8.356016159,4,34.48877335
11213,171.6568756,32.25147247,24.9292984,8.765561104,5.517827034,4926.953439,1,10386.06273,29.14645958,8.336640358,4,323.2758789
11214,132.2678986,30.94064903,19.01215363,9.986880302,6.479197025,1202.650629,3,17210.24914,27.94353294,10.80596733,4,280.9111328
11215,68.42023468,38.2362175,23.43909073,8.068723679,4.611046314,1966.163553,3,583.3595388,18.6007843,8.154315948,4,62.24145889
11216,58.61750031,34.28975677,20.66037941,11.23702049,6.390025616,96.18774255,3,3043.972791,27.64554024,11.20325661,4,234.9336395
11217,27.75115585,46.47704697,20.70304871,19.67331314,8.857602119,100.4534106,3,2851.606536,27.52113152,10.41081429,4,64.8065567
11218,91.63745117,52.9132843,26.8446064,8.706695557,5.13672781,5814.057244,3,26853.90199,18.33779716,7.517591476,4,45
11219,133.9976959,20.68638229,16.63770294,8.52580452,5.445175171,1818.255359,3,32299.05815,26.01688194,7.974955082,4,186.9320984
11220,119.2628021,36.10815811,24.26599693,7.568706512,4.350456238,2080.927599,3,21919.7607,17.84313393,7.310559273,4,290.0195923
11221,70.46102142,62.44141388,23.01305962,10.40463448,5.110253334,669.6092664,3,19688.95239,16.96763229,7.39398098,4,51.04737854
11222,189.253006,42.83218765,27.26243782,10.21250725,6.036102295,2052.479317,1,14534.46796,24.50708008,10.66931152,5,306.0946045
11223,308.0579529,23.09740448,15.26658154,9.97629261,5.876660824,553.6284612,3,11554.97108,32.02784348,11.20723629,4,246.9892578
11224,16.45438385,36.05517578,18.76622009,4.764165401,2.673640251,781.0029278,3,2063.933653,7.399028778,3.610213041,2,167.9052429
11225,43.33314896,38.34079361,19.52555656,7.154744148,4.548307896,1095.421635,3,1828.013336,12.70952702,7.113464832,2,278.1300964
11226,47.77676392,54.40881729,26.3627739,7.435282707,4.089198589,6226.425634,3,2876.792996,17.70912552,5.581387043,5,37.98349762
11227,91.3572998,25.6842308,14.01333141,6.351249218,3.338367701,6867.733318,3,3391.891471,19.44820976,5.513842106,5,240.6795197
11228,112.44944,33.33647156,18.45292473,11.81441784,7.14096117,983.3880442,3,14108.07197,27.62849998,10.1464901,4,77.31961823
11229,102.9105225,36.20749664,26.24009705,10.83903217,6.841594696,129.2175861,3,15055.209,27.28353119,15.25966835,4,26.51170349
11230,85.61680603,29.85729599,19.58421326,9.387656212,6.012846947,177.7375156,3,15259.46057,21.97515488,14.49908829,4,57.21858215
11231,89.56674957,36.0504303,18.3859787,10.27990913,5.457002163,2001.25083,3,21130.32156,23.68578911,7.939653397,4,204.2911682
11232,77.42151642,28.38094902,16.01302528,8.404488564,5.145605564,2492.795176,3,21754.89111,23.6401329,7.288880348,4,219.7715912
11233,43.62280655,44.8552475,24.90159035,10.26199436,6.22736311,6585.124747,3,28132.25407,23.12085915,7.994873047,4,26.56505203
11234,16.17144203,53.27973938,20.0936718,14.69756794,6.780086994,421.0151894,3,13077.66079,24.240839,11.12925434,4,169.0949707
11235,113.6920471,28.42000008,16.8506279,11.83010769,7.338982582,206.29308,3,3322.55997,30.09926796,10.99621296,4,211.27771
11236,64.16005707,26.64603615,21.72404861,8.047412872,4.030412197,6196.275307,3,28428.78575,23.27059555,7.596012592,4,301.184967
11237,38.20381927,46.31568527,26.46518135,11.86614323,7.415046215,554.7201733,1,13160.16381,30.50472832,9.185336113,4,24.77513885
11238,161.8765869,38.97547913,26.62187386,8.429906845,4.505780697,1130.426882,1,13206.62003,23.74817848,6.89718008,4,61.78980637
11239,85.12172699,38.64708328,30.05107689,7.570978165,4.646094799,422.2832076,3,12569.71731,22.04560471,6.953912735,4,26.14684296
11240,128.3988953,36.09736633,27.30209351,7.968023777,4.600267887,7158.248421,3,2583.985986,23.5546627,8.27450943,5,328.311554
11241,211.3337555,50.95487595,30.56074905,9.714820862,6.004095554,2615.290943,1,12703.88136,30.50240517,9.698415756,4,48.86545944
11242,188.4447937,30.72087669,18.39770889,12.05449581,6.314432621,1821.375257,3,13279.58448,31.24387932,10.22337151,4,68.05130005
11243,187.0062408,24.48285484,13.09982014,9.547463417,5.269723892,990.2646808,3,16254.88265,27.70996666,7.417181492,4,169.8830261
11244,84.94786072,30.15604591,16.2349453,7.447042465,4.164894104,5145.08724,3,30704.87321,18.67332268,6.548532963,4,177.4656372
11245,62.37770844,27.09386063,14.76045036,6.361211777,3.567437649,4586.356669,3,31275.73228,18.4810791,5.414822102,4,124.3803406
11246,115.9648972,51.02332687,30.12805367,10.82615662,5.945902348,537.6455329,1,12992.14457,26.74260712,7.765976429,4,19.97062683
11247,158.9035187,27.42121506,17.41764069,6.728412151,4.461812019,2773.494332,3,5668.069441,17.3939743,7.157393456,2,112.4794312
11248,64.27742004,47.32397079,24.97320175,8.419610977,5.687304974,2204.083952,3,748.3216943,16.72795868,7.475870132,2,267.535553
11249,43.09505463,31.10028076,21.31345367,9.55009079,5.758368015,894.1871769,3,14265.16088,19.19794464,10.09327412,4,126.6993713
11250,132.9528656,24.25598145,18.08647156,10.44911385,5.806435108,771.6709057,1,14415.2371,32.11803818,9.344479561,4,307.6593323
11251,118.4569702,32.53894043,18.11329269,10.27571011,5.48013258,5143.65932,3,5111.412548,27.24809647,8.825902939,4,178.3787231
11252,122.8472443,35.87641144,21.07618332,12.60495472,6.47683239,6228.326441,1,4275.572622,33.92343521,9.2079916,4,316.0737915
11253,152.4174347,20.57543373,12.09062576,8.632867813,4.807800293,920.7910301,3,4311.628688,29.5014019,6.346073151,4,204.3764648
11254,108.6977386,28.27020264,15.12236404,9.491311073,4.681085587,768.6377107,3,18311.60286,30.47032166,7.390471458,4,117.5360718
11255,118.8905563,45.70101547,28.25742149,8.997699738,4.968029499,3366.910203,3,30324.4925,20.29399109,7.830936909,4,310.1008911
11256,122.5203094,38.75089645,24.70931625,9.560745239,5.393030643,2304.906511,3,30677.04347,21.18877411,9.575778008,4,77.47119141
11257,95.36151123,32.57847977,16.84511566,7.970063686,4.136426449,2930.991624,3,372.5597793,19.33247375,7.804450512,4,210.4526367
11258,65.95818329,28.58950043,17.26761818,6.635987759,4.652904987,2128.679333,3,591.8856657,15.24244118,6.408339977,4,235.488327
11259,88.98962402,29.15480232,17.28440475,7.131507874,4.262624264,2675.938795,3,59.99250883,16.29728127,8.084471703,4,121.882431
11260,40.98188019,37.75724792,19.73412132,14.46054554,8.194750786,155.8803535,3,7071.24517,28.45192337,10.60226917,4,107.3679733
11261,75.65130615,25.40121841,16.45403862,8.013774872,5.229384899,545.1865628,3,7452.07252,21.36765099,7.097856522,4,256.6074829
11262,98.00453186,36.07844162,24.75844193,7.290076733,4.158622742,5857.414585,3,29059.09171,19.64300346,6.613909721,4,282.9178162
11263,25.79579544,27.86121559,18.22610283,9.910503387,5.072456837,184.2912478,3,22734.4696,18.18916512,11.56828499,4,171.6070862
11264,124.7968063,26.47472572,15.52771091,10.10493088,5.561758995,9255.311568,3,6947.448361,28.58242035,8.327453613,4,159.4439545
11265,103.0359192,32.05890274,18.90142632,8.317202568,4.749089241,996.2047084,3,1895.803939,19.03610039,7.377485275,4,80.2644043
11266,45.11458206,22.95680618,14.64991665,7.005156517,3.181761503,2242.491888,3,33211.89275,21.58760643,5.657184601,4,222.739502
11267,41.54619598,39.79991913,16.34919548,8.507666588,3.765760422,76.17310523,3,22351.05075,17.69625664,6.111504078,4,237.5345154
11268,63.60971069,60.29803467,25.1470356,7.657669544,4.018499374,615.8915232,3,21960.14295,12.98745537,5.944419384,4,322.7015076
11269,67.81864166,33.42831802,17.06813049,8.556777954,5.163542747,1531.086106,3,25565.8398,19.7358284,6.603693008,4,157.7509766
11270,67.51656342,47.30225754,31.49072456,9.186230659,6.147449493,1621.521689,3,25569.76892,25.5668602,7.065175533,4,335.8067932
11271,12.16425133,58.7675209,17.10383606,10.50783348,5.066514492,16.26106289,3,22636.74818,15.09412766,6.613691807,4,36.532341
11272,127.8244781,32.76792526,16.1251297,8.557792664,5.216650009,3325.309902,3,6227.84002,20.44935799,10.92168427,2,169.032135
11273,92.49924469,30.97249222,17.42409325,10.92703915,5.528494358,10286.59031,1,6189.628308,28.39710808,8.800490379,5,212.0053864
11274,62.30116653,38.88850403,19.86369896,12.63004303,6.92921114,306.8407323,3,2810.365401,22.47343445,10.38860893,4,63.99800491
11275,65.74462128,32.36865997,16.15309143,6.514345646,4.168190002,2869.131482,3,10744.60937,15.60664558,7.753708363,4,198.4349518
11276,139.6772766,25.01952553,17.02324486,7.204106808,3.851733208,829.9720551,3,19202.52635,24.3488884,6.753693581,4,295.1010132
11277,25.39785767,29.45901299,15.64659691,5.58382082,2.572062254,2448.968747,3,33330.8383,13.77354527,3.961401939,4,205.8082275
11278,77.49458313,18.61903954,13.57279587,5.79139328,3.340277433,2245.258827,3,32996.16217,19.34273529,8.03801918,4,206.1046753
11279,99.57363129,34.26502228,25.9268837,8.669912338,6.066569328,322.1948347,3,23727.36723,24.22861099,9.814291954,4,34.92657471
11280,55.65930176,32.21039581,19.00528336,10.02194214,6.037164211,4038.760156,3,784.3585126,25.40471649,9.34562397,2,119.9816437
11281,52.92103958,39.20359802,22.55412483,12.7803297,7.218978882,4379.602981,3,1083.961897,23.27042961,10.10350132,2,273.1221313
11282,207.4189911,26.14896584,15.88921356,10.19570732,5.794476986,4041.676599,3,11081.70803,28.8667984,9.005802155,4,135.4511414
11283,75.43017578,31.78899384,17.0786705,7.35351038,4.184865952,181.0599125,3,10022.20772,17.21144485,8.375468254,4,125.537674
11284,114.1413498,31.87640381,20.93741226,10.01522446,5.730108738,5414.633116,1,5244.878456,31.23360443,8.474520683,4,315.8425293
11285,172.3448486,25.90497208,15.60008526,9.448280334,5.79382515,6246.849695,3,4463.447799,31.8549881,7.852000713,4,278.2594604
11286,117.0455399,49.6909256,27.66013145,10.51003361,5.400016785,5068.713647,3,2257.487284,27.7345047,8.622365952,4,51.04409027
11287,43.90106201,31.08257103,21.12959671,11.64822578,6.601227283,6394.423731,3,28179.32358,23.41728783,10.31887054,4,116.5650482
11288,86.0295639,34.69166183,16.7575016,8.889885902,4.790141106,2741.596035,3,33161.50431,19.5689106,7.92530489,4,115.8209915
11289,84.06288147,25.36925507,17.63690567,6.438343048,3.921361208,2448.430078,3,27391.91583,16.96127701,5.135731697,2,85.8553772
11290,10.05530357,65.63750458,15.09642601,9.458733559,6.734734535,7.008491294,3,22836.42169,10.28904438,7.837914467,4,281.3099365
11291,63.94981766,25.99900436,18.07300377,7.927995205,4.371397018,3633.809611,3,8321.836845,20.6486702,6.209427357,4,39.88268661
11292,80.19802856,34.78075409,19.45078659,11.32744884,7.795067787,3861.033759,3,8032.309849,23.78466797,10.56656361,2,90.8378067
11293,58.06930542,31.35814095,23.91394806,9.509552002,6.489864349,4187.163086,3,7593.830931,24.0443306,8.873952866,2,256.9447632
11294,102.2646332,36.21335983,19.8100338,10.81327915,6.075933933,5592.828484,3,2235.562476,23.3791523,10.49741268,2,157.2918091
11295,103.0559464,37.68223953,28.00317001,8.720095634,5.282374859,6837.37935,3,2459.74573,22.92790985,7.466731071,5,25.40771484
11296,153.8268585,33.92029572,26.49655724,9.407922745,5.281926632,5221.271259,1,10197.65574,30.44487953,7.725136757,4,47.64777374
11297,42.502285,30.8140049,14.1403017,6.052425385,3.328412294,1387.880259,3,16546.506,21.7507,4.586427689,4,252.6332397
11298,143.6177826,25.9098835,14.28771114,9.925173759,5.392292976,688.9127241,3,15855.9911,26.47947311,9.103525162,4,191.3099365
11299,129.4275208,29.98663139,17.65802002,10.14126587,5.665568352,1035.251028,3,9529.437108,27.95168686,8.820652962,4,280.2034302
11300,110.4896545,33.20207596,25.96537971,9.011075974,4.816311359,5547.983853,3,2814.390303,27.94776344,7.971636772,4,34.49386978
11301,71.75010681,28.46965218,16.60435867,8.869093895,4.423816681,6282.17761,3,27478.1565,22.24192429,7.426375389,4,128.2536621
11302,148.5737305,25.27418709,16.61326218,7.931935787,5.376811028,2042.425471,3,32218.13745,25.21892548,7.388741493,4,266.2628174
11303,59.79388046,44.94854355,27.75306129,9.434092522,5.206186771,2083.917389,3,26469.00427,20.35486603,6.72759676,2,24.53772736
11304,147.5510406,43.67269516,28.70752716,9.681880951,5.319778442,1434.391577,3,13709.12859,24.76620865,9.263860703,5,310.1239014
11305,83.93460083,30.25006676,16.69767189,5.634207249,3.55030942,3819.600709,3,6677.505285,13.5691452,5.784823895,2,164.4168243
11306,78.39095306,23.96532822,18.73943329,6.869066715,3.933125734,7198.747401,3,3139.177519,18.52923965,5.864969254,5,319.2053528
11307,146.6956482,38.96868515,26.55997658,10.40975094,6.444169521,7392.696908,1,8437.061029,32.59996414,9.139407158,4,71.72159576
11308,106.4238663,31.34170341,19.85447502,9.927804947,5.989354134,2482.654544,3,14206.41045,28.24224854,9.786336899,4,61.30322266
11309,121.8137283,39.4549942,25.46602631,9.056364059,5.470027924,1479.71201,3,13910.80623,25.05852699,9.503613472,5,56.74673462
11310,40.53349686,36.60626984,19.23167038,13.79621506,6.607840061,10057.10617,3,6036.172506,30.81934547,10.81178856,5,199.7988739
11311,118.5460815,32.5484848,18.92028427,9.720327377,5.878592968,1074.984995,3,13921.1348,25.02713203,9.428064346,4,73.842659
11312,80.74851227,35.03367615,18.56674194,9.209716797,4.306689739,5438.542633,3,30403.82087,20.1314373,7.98505497,4,99.29330444
11313,128.9685669,48.29524994,29.84158897,7.29464674,4.368264675,2617.500629,3,26530.72288,17.39999771,6.956480026,2,312.7130432
11314,112.1738358,32.04056168,18.84965515,8.199827194,4.718156815,727.427906,3,23948.04872,18.95231819,9.517129898,4,115.4417496
11315,53.13965225,57.16511536,25.31781578,8.672945023,4.125756741,576.6627878,3,22624.83943,16.47343254,6.39043808,4,46.5664444
11316,31.00092697,41.31075287,22.85832596,11.8497963,6.343664169,146.3884635,3,22364.66183,19.09689522,10.19361877,4,196.3895416
11317,89.77182007,41.6477356,22.52588844,9.498272896,5.430695057,1452.116201,3,1688.696388,20.22642136,8.854705811,2,277.125
11318,70.28570557,36.17665863,20.84162331,9.519687653,5.526576996,2747.276361,3,502.0256843,20.84501266,7.908746243,2,100.2401733
11319,102.7014236,45.62124252,27.4769249,7.290810108,4.311956882,7652.231398,3,4092.538556,20.97856712,7.039058685,5,52.76516724
11320,73.91083527,23.62987709,18.5791111,9.85488224,6.730264187,9589.71346,1,5725.81477,31.71702194,7.370029926,5,49.08561707
11321,13.54258633,37.67609787,21.36771584,8.590081215,3.599299908,1088.894538,3,14078.81672,14.66980267,5.141028881,4,139.1446228
11322,143.4141998,28.22292519,18.04094696,9.578122139,5.554895401,1727.885605,3,13402.50807,27.95710754,8.686729431,4,102.1237183
11323,177.021225,27.16526794,19.41896439,11.35502148,7.485870838,332.4945939,3,14638.90507,30.35401917,11.83889961,4,74.74488068
11324,112.4569702,31.20387459,18.08605003,10.89882755,5.859022617,741.9744506,1,15795.55528,29.57719612,10.90845871,4,308.0948486
11325,101.8269653,29.28378677,17.03107262,6.807602882,3.575092554,5156.625338,3,30117.82788,16.77496147,5.721743107,4,199.1183624
11326,111.3394775,39.7220726,27.67160034,6.564401627,3.573415756,2407.559072,3,26283.62932,16.55000305,7.771079063,2,35.18621063
11327,181.0382385,28.86922264,22.44093323,7.364124775,4.811193466,1808.838627,3,15333.4585,24.14891624,8.21282196,4,54.30994034
11328,98.82879639,28.40168381,18.29882431,12.01830959,8.289305687,323.7112965,3,18049.47374,28.49512482,10.89062786,4,122.0053864
11329,77.77513885,34.03779221,17.87702179,7.949210644,4.866859913,1306.185844,3,1734.433892,16.91966057,8.081771851,2,180
11330,130.181366,50.27770233,26.18021774,8.095291138,3.692367792,9980.915053,1,5236.579312,22.67371368,6.755198002,5,68.96248627
11331,92.57626343,21.58104897,18.51780891,8.179684639,5.499973297,10278.04242,3,5656.948148,28.56804276,6.797786236,5,57.80426788
11332,183.4421539,27.60950661,15.40411186,9.771740913,5.127561569,2253.410111,3,12870.30794,26.26764107,8.1397686,4,133.0447083
11333,137.4395447,24.56479073,16.29456711,9.614967346,5.704767227,3401.309756,3,7134.105193,28.18575096,8.736878395,4,107.2414551
11334,174.5988312,25.73814583,14.21753883,8.873354912,4.58056736,2899.710278,3,8058.976682,27.4526577,6.797236919,4,171.3572083
11335,80.39413452,33.65380478,19.44152451,7.960206032,4.646358013,1739.352329,3,19463.13622,19.53671074,7.022520065,4,96.85956573
11336,77.21611786,37.26432037,22.11630249,8.186414719,4.583416939,2478.197176,3,18929.7466,18.07325363,7.0181427,4,54.87277222
11337,99.64057159,23.514534,16.51887703,6.623713493,4.088376999,9744.986303,3,5227.963208,26.78783035,5.404078007,5,81.57460022
11338,71.00530243,27.04517746,16.49255753,11.46398258,5.698509693,8626.549695,3,7460.017693,30.62772179,8.857682228,4,130.4260864
11339,132.9565125,27.52807045,20.00350571,9.794242859,6.737471581,956.7825654,1,14126.13519,32.75837326,9.112686157,4,275.0678711
11340,58.35146332,41.01375198,25.77088547,11.91903687,6.030071735,1461.827875,1,13727.13308,27.2260685,10.38978386,4,315
11341,169.6886444,25.37037277,15.91600037,10.23266792,5.88338995,2203.03315,3,8539.050693,29.4682579,9.337353706,4,157.203476
11342,65.32353973,21.90885544,17.60330963,8.006770134,5.02457571,153.814847,1,18765.18628,26.89393806,6.215626717,4,326.999176
11343,211.7351837,23.71303177,13.88138866,11.15442848,6.435084343,1564.028279,3,16793.63896,32.59015656,9.794836044,4,172.6926575
11344,79.36019897,35.22349167,22.85071373,9.252783775,4.825030804,5562.931692,3,28365.6992,22.33479881,7.850850582,4,267.1297302
11345,60.9777565,35.39206314,25.09977341,9.01066494,5.332859993,5840.480363,3,27639.06683,22.89884758,7.591172218,4,318.6564331
11346,55.35752487,47.11888123,25.30034065,15.27094173,8.874385834,8525.322261,1,7479.834794,31.93703079,13.02799511,4,305.2038574
11347,102.2141266,21.59658813,16.52937508,9.757240295,5.73126173,188.5983542,1,18386.80273,29.20806122,9.441207886,4,302.0740051
11348,99.39300537,28.44552231,16.78717232,7.530084133,4.226246357,5076.574278,3,29842.89831,20.67465401,6.967108727,4,115.7654724
11349,137.1575165,32.18302536,18.01177597,10.49921989,5.565885067,2903.299166,3,9044.531597,25.2381382,8.788903236,4,162.8972778
11350,152.6443787,27.85577774,16.80484772,10.32759762,6.103216648,480.1143112,3,12251.61646,27.4329834,9.115545273,4,176.2482605
11351,44.30914688,36.5030365,20.31337929,11.10214329,5.717109203,4721.256685,3,5955.046239,23.7131443,9.494715691,4,127.6870041
11352,83.21707153,17.01965332,11.58108711,7.45947504,4.633210659,1485.409134,3,5121.662039,31.36143112,5.853229046,4,208.5123901
11353,162.1279755,33.22332001,18.80529976,11.8544445,7.003413677,341.4630235,3,6533.72775,25.60613441,10.18558598,4,80.85836029
11354,107.7197571,28.15189552,19.47860718,7.927368641,4.971002579,2839.740005,3,21494.88275,24.12151909,7.273945332,4,261.8699036
11355,19.00922012,34.35817337,18.5853405,4.841029167,2.4708426,125.3103489,3,2771.704722,8.128106117,3.956176519,2,159.7751465
11356,100.5458908,26.78038597,16.28590202,13.10386944,7.347140789,1349.445815,3,11389.11096,36.08146286,11.06310654,4,206.3023376
11357,116.6073914,33.73104858,17.25161171,13.67829227,8.70457077,320.3285149,3,10701.23028,29.44244957,12.32701683,4,93.78820038
11358,78.99384308,27.85008812,19.36852455,8.858874321,5.512750149,4988.117891,1,5793.828931,31.2702198,8.137540817,4,290.7460938
11359,90.44680023,32.79592133,18.90820122,15.25387287,7.575680256,210.8118521,3,3597.41304,33.1945076,13.38191605,4,210.3236084
11360,113.1883392,25.12836838,16.23821831,7.361719608,4.555622578,3804.819137,3,22154.22311,19.51688385,7.346378803,4,171.8699036
11361,85.22057343,38.6761055,26.52971458,6.367060184,3.485233784,1294.232192,3,22826.84499,16.86578751,5.067736626,4,51.34019089
11362,21.14011192,35.16299057,17.93281937,6.5289464,5.308963299,177.3740885,3,2768.971771,8.694796562,5.847939491,2,270
11363,29.47781944,28.50320435,15.56303501,3.753175735,3.01883626,224.0190359,3,2777.687243,5.990563869,4.107060909,2,217.146698
11364,96.78330231,31.13037872,17.63779259,9.555500031,5.285840034,2090.8039,3,8585.395126,23.85359001,7.515256882,2,185.4653625
11365,86.92838287,24.28201675,14.70581532,6.857317448,4.270018101,3047.269765,3,9519.099145,20.55928802,6.7593503,2,220.2411041
11366,73.75946045,50.18379593,29.41249657,10.16900635,5.864228249,2145.72023,3,27412.09463,23.74687576,8.816509247,2,335.708252
11367,189.5711365,29.7385006,22.50045013,8.659749031,5.097648144,2379.438965,3,9525.472258,26.70020294,7.65192461,4,56.5291748
11368,119.2125854,20.02903748,10.9248476,7.125337124,4.067368507,1235.489111,3,4944.182257,30.45954323,5.878553867,4,215.7701111
11369,61.72034073,32.03842545,17.29940605,12.29888439,6.878281116,449.4668676,3,7162.919633,23.45656013,8.899260521,4,249.168396
11370,104.758934,29.61402702,19.08373833,9.808649063,5.588068008,1291.096167,3,8045.371556,24.94408989,9.009532928,2,211.3286896
11371,61.4365387,38.28273773,23.58317184,9.846770287,6.232575417,2278.641042,3,20795.4345,23.08386803,7.75418663,4,327.9259949
11372,94.3698349,30.66687202,22.7267952,8.502168655,4.845572948,2853.657522,3,21781.79438,24.07532501,6.595615864,4,321.34021
11373,65.59802246,32.5818367,19.1334877,7.739553928,4.630775928,3221.632697,3,32746.90165,17.05511093,8.580173492,4,115.8760834
11374,112.2658691,33.48933411,22.06274986,8.27809906,4.515301228,3039.302846,3,29393.36255,21.20067406,8.195771217,4,39.53367233
11375,87.6332016,41.97707367,27.21914101,7.598687172,3.872367144,2881.949931,3,28291.19926,19.88520622,6.85345459,4,323.4282227
11376,93.93010712,28.2616539,17.67362976,11.54074574,6.704143524,201.1599195,3,15265.20366,29.33213615,12.7762804,4,240.5241089
11377,106.4410858,28.03847885,16.95222473,11.28410244,5.835177422,663.5587886,3,11372.66757,29.65327835,9.846851349,4,260.8408203
11378,30.68008995,40.95661163,21.45018959,11.84863186,6.610936165,28.01049493,3,3231.644012,21.47788239,9.782583237,4,205.2405396
11379,142.3065796,18.2252903,11.34378338,8.756474495,5.728196144,907.958374,3,4398.307599,32.35219193,7.072217941,4,206.266449
11380,40.78533173,48.2944603,27.38388252,9.549533844,5.404551983,2541.814008,3,28332.17854,21.39476967,8.350640297,4,20.02609253
11381,81.74610901,30.17641068,17.60890961,8.637965202,4.978897095,679.6975213,3,11705.44091,22.24013138,7.741576195,4,129.6732025
11382,74.96759033,44.40387726,26.37534142,8.301343918,4.853305817,955.2348201,3,2378.99972,19.34197044,8.612027168,4,73.30075836
11383,205.2051239,29.39449883,19.68461037,11.50111198,6.836354256,738.786188,3,6095.595291,31.18281937,10.85311031,4,135
11384,108.2245255,32.82653427,19.91764069,9.107392311,4.944628716,1336.331038,3,7996.694366,21.51713371,8.213747978,2,317.9356689
11385,62.71650696,27.24288177,15.23902893,5.826754093,3.652110338,3119.119014,3,10342.96401,15.10212994,6.285792828,4,101.8214874
11386,116.0778122,41.60374832,26.51851082,8.514541626,4.490520477,4289.475901,3,24797.39195,20.8111496,10.98048687,4,302.0534973
11387,126.7282257,32.45185852,16.98482704,7.822712421,4.290390968,1241.314216,3,4005.971597,19.51780128,6.284833431,2,128.3816833
11388,63.02124786,39.90903091,20.47377396,13.03279018,7.656696796,39.08385361,3,17515.06664,22.60198021,11.68578625,4,145.8858795
11389,33.66719818,27.91603088,16.79222679,5.255409241,2.937550545,4754.171257,3,31079.02896,14.09328365,4.698793411,4,128.6405792
11390,15.21042919,26.945961,14.35173321,5.137889385,3.001927376,4494.496672,3,31344.21127,10.72168732,4.56601572,4,270
11391,58.49924469,45.25466537,26.81286049,7.491355419,4.524851322,3143.365338,3,32941.87506,15.96113586,8.255250931,4,66.77218628
11392,169.7184601,25.55185127,14.74499226,9.258810043,5.650519848,1168.012118,3,17266.52544,28.35165405,7.988322735,4,192.3672485
11393,102.2660217,47.64086914,27.71726608,7.768100262,4.412742138,1005.70427,3,2021.782004,17.53494453,6.906678677,4,55.40771103
11394,63.77500534,35.94273376,24.10250854,13.6823864,8.034930229,76.01870209,1,3356.67681,35.63244629,8.728562355,4,29.15691757
11395,102.7909164,19.13473511,10.74248219,9.268689156,5.23900795,594.8692964,3,4169.235783,34.53449249,6.56008482,4,206.5650482
11396,53.46471786,37.29762268,22.21746445,10.90342045,6.022334576,290.9843402,3,17353.48374,23.21491623,10.47284889,4,244.0878296
11397,95.64541626,27.27726364,15.83269787,6.865483284,4.151474953,4671.577233,3,29181.9187,17.39845276,6.338514328,4,202.2958984
11398,117.7564545,31.1487236,20.32443428,6.446886063,3.772503614,1933.527446,3,21193.09144,16.05753136,5.62575388,4,67.38013458
11399,74.9942627,34.21671295,16.92493248,11.2559185,5.535628319,816.3508042,3,2357.880148,21.29553986,8.66368103,4,113.1985931
11400,94.73222351,50.94936752,30.0319519,12.19632912,7.579282284,303.2417211,3,3044.81016,32.24553299,10.79095459,4,21.42279434
11401,68.14868927,29.21969604,17.27760124,9.496273041,5.413279057,6255.429449,3,26661.65326,22.27329826,8.36353302,4,137.3137207
11402,97.13012695,48.2018013,28.63074875,12.76154518,7.452441216,9113.744646,1,6849.642288,33.57249832,10.51932335,4,331.4820557
11403,149.61409,39.38724136,24.79077148,10.98296833,6.287574291,7803.356103,1,7916.870811,29.09533501,8.233088493,4,257.5068359
11404,121.5114365,35.79275513,25.26971817,9.517176628,5.364495277,6102.888361,1,4737.194132,28.82439804,8.444119453,4,311.6478882
11405,315.1148071,25.54304504,15.49660301,10.11567402,5.924292088,6754.300438,3,4566.406863,30.71060371,8.859289169,4,209.407196
11406,104.3610382,53.92428207,29.62581825,10.52994919,6.060607433,821.9539111,1,18947.61917,25.59928131,8.594255447,4,328.083252
11407,52.05529022,51.9197731,28.14362144,7.802816868,4.2356987,2845.853733,3,28687.60557,22.11485863,6.027975559,4,332.40271
11408,120.6438141,27.18424797,22.23314667,8.130252838,4.343006611,982.3139823,1,13197.53145,30.609972,7.00377655,4,50.35443115
11409,204.2690125,27.63796043,14.85184765,10.30121708,5.207697868,991.4084089,3,10980.55628,28.53167152,9.12890625,4,177.2136536
11410,146.767746,35.51839066,25.31404305,8.967487335,5.158316612,9086.226618,1,6525.786109,24.61219788,8.811466217,5,53.04906082
11411,131.0574951,43.04254913,29.66837311,10.88743019,6.12518692,8144.659401,1,7652.799988,33.21704865,8.524806976,4,22.99910736
11412,187.1293793,26.68997765,14.74282932,8.564670563,5.147208691,999.5848117,3,4796.049712,32.05215073,8.114044189,4,254.9315186
11413,173.7172546,29.16752052,17.38096237,8.925134659,5.266691685,732.6312619,3,5869.23197,24.90864182,8.607048035,4,154.4630737
11414,126.7633743,29.75058365,19.67819786,8.836304665,5.481022835,1139.675664,3,14627.53137,24.78332329,7.871442318,4,250.4975586
11415,140.5816803,31.24803352,18.85412788,11.77630901,6.975902557,469.6343638,3,12562.52599,28.68594551,12.97875786,4,66.02406311
11416,91.73617554,33.97612,17.5146389,11.7182951,7.16461134,3567.530225,3,8262.391526,27.370924,9.560452461,4,102.9946136
11417,44.36143875,30.45376587,18.74246407,12.95532703,6.503109455,3592.427258,3,8002.928392,27.08468437,9.731715202,2,249.1209869
11418,137.6826782,37.66860199,23.85025024,9.683264732,5.732163429,8637.722197,1,6962.453149,26.32758141,9.661035538,4,273.1509705
11419,135.5045776,26.19434357,16.6765461,9.641330719,6.000535488,6165.875628,1,9426.580729,32.24213028,8.066827774,4,91.63657379
11420,131.8319244,29.74123764,17.38493729,11.75358295,6.178869724,6925.260911,1,8636.147898,31.8638382,9.547903061,4,101.828476
11421,117.6047745,29.63167763,16.82260895,10.28820038,5.290052891,1762.76027,3,9407.443315,26.08036232,8.97642231,4,197.2977448
11422,9.782069206,37.73957062,22.41621208,6.800647259,2.72175312,307.467973,3,13793.34014,9.953186035,5.058591843,5,257.1522827
11423,82.53466797,28.74501991,15.4350462,8.273162842,4.514318943,647.3534005,3,13945.73667,21.40176964,8.025623322,5,287.0758667
11424,113.6874161,28.13249016,17.86934662,10.09791946,7.102574825,606.6397865,3,17038.18782,28.34459877,9.528981209,4,98.24632263
11425,69.85388947,26.43464661,16.32500076,7.118386745,4.077722549,5876.492591,3,25864.76309,19.47677422,5.727953434,4,151.9908142
11426,37.39387512,32.95737839,17.09451103,7.931551456,3.795922279,2897.968477,3,28914.22738,19.51710129,6.118293285,4,112.8207626
11427,67.94194794,30.14025116,23.66134834,6.29791975,3.378561258,2089.035813,3,25967.59337,19.71191978,7.164024353,2,312.4356689
11428,20.53383255,33.13909149,16.74062347,4.074597836,2.119325638,4173.212586,3,7047.392493,8.985824585,3.396582603,2,164.4758911
11429,31.73764229,33.06423187,22.44792366,5.241193295,3.432794809,3937.224743,3,7281.36002,11.99097347,4.545841694,2,70.88642883
11430,29.30597496,34.38059998,20.35754204,9.65340519,5.505419254,10401.35416,3,5999.855151,30.84244919,6.713346958,5,192.7243652
11431,10.60636139,51.97618866,19.93435478,12.33395863,4.836993694,10342.29497,3,5985.042831,16.1751442,7.296045303,5,159.1891785
11432,96.68692017,28.34785652,19.39966774,10.7127552,6.38748312,9824.153085,3,6437.10624,25.71204376,9.113373756,5,172.9421539
11433,53.71923065,37.01823425,23.05247307,11.16866112,7.005912304,2021.423881,1,13114.15953,27.932827,9.227187157,4,305.7967529
11434,105.2190323,24.67575645,12.11903191,9.280862808,5.710886955,760.87544,3,15989.35364,29.72116089,7.436399937,4,216.2146912
11435,55.63286209,28.53384781,17.50865364,5.359606743,2.968029976,2542.179755,3,11212.11876,14.88607121,6.02017498,4,223.2338562
11436,124.9995651,33.96960449,18.83934021,10.37276936,6.17104578,867.560354,3,12120.28945,23.69477081,9.961180687,4,60.47486115
11437,64.8650589,33.82698059,18.22628021,13.32667255,5.333566666,2038.386451,1,20384.1561,37.4633522,8.564897537,4,270.1582642
11438,28.18728828,33.37363434,18.51822472,8.317643166,3.651694059,4892.255991,3,30944.69548,17.04942703,7.766363621,4,141.3401947
11439,88.00484467,35.48263168,27.13220596,8.709830284,5.103253841,2523.928699,3,27096.17695,24.078022,7.975727081,2,313.3293762
11440,117.5123672,31.85178566,22.58465385,7.059538364,3.6156919,2799.735708,3,26876.60049,19.96440315,6.926952362,2,49.9969101
11441,109.4844437,28.93098068,16.71151924,7.378693104,4.491583347,3233.200438,3,6158.938194,20.51997757,8.74067688,2,239.0362396
11442,118.2769699,27.9422493,16.68273926,9.369535446,5.060491562,10598.38067,1,5603.358808,26.9630909,8.572138786,5,56.30993271
11443,161.2390289,34.98787308,18.70100212,9.962280273,5.445509434,5303.924636,3,5773.014792,26.61087418,8.72305584,4,262.0303955
11444,7.335389614,43.62448883,18.37504959,4.105008602,2.152527809,265.6757496,3,13611.16323,6.478758335,2.957441092,5,119.0546036
11445,41.73398972,38.1099968,20.36602974,9.417516708,4.471097946,4816.887704,3,31039.78185,19.13408279,7.659482479,4,315
11446,49.17821121,27.21485901,15.59107304,4.781184196,3.020495176,4197.113946,3,31694.81854,11.94550228,3.603210688,4,248.1985931
11447,59.76916885,32.65555573,18.09832954,9.439817429,4.73908329,2820.312379,3,33396.99431,18.00761795,7.584628582,4,49.31602859
11448,142.1178894,33.34095764,22.19556618,7.503243923,4.74955225,1291.267619,3,4118.837639,19.02219582,6.677521706,2,62.78388977
11449,28.8404808,65.89180756,20.92728996,11.54951286,4.864853382,4060.034021,3,678.1425893,21.39914513,7.266057491,2,297.2380371
11450,128.382843,42.42352295,26.45452118,11.80526257,6.584422112,1200.296162,1,13864.42387,31.10802841,9.037051201,4,47.3636322
11451,22.93758774,38.82196426,27.97163582,16.5286808,7.769649982,203.986532,3,3741.408083,27.49483109,10.87559986,4,194.133194
11452,107.5085754,22.94199944,17.11641312,6.792955399,4.241477013,2477.5595,3,19564.13913,20.17377281,6.421171188,4,61.38954163
11453,87.48894501,23.18013382,13.56507969,5.420496941,3.588465929,5512.497624,3,24293.00546,16.39233208,7.269956589,4,255.6141357
11454,99.66831207,34.29709244,20.46815872,8.687436104,5.028954506,3064.677244,3,30488.96527,20.86890602,8.153869629,4,102.5288086
11455,73.91689301,27.36070251,17.34367943,9.605243683,6.013376236,3169.829456,3,29264.84883,25.48551369,10.30979156,4,109.9465637
11456,63.51433182,33.29180527,16.05960655,10.57241058,6.163842201,3674.997008,3,339.5486927,23.82133865,9.774353981,2,150.9489136
11457,37.96658707,37.46279526,22.10884857,9.911020279,5.754333019,3877.707602,3,479.2251607,21.77942276,7.959145546,2,288.6989746
11458,60.82534027,44.13276672,24.81300354,8.757421494,5.259052753,5097.002898,3,1671.390495,24.53711319,7.254854202,2,315
11459,139.5415039,32.61974716,22.58492661,10.59631538,6.228288174,1409.016883,1,13556.1737,31.40024757,9.075435638,4,260.70047
11460,142.9603424,24.45752716,13.9191246,7.663928509,4.021170139,3132.346595,3,7866.675778,27.36336136,6.005812168,4,225.6095123
11461,120.2252197,34.17895889,16.98029518,8.808801651,4.67645216,4588.370655,3,2038.112339,20.52406311,7.625137806,4,142.5732422
11462,52.76688385,28.77385712,9.362267494,12.1277895,6.959917068,790.0841161,3,4447.569138,33.3331604,8.561244011,4,204.8874207
11463,152.6949921,31.30801392,20.18422699,10.22663784,6.145740032,922.1575653,3,5562.294651,25.68149567,9.036821365,4,109.2900467
11464,83.55089569,22.89554596,14.64852619,6.078238964,3.723454237,5215.164445,3,23756.23502,17.38403702,6.116165161,4,147.4259338
11465,128.5170746,29.80732155,21.32315063,6.67777586,4.196426392,4447.358999,3,22270.09527,18.63203049,6.557202816,4,295.9743958
11466,27.65922737,32.33431625,20.50666428,8.500611305,5.054942608,2784.914245,3,33217.80784,18.4220295,6.728335381,4,248.8842163
11467,271.3954468,24.19476509,14.85234451,10.83701992,6.193687439,911.6029891,3,11226.84694,31.64051056,9.71426487,4,207.4509888
11468,42.37968445,35.7566185,18.46518707,8.448612213,4.57956028,2473.416237,3,779.533668,18.07745171,7.163997173,2,214.5811157
11469,83.06638336,28.87371445,17.37189865,10.79697704,7.03059864,4451.552108,3,6537.806605,28.13296318,9.786791801,4,134.5060883
11470,84.94539642,34.60026169,18.37451744,9.539579391,5.970484734,3188.288597,3,639.7114209,21.30700874,8.333453178,4,114.8960114
11471,71.17836761,27.45510483,13.10966682,9.950810432,5.013878345,558.0161467,3,4267.548717,29.66531754,7.580317974,4,221.086792
11472,69.11260986,29.97638512,23.5708313,11.27562523,7.786984921,399.8472479,3,4046.769519,29.85729218,10.98901749,4,221.2125244
11473,121.4352264,30.18764877,18.28367233,9.235666275,5.256236076,831.5124847,3,7382.688014,24.88520813,7.620191097,2,274.0282593
11474,106.6897736,33.30102539,20.47434616,11.07249546,6.778648853,2937.137726,3,20440.15694,25.83672523,10.75417614,4,249.6056824
11475,64.60796356,30.60274124,18.27128029,7.176809311,4.854672909,5108.089355,3,28783.45175,18.00683975,6.909073353,4,116.5650482
11476,53.37518692,50.29574585,28.62470245,6.993339062,3.779990435,3336.421165,3,29284.30838,18.77951431,5.233207226,4,19.84069824
11477,83.61917114,36.4881134,24.94006348,6.842684269,3.544644594,3072.828904,3,28638.384,20.0381546,6.509626865,4,41.13454056
11478,54.89195251,50.07351685,25.07361221,10.47760296,5.205860138,4451.788159,3,1034.364942,23.27921295,8.184639931,2,35.46244812
11479,15.64534569,47.11457825,19.79802513,11.02449131,3.860713482,10309.84858,1,5921.056093,18.70939445,6.847335815,5,317.6615601
11480,64.96021271,35.30145645,19.30258942,12.78099632,7.907586098,13.15163725,3,6571.970931,27.98941994,10.88864231,4,119.9315109
11481,142.2449646,22.52592087,16.43181229,8.134548187,5.062399864,2544.517841,3,32090.38339,25.92232132,7.775110245,4,212.2252197
11482,186.6096039,37.69078445,27.34225273,8.584108353,4.96398592,1650.73746,1,14955.16155,25.82679367,8.407016754,5,316.3887939
11483,188.0963287,29.10432243,17.13633919,10.50086498,6.070713997,1981.736608,3,14788.99245,28.74904442,9.997617722,5,80.13419342
11484,113.2180099,29.39354706,19.22489929,9.847429276,5.837215424,592.3971993,3,6121.634139,24.72014999,8.785982132,4,48.90049362
11485,74.62795258,48.6008606,28.82838249,8.734829903,4.598053455,2954.116544,3,21277.19513,22.80726433,6.924881935,4,269.2028809
11486,53.02118683,23.33522606,16.78002548,7.263375759,5.121906281,489.6786194,3,3436.233225,20.53115654,7.001222134,2,65.74890137
11487,58.8553009,38.88496017,20.86830902,10.83174706,5.467088699,4543.00208,3,1117.651029,23.13066292,8.26244545,2,233.1300964
11488,137.0779266,45.51057816,26.89915276,11.64864159,7.022450924,96.17060796,3,3543.310368,26.2724762,13.17367554,4,39.9598732
11489,70.03191376,35.14307404,18.58856392,7.35870266,4.404683113,3101.890769,3,33247.87624,17.35191154,7.382709503,4,86.00908661
11490,72.92090607,31.52366066,18.79136848,9.680092812,5.596031666,3415.168874,3,7883.301265,22.41240311,9.050865173,2,260.125
11491,27.04231834,31.28807449,19.17099571,6.835555077,3.875961542,553.182196,3,10459.79278,12.94574833,6.744312286,4,141.8220978
11492,81.03197479,33.01755142,17.53291321,10.21588135,6.168165207,933.0371377,2,10114.87903,24.89517593,8.526912689,4,298.6612854
11493,82.59799194,40.09240723,26.26086426,10.90936661,5.89087677,210.3788913,1,3321.819507,31.59992599,11.35373878,4,39.71244812
11494,115.5046692,23.61520004,18.59363174,8.451929092,4.145954609,482.4490137,3,18405.44545,29.23605156,7.504175186,4,225
11495,23.82600784,28.77640724,17.03183746,8.306675911,4.422197819,6056.606977,3,27019.92121,17.47823524,7.320815563,4,141.6325073
11496,119.8951874,30.83413887,22.18768311,8.277316093,4.893313885,4837.691415,3,26236.81013,20.30763817,7.626760483,4,85.17923737
11497,120.3891754,29.26148033,21.12501144,8.644058228,5.410613537,2984.024717,3,30591.47746,24.55682755,8.73415947,4,83.6598053
11498,42.80726624,41.1873703,20.07483482,9.253661156,4.999955177,2297.016543,3,998.6507752,18.66030312,7.320015907,2,87.51044464
11499,91.0501709,51.31370163,29.77630234,10.79979038,6.324924946,9986.111186,1,6099.188124,32.82187271,8.568492889,5,19.92558289
11500,115.3607407,26.03613091,17.6818409,8.89339447,5.560433865,9959.169396,1,5906.696617,27.54972267,7.859860897,5,71.30696106
11501,112.3110123,30.07443428,18.10091782,9.725765228,5.714686394,289.7791231,3,11366.2488,27.72047806,9.399423599,4,198.2536316
11502,71.58995819,30.25442314,18.41614723,11.30959797,6.66135931,293.6381614,3,10978.94335,27.40203667,9.930624008,4,180.9315033
11503,87.63816071,32.92956924,19.61155701,6.307047844,3.846109152,3137.447677,3,9468.076501,17.72169304,7.113434792,2,287.019928
11504,97.6060257,48.43153,24.05589485,10.12325001,5.332632065,1153.930642,1,14494.59597,24.27407265,7.502053738,4,325.684906
11505,121.5569763,31.36657715,18.20329666,8.65544796,5.247656822,1553.441177,3,14504.82512,22.70782852,7.631585598,4,243.4349518
11506,94.35540771,29.84452057,18.50326157,6.782692909,4.453244686,3130.039864,3,6801.93906,16.81041336,7.398825169,4,95.19442749
11507,94.10903931,26.93945313,16.29577255,8.356592178,5.938959122,3226.899862,3,6046.238877,20.47630501,10.53080559,2,202.380127
11508,122.1321945,30.28011703,17.06470871,9.759727478,5.799360752,1910.250497,3,14664.69523,27.25103951,9.537009239,4,195.4884949
11509,45.43531418,38.67478943,17.01418877,11.6186018,5.701129436,3368.636088,3,762.6650164,21.60050583,9.640113831,4,150.8430786
11510,73.79334259,30.03741264,18.88807106,10.2020874,6.180634499,8.825434827,3,13191.83843,24.48483276,9.955745697,4,115.416008
11511,17.38752747,32.31763458,18.32283783,4.625974178,2.429840565,350.9776161,3,13444.12454,9.535686493,3.54949069,4,296.5650635
11512,56.21707153,31.16506195,18.18439674,10.23348713,5.327134609,4828.954339,3,30349.04677,20.95084381,10.42872524,4,134.2559357
11513,76.86251831,37.07783508,24.3952446,7.464780807,4.318659782,4669.553179,3,30784.14238,18.42541313,6.478562355,4,288.4349365
11514,82.40955353,31.99108887,14.87830162,6.459808826,4.221824646,3459.769109,3,6332.120019,14.25409603,6.704105854,2,146.00354
11515,170.6278076,26.51276398,16.7044239,9.875707626,5.949666977,10236.90519,3,4583.861527,28.30206871,8.484819412,5,131.4694977
11516,170.0906067,32.92872238,22.26426315,8.225401878,4.415878296,10879.43023,1,5080.347664,26.2845974,6.063350201,5,54.46232224
11517,169.5030212,40.26980591,28.56549644,10.24608803,5.620564938,10643.5664,1,5268.151858,27.2070713,9.115361214,5,316.5109558
11518,173.4078827,24.55154228,17.60647583,7.579870224,4.655885696,5012.891249,3,2462.375952,24.47147179,8.283745766,4,57.83560944
11519,121.6833267,30.75235748,17.78257942,9.33188343,5.616637707,1408.97396,3,10971.97115,22.7055645,8.137652397,4,222.7093964
11520,51.82128525,48.82902145,28.80736732,7.865430355,4.522226334,5984.970086,3,26521.20923,17.44298935,6.207687378,4,334.7468262
11521,12.28311825,64.4591217,22.52965736,8.873212814,5.011460781,5911.495591,3,27015.81562,17.53487968,6.470279694,4,336.4869385
11522,106.9478531,24.33518791,17.91268349,8.531402588,5.205668449,3961.034972,3,30303.53358,23.8867054,8.020240784,4,88.46160889
11523,84.84119415,45.34275818,27.9971199,8.714643478,5.043550014,711.8684914,3,23242.90992,20.1356945,7.777258873,4,295.257019
11524,45.86559296,26.81015778,17.32587433,7.86498642,4.839706898,374.9199574,3,3395.423066,17.35275078,7.791333199,2,72.14968109
11525,107.2311707,29.03847313,16.22795677,10.34007645,6.058534145,938.2449261,3,17323.9497,28.96922302,8.128025055,4,143.4142151
11526,116.9539185,34.2064743,16.94970131,8.662420273,5.009525776,889.0874633,3,12302.26394,20.40649414,7.6122365,4,155.4546356
11527,97.17529297,29.20651817,17.67271614,10.90472794,6.113132477,478.7080087,3,17736.05841,26.13087654,10.96701527,4,286.4768677
11528,111.6881866,35.39445877,24.1183815,10.96882439,6.142519951,847.3733838,1,18377.59073,27.59515762,7.737746239,4,338.0968323
11529,125.0364304,24.36530685,15.28036118,9.142351151,5.546330929,966.7669381,3,18698.41928,29.90723991,7.310520172,4,245.0310059
11530,89.9471283,40.04900742,27.72493172,6.963943005,3.94099474,3612.239428,3,29167.25015,17.13519478,6.276519299,4,322.681427
11531,42.86769485,35.30237579,22.49977112,14.6578455,6.647976398,168.0918002,3,15350.82899,27.20833969,11.91708565,4,193.815033
11532,76.60260773,32.23258972,18.61849213,13.0193367,6.301231861,408.7619697,3,15697.95342,25.22982979,11.00253487,4,198.1418762
11533,167.5565033,23.17056274,13.74743938,8.341938972,5.470039368,1626.700283,3,16610.86077,32.22328949,9.458350182,4,233.3541565
11534,25.83823776,44.03861618,24.91370201,10.60804081,5.62187624,3750.279669,3,1148.221108,17.42036819,8.544653893,4,39.69907379
11535,26.2398262,38.9252739,20.03116417,11.03587532,4.914993286,3581.269022,3,984.9929243,19.90148163,9.391221046,4,201.0375061
11536,123.5057449,39.7179184,27.77145767,8.781698227,5.077365875,5196.581426,3,26179.28228,20.63032341,7.492799759,4,313.3397217
11537,46.5435791,53.84492111,26.1768837,8.629673958,4.627425671,4470.227486,3,31452.17114,17.28119469,7.06459856,4,308.744812
11538,114.788414,38.72494507,26.87696266,8.037276268,4.880424976,4501.396871,3,30123.34358,19.65330696,8.921042442,4,296.8340454
11539,111.2294769,33.3878479,17.20349503,7.63244009,4.069173813,1245.57641,3,4151.944342,19.49795151,6.342940331,2,125.537674
11540,25.49782753,40.07247543,19.83509445,11.35154247,5.404815674,3419.809902,3,16.65330775,23.12051201,8.582691193,2,148.1906128
11541,155.3003693,28.48928833,15.64614391,7.765808582,4.979143143,1109.423845,3,17068.22501,23.13666725,11.13909149,4,242.5671082
11542,77.95635223,27.88318443,15.21241665,6.319573402,3.487385273,2294.068155,3,796.5854733,15.66808605,5.98683548,4,205.7099609
11543,134.6733246,28.11110687,16.85447693,7.68480587,4.957465172,1853.727031,3,10299.08186,20.7207489,7.748025417,4,88.66777802
11544,133.4950256,36.35607147,19.00543404,9.262836456,5.124459267,817.8852999,3,11633.2484,20.53733826,8.701799393,4,78.05582428
11545,141.4865417,30.6336422,20.49586105,7.290620327,4.313464165,4504.126351,3,29615.58001,17.7603302,7.941153049,4,94.20536041
11546,143.1961212,39.21009827,28.34863853,7.074256897,4.290816784,4502.437471,3,29081.51004,18.85302162,8.994367599,4,286.6992493
11547,116.9256287,34.9413681,23.38043976,6.54654789,4.322824001,2190.224721,3,22453.04824,15.98270321,7.267519474,4,56.30993271
11548,89.42642212,42.30355072,26.14605904,7.85295105,4.23179388,1330.949166,3,22475.14988,17.51326752,6.666684628,4,291.2179565
11549,70.90327454,35.88561249,19.38068008,10.03973961,5.783799648,1878.600368,3,1483.440862,20.81918716,8.693714142,2,152.051712
11550,133.953598,32.50904846,23.62494278,10.9695425,6.519637585,789.532856,1,14502.24147,31.03796005,11.12669468,4,301.4641418
11551,73.51092529,44.29753494,30.11549377,12.00768661,6.129866123,41.94088988,2,15325.44429,31.24861336,11.96207905,4,17.87870026
11552,24.58720398,32.48628616,23.38505554,9.492678642,6.28602457,255.0690326,3,3995.721823,20.83259773,6.217345238,4,274.8286133
11553,104.6223297,47.34034348,26.71802139,8.683663368,4.696133137,4394.108375,3,30440.1382,18.41018677,9.679436684,4,282.2598267
11554,83.37509918,28.89531136,15.15023613,7.283604145,4.569249153,1488.697764,3,24889.98077,18.27304649,8.203557014,4,138.7517242
11555,90.51604462,32.60688782,17.36683846,7.732713223,4.229510307,3688.026735,3,6585.558386,18.44804955,8.081210136,2,225
11556,78.79534912,46.25640869,24.61922646,11.43725681,5.522547722,3606.443014,3,187.9110727,24.65148735,7.883569717,2,69.01197052
11557,67.00939941,43.15819931,24.62467575,11.25357628,5.785504818,3890.328904,3,471.0710117,24.7267437,8.238780022,2,258.2976685
11558,71.43132782,23.99677849,18.5075798,10.09330559,6.600085258,1274.761499,3,10036.23522,28.03780365,9.675163269,4,202.619873
11559,90.32411194,44.81473923,28.06520271,8.266691208,4.604361534,5400.849253,3,27970.94325,22.32459641,7.025564194,4,58.59289169
11560,103.8792038,34.61687469,25.43429375,7.437140942,4.769015312,4791.190767,3,26821.21425,17.23929787,6.649505138,4,286.9274902
11561,102.4809189,30.2613163,19.12406158,7.532054901,4.512313366,3922.624229,3,31237.26775,19.42912292,8.003564835,4,251.3825836
11562,64.67774963,21.87927246,17.77365494,8.58092308,5.158594131,1274.519615,3,24359.61475,25.5181179,10.02822495,4,118.364563
11563,60.62382889,37.40005112,23.79187775,8.166700363,4.850914001,1474.156115,3,24148.11164,17.68033409,8.795907021,4,297.3213501
11564,42.04374695,56.01438522,23.95901108,7.101054668,4.212159634,1541.788234,3,23746.73787,11.72013664,6.953607082,4,78.40070343
11565,55.92554855,39.32461166,17.96388054,8.62525177,4.872460842,1597.342217,3,1717.38489,17.55851746,6.443731785,2,233.3453369
11566,146.7320557,25.12862206,14.3115797,9.780526161,6.327767849,751.0951998,3,4680.002163,25.87431908,13.99308968,4,218.2333527
11567,77.19197083,35.13646698,21.97452354,9.79990387,5.088449955,2048.308398,3,8374.77393,25.07896805,7.493177891,2,302.2546997
11568,86.7483139,27.61768341,16.99804688,6.564698219,3.857818842,2902.249491,3,9161.373359,19.37378311,6.385046005,2,259.8072815
11569,183.0941772,30.07357597,23.04766655,8.439091682,5.608636379,4993.736579,3,2316.228536,25.04096031,10.11942673,4,50.71059418
11570,58.70386887,54.176651,27.61430168,6.17848444,3.272830725,3536.486612,3,27711.73774,15.56497574,5.067585945,2,317.2905884
11571,96.0448761,50.7657814,27.49227715,8.70430088,4.632800102,2077.280408,3,19501.84859,20.09189224,7.326994896,4,91.63657379
11572,78.0271225,32.87916946,17.75776672,7.962697506,4.522188663,2761.760242,3,19295.30938,18.20041275,6.501196384,4,125.6553268
11573,235.8251038,24.95296478,16.24600792,10.12099266,6.250725746,323.8109248,3,11837.97931,31.53227043,11.87751865,4,236.9935913
11574,30.40467072,30.09176445,15.78772449,6.100137711,3.180470705,3100.099439,3,339.4459811,12.94209099,5.214500427,4,172.1168518
11575,50.47784424,34.91831207,18.87320137,9.573660851,6.900337696,1161.188143,3,2450.388156,16.92969704,8.725110054,4,157.4569397
11576,133.1283569,38.41609192,25.01715469,15.01140785,7.246523857,53.75227148,3,3644.905041,34.26625443,15.26893425,4,73.20162964
11577,96.11296844,34.56921768,23.38269997,7.473258018,4.142896652,6153.43892,3,25579.54985,19.81352615,6.561674595,4,54.66316223
11578,67.50810242,35.41480637,19.43976784,7.10870266,4.936431885,3588.13755,3,32794.91478,14.30369854,8.843785286,4,145.6992798
11579,65.96497345,34.7312851,22.28805733,10.04321003,6.163133621,3375.311403,3,33276.22868,23.97499275,9.677593231,4,101.3323822
11580,62.88640594,37.7351799,24.3883152,8.578073502,5.067093372,3308.698525,3,33332.58775,20.48698616,8.450507164,4,285.3215027
11581,63.73497009,28.39610291,16.06260681,7.410885334,4.579951286,2438.514121,3,25977.42689,17.07222366,8.861614227,2,194.0362549
11582,85.53009796,28.41147041,17.23600769,7.266000748,4.400841713,1734.238683,3,25049.04657,19.23416328,7.073591232,2,65.55604553
11583,66.59627533,37.01390457,18.9547863,11.9526329,6.680342674,2944.789944,3,306.7821102,25.12882805,9.064888954,2,223.908783
11584,93.00225067,33.19485092,20.38436317,11.57488632,6.593169689,9426.165225,1,6364.498896,29.31640053,9.560853004,5,280.4756775
11585,106.3893127,40.77041245,28.43727112,11.33056736,6.053153992,1716.619759,1,13269.30048,30.55195236,9.204703331,4,43.95837402
11586,163.8607635,24.8687973,13.93947315,7.840978622,4.423632622,989.2733887,3,16319.44534,28.81739807,5.928837776,4,223.0041504
11587,158.8555298,28.36878014,15.27929115,8.92862606,4.989064693,2516.935944,3,8351.501029,26.43304634,7.7599473,4,227.5168762
11588,84.56148529,31.56378555,18.58139992,10.3691864,6.030560017,5320.215129,3,6133.649232,26.66257668,9.974123001,4,232.5331116
11589,7.642617226,34.84230423,12.47697449,4.251268387,1.921201706,3438.088728,3,786.9954744,5.641767979,2.806522369,4,99.78240967
11590,74.11682892,24.32475281,15.23749733,9.574077606,5.840473652,5.032419778,3,12959.89275,25.6615696,6.503466129,4,110.4411926
11591,56.48987198,30.65833855,19.99757385,7.294125557,4.614906788,419.3416558,3,13225.87347,16.69121933,8.487522125,4,278.7461548
11592,82.57620239,29.14506149,18.1965065,8.003415108,4.744170666,2260.319364,3,25536.28667,19.04984856,6.406544209,2,76.47683716
11593,75.65151978,37.20198822,22.54360771,7.469461441,4.406756878,3618.201708,3,18820.64254,17.47182083,6.363388062,4,52.23062134
11594,63.92738724,37.64444733,20.65777779,9.032485962,4.628496647,1290.647198,3,2058.288181,18.99505043,7.552751541,2,118.6104584
11595,22.25505257,39.58627701,21.15484238,7.71109581,4.512596607,857.7476333,3,10449.13104,15.35972309,9.027215958,4,231.3401947
11596,109.6667328,28.30281639,18.0583477,10.0792942,5.419600964,3569.656761,3,7679.601889,25.77895927,10.29099178,4,161.5650482
11597,70.45146942,35.95679855,27.2502079,7.791710854,4.468373299,6005.543679,3,25771.29167,18.98949051,6.36560154,4,43.41915131
11598,96.53829193,27.03381157,18.18124199,7.109507084,4.254551888,3031.653132,3,17974.94275,18.69394684,7.05218029,4,244.6538239
11599,22.95706367,33.09272385,18.56693649,6.546665668,3.790534258,101.5712608,3,3000.047792,9.654224396,5.319845676,2,219.2894135
11600,228.9474792,38.28373337,26.37460327,9.84316349,5.819981575,4299.092714,1,10792.62601,27.72371864,8.599912643,4,79.54009247
11601,13.91445923,42.66198349,23.86609077,10.59678841,3.865637541,2430.622413,3,12682.26858,15.43994427,5.350622654,4,85.60129547
11602,199.5991516,37.37753296,26.9642067,9.453412056,5.921993732,2206.88821,1,12760.15815,30.06737328,8.225989342,4,301.6754761
11603,120.8391342,46.54774094,29.01397133,10.10451412,5.167603016,2282.078905,1,12696.97207,28.39708328,7.106837273,4,26.08172607
11604,105.1509094,33.20265961,18.41439629,11.09217072,5.908587933,33.82363871,3,15325.31548,28.99859428,10.5028944,4,72.08041382
11605,40.67948151,29.34339905,18.80020714,8.625059128,4.780425549,331.086682,3,15747.27398,18.62729836,9.197792053,4,231.5569458
11606,72.76941681,25.48516083,21.38529778,11.18057442,6.729765415,4310.771098,3,6841.182505,29.89600754,9.201220512,4,177.4057922
11607,125.8710251,30.26330376,16.03225899,7.523074627,4.4234519,4543.43427,3,1933.188066,19.94563484,7.497904301,4,98.84181213
11608,29.66296577,36.77739334,18.63742447,9.363904953,5.544756413,3557.036424,3,853.7704423,17.17831802,9.561281204,4,81.29006958
11609,49.08413315,36.2913208,20.70636177,10.75428009,6.083266258,1.447053645,3,3910.655228,20.60105324,9.894958496,4,268.1511841
11610,118.484726,42.53084183,26.13992691,8.861958504,4.799139023,1413.481675,3,14057.96093,21.55754471,7.580595493,4,304.1144714
11611,57.62198639,31.33491325,20.15255737,6.282745361,3.394537687,3228.586755,3,27417.29684,17.26309204,6.552182674,2,272.489563
11612,129.0298309,36.48679352,26.05164146,9.370112419,5.074122429,957.239864,1,13138.3988,26.55104637,7.753011703,5,45
11613,128.4124756,28.73582077,15.64431763,9.88718605,5.398741722,1114.871903,3,13246.89509,27.6944809,9.162861824,5,112.5205688
11614,26.61418724,23.53898621,15.44788933,5.835231781,3.182783842,3784.981766,3,7146.648108,12.90624809,4.107307434,2,65.42393494
11615,137.6218567,26.39681053,16.0217514,7.224007607,3.918442965,1180.61479,3,4163.39291,20.37703896,5.707313538,2,53.88066101
11616,32.38684464,36.40211487,20.61175537,11.41046238,6.934883595,3039.644733,3,378.8347399,22.48091698,10.19252968,2,160.6936951
11617,66.91169739,33.1408844,22.80999947,11.66930962,7.547672272,3074.740496,1,377.6162113,31.68324852,10.1817379,2,329.4960327
11618,77.26501465,48.88503265,24.9173317,10.35541821,5.765087128,3421.696466,3,7.119317663,26.43603897,8.146789551,2,301.8659668
11619,133.3198395,42.28128815,30.55207825,9.900415421,5.857862473,6358.064509,1,8895.366099,31.86268234,7.479130268,4,27.66094398
11620,33.42533875,50.55791473,23.97590256,13.37810612,7.334280491,6550.053307,1,8836.715157,23.14331627,11.56761169,4,308.40448
11621,59.49097824,32.78944016,17.8948288,9.909864426,5.302898884,141.7020174,3,13056.85323,23.16073036,9.583098412,4,132.1304474
11622,55.50953293,38.40739822,27.87199402,11.79373169,7.168265343,97.6247351,3,12364.32169,29.62390709,9.711667061,4,23.86595917
11623,110.6427231,42.72338867,28.71055412,12.45835972,7.448978424,238.3947469,3,12092.54609,29.23896408,10.60496902,4,30.84132957
11624,155.0845795,33.50220871,22.70822144,10.68776321,6.286703587,4177.979024,1,7557.882919,30.56687737,8.43249321,4,320.3977661
11625,59.72013855,41.64370728,29.48893356,10.387043,7.142466068,4387.941948,1,6993.681185,34.17250061,8.531856537,4,345.6506653
11626,8.616724014,38.88131332,18.63714981,6.202575207,3.046106577,3310.939419,3,606.5298088,8.613105774,3.892385483,4,230.6196442
11627,125.8970108,26.38562775,17.98106766,8.683831215,5.35359621,3511.54799,3,31970.38869,24.72473335,9.077793121,4,211.1389771
11628,46.51600647,37.0303421,20.18538666,7.272388935,4.293813705,1412.048803,3,23476.62214,13.82152367,6.40898037,4,258.2316895
11629,99.26798248,29.66539764,19.72298241,9.046516418,5.662633896,2791.460025,3,7783.480875,24.09279823,9.822541237,4,108.7257843
11630,81.88309479,36.08184052,22.29645348,9.694927216,5.946771622,2270.605,3,7725.493652,23.40849876,10.6776638,4,275.2283936
11631,142.2393799,47.04514313,29.01421356,9.741143227,5.732880592,708.4095325,3,11260.02911,27.74205208,9.875786781,4,317.0287476
11632,100.8241272,46.46986389,27.50249863,6.563626289,3.652528048,3807.244425,3,29474.21256,15.36849976,6.154410362,4,42.66737366
11633,29.53939247,44.61489868,24.54523468,7.530584335,4.127608776,1651.23487,3,24504.10212,14.74944305,7.684537888,4,271.0809326
11634,88.82283783,33.10688019,20.64387512,7.652528286,4.627459049,2821.483588,3,20286.17886,20.15816689,6.480261803,4,87.27368927
11635,104.9347458,24.73900414,14.9782505,7.340706348,4.808004856,2783.778421,3,16298.20343,21.59464645,7.468798161,4,247.9189453
11636,146.6480255,40.22560501,27.56585503,11.06770802,7.062324047,2660.201368,1,12345.07101,31.93665695,8.944756508,4,321.34021
11637,92.73106384,26.74407005,19.2799015,12.50592232,6.586777687,988.4925649,3,7397.84037,28.33690643,9.453481674,2,195.6286163
11638,153.0657196,29.6662693,17.92135811,10.20931911,5.672531128,1532.568247,3,9796.196113,24.09018135,9.008347511,4,209.5778351
11639,85.75012207,35.94453049,22.2751255,9.438976288,5.327383518,4293.110479,3,28506.76715,23.00783157,8.157629013,4,68.27894592
11640,62.93216705,39.70947266,28.3610363,10.57404137,6.411734581,2947.949546,3,32511.81463,23.0839901,8.701230049,4,258.6900635
11641,90.75035095,45.03692627,28.40626335,7.375348568,4.350045681,3802.564737,3,16962.36358,18.75895691,6.78862381,4,63.43494797
11642,93.40673828,33.62607956,20.2416954,6.794499874,3.761180639,3433.805866,3,16451.53029,15.21147442,6.048237324,4,241.0549469
11643,105.8432159,26.52937508,17.21322823,10.97462082,7.027466297,2958.18526,3,12174.75953,30.98448372,10.92821693,4,118.9336014
11644,27.84767914,55.53721237,28.37144852,11.13380241,6.122359753,936.6433844,3,10543.40061,22.13173294,7.475790024,4,16.74197388
11645,32.63519287,59.50486374,24.90379715,10.73993397,5.369167805,1300.284254,3,10322.6311,18.90186882,7.973001957,4,32.98796082
11646,56.30532837,36.48045349,18.3118,24.12107849,11.28016758,2.831323967,3,6389.5956,33.47329712,17.69539452,2,98.40149689
11647,23.16955376,39.04319763,24.99955368,11.34185696,6.863527298,150.5905848,3,6550.403953,16.71199417,13.26544666,2,271.5481567
11648,69.50653076,44.77761459,27.24559402,8.569664001,4.551519871,2843.36858,3,8988.299401,18.8061142,6.781540871,2,315
11649,75.87469482,21.72841263,14.19700623,5.862792969,3.774188042,6328.209461,3,24671.85048,16.04772186,7.438765526,4,194.7435608
11650,76.5078125,34.54416275,18.96167564,10.49141979,5.283099174,2973.198457,3,8464.796668,27.05430222,9.225683212,4,89.06080627
11651,149.0098877,28.28372192,15.25902653,10.72014141,6.046638966,7528.408828,1,7940.080356,31.00160789,8.666176796,4,116.6668243
11652,177.7491302,42.75895691,25.88959694,11.26696396,6.430252075,7897.228738,1,7483.27997,29.80355644,8.984427452,4,95.61220551
11653,166.2362366,54.33394623,29.42467308,9.463703156,5.244645596,681.1921992,3,11849.27058,28.26332664,7.86649847,4,313.0474854
11654,72.20444489,45.24136353,25.89240456,8.109280586,4.807579041,3457.552634,3,466.9865967,18.2196331,8.324755669,4,69.2612915
11655,79.88975525,37.16968918,24.91346169,5.368832111,3.168247461,553.9532613,3,4500.710769,11.94756222,6.085567474,4,249.9439087
11656,116.3601227,45.11214447,27.70429802,9.399873734,5.101418018,1202.194323,3,7355.834674,24.39186859,7.43924284,2,325.7993164
11657,147.5818787,29.41713142,17.90888786,9.261753082,5.622402668,1238.849642,3,18399.67395,22.88807678,6.786364079,4,216.601593
11658,68.23770905,29.31856346,16.92053413,6.811414719,3.802932978,1839.758497,3,1617.284509,15.98777962,6.305263042,4,187.594635
11659,76.90445709,32.09780121,18.75389099,11.33371353,6.111721992,546.0257065,3,5439.72296,24.75818443,8.885669708,4,203.8186493
11660,75.63572693,45.4429245,28.22217941,9.7212286,5.153973579,2053.523786,3,8061.705705,23.33941841,7.176906586,2,307.9966431
11661,93.39008331,29.05802345,16.4614315,8.631111145,5.11745739,2199.986381,3,8348.107557,23.95209312,7.182621002,2,252.6810608
11662,18.03339386,34.09728241,22.06620216,8.392397881,4.438412666,152.6285338,3,3274.370578,13.06914043,6.8884902,2,55.82300949
11663,63.52630615,31.61276627,21.95151901,12.65995121,7.244781017,7042.320994,3,8279.851879,30.37914467,9.679224014,4,102.060318
11664,99.54594421,28.04499626,16.98690224,10.84059906,5.843053818,281.1147022,3,16565.9893,26.59775543,9.442810059,4,171.0643921
11665,63.78971481,30.70069313,15.85534763,6.32932663,4.078773022,855.6252879,3,2839.277093,14.51041985,5.607933044,4,246.5713043
11666,69.11833191,28.13388062,19.21252251,12.27243423,6.620957851,1702.435058,3,24728.96399,28.04804993,12.33777142,4,90.42219543
11667,65.81705475,32.37361145,15.32163715,7.894242287,4.146335125,1997.053116,3,25274.18799,16.75039673,5.887695789,2,157.7484131
11668,27.49998283,37.18735123,19.93876076,11.7042675,5.321075439,2654.741174,3,757.9442053,25.62489891,8.504183769,2,162.3640442
11669,45.44363022,52.27505493,25.69275093,14.46435738,7.240308762,2636.238841,3,818.2782696,29.960989,10.23778152,2,322.0227966
11670,92.76072693,32.1288147,19.08546829,10.49933624,6.610848427,4127.952718,3,564.514305,20.7076416,5.912734032,2,145.7843018
11671,117.7716599,29.95380783,21.47863388,9.893558502,5.862026215,6734.006927,1,8523.191323,32.27632904,8.528679848,4,306.085083
11672,49.83852005,23.95100021,13.64546585,7.913216114,4.179965973,6174.245844,3,26030.63372,19.36354828,6.173970699,4,68.99813843
11673,104.5840378,31.77421951,16.80956459,9.696725845,4.944307327,2604.91881,3,9030.053929,27.42942619,7.612446785,4,146.5466919
11674,176.8468781,25.05721092,16.05848122,7.635104656,4.841921329,7290.752696,3,598.4175827,26.03966331,6.873482704,5,245.6177673
11675,158.562973,28.81633949,18.58732986,12.1196003,7.468625069,929.9817226,3,14231.06962,32.76099014,12.1873436,4,87.87890625
11676,182.5322876,26.68619728,17.00670052,8.776039124,5.360526562,1216.860013,3,16810.14287,28.6805687,9.481059074,4,231.8817291
11677,115.04953,29.35079956,17.61919785,10.69642067,6.518984318,575.8902263,1,12725.24482,32.92893982,9.377929688,4,286.7206116
11678,147.9855499,33.33082199,20.11311913,11.70532703,5.992550373,1112.997493,3,11256.69156,29.04459953,10.9043169,4,92.66921997
11679,132.4432983,29.07076836,24.84222984,8.690893173,5.399347782,5034.447658,3,6721.784102,25.84560204,8.210396767,4,39.09386063
11680,140.6792908,33.35570526,20.64524078,15.77768326,9.515084267,182.6229472,3,3618.798505,44.07130432,15.23481655,4,83.83795166
11681,76.16809845,34.42567825,19.53165436,12.25335693,7.289431095,713.4130319,3,5164.65164,27.75436783,10.56930637,4,80.21139526
11682,130.6853943,30.95338058,19.79122925,8.834929466,5.039652348,753.7096973,3,6672.946088,21.30464172,8.330612183,2,278.6809082
11683,108.0378571,31.52223206,16.46532249,8.637197495,4.57734251,805.3874595,3,11832.82828,22.02517128,7.757758617,4,174.2454376
11684,125.874054,26.94145393,18.40659523,7.75244379,4.654196739,3806.990272,3,26950.38524,19.22340202,8.158043861,4,115.4268723
11685,87.94515991,20.72377968,12.89347553,7.274774551,4.963706493,3253.31178,3,17628.15648,22.67645264,6.813358784,4,237.8042603
11686,219.6704254,27.8890152,16.61982346,10.76810932,6.052390099,1338.629813,3,10551.70644,28.36987877,9.834683418,4,220.5583496
11687,185.0830841,28.44128609,19.22786331,9.670751572,5.784083843,2299.263057,3,9378.89166,27.34708595,8.273561478,4,62.24145889
11688,82.54812622,29.748703,19.11592674,9.417931557,5.53605938,1512.173651,3,14611.66128,30.98846245,7.447495937,4,241.8583984
11689,66.53845978,28.21725082,18.86680984,9.062516212,5.231779575,2703.064114,3,8689.616857,25.24138451,8.759880066,4,194.2810974
11690,71.13982391,25.78113174,18.23480606,9.184672356,5.688344479,3247.443811,3,8222.736076,27.13764,7.933844566,4,195.447403
11691,332.5932922,31.98947334,21.58039665,11.04355145,7.235585213,7107.407261,3,4541.530667,30.82968521,11.35449696,4,288.8609314
11692,82.32791138,28.54692841,21.64344978,7.688754559,4.879305363,4039.819901,3,30122.78568,21.60472488,7.610406876,4,282.7834473
11693,146.6821899,28.69247055,15.0057745,5.789617062,3.645434856,933.5089529,3,4029.779341,16.81186867,5.255586624,2,101.3099365
11694,66.62136078,35.12458801,19.69468307,8.542962074,5.156103134,677.8602718,3,2642.948759,17.53005028,9.314588547,2,245.8544617
11695,60.11486435,37.81710434,18.1126442,13.24546146,6.563809395,1471.692031,3,15356.24485,23.58403587,10.90022087,4,108.7666168
11696,88.68941498,33.06916809,17.52922058,10.05799389,5.566469669,1115.61317,3,15065.73113,27.98093987,8.959002495,4,256.8659668
11697,175.1663055,34.19039154,24.23252296,9.644330025,5.391133308,4733.019998,3,1921.944946,24.48340416,9.840098381,4,39.55966949
11698,6.958695412,70.80950928,12.84943104,5.544439316,2.420320034,3512.938213,3,738.0602491,8.5257864,3.61351943,4,267.1375732
11699,139.0315704,44.5032692,27.88084793,9.203211784,4.94572401,4436.556192,3,1581.949255,22.29419518,7.55563879,4,71.56504822
11700,78.45039368,31.77822876,16.94470024,6.932823181,3.888511181,4259.374094,3,29634.32115,17.14752197,7.093212605,4,145.9228058
11701,102.9380112,31.10020638,16.64479065,8.293254852,4.565899372,2924.3061,3,26531.79907,20.91560364,7.597072601,2,86.5286026
11702,111.0855179,48.10291672,26.47622108,7.830344677,4.279913902,3266.455226,3,20330.2984,18.46629333,7.223118782,4,45
11703,77.45083618,49.97765732,28.11016083,8.62707901,4.827012062,3284.576406,3,19198.99597,21.04170799,6.638730049,4,287.2622986
11704,76.23217773,29.58544922,21.1773777,5.956553936,3.286505938,3231.202453,3,19906.12562,17.91005707,5.333786488,4,52.12935638
11705,75.5134964,41.19754028,24.10291862,11.13007641,5.674268246,2817.062092,3,601.4435405,26.0009594,8.531152725,2,275.9061279
11706,127.9101639,31.22423553,15.93691254,8.848591805,4.606845856,9813.847761,3,3689.469039,23.27654839,6.974874496,5,153.454071
11707,81.04725647,29.37712097,18.1428051,8.171943665,4.175804138,78.29132083,3,15329.13062,20.62552071,10.92025948,4,82.33319855
11708,160.8131714,33.39305496,21.21322441,9.317783356,5.403810024,4545.348927,3,1605.960977,23.53029251,9.319413185,4,75.37813568
11709,154.2815094,40.26083374,26.13741684,8.589159966,4.974053383,4376.459699,3,1360.322189,20.95637512,9.333747864,4,285.3501587
11710,52.57225418,29.05924034,20.34142685,9.777219772,5.693431854,2262.757679,3,1142.84167,25.07299423,9.555906296,2,162.3946686
11711,58.38738632,34.57958221,18.06226349,14.36308765,6.667054653,2394.507588,3,1069.464088,29.16879654,10.00376701,2,312.2488403
11712,100.19133,27.17303658,16.65711021,7.63804245,4.659270287,9186.714066,3,2891.170468,21.48477745,7.232934952,5,160.0168915
11713,32.54395294,32.71193695,20.53237724,7.967737198,4.339722157,1604.859717,3,10452.62948,17.99520493,5.634230614,4,91.49433136
11714,103.6096191,49.99790192,28.7640419,9.656924248,5.271290302,2174.293606,3,9892.667733,24.51671028,8.261882782,4,28.67505074
11715,66.27846527,34.58714676,18.27588844,12.93795776,6.775927067,74.92610754,3,5882.166944,26.65236473,9.780525208,4,124.0681229
11716,72.55182648,34.51154709,19.09932518,11.22146225,6.132024765,38.70194078,3,12413.13751,23.79860687,9.51999855,4,123.811203
11717,108.0601654,38.65542984,23.39141464,11.05429268,6.63653326,685.3959169,3,12646.14712,26.36933136,9.880282402,4,292.6937866
11718,100.1895065,43.2599411,28.03805733,8.854888916,5.325414181,1337.805971,3,13146.87991,22.47867775,7.953620434,4,43.09156036
11719,116.5279007,31.50769043,19.03853607,9.354454041,5.155294895,1597.915663,3,13721.56589,22.45430565,7.779103279,4,259.9351196
11720,95.42627716,22.84827805,14.77100658,5.330914021,2.823568821,5838.772405,3,22886.26504,15.45423222,5.385909557,4,149.3493347
11721,110.7123032,34.74150085,22.53676224,9.177000999,5.0143857,5505.590846,3,25915.61324,20.90406799,7.769238472,4,81.86989594
11722,113.6130295,28.51672363,15.9508934,6.014196873,3.742648363,350.025637,3,3658.451759,14.80159569,6.717088699,2,78.29275513
11723,76.78237152,34.08481598,18.4986515,11.226161,5.375662804,2999.111148,3,424.4642432,28.52709198,7.86811018,2,247.4964752
11724,158.6516113,34.33977509,25.30030251,10.22660255,6.709756374,6064.681439,1,9135.718701,30.95054245,8.9608078,4,296.1923218
11725,38.39799881,39.24520493,15.39805412,14.07890129,7.829577923,70.82508874,3,15594.6809,21.91401863,14.68680477,4,220.0302582
11726,97.57859039,21.07118416,18.881073,7.867286205,6.329792023,1229.751124,3,16496.34431,29.88053131,6.092529297,4,263.9667358
11727,80.41388702,53.16688156,28.47986603,11.07820034,6.162881851,3036.627666,1,8743.253082,26.76275635,7.827963829,4,316.4441223
11728,115.292366,24.35650444,14.19876575,5.389165878,3.201520205,5511.976472,3,22060.83717,16.17989922,5.481515884,4,244.212677
11729,58.14206314,30.58164978,18.49151993,13.37332153,8.174500465,1963.68877,3,24939.64675,27.71624565,11.28775501,2,130.3076935
11730,90.75807953,36.31238556,26.43627739,8.426259041,4.923504353,2242.814595,3,24909.44621,20.74698067,7.491016865,2,313.8468628
11731,103.3731079,30.23151398,17.6668911,12.49363041,7.705070972,355.862065,3,12533.42028,31.11741447,13.71947098,4,58.01825714
11732,160.8244324,31.60360146,15.71882343,10.38958454,5.412490845,621.4678423,3,11461.91097,31.25444221,9.328244209,4,251.5650482
11733,159.7199402,28.7366581,19.9912281,9.854893684,5.9091959,794.7610491,3,14622.8363,33.94887543,9.032970428,4,70.93080902
11734,132.2889557,30.42992592,15.2923727,8.261915207,5.443130016,762.5548696,3,17111.25157,24.77059174,11.14045048,4,264.0938721
11735,136.9633484,28.66912651,18.00206375,10.20422268,5.831489086,592.0124656,3,16604.22374,29.03985977,10.18448544,4,197.1027222
11736,36.86262512,30.41798973,22.1749382,12.08151245,4.543258667,2301.942327,3,9241.971893,22.62875366,7.952600956,4,189.6887817
11737,28.38788605,42.94685745,26.62940598,11.9771986,5.873552322,2419.380274,2,9328.747052,22.16594315,8.374550819,4,342.2995605
11738,29.97638893,32.39889908,20.38266754,7.088110924,3.472900152,1905.523198,3,23813.19197,15.23505592,6.201438427,4,223.1523895
11739,39.13899994,54.87120438,28.69458771,8.77456665,4.557799339,3262.188207,3,8432.756786,22.86994743,9.509336472,4,25.92138863
11740,87.88990784,32.35323334,18.01938438,9.918958664,5.431631088,359.2768911,3,16663.74106,23.07321739,8.472251892,4,146.4779053
11741,69.42475128,28.29422188,19.08013153,6.961681366,3.758646488,3884.620231,3,32617.04347,18.54264259,7.22377491,4,76.53479004
11742,64.71863556,30.97237396,16.15378189,10.06049824,5.190509796,4167.623028,3,32491.5927,21.22226715,8.494860649,4,165.0549622
11743,77.30867004,49.83399963,28.97453499,9.602311134,5.129618168,2226.077875,3,24550.07192,21.23579979,8.144320488,2,33.80993271
11744,41.4305191,37.69251251,20.59974098,12.93953514,7.207969189,1867.178248,3,24290.50062,23.18343544,12.10810089,4,206.861908
11745,94.02788544,36.43873978,22.10220337,8.030940056,4.496560097,3024.005489,3,16350.02252,18.48200417,6.422560692,4,304.8973694
11746,143.8240814,23.30232811,17.20209122,11.85739231,7.172116756,145.3535579,3,11834.9429,34.87095642,11.75881863,4,217.0398102
11747,135.0443573,33.17357635,18.18751144,10.32255077,5.592699051,239.4898559,3,14718.65343,25.81174088,8.892224312,4,164.3577576
11748,57.64432526,33.32709503,18.49201393,10.62627888,7.054712296,131.3819261,3,3829.525121,18.2527771,9.816456795,4,225
11749,57.07218933,26.18727493,15.34238911,6.663994312,4.567088127,666.2000244,3,4626.920659,13.6368494,5.820334911,4,246.3179169
11750,27.38765526,37.43493271,15.1505146,8.211091042,3.916371107,265.089738,3,17194.02764,16.01064873,7.109101295,4,294.243103
11751,85.60341644,28.0623188,15.63958836,9.763846397,4.977184296,1930.210106,3,14059.02803,23.46217537,8.040000916,5,123.5649643
11752,75.05513,47.70912933,26.01526642,7.096081734,3.667339802,1806.873972,3,13960.61367,18.49770164,6.072089195,5,67.38013458
11753,78.63269806,30.14491844,23.25832367,11.04466438,5.599518299,265.4159347,3,15194.69828,27.75319481,11.56526566,4,41.65534973
11754,144.0357971,42.52814865,27.64504242,9.246935844,5.084976196,1428.883863,3,11173.77919,25.45824623,9.723269463,4,75.86383057
11755,146.3275757,29.40472031,16.94034004,7.933577538,5.113868237,1807.713987,3,9364.593472,22.61919594,6.96580267,4,96.86224365
11756,100.5416794,32.78306961,17.88865089,8.323314667,4.361999989,2104.944368,3,7782.362761,20.2283802,6.748634815,2,182.2029572
11757,78.23709869,32.61288071,23.21116447,10.70052624,7.125703335,91.47066662,1,16722.58299,27.49202538,11.69031239,4,296.7749023
11758,68.88682556,40.26768875,29.58704948,11.92346573,7.171075821,389.0632593,3,17060.86227,31.59669685,9.326815605,4,27.75485039
11759,41.39378357,28.41503906,17.02504349,6.816036701,3.509560108,528.1370043,3,17368.20747,17.03383446,5.835863113,4,230.3893127
11760,175.3430786,33.17900848,21.54135895,12.21847248,7.018177032,522.3316854,1,12523.77844,33.91797256,12.42318344,4,46.15733337
11761,103.9268799,33.69355774,17.2856617,18.23362923,10.54321671,795.8835837,3,3016.297825,38.34699631,18.26590347,4,159.5870056
11762,118.4748306,39.27923584,24.89692307,9.112656593,5.362653732,1195.374508,3,13292.12699,21.40717125,8.312468529,5,56.76828766
11763,80.86138153,38.23645401,22.01231766,11.42044353,6.215353012,2502.376726,3,914.7946214,24.37330818,8.964383125,2,238.72229
11764,10.27123451,20.77611351,17.94083595,3.154213667,1.770555973,418.4038748,3,16946.81093,8.356648445,2.117394209,4,211.1966553
11765,199.6116028,37.39339828,25.66926003,10.04007816,5.24751091,3519.799338,1,9149.504079,27.45682144,8.430877686,4,296.8219604
11766,233.0850525,22.10256577,14.92236519,9.516882896,6.353056908,6322.706016,3,3765.453691,32.92066956,9.48658371,4,223.4518433
11767,124.6659698,32.80378723,18.82845879,15.99994278,9.390976906,605.2379007,3,3355.347111,34.68835831,14.74033165,4,81.02737427
11768,80.67858887,30.06045341,18.83572006,9.236579895,5.425884247,3830.854244,3,33352.57333,22.37167168,10.38856125,4,251.7711487
11769,60.73893356,29.36753845,17.00927353,9.195055962,5.072306156,4035.570432,3,32914.65673,20.11654854,9.560143471,4,115.8754501
11770,88.76007843,31.37452507,17.20112038,8.939234734,5.038677216,3542.931079,3,27084.97944,19.44425201,7.839555264,2,133.4088593
11771,14.94592381,46.27639771,22.6871357,11.87294292,8.188551903,20.46055625,8,15573.12461,16.21482468,11.84151363,4,196.9444122
11772,121.4403534,53.29195786,28.45384407,10.05846405,6.26267004,327.3835539,1,16041.35434,26.49489784,11.61450481,4,316.5693359
11773,28.36664772,39.06713486,23.19441414,11.33939075,5.358643532,171.7014971,3,16700.84941,16.78068161,6.795493126,4,34.47921753
11774,107.4151306,41.08493423,28.28063011,9.055868149,4.910698414,1748.923054,3,13913.59803,21.22209358,7.666819572,5,60.36721039
11775,89.47576904,33.28200912,19.60411072,10.49561405,6.627151012,2909.121544,3,8204.646452,26.48428345,9.037576675,4,264.1505432
11776,139.6392212,50.8108902,29.39093781,10.02523136,5.52837801,2959.724644,1,9674.503126,27.2784729,8.861704826,4,27.8972702
11777,87.03849792,26.33325768,18.4031105,6.564290524,4.122609615,4430.124283,3,32355.46884,17.7168541,7.135754108,4,86.34777832
11778,72.38697052,30.41067696,17.36701965,6.894293308,3.619798899,3977.817517,3,27740.50177,16.38525581,6.016648293,2,140.7106018
11779,152.3811493,28.70752144,21.56742859,7.253077984,4.402792931,3586.994501,3,23210.12104,17.96476555,7.956262589,2,269.0206299
11780,167.9948273,30.16558456,17.1106205,8.859681129,5.251768112,804.3637809,3,11078.28823,23.71992683,8.193840027,4,130.9143829
11781,78.83058167,45.51112747,25.00632286,10.37635803,5.911968708,1828.213483,3,1613.322688,24.90442276,8.846701622,2,297.4801941
11782,23.26433945,65.55603027,21.61520386,11.52270031,5.145417213,157.8005977,3,15457.93453,19.31070137,7.745799541,4,27.58202744
11783,35.23977661,32.53130722,14.1103735,5.331411362,2.736399889,716.4613579,3,17247.32712,12.73604679,5.691606522,4,264.6390381
11784,122.8596573,30.2175808,17.42855263,8.811229706,5.549848557,1662.320066,3,14286.138,24.85041428,8.128005028,4,112.7040176
11785,138.4885864,28.5832653,17.27597427,6.918995857,4.438908577,1196.845935,3,4365.737457,18.25809479,6.218075752,2,59.03624344
11786,195.9554138,25.31154251,16.94927979,9.014945984,5.430792332,7851.166371,3,775.3972382,29.2455101,7.749414921,5,142.2243195
11787,189.7003632,23.3713131,17.52553368,5.371961117,3.251355886,8958.81233,3,2446.669797,21.53364754,5.266042233,5,81.25383759
11788,177.2378998,24.12435913,15.52874565,9.372158051,5.756636143,3799.71445,3,11334.2833,31.33177376,8.319295883,4,132.1612091
11789,116.3564224,28.63677216,19.11599541,10.51168346,6.637834549,3141.91569,3,11848.06095,31.27017212,9.425170898,4,282.3032227
11790,24.29566956,42.04137421,25.31011772,13.56552219,6.694509506,224.9524888,3,16754.97981,17.41381836,9.989768982,4,44.37040329
11791,152.4800568,26.75147057,20.98633575,8.135972023,4.881245136,5656.547594,3,6788.057958,25.3740406,8.501721382,4,47.41950989
11792,56.02160645,28.51901436,15.86299515,7.40034914,4.230491161,466.7459337,3,4439.625655,14.99703217,5.539798737,4,267.6040649
11793,85.20931244,24.93281364,14.54110622,7.519354343,4.709434509,3575.388453,3,17781.25076,17.45467377,8.177199364,4,265.8553772
11794,49.96672058,25.96326065,17.9448967,9.559812546,6.645348549,2502.48026,3,8673.29026,25.91952324,7.081903934,4,98.37866974
11795,98.6762085,30.56803513,19.20106697,11.63354683,7.603918076,3594.603102,3,11450.53609,31.80505943,9.5089674,4,88.70713806
11796,65.86122894,38.42578125,16.07896042,9.408198357,5.324681282,141.5394359,3,13542.17782,17.3801651,9.594993591,4,74.44827271
11797,148.9172974,31.44407654,18.0832386,11.0680685,5.556502342,725.1878212,3,12993.51016,27.91486168,9.467370987,4,248.1811218
11798,122.3869171,42.9188385,30.10638618,9.176877975,5.179524422,3117.427302,2,9219.362605,26.94178391,7.211200714,4,25.62586212
11799,156.4667358,34.44852829,23.81481361,8.05635643,4.453923225,3010.197595,4,9417.486345,24.22823143,8.154140472,4,304.4792175
11800,148.1221771,36.68872833,23.91389656,10.16473198,5.803452492,3918.045221,1,8730.957635,27.93097878,8.578225136,4,44.47914505
11801,117.2291336,28.59933281,16.50019264,8.705513,4.957131863,9946.993716,3,3453.146943,27.11963272,8.028982162,5,69.39373779
11802,147.600647,30.30891991,17.64902496,11.04214954,6.081692219,7236.953635,3,5107.446165,28.87594032,9.036137581,4,195.255127
11803,150.322937,29.32596207,18.14958572,8.8745718,5.519787312,1402.568737,3,18229.66439,25.52830124,8.566198349,4,276.2434082
11804,125.2046509,28.149086,19.00914574,7.42364502,4.964065075,3902.20179,3,17855.63036,19.60045624,8.218164444,4,264.1304016
11805,82.9619751,36.32567978,20.66148758,10.43846416,5.935125828,3018.342873,3,500.6131896,23.56445503,8.199691772,2,147.7712402
11806,94.27026367,37.88293839,20.08952141,10.83070374,6.125886917,3266.712633,3,338.2017492,23.23894119,8.704358101,2,251.5650482
11807,133.7977905,38.01906204,27.98779488,9.387584686,5.341026783,593.853284,3,12098.65718,26.65764046,8.664552689,4,28.56300354
11808,102.9702377,32.49214554,17.8150425,10.77142429,5.891857147,526.0950262,3,11293.79834,26.12807465,8.389676094,4,162.6459656
11809,82.34996796,45.51281357,28.25082779,10.19125843,5.733555317,3993.750757,3,32117.13426,21.23883629,9.736042976,4,61.14072037
11810,69.41218567,25.317976,15.91625118,11.10151196,6.235737324,2617.983409,3,25744.47639,25.15139008,8.898622513,2,170.8956757
11811,48.7602272,22.30239677,13.36404133,10.98365116,6.329735756,2472.897758,3,25418.36302,28.36855507,9.184997559,2,124.9344559
11812,205.2602844,31.61105347,25.01405525,6.760372639,3.90114522,3900.52499,3,25065.00606,19.25079346,6.775729656,2,43.32751465
11813,46.80895233,33.72669601,19.29282188,8.613432884,5.254440784,2801.155645,3,14922.08326,17.36429024,9.518538475,4,161.1084442
11814,129.5714111,26.07573318,16.51914024,9.103580475,5.635231972,6485.080084,3,5748.968007,25.10346222,9.547472954,4,241.460022
11815,63.78094101,40.29727173,24.6507473,10.27097607,6.705539703,2956.966313,3,194.1189436,20.22352409,12.69975662,4,43.33900452
11816,62.05448151,37.93118286,22.92194748,6.558401585,3.678786755,2580.024598,3,1050.555357,14.05615807,6.033331394,4,45
11817,69.59059143,25.71222305,19.19255638,10.99151707,6.597660065,3915.896383,3,33524.82926,25.77339172,11.7685442,4,185.4205933
11818,105.4463577,32.62195969,21.94266891,8.24971962,4.552409172,4353.215986,3,32561.29032,21.24606133,7.943644524,4,250.64534
11819,90.58197021,43.17205429,26.49541855,9.341486931,5.702800751,4265.201817,3,33481.27874,23.61568832,7.745727539,4,315
11820,64.99871063,30.4793911,18.36968231,6.947559357,4.303805351,4595.866041,3,31483.96492,17.1167717,8.199180603,4,246.8014069
11821,198.8366241,23.3930912,13.86926079,9.296204567,5.638798714,1169.192884,3,10632.33661,31.70823097,8.964333534,4,236.8222504
11822,151.4192352,26.73616028,16.41215134,9.431797028,5.32831192,1971.879814,3,9502.533208,29.26695633,7.050291538,4,128.1029358
11823,149.1363525,17.59424019,12.79156017,5.580171108,3.677119255,8988.870038,3,2253.271668,23.23000908,5.852536201,5,103.5231628
11824,109.7034302,20.98122597,12.57337856,9.196455956,4.846850395,10521.77282,3,5236.182996,27.08507347,7.985620022,5,89.27477264
11825,155.8067322,35.73707199,24.42041016,8.856624603,4.64731741,10574.47502,3,5122.259272,26.05613136,7.638575077,5,66.20922852
11826,145.796814,52.40110779,27.63785362,13.27910328,7.249742985,739.9202497,1,15131.60582,31.98173523,11.37580585,4,42.35921097
11827,148.8771362,27.86869812,18.23416519,9.403630257,5.533435345,2123.034123,3,18411.40887,24.69980431,9.446404457,4,222.7093964
11828,47.5487709,50.14273834,24.33078384,6.98647356,4.165712357,2925.200677,3,15070.90611,12.82584763,6.401333332,4,51.80905151
11829,59.87670135,42.49143219,23.02440834,7.059113503,3.659843683,2173.59783,3,14358.57153,15.45091152,5.917043209,4,307.673584
11830,142.6622009,41.16657639,28.8331089,9.990799904,6.034276485,11051.14672,1,4751.915645,29.86364174,8.367944717,5,318.1548462
11831,229.8106689,26.3892746,15.81163692,9.550039291,4.600028038,4127.009083,3,11023.05721,28.7427845,8.343864441,4,67.91132355
11832,258.8456421,35.23613358,25.41318321,12.26500225,6.827527046,1385.262926,1,14488.24537,33.65208435,10.8226862,4,303.9213867
11833,89.11953735,34.73856735,23.40625763,10.60733509,6.586238384,353.8547763,3,16325.89095,24.45762062,11.61914349,4,63.43494797
11834,73.19860077,30.05204773,19.1477356,9.895800591,6.935629845,3141.841491,3,219.5800098,21.86922264,13.78291893,4,94.08561707
11835,80.54145813,30.68093109,21.85216522,10.13197517,7.64053154,9668.573828,1,5975.066629,29.93391991,9.034035683,5,244.4059753
11836,166.684082,27.6915741,17.24467659,8.924061775,5.370055676,8803.755853,3,6437.665789,25.5368576,8.684724808,5,99.46232605
11837,249.6669312,29.24221611,18.30471611,10.73423386,6.27809,2042.840786,3,14153.42657,30.54180527,9.87283802,4,114.1022339
11838,30.44545555,47.37372589,30.92660141,6.974095821,3.655312061,2211.54922,3,24011.9202,14.46843243,5.599607468,2,15.58317947
11839,102.283493,25.14665222,17.29378128,5.760507107,3.586302519,2849.097403,3,15949.52314,18.03928947,6.932995319,4,55.53918457
11840,102.3258209,35.12779617,17.02323914,6.126767635,3.704943657,2870.670529,3,5927.351598,14.17930317,6.321828842,2,207.349884
11841,60.08806992,37.84664154,21.87075424,10.34234333,5.559262753,10403.14286,3,3676.475302,26.0371685,7.165620804,5,67.97695923
11842,36.74713898,37.36148453,21.15894508,12.13199043,6.259370804,9957.370325,3,5708.474049,30.01607895,6.80470562,5,58.62699509
11843,75.31049347,33.34885025,18.00664711,10.80273151,5.688741684,3937.128813,3,11122.44982,24.49006844,6.986176014,4,171.7142029
11844,229.5853119,38.63247681,28.22539711,10.50569344,6.541888237,2392.652784,1,14165.54509,31.7229023,10.29497528,4,317.366394
11845,148.3840637,30.89445877,19.03035355,12.30203915,6.615057468,1342.473857,3,14662.80334,28.83004189,9.568796158,4,223.8819427
11846,122.4918747,31.01808167,15.73556042,10.30926228,4.988313675,7444.546047,3,5111.613244,28.27578163,8.041532516,4,252.8972778
11847,93.40948486,32.0906868,22.43885994,6.70275116,3.995885611,2664.917374,3,8068.423453,18.37473679,6.515377998,5,270.5562744
11848,51.26762009,34.76034927,20.26998711,11.25263214,6.382151127,3523.637171,3,29488.47165,21.02954483,11.60706902,4,247.2490234
11849,42.74575043,32.43592072,16.81846619,6.84078598,3.945756674,3470.865178,3,29137.91314,15.48505783,5.752789021,4,85.23635864
11850,17.09282875,34.10370255,16.07827759,6.193082333,4.010679722,2893.681401,3,6339.083763,11.09314728,5.342398167,4,264.8055725
11851,63.01368332,26.37120247,17.88542366,8.663599968,4.937802315,9847.38372,3,3060.794421,24.12418747,7.471579552,5,180.9877625
11852,117.0179825,41.3135376,26.57533646,10.4213686,5.920389175,10099.29855,1,3462.049757,28.67271423,9.214717865,5,48.48932648
11853,201.0161133,52.68577957,26.31955719,11.98531342,6.266667366,842.3223056,1,14621.87189,29.01007843,10.10148907,4,294.2539063
11854,222.1313629,28.67201424,20.7978363,10.26343918,6.565606117,1369.026562,1,14282.03669,33.98449326,9.396395683,4,61.6450386
11855,140.5836945,35.10175323,19.39669418,8.851086617,4.797763348,1793.694251,3,8533.355386,18.81578445,7.854149342,5,92.91083527
11856,138.5286407,43.39429474,30.10065079,5.498292923,3.622864962,3224.266564,3,24086.59247,15.85715675,7.8423419,2,318.8140869
11857,75.10276031,32.3614502,15.70291901,6.172036171,3.331660986,3306.167615,3,6540.445434,13.39693546,4.392232418,4,203.0653381
11858,186.5470428,26.86756706,18.5784874,9.204167366,6.288521767,8086.533967,3,981.1067711,29.42932892,7.349651337,5,243.6049652
11859,76.57828522,30.48500633,17.59724998,7.822295666,4.785411358,10173.50347,3,3435.02161,23.32620239,6.73862648,5,113.8387375
11860,75.86326599,33.94034958,28.24619865,8.903122902,5.776958942,10218.66861,1,3530.423019,28.16394997,7.857284546,5,332.1833496
11861,148.0124969,29.31047058,16.21489143,10.44993401,6.129554272,4187.185314,3,10862.37107,31.47092247,8.598334312,4,82.487854
11862,206.3503571,27.1802597,16.60379791,11.52406502,6.417146683,4772.93119,3,10309.96858,31.44179153,9.52145195,4,152.8188934
11863,66.20078278,30.50473022,17.76373482,8.662605286,6.269292831,224.5185777,3,16904.96045,21.92321014,12.93556976,4,243.1923828
11864,142.7472839,30.97668648,21.45584106,8.458000183,5.133875847,2091.757517,1,11438.66002,27.13653374,8.177302361,4,59.47029495
11865,67.94010162,38.50180054,22.59768677,9.839359283,6.130589008,1873.212816,4,10282.94909,24.23304176,8.098978996,4,298.6376953
11866,141.0981598,44.5166626,28.85641098,9.247866631,4.924329758,2240.323855,1,11128.48344,23.87525749,7.643234253,4,321.7232971
11867,55.45202255,29.16885185,18.18815613,8.741313934,4.688605309,3515.980127,3,220.0792882,20.79583549,7.821707249,4,202.4586639
11868,43.82284927,36.36687851,20.1117878,5.900253296,3.510283947,55.80478028,3,3922.837968,16.15731049,9.161740303,4,221.8583679
11869,172.8817902,27.1184082,15.91268635,9.696531296,6.194514751,660.020471,3,15599.3041,26.43299866,12.13395977,4,89.29267883
11870,110.2226028,31.8837204,17.92883301,9.267010689,4.786424637,1966.659734,3,9111.320672,25.75655746,7.63340044,4,75.77403259
11871,126.4155731,25.20475388,16.69862366,6.62042284,3.697685719,9109.628654,3,2207.069765,21.60794258,5.889485359,5,54.98589325
11872,114.5817566,26.73953629,17.18590355,11.88508892,7.098714828,1527.238479,3,13591.57808,31.96710968,10.27969742,4,163.385849
11873,185.0758667,27.927248,18.17198563,9.494606018,5.489470482,2028.523362,1,13121.5688,31.02523232,9.519825935,4,58.87480545
11874,146.319397,41.78580475,27.13410759,9.87495327,6.274149418,2835.336863,1,10731.84873,28.18712425,8.994891167,4,42.92996979
11875,251.1481476,19.02060127,11.98992062,8.46091938,5.978695393,6308.124146,3,3709.955344,33.94607544,7.984587193,4,227.7527466
11876,136.6345673,31.29657555,23.29096985,10.07072067,5.775874615,376.6029804,3,16413.1994,28.61744881,9.845840454,4,274.5905457
11877,78.91056061,25.43219948,21.24859428,6.299164772,3.564974308,1744.846312,3,13925.14892,23.8339138,5.048120022,5,46.48786926
11878,99.12340546,31.93456841,18.7782917,10.97828388,6.425570965,2655.403641,3,8327.972882,28.0717411,9.734532356,4,245.0391693
11879,13.85813808,39.36576843,17.63171005,5.342622757,2.850820303,2794.245074,3,6546.061627,10.70414829,3.463681221,4,126.0296631
11880,106.2660294,29.72192764,15.32785702,8.027058601,5.6892066,2517.977443,3,5612.7244,21.18552208,8.029269218,2,282.9946289
11881,81.12812042,28.65726471,17.24823952,7.877308369,4.797359467,9487.079946,3,2680.11667,23.9559021,6.994605064,5,61.02307892
11882,114.839859,39.99688339,27.5822506,6.815719128,3.725257397,9892.765225,3,5531.49183,21.66893578,6.177977562,5,33.87494659
11883,121.8958969,34.73033524,25.07217789,8.52682972,5.051156044,9666.129086,3,5707.555348,23.1098156,7.685405731,5,297.2161255
11884,122.8211136,33.89241028,23.15375519,10.2509222,5.807956219,6937.521286,1,8214.88937,32.11071777,8.74726963,4,260.7539063
11885,131.9941864,46.05486298,29.42869949,10.0821085,5.78003931,1789.357618,3,17729.77782,27.45214272,8.917305946,4,51.88172531
11886,63.8212738,30.26291656,16.62706375,6.148247242,3.886451006,4469.438596,3,31939.09942,14.65228748,7.544346333,4,178.9190674
11887,74.67546844,27.73960686,16.12027168,9.566926956,4.874340057,3196.009928,3,26471.27397,23.7758522,7.894710064,2,133.7263489
11888,52.37168884,44.08103561,29.80017471,9.327447891,5.317534447,3253.252944,3,26307.10341,20.89393234,8.657850266,2,334.2900391
11889,85.98388672,42.70513153,27.44922447,9.021298409,4.713274002,3488.946687,3,19847.42767,21.38377571,8.307432175,4,302.3415527
11890,68.42240143,33.32903671,20.66279411,6.497008324,3.728034973,4138.58133,3,18860.03253,14.09638214,5.787154675,4,81.52885437
11891,76.93729401,32.9384346,16.57194901,7.107264519,3.732475281,3998.688494,3,19655.87476,17.76706314,5.931845665,4,132.1376038
11892,116.6671219,38.89362335,30.23816299,8.564675331,5.120974064,7234.502915,1,7929.290468,32.48630905,6.767117977,4,27.3498764
11893,158.3362579,37.99441528,26.5657959,8.890577316,5.450346947,8522.034137,1,6626.562446,25.74663353,8.648786545,5,306.4163818
11894,66.05030823,28.21622276,19.45638084,10.18036366,6.310715199,139.255284,3,13861.36418,26.08515549,10.26744556,4,129.3985138
11895,66.26644135,31.3421936,17.56168747,6.835231781,3.791194439,577.826805,3,13629.32828,15.36802673,7.16886425,4,286.6992493
11896,37.983284,35.83650208,21.18565369,13.9862709,7.30699873,69.1035645,3,5615.961776,26.49370384,11.46141338,4,132.1304474
11897,25.73298836,28.31363297,20.54793549,8.069989204,3.872447729,236.0928822,3,5744.85538,20.16078758,6.999068737,2,279.9506226
11898,94.85293579,54.47773361,26.58652306,8.968688011,4.676126003,1222.92061,3,6297.375053,18.94760895,7.094419003,2,286.6992493
11899,73.43177032,43.8476181,23.08027267,6.396446705,3.7015872,6299.01764,3,24655.85089,12.04942894,6.36243391,4,297.2654724
11900,50.29461288,49.16447449,23.43531418,9.907512665,5.225506306,2888.987076,3,25881.03232,21.9590683,7.543974876,2,41.76185608
11901,48.42433548,30.27778435,20.306427,7.668302059,4.369195461,789.2192205,3,2743.901084,16.67609215,7.374881744,2,138.3664551
11902,111.1781158,35.29350662,26.35563469,9.88977623,5.838622093,10213.73015,1,5283.684251,28.61458778,8.476061821,5,317.9558716
11903,109.5325394,25.86603165,17.99051094,9.990535736,5.745090961,10556.26988,3,5056.672578,28.17024231,9.00696373,5,106.1371384
11904,190.355072,27.64912415,16.89314842,8.540480614,4.759202003,3028.458044,3,10136.69049,26.33481979,7.742994308,4,257.3631592
11905,182.081665,23.08337593,17.23259735,8.500397682,5.279560566,4525.899512,3,7933.192242,25.17004776,8.049869537,4,268.3634033
11906,32.41427231,40.83929443,21.8761425,11.69128132,9.286492348,1807.206411,3,1947.849717,19.42317772,12.03397274,4,211.0162201
11907,98.91062927,36.84301376,25.85693359,8.853116989,5.754994869,1724.049431,3,2215.937719,24.69218445,8.156646729,4,295.0169067
11908,106.4682312,47.83070374,26.7864418,14.13819027,9.23911953,1096.215307,3,2826.551945,30.58545494,14.61516762,4,305.3272095
11909,97.49172974,30.09078979,18.03289795,9.178603172,5.73469305,1121.017145,3,6586.926644,21.13227272,8.817736626,2,237.8356171
11910,24.32933807,35.12060165,17.96399307,7.092385769,4.337949753,6193.865688,3,23333.24403,14.83518505,7.375471592,4,152.3360901
11911,45.24910355,27.38456345,16.1523304,6.174516678,2.703690767,6480.737327,3,23795.92137,13.01426888,4.866904259,4,214.7852478
11912,9.809292793,42.13504028,21.62035179,10.06901455,6.498908997,4278.790379,3,32996.50138,11.03669453,8.50565815,4,293.1986084
11913,71.62739563,39.80145645,25.36205482,6.939614296,3.788280487,4448.384909,3,31345.53059,19.1873436,6.689163208,4,274.8439941
11914,51.19417953,31.27165604,20.88020706,10.87435818,7.980857849,3534.11503,3,11439.13848,19.8183403,8.418606758,4,277.125
11915,199.585907,21.81534767,12.67215157,8.823922157,5.241792679,2957.618,3,12017.18996,30.07048798,9.070357323,4,265.5702209
11916,162.6789856,50.1775322,26.5646534,10.44872665,6.414748669,1663.514587,1,12900.65153,27.14244843,10.47120094,4,311.3953552
11917,186.4062347,26.58081818,16.45611191,10.14724731,6.31235981,1237.151599,3,12522.43128,31.78430748,12.02833176,4,234.6733551
11918,94.07968903,29.79112816,18.03850174,8.964426041,5.28551054,361.4471464,3,4427.262918,21.56652451,7.661375999,4,214.996582
11919,85.64807892,28.27108955,18.39280128,8.256607056,4.692134857,2735.463841,3,29518.90341,21.01209831,8.026098251,4,261.8699036
11920,108.8725739,26.91426468,20.45391846,7.949334621,4.254428864,4501.83694,3,30291.45194,21.32842445,7.855577946,4,72.28421021
11921,114.0819092,27.21639824,19.26973915,7.657085896,3.966382504,2678.899145,3,25236.77353,23.04676628,7.195015907,2,314.1448975
11922,51.46776199,30.84333611,19.34749031,14.19721794,7.974939823,3748.080676,3,11247.29483,32.83896255,12.06313133,4,96.51979828
11923,108.6910019,25.43740273,15.36330318,6.17222023,3.3671031,5200.730566,3,21848.22757,15.695858,5.566252232,4,167.9694061
11924,72.43113708,27.91636276,20.67091942,12.24782372,7.002714634,3091.431397,3,25972.87742,26.62387276,11.70678139,2,105.6681595
11925,195.7719574,29.26924896,17.84954262,10.2330513,5.951007366,7703.814292,3,702.9725238,26.75186348,8.865746498,5,158.7055359
11926,106.188797,32.61391068,21.76766014,8.36743927,4.917973995,10531.32574,3,3910.624264,24.07209587,7.866200924,5,298.6483154
11927,161.6672668,30.94217682,17.19252777,11.22627163,6.480660439,6332.100368,3,8776.730225,29.87228012,9.385061264,4,186.5687561
11928,74.87490845,30.95184135,19.17736816,9.86411953,5.236727715,553.0396096,3,15501.45541,24.1908226,9.951817513,4,237.1878967
11929,77.59801483,31.64235115,18.52064514,13.82380772,8.901907921,165.5263,3,5078.999915,29.32591248,11.29716492,4,131.0995026
11930,80.75405884,37.62604904,20.67871857,13.3626833,7.43133831,58.21310337,3,11719.72624,26.69421005,11.18769264,4,150.7807617
11931,93.2264328,37.18992233,24.01023865,10.08433819,5.240667343,444.2114633,1,11752.62778,26.60096169,7.052886486,4,314.2794189
11932,114.4925079,34.16223526,22.44546127,8.566147804,5.076238632,1550.721221,3,12549.00625,22.14587975,8.030115128,4,272.3928833
11933,47.36131668,27.51156235,15.74383068,6.906205654,4.267612934,4502.825918,3,32927.17728,17.27003098,6.06017971,4,292.7965088
11934,100.6980438,26.97990799,19.54784393,14.85571861,9.742143631,257.9592416,3,11625.63153,37.63709641,12.74239063,4,232.5563507
11935,64.43702698,31.99358559,16.58956146,8.836730957,5.015357971,3778.91019,3,541.5202845,20.34153175,8.319166183,4,99.16234589
11936,156.310318,39.97151947,27.00887108,10.24217319,6.704381943,1593.814432,1,9745.317777,27.35424995,8.095116615,4,41.08102417
11937,142.9139862,31.51313782,18.5893631,8.461468697,5.560173512,2588.581436,3,5821.185932,20.71071815,11.21503258,2,182.3859406
11938,100.8053894,26.3787117,16.35346603,6.1138587,3.682531834,1168.260513,3,4548.287191,18.09671211,4.5186553,2,77.38067627
11939,75.79999542,59.81376648,25.05018425,10.66889,6.331323624,2295.111081,3,1122.06168,26.18136024,8.5633564,2,50.27839661
11940,38.46919632,18.75615311,10.54456711,9.511035919,6.602240086,6938.070299,3,4370.877384,26.96369934,5.254239559,4,209.1676025
11941,107.1682587,28.75950432,18.64787865,7.588968277,4.945676804,2945.756552,3,910.3196729,19.46679115,8.649177551,4,67.5430603
11942,46.4200592,27.63857079,19.27675819,7.757968426,4.552136898,195.1761687,3,3784.202422,20.64572144,6.406936646,4,228.569397
11943,141.513382,44.57012177,31.06941032,6.228941917,3.790919781,3448.310776,3,24352.91481,18.67969513,6.647099972,2,38.04704285
11944,245.7082672,38.14147186,27.89543152,7.744146347,4.603431225,3948.137962,3,24670.16786,20.42952156,9.163285255,2,303.1931152
11945,91.55641174,27.72041893,15.91044331,10.7045517,6.325897217,7412.633675,3,4835.711328,26.93400383,8.00146389,4,163.5115662
11946,261.539032,20.44001961,12.14239693,8.344355583,4.93229866,6428.016601,3,3745.534017,30.15470123,9.072582245,4,222.193634
11947,116.7796326,29.76712608,18.31852913,6.815667152,4.403409958,2062.609881,3,1902.253723,18.1140213,8.320743561,4,277.5946655
11948,92.58559418,28.19684982,18.21821022,7.368553162,4.541407585,546.1506981,3,5622.920779,18.5809269,7.112519264,2,290.5560303
11949,9.942810059,47.07117462,26.37650681,13.28929043,6.785574913,3886.870713,3,20354.13923,15.80473709,9.805388451,4,181.6446228
11950,109.7753677,35.5896759,19.44649506,7.793288231,4.892924309,999.491974,3,2578.716412,17.40293884,8.463396072,2,129.5411377
11951,56.17002106,38.42327499,19.65037537,9.660432816,5.061296463,3300.15173,3,387.864132,23.80072021,7.316039085,2,141.9112244
11952,47.76163864,30.35621262,18.27651978,9.076412201,5.994279861,9959.405407,3,3218.156666,22.30011559,6.820840836,5,141.0380859
11953,49.14356995,57.17348862,25.74202538,9.166882515,4.937262058,9743.950999,1,3019.30779,25.31801987,5.920866489,5,43.69804764
11954,113.9584579,34.43439865,18.23465347,8.758215904,4.509455204,1946.644617,3,13342.1251,21.8144722,9.416030884,4,86.82016754
11955,63.8379631,36.85423279,18.75835228,10.18133163,5.808470249,636.1703651,3,15793.96942,20.92253113,9.457238197,4,104.9816284
11956,191.9224091,29.59869194,21.53469658,9.604738235,6.175225735,676.9308097,3,3369.147683,29.63711739,10.92823124,4,50.27389526
11957,80.6652298,26.10342407,17.52861023,7.862038612,5.330827236,4732.359542,3,21022.90704,19.50825691,9.699391365,4,223.3153229
11958,83.55012512,28.98847389,16.34228706,6.343917847,3.439206839,2182.051995,3,7199.969556,16.56594658,5.176707745,4,64.89099121
11959,17.72698593,34.36642456,20.02269936,6.139815807,3.912876606,2564.582928,3,6565.239221,11.3727026,4.873674393,4,225.8951721
11960,79.27168274,38.20110321,21.71632767,8.371689796,5.563279152,1026.617993,3,2393.392932,19.52148056,9.988704681,2,267.5251465
11961,35.70230484,53.81549835,29.53202057,9.084730148,5.39227438,3991.401792,3,20272.21303,23.35303116,6.608492374,4,331.1315002
11962,80.54730988,37.47065735,18.75261879,9.707772255,5.168313503,2262.252868,3,1463.698212,22.27301407,7.293911934,2,115.0709686
11963,84.36882782,32.84863663,19.64494514,10.0003252,6.004732609,2551.378435,3,1234.61214,25.48287582,8.842279434,2,231.1701813
11964,139.679657,22.25345421,16.40540886,6.288394451,4.3670187,8857.256285,3,2048.323204,22.53124237,6.138125896,5,81.25383759
11965,151.3008118,38.42383957,27.40782166,7.818259239,4.393244267,8682.037886,3,1949.029793,23.86342812,8.15687561,5,49.5163269
11966,56.18035126,39.36320114,13.79891968,10.19344234,4.540672779,6814.814847,3,4215.218528,27.1502018,6.382855892,4,269.2130737
11967,84.35168457,32.33625793,17.62380791,11.57408619,5.974269867,7317.288405,3,4712.414251,28.85432053,9.203458786,4,278.0047302
11968,82.23307037,18.35814476,11.16533566,3.529219627,2.365156174,4334.211827,3,28032.73836,16.10783958,3.243959188,2,78.17851257
11969,58.83717728,39.74834824,21.33919525,8.136654854,4.680492401,2313.922903,3,6400.825879,15.72447109,7.29353714,4,233.1300964
11970,105.48349,27.9549942,17.31446457,7.642453194,4.459123611,10521.54821,3,3989.025945,23.70378876,6.525057316,5,117.8014603
11971,155.131424,27.26651955,18.28217316,9.437213898,5.988509178,1572.466266,1,13837.56908,32.20787048,8.785316467,4,283.9932861
11972,96.1714325,27.66457367,19.20702553,7.034146309,4.645214558,5161.450558,3,24761.77791,16.88898087,8.676890373,4,246.1134949
11973,76.98512268,30.3307972,20.01527214,12.01289368,6.60109663,4635.977304,3,32505.42494,25.16560936,13.336236,4,107.7648621
11974,95.78656769,30.28172874,22.38846397,5.87526989,3.535681963,4055.593148,3,27514.55348,15.99827671,5.170711517,2,66.67118835
11975,136.5602722,47.95107269,29.32528877,9.071756363,5.045597553,4948.149789,3,28107.37918,22.60425758,8.198062897,2,329.0362549
11976,49.80039215,34.22859955,21.84047318,9.403473854,6.109717369,284.6423524,3,3242.947463,17.99919319,9.914780617,2,241.6281586
11977,70.21457672,33.94212341,20.89707565,7.535909653,4.322216511,9831.323646,3,3162.44582,24.75614548,5.762497425,5,296.1211548
11978,208.1919708,21.51643944,13.96755791,7.835660458,4.956222057,3538.348669,3,11477.74447,27.54096603,7.958771706,4,282.3830872
11979,141.7340546,39.07944107,25.10499763,10.97417068,6.510379791,804.07039,1,15318.96408,30.15628433,9.991575241,4,313.6831055
11980,47.78520203,34.43093872,16.37488174,8.756299973,4.46686554,4285.735444,3,1084.900837,19.31826973,8.248077393,4,167.1547546
11981,101.6917191,18.49254227,12.03760815,3.990659952,2.246469259,4365.711212,3,28210.54668,15.69206047,3.263898849,4,73.56678772
11982,115.2751236,25.87500191,17.44225502,6.722382545,4.190685749,4375.132491,3,18083.70741,19.28440475,8.337174416,4,256.4704895
11983,74.51616669,29.5089817,20.83142471,10.23802471,6.87451458,4046.199491,3,10920.1251,26.68407249,10.20461559,4,95.44033051
11984,129.9252777,36.98641205,26.1085434,6.837738037,4.0660882,3134.572544,3,27368.03277,16.46193123,7.623673916,4,79.55039978
11985,66.28887177,39.84116364,26.47998619,7.837470055,4.643638134,2523.166716,3,14707.77782,17.56074142,6.284408569,4,33.43986893
11986,93.48913574,24.4017067,16.61022568,8.806620598,5.436543465,2305.716091,3,15133.22079,25.0928154,9.799658775,4,203.0254822
11987,109.914772,44.38557434,27.38141441,10.74603653,6.540083408,710.0444783,2,14595.48562,28.21950912,10.06589317,4,290.7722473
11988,66.55695343,37.09659195,19.39791489,7.807006836,4.760243893,6706.754727,3,23187.77415,16.3949604,6.199675083,4,309.8978271
11989,19.11721039,26.0199852,13.50434113,3.872099161,2.578026772,4503.276215,3,18898.13491,8.550994873,3.916060925,4,104.9993439
11990,18.80975914,38.68173599,25.31245804,2.943416119,1.4944942,4710.711975,3,18843.16232,5.652039528,2.306845903,4,64.36503601
11991,105.0398102,34.85961151,21.77266884,9.912942886,5.64836359,1313.52643,3,13653.31035,25.67624092,9.167239189,4,268.6677856
11992,107.7314224,30.89613152,18.75531578,9.904192924,5.700539112,817.5799281,3,14833.94173,27.52071571,7.92423296,4,97.90716553
11993,47.87246704,45.8671875,28.25185013,7.040986061,4.496850967,4612.867095,3,31883.07003,13.15804768,6.78798151,4,43.12212372
11994,81.0134964,26.5444355,17.66762733,7.163759232,4.244924545,5894.681179,3,31227.60447,20.82342148,7.977995872,4,235.479126
11995,127.372818,19.90295219,13.61596203,6.026700974,3.580289602,4693.244501,3,28458.65378,18.51886368,5.225068092,4,59.22596359
11996,70.99718475,22.45982933,14.26595402,5.947469234,3.886246204,214.5417386,3,3748.743126,18.4761982,4.568483353,2,69.51963806
11997,93.65865326,42.23374176,25.11130142,9.426504135,5.529430389,653.7476858,3,4117.537484,18.60175705,7.372951984,2,43.60281754
11998,211.6985016,26.15249825,17.19105339,9.878174782,6.047206402,5189.825198,1,9859.16559,32.51198959,9.302528381,4,68.62937927
11999,204.8867493,24.12339211,18.08687973,9.70795536,6.362219334,2615.122794,3,12596.93664,30.71300697,9.03718853,4,90.99808502
12000,275.6022339,28.36553001,15.95734787,10.28587914,6.121777058,6665.590932,3,3873.742142,27.38163376,9.730476379,4,220.9143829
12001,82.73392487,34.1570816,19.01099396,9.147190094,4.808815479,4356.331126,3,20077.3327,19.82381058,7.192681313,4,144.1102295
12002,59.52386093,34.76433182,18.90056801,10.37331486,5.771654129,6809.917717,3,5824.267832,22.23873138,10.42545891,4,237.4395599
12003,90.09708405,42.44760895,27.59642601,11.32297421,7.127569199,3153.346139,3,361.7806209,26.02762604,13.06262112,4,315
12004,70.0522995,30.69676208,21.13803291,13.20584488,7.227200508,4561.706756,3,32296.33587,28.70220375,11.68064022,4,125.3802719
12005,93.91059875,39.05914688,25.51791382,7.835166931,4.335076809,4860.968625,3,32783.10533,18.92679214,7.071679592,4,293.9624939
12006,153.6928406,35.69996643,22.29876328,12.3503437,7.126495361,325.3182687,1,12210.0047,35.03414154,11.01309681,4,45
12007,156.8642731,30.74808121,20.52951622,8.425328255,4.926846504,7523.18928,3,651.625764,27.90718651,7.303935528,5,267.990448
12008,130.9912415,28.09336662,17.88715935,7.621249676,4.0903368,4750.627253,3,33547.91606,21.27835083,6.266057491,4,245.8544617
12009,54.39768219,32.21413422,16.96286392,7.682776451,4.264441967,3982.419463,3,20851.33549,17.58333397,5.580713749,4,154.4122314
12010,72.50608826,43.23582077,27.64569855,7.666438103,4.407680035,940.6634777,1,13005.46015,21.23158455,5.830972672,4,321.5857239
12011,28.65522957,35.90209961,23.96973419,8.652578354,5.307182312,63.30436435,3,11191.92829,22.41347313,7.237580299,4,304.4554443
12012,64.25580597,28.97315407,24.20714188,8.345738411,5.155664921,4542.134214,3,20465.25567,26.68434715,7.437135696,4,48.55431366
12013,80.00047302,49.12205505,27.96438599,6.937793732,4.110771179,4210.477084,3,19467.29007,14.73792171,6.158218384,4,292.4794312
12014,102.4444275,28.57276726,17.13370132,10.606143,6.734062672,4060.016198,3,26844.05721,28.05212402,9.258273125,2,106.5655365
12015,102.7092361,27.78693771,17.67260742,6.652928352,3.679238081,3033.636095,3,25623.49796,19.79319763,7.686089039,2,299.7976074
12016,86.1257782,31.18033218,17.29051018,7.357512474,4.023901939,4266.778906,3,19724.87179,15.89750862,5.640388489,4,52.86237335
12017,154.8191986,27.48143578,16.79746246,11.20764732,6.703046322,500.1338751,3,12768.81878,33.76229095,9.806491852,4,143.4033661
12018,61.99164581,45.31237411,19.28334618,12.89389324,7.021810532,3193.08659,3,346.7675571,21.60939407,9.172040939,2,242.1027222
12019,162.8591461,47.92143631,29.06290627,10.20311356,5.864100456,6342.832723,3,6881.979898,27.03390312,8.400952339,4,32.64447021
12020,45.30615997,33.11781693,18.51075554,10.62351894,5.241074562,4063.895986,3,736.9711546,21.65086174,7.791059971,4,141.7444763
12021,39.38648987,47.00271225,27.02783775,7.484333515,4.564138889,4064.18637,3,633.780182,17.87719536,8.547940254,4,51.51569366
12022,26.88801956,31.63744736,14.90177917,9.012976646,4.831314564,1804.433774,3,6996.794513,21.20014381,10.43030739,2,183.3664551
12023,83.85142517,31.50980759,20.38319206,7.799827099,4.500676632,3669.718303,3,19226.8874,17.01875687,6.914511681,4,78.69006348
12024,76.24448395,34.93632889,19.78935432,9.128364563,6.027451038,4136.285861,3,31676.87272,17.62471199,9.443840027,4,86.63353729
12025,6.38905859,51.77330017,21.86332893,3.256267071,2.210642576,4552.519299,3,18774.23134,5.199100971,2.958487511,4,40.46147156
12026,102.7011261,30.8668766,20.15338898,12.76267242,7.431651115,1955.692844,3,8639.567011,30.34320068,11.88957787,4,238.1340179
12027,92.08306122,35.8178978,23.21365166,7.941619873,4.304867268,9351.259331,3,2654.712294,24.29384232,6.059731007,5,63.74429703
12028,17.49976349,32.12779617,20.39621353,7.895179749,5.240989208,2025.683885,1,13341.52988,18.46175003,7.405091286,4,46.33150101
12029,174.1601257,24.79349136,17.33078766,8.956598282,5.934041023,2120.986617,1,13370.37709,31.00834465,8.796525002,4,283.5257568
12030,56.42418289,26.13405037,15.64537907,10.94772911,6.859893799,5606.604295,3,2648.19469,31.93597031,8.140703201,4,222.8789063
12031,96.77632904,32.46604538,22.86091614,14.74444675,9.573767662,3623.498832,3,70.26365859,31.92145729,15.48090458,4,242.5406494
12032,75.23114777,45.11632538,27.66922379,9.375964165,6.089335442,79.56495043,3,17069.10304,18.96174622,12.30910969,4,53.6648941
12033,217.8181763,27.9997139,17.74217415,11.42776203,6.880867481,2382.233993,3,14447.68397,32.72232056,10.64744854,4,101.9083023
12034,133.2693939,51.22568893,30.08519936,7.733102322,4.135279179,4236.32768,3,22492.99827,20.66801834,6.832907677,2,33.06760406
12035,69.68910217,42.74132538,26.98179817,8.353933334,4.935427666,4745.946805,3,20027.8136,17.6263504,7.721434116,4,24.54536438
12036,160.3383026,27.42406082,16.59878349,10.99808884,6.266581059,1189.774413,3,13688.19613,28.90267754,9.086618423,5,168.7346802
12037,155.23526,29.97422028,18.3857975,9.035728455,5.51781702,1483.350113,3,9597.796738,29.47629738,7.00331974,4,108.9465027
12038,140.6622925,22.94768906,17.65696716,7.820580482,4.455669403,1343.515421,1,9648.860665,27.92803192,6.652769566,4,46.33221817
12039,43.4872551,36.12629318,21.10219955,12.07990837,5.641176224,261.0556228,3,15989.85077,21.46053886,10.37066555,4,220.3345947
12040,104.3595123,41.37240982,28.40408897,6.86818552,3.806490421,2292.127443,3,6593.915509,20.25402451,6.056397915,2,39.14019775
12041,28.06848907,30.93802452,14.44979668,8.707178116,3.418098688,1961.303853,3,7010.519686,19.43261147,3.759591341,2,299.9315186
12042,121.6767044,40.51576233,24.2167778,8.574701309,4.84194231,2663.026199,3,6946.955127,20.58939934,7.341720581,2,282.9380493
12043,155.266571,28.16241837,22.51903915,7.578742504,4.079388618,3572.865737,3,25666.3923,23.83477402,6.948618412,10,331.2796631
12044,82.80054474,30.60989571,21.16088104,6.831410408,3.95830965,3879.686717,3,22516.75864,19.11550903,6.560348511,4,47.66300201
12045,175.9453583,22.22101974,14.48775196,6.219092846,3.51432085,4995.544036,3,28491.13062,18.46532059,6.653450489,4,117.0838165
12046,201.1055756,31.45660782,18.58683395,10.21646881,6.008792877,1038.942727,3,13901.55941,29.28470421,8.952869415,5,68.31771088
12047,103.9804916,24.04210091,10.57137203,9.78199482,5.050725937,3051.606923,1,11969.48939,31.09662247,9.008141518,4,316.4320984
12048,17.31357765,40.36322784,22.58211708,11.94303989,7.087408543,2959.043066,1,12168.85685,26.41296768,7.99177599,4,308.5411987
12049,38.45069885,44.12051392,26.76112556,7.974392414,4.617171288,31.92987075,3,16517.06236,15.68835926,6.752617359,4,41.56171036
12050,48.3055191,30.52690315,21.53911781,12.13867092,5.122927189,355.8161693,3,16152.35683,26.54161453,11.86681366,4,209.1369171
12051,87.07294464,32.34830093,18.87025642,8.797973633,4.794706345,2553.296011,3,7379.53271,22.99996948,9.252964973,5,255.3771667
12052,93.89296722,22.76936722,16.57958412,5.743819714,3.950639963,5817.075609,3,32922.97147,18.25288963,6.48038435,4,90
12053,83.64344025,23.95455933,20.20322037,8.801728249,5.733132362,5705.32238,3,31817.92439,25.0739727,10.02354431,4,73.30075836
12054,194.7433777,28.45103073,22.96303749,8.878918648,5.205344677,2806.906037,1,12505.92664,30.33803177,9.00620079,4,36.74056244
12055,151.1985931,25.1264286,17.01854897,8.54829216,5.537406921,2560.058516,1,12837.24597,29.28012276,7.462985992,4,71.25865936
12056,89.17236328,45.71458817,29.39697456,9.4302845,5.105035782,4468.12923,3,32928.02974,21.79372978,8.059391975,4,25.65033722
12057,120.6664276,33.91936111,24.40160179,10.17648125,6.431256771,145.559265,1,12438.60474,30.00626183,8.767700195,4,325.1755066
12058,151.5919952,27.85902405,22.19185448,11.35565186,6.633903027,351.1060294,1,12065.14672,34.64833069,11.1071434,4,45.68215942
12059,79.25775146,30.20353508,20.15507126,15.19456959,7.828123569,154.6192947,3,11651.78664,32.81729126,13.38279438,4,227.9868622
12060,156.0675201,25.22889328,17.51898384,8.260173798,5.141664505,5461.386279,3,8029.593149,27.24010086,7.903911591,4,287.089386
12061,111.0190887,37.27590561,25.36333847,7.672162056,4.395838261,4941.153985,3,8878.826514,23.11105347,6.770199776,4,309.8815613
12062,101.9024429,36.11032867,26.42556572,11.32441711,6.932257652,6666.7936,3,6300.248033,28.08572769,9.220023155,4,23.42869568
12063,91.57958221,30.3777504,17.62116623,11.62512589,9.411151886,4661.007851,3,1431.338604,22.06243515,12.25621796,4,76.36129761
12064,66.64451599,29.36838341,19.79051399,8.874292374,5.334498405,3912.376467,3,77.94202186,22.16320038,9.29208374,4,252.5252228
12065,95.61042023,32.07770157,17.44319344,10.72768497,5.814188957,475.5330749,3,10271.79915,24.83959961,9.353917122,4,150.1109314
12066,95.38838196,28.84659004,16.89063263,12.15932465,6.080358028,538.5189212,3,15122.40561,30.80582428,9.827050209,4,200.6074829
12067,75.88006592,23.90307045,17.45838547,6.484288692,3.575880766,6063.429142,3,21993.49009,15.90373707,5.774804592,4,167.1957397
12068,105.1698608,25.93136406,18.44241524,5.244934082,3.400259018,6484.632444,3,23322.03628,16.44062996,4.278452873,4,274.6859131
12069,90.24753571,25.30907249,18.82673264,6.768944263,3.904699326,3306.594296,3,25438.83289,23.11364555,5.81717205,10,301.805603
12070,96.80860901,40.30814743,27.3176136,9.255836487,5.468923092,7611.729668,3,5584.014732,26.92202187,8.500579834,4,47.15876007
12071,69.89846039,34.21668243,20.02596283,10.74698067,5.642385006,7491.376576,3,5404.40441,23.8347683,9.234162331,4,203.3253479
12072,92.26542664,32.89028168,22.81154633,6.752582073,4.112829208,6742.089885,3,22003.35614,17.07185173,6.39897871,4,308.2901611
12073,157.6854553,32.76839066,23.9262104,6.738927364,3.628237247,4565.54464,3,22441.9691,21.2411499,7.386962891,2,41.93351364
12074,64.0838623,33.83543015,21.78233528,6.558845997,4.007785797,4792.248445,3,19030.58713,16.24980545,7.593307972,4,55.55556488
12075,95.62538147,32.46821594,17.41548157,10.61310959,5.696576118,6856.566211,3,6289.398703,25.6775341,8.927028656,4,76.56278992
12076,84.80813599,30.48551559,17.34805679,8.541638374,5.095545292,2186.17384,3,13262.17431,22.37091827,7.890636444,4,132.4803925
12077,152.6881561,40.60450745,27.9578495,6.416069984,3.664371252,4416.948598,3,22039.88916,19.64382172,6.8757267,4,302.9052429
12078,46.83265305,37.228405,17.36206818,7.727606773,4.35707283,4067.751721,3,21302.98302,17.69956398,5.796610355,4,110.269577
12079,139.0262604,25.75695801,17.08429337,6.449508667,4.13553381,4751.284158,3,18037.22545,18.20911026,8.270094872,4,242.3540192
12080,197.091217,22.09945297,14.44799137,10.63597488,6.753657818,509.9468812,3,10799.84236,36.69991302,10.15775394,4,219.8267517
12081,64.60736847,32.12364197,18.24858665,10.13818264,6.535974979,3151.073134,3,190.5578174,25.36328697,7.451274395,2,151.8583984
12082,82.62812805,46.75096512,29.08798027,7.585827827,4.006031513,9336.751216,3,2764.310029,20.94896889,6.111434937,5,33.59675217
12083,10.70896149,43.42087555,23.24200249,4.825427532,2.312473059,3847.447284,3,351.5864509,8.280948639,2.739468336,4,48.37808228
12084,61.07877731,32.13631439,20.22725868,7.434657097,4.18132925,4336.139466,3,549.3647604,20.58607292,6.111838341,4,69.8925705
12085,141.5741272,47.3742485,28.94781494,8.33608532,4.734611511,1520.041541,3,11325.39832,21.16525269,7.218419075,4,41.25906754
12086,124.0523758,37.83831787,24.53403091,9.007655144,5.166000366,310.5523648,1,10741.95039,25.52170372,8.398838997,4,317.4366455
12087,136.6001892,22.39761543,15.09008217,7.327270508,4.335313797,3860.939805,3,17331.79347,20.64487648,6.731305599,4,213.6900635
12088,128.3611145,34.4263649,19.65001297,9.472337723,5.669658661,2337.012148,3,5646.015552,22.00727654,10.13410759,2,270
12089,125.5388031,29.05859756,19.45088005,10.03168678,5.424541473,8681.803019,3,2018.601222,29.51491737,8.662519455,5,91.16690063
12090,73.96002197,35.47912598,22.46363068,8.716763496,4.576854706,9614.782752,3,3045.960086,21.27111435,7.541876316,5,248.5232086
12091,157.0181732,19.16300583,11.95590401,8.570988655,5.770986557,6057.203492,3,3064.66421,29.38300133,7.716362,4,217.9833069
12092,160.6436462,30.37329483,18.05230904,9.229042053,6.696074009,5045.772672,3,1800.229377,22.79235458,9.234318733,4,91.33222198
12093,31.57883263,40.04609299,20.82484245,9.520593643,5.329873562,4194.648824,3,689.2493065,20.66148567,7.99437809,4,103.1505051
12094,36.26711273,42.98482895,28.11643028,7.079162598,3.606971264,4168.220844,3,598.7810527,17.76438904,6.096730232,4,332.7838745
12095,46.62208939,40.82254028,19.04217339,29.38687325,11.68820858,90.67279485,3,4691.561935,37.15857315,19.27888298,4,112.0258942
12096,38.77791214,20.3135643,18.74365425,9.068229675,4.461709023,278.5093437,3,5124.323324,20.18586349,7.132330418,2,272.1977539
12097,109.0215073,30.15012741,18.6742878,8.086378098,5.285476685,669.2613853,1,5078.317513,20.46586037,6.549509525,2,282.5288086
12098,71.95469666,39.12981033,25.51449776,8.531074524,5.300946236,5200.708428,3,19355.35292,18.91275978,9.91547966,4,307.0498962
12099,65.77443695,37.00386429,24.20129585,9.395840645,6.096464157,10710.95614,1,4751.436054,26.63097572,8.083096504,5,275.0200806
12100,140.0616913,29.73777962,21.08712006,8.825324059,5.141499043,5984.709355,3,7181.487634,24.97222328,8.037635803,4,60.86307526
12101,139.0651703,33.30822372,22.82181549,9.476735115,6.168028831,5218.024832,3,1858.761805,26.77411079,9.336564064,4,73.25905609
12102,81.27607727,31.51770592,17.08511925,9.7598629,5.738252163,3849.444634,3,31613.50581,22.64567184,9.167590141,4,139.624115
12103,69.98694611,23.67576218,17.90118408,7.706820011,5.148096561,4213.417626,3,32125.0763,21.92063332,8.026790619,4,286.0300903
12104,131.1858978,37.96841431,17.65945244,7.686248779,4.367451191,2059.683423,3,6039.244605,18.368927,10.11873531,4,191.3099365
12105,85.39736938,39.60421371,20.40883446,8.2175951,4.922776699,10912.40899,1,4412.912414,25.22072983,8.301610947,5,50.78489685
12106,100.1054688,37.28652573,25.92041397,7.589512825,4.710040092,1399.888059,3,5811.764459,20.10587311,6.601438999,2,299.5778198
12107,144.3822174,26.78462219,17.88914108,10.09732914,5.862697601,1179.2821,3,16636.43023,29.8120594,9.672976494,4,205.5845337
12108,131.9841309,27.5080471,16.31332588,9.588581085,6.090668201,1807.310901,3,5562.262999,26.4763546,10.96658516,2,168.203186
12109,30.97355652,49.15356064,16.73001862,14.28554726,7.605013371,4227.544906,3,10738.01073,24.45861626,9.594818115,4,132.046936
12110,94.4872818,35.49711227,19.76660538,15.772439,8.984592438,109.2378179,3,15408.00865,33.3706398,13.33674431,4,111.1495285
12111,34.04597855,25.9410305,16.65941048,3.79526782,2.500842094,5192.367702,3,19462.83517,9.287916183,3.877812147,4,75.41783142
12112,46.40172195,30.35484695,21.22033501,9.407520294,5.897384167,145.2179993,3,3663.832048,18.70216942,10.26220417,2,253.6104584
12113,114.4436646,29.40969849,20.69621468,12.92881775,7.501043797,4700.416542,3,10329.60941,35.02268982,11.61326313,4,63.94752502
12114,237.4977112,30.2910099,20.39227295,9.524578094,5.668011189,1944.78816,3,15512.1048,27.15374374,11.28998089,4,74.74488068
12115,50.07024384,38.5611496,25.46408081,10.44029236,4.886483192,59.30003839,3,16207.47366,23.20029259,10.8088398,4,54.03948212
12116,76.14907837,27.23506355,18.0285511,6.554935455,4.085751057,1200.281282,3,5861.062833,17.6483078,5.897146702,2,265.2363586
12117,47.5799942,30.04348183,18.90124321,6.670941353,4.492131233,5257.914985,3,21072.42749,14.79976273,6.088593483,4,219.3007202
12118,105.0231628,38.46120834,19.83944321,8.683397293,4.751070976,1268.419016,3,2346.428943,18.50001907,8.909768105,2,245.6152344
12119,141.0296021,28.03728104,17.8231678,10.93131733,6.533511162,5292.973942,3,9674.441487,30.64210129,9.50680542,4,131.8985901
12120,46.46325302,66.22442627,19.83193779,16.97531128,9.120994568,4360.28573,1,10607.96446,34.43738174,11.92469883,4,311.4552307
12121,157.6628876,38.14800262,25.68156624,8.481236458,4.630053043,932.07515,3,16618.78453,22.85496521,6.834138393,4,57.94651031
12122,37.57237625,34.17613602,22.82910156,10.75405216,6.972517967,7787.665484,3,5131.868451,21.39007568,12.06346416,4,223.7269745
12123,99.32942963,22.1008606,15.1297226,5.604308605,3.650033236,1558.134344,3,7257.413811,18.74815369,4.707985401,4,79.00790405
12124,105.8862534,24.1963253,14.26607132,10.97173405,6.150139332,2265.976584,3,12388.68694,28.80060387,10.56854916,4,176.9872131
12125,223.1377869,29.58971405,18.11447525,9.001409531,5.640014648,6615.195642,3,3573.475486,23.94690514,8.819140434,4,276.1466064
12126,104.2128906,25.3003788,15.70154762,9.580025673,5.947495461,1697.130868,3,2320.375443,24.4833622,9.485456467,4,231.072464
12127,54.43012238,41.66889954,20.64620972,17.16093445,9.536535263,181.0704566,1,15528.172,33.76494598,15.16441917,4,309.062561
12128,84.0925827,47.69380569,26.42149544,6.975205421,3.923491478,2053.265816,3,2023.318313,15.46800518,5.954406261,4,308.267395
12129,53.22540283,32.16923523,21.95267296,6.866256714,4.036416054,2683.720215,3,1317.28459,16.13580704,6.475319386,4,280.6196594
12130,116.7965012,40.32017899,28.37815666,7.743440628,4.294286251,1346.770403,3,12128.2015,21.03419113,7.493661404,4,28.77372932
12131,129.7249298,31.37558937,18.78680038,9.059560776,5.35340929,1347.543395,3,11679.26432,22.9739418,8.062941551,4,261.3843384
12132,109.223053,37.98922348,27.90274429,7.860040665,4.951931,5664.140395,3,24038.76252,20.20529175,10.05991364,4,38.65980911
12133,153.9486694,34.5904007,25.66373253,8.264022827,5.159230232,10317.23251,3,3879.198224,25.43139839,7.631369114,5,296.7348938
12134,175.2863312,30.81652641,20.38136482,9.758961678,6.150777817,7001.827101,1,8087.907199,31.11862564,8.343349457,4,59.1617012
12135,152.4081573,30.65593529,18.5723114,9.233865738,6.004087448,5197.694932,3,1663.766251,24.74972343,9.283790588,4,60.74158859
12136,73.55488586,35.41830063,22.34077072,6.501940727,3.894667625,4964.780121,3,19990.70968,13.93953228,6.946207523,4,62.59242249
12137,123.7440033,28.92771721,18.49894905,7.356678009,4.570696831,614.3852497,3,4194.32897,17.98179436,6.88436079,2,85.60129547
12138,98.58144379,41.42499924,28.00950813,8.984375,5.244401932,10618.67069,1,4654.854161,24.86146927,7.854950428,5,309.8055725
12139,81.44236755,25.25684166,16.2714119,6.763206005,3.87964654,10426.62262,3,4909.024092,21.96179962,7.626934052,5,248.9113312
12140,164.5423431,41.9485054,27.81403542,8.480790138,4.871814251,5264.362134,3,1648.730732,23.55773354,9.212153435,4,58.13402176
12141,96.99399567,30.31274986,19.01643753,8.102275848,5.509290218,2869.962718,3,18192.12339,22.36304665,7.850028038,4,266.0090942
12142,71.9533844,56.01288223,28.52330208,6.339737892,3.719132662,5386.74377,3,20256.60796,14.29289818,6.86202383,4,45.95457458
12143,97.61301422,37.14199448,27.31032181,6.57918644,3.94430232,4614.10458,3,21530.12604,17.38531303,5.995497704,4,26.56505203
12144,196.5056458,35.28346252,26.20305252,9.702448845,6.016823292,2103.602727,1,15045.48129,30.93443298,8.918721199,4,281.6893616
12145,48.20334625,38.38751984,21.40726089,13.36395168,7.00469923,209.8248857,3,15694.51576,23.34109688,12.52778435,4,267.5940247
12146,39.30939484,42.95603943,25.25713539,9.287827492,3.944759846,7138.148522,3,6004.251136,21.16757774,6.345439434,4,292.7144165
12147,53.27765274,28.72014236,13.32738113,7.447103024,4.129914284,7509.257362,3,4820.778587,19.96893501,5.549849987,4,240.0108643
12148,65.39984894,32.68961334,18.04615021,9.354419708,5.553366184,2383.84064,3,28798.77567,18.80344963,9.566709518,4,105.7511749
12149,30.84492302,33.50259781,20.69517517,6.030874252,3.129108191,4388.260959,3,21655.28743,14.37250233,4.948258877,4,93.98751831
12150,107.4834442,32.24214935,17.07425308,10.24045944,5.338703632,2044.829247,3,13514.98181,25.67612076,8.640710831,4,147.4894104
12151,92.19171906,31.77655792,22.75687599,9.109485626,4.99801445,4538.052236,3,9133.66022,25.56777191,7.126149178,4,50.44033051
12152,75.34130096,29.35274506,22.61282921,6.742500782,3.793591261,7264.301634,3,6535.731028,20.6985302,5.710331917,4,44.68170166
12153,135.2426605,32.26403809,25.81221581,7.144370556,4.425834656,6976.393796,3,6900.950955,22.50490379,5.949427605,4,32.14191055
12154,100.1880569,30.4947319,22.01585007,9.506607056,5.503810406,7514.488518,3,6139.977821,29.69179726,8.342008591,4,291.914856
12155,149.5935059,36.51572037,26.45263863,7.835559845,4.235430241,5089.581657,3,33470.58251,21.14926338,7.031636238,4,314.5907593
12156,171.943573,21.19832611,11.60159302,7.678494453,4.412277222,740.2904664,3,14162.09872,30.24944878,7.748672485,4,112.8674469
12157,110.6995239,31.72794533,17.94737244,9.305540085,5.397057056,1489.404282,3,5542.460887,23.93174362,8.974642754,2,236.3099365
12158,8.530144691,46.9852829,14.41560459,6.269163132,3.885369778,109.1287871,3,15840.74065,10.83363056,3.604620218,4,172.8749847
12159,73.97612,43.02445221,27.00645447,6.765960217,4.506191254,5564.195134,3,20469.93713,12.95088577,6.032808781,4,32.73522568
12160,37.97327042,26.90455627,15.14071274,12.87720871,7.047854424,135.855652,3,11534.20894,25.78302956,11.22485733,4,152.1985474
12161,195.3501892,44.04176331,27.99360085,8.497167587,5.417658806,525.7438779,1,11568.81895,23.42916107,9.4351511,4,49.87927246
12162,94.19398499,24.65856934,12.62273788,8.398089409,5.972697258,2495.866251,3,12162.00873,24.09662056,8.908693314,4,221.5680084
12163,90.29608154,30.35910416,15.43535233,8.114536285,4.263683319,1564.074021,3,13716.38732,21.17310905,6.303865433,4,184.6000977
12164,10.1536665,46.97463226,25.31567383,6.886888027,3.752290726,5625.690618,3,21064.87903,9.151847839,5.953671455,4,219.2300873
12165,57.38595963,34.4851532,19.86542702,11.64384365,5.515690327,2735.43827,3,598.3609366,26.09300232,9.274778366,2,145.4691772
12166,143.8185577,42.66957092,28.34663582,10.61301231,6.232376575,5424.67932,1,9564.939521,30.83868217,9.007534981,4,320.7344055
12167,230.8661194,43.54940033,27.30698776,9.558797836,5.477006912,1931.044658,1,15629.37164,26.60774612,10.53187275,4,304.0459595
12168,73.45214844,42.41086197,26.72201347,9.971031189,6.015380383,7965.750176,3,5449.042726,24.12791061,8.962349892,4,41.56439209
12169,30.49322891,38.69247437,22.95661736,10.88566685,5.358242512,7710.421222,3,4978.289239,17.79336739,9.208010674,4,225
12170,233.019043,28.5184021,20.04619598,9.910529137,5.941363335,6667.894173,3,3268.661276,29.51573372,8.919816971,4,273.3386841
12171,102.7900848,30.89469147,18.60467339,7.058132648,3.483603954,2749.654206,3,17651.60612,21.7994976,4.876373768,4,285.1540527
12172,111.1017914,31.33104134,16.75287819,10.46216679,5.200389862,1057.59284,3,8317.060078,27.08655357,9.447677612,4,162.9627686
12173,64.74733734,38.1637764,20.34027481,11.52409077,6.713503361,2582.070174,1,549.9368641,27.98072624,9.692008972,2,300.9637451
12174,114.5687332,43.82630157,28.20585251,8.899903297,5.367667675,10156.52059,3,3651.020926,23.81326103,7.919977188,5,46.90915298
12175,131.0224152,34.55329514,23.87439156,8.677698135,5.147673607,10064.90528,3,3594.99047,26.13532257,7.333323479,5,64.61788177
12176,124.2335815,31.34522247,17.40631676,10.52257538,5.665001869,1517.952617,3,8242.180305,22.90888405,8.479074478,5,174.4699402
12177,93.92739868,49.93182755,26.89042091,8.202066422,4.416363716,2585.461484,3,7153.978246,22.11491203,7.448844433,2,306.1539917
12178,168.62883,18.94301796,13.85398865,10.171134,7.186929226,609.8664839,3,10382.69034,34.71042252,9.412266731,4,213.190979
12179,150.2810059,23.81977654,15.97440529,8.371090889,5.54470253,1465.022324,3,9251.232553,28.29080772,7.376574993,4,72.72825623
12180,26.22150803,39.56090546,17.7848835,9.632815361,4.011458397,2564.919143,3,825.5324506,16.98174477,5.997592926,2,196.8450317
12181,137.016571,24.62918663,15.75405693,8.867315292,5.593409061,6700.786424,3,6994.043743,25.76274872,7.487018585,4,71.31425476
12182,98.3897934,39.81892395,28.90465355,7.220308304,3.942514658,4944.413219,3,1221.080907,20.35681725,5.852892399,4,296.5650635
12183,67.31429291,31.94672585,17.5224781,8.991654396,5.700138569,3117.510796,3,866.9941794,18.06238747,9.236356735,4,88.36342621
12184,98.74324799,26.29543877,19.99427414,10.49663258,6.796084881,1006.820345,3,8710.474887,28.76474762,10.16716003,4,237.2260742
12185,51.63814926,26.02191162,16.20295906,9.988043785,5.641130924,2471.440151,3,1032.889473,27.58478928,6.111237526,2,85.88777161
12186,89.39936829,33.28963852,15.73841095,9.595471382,5.761216164,6844.902402,3,3978.486215,23.15863419,10.0667944,4,263.65979
12187,18.82998085,56.99135208,21.1636467,13.0894537,7.011419296,55.49048673,3,11508.50678,16.66828156,9.806024551,4,315
12188,159.9716339,32.05620193,21.80480194,9.770466805,6.505536079,1435.781074,1,12664.24454,29.18478394,9.374817848,4,73.83550262
12189,84.78586578,35.7387619,16.37963676,8.831344604,4.5974226,2067.762679,3,5829.948458,21.96170807,9.257884979,2,248.6856689
12190,103.7382278,28.53553009,15.45333767,9.716143608,5.71382618,2201.812737,3,13275.57903,26.59241295,8.265857697,4,240.2274475
12191,170.4078369,27.90381813,17.36512184,10.43030548,7.050892353,4124.519739,2,10346.99698,27.51766396,9.760594368,4,182.6215973
12192,14.36877918,45.10593033,21.18533134,4.504248619,2.802565336,100.2860147,3,9926.918608,7.785615444,3.987436295,4,116.5650482
12193,75.77042389,29.16772461,19.28490257,12.52931404,7.533662796,255.1107511,3,15313.71078,32.27178192,12.57232666,4,264.4006653
12194,48.07130432,36.18608093,18.29920769,18.45586395,9.019514084,12.67142304,3,15079.31029,29.41673088,13.51311493,4,95.1173172
12195,141.9724884,40.37024307,27.60653496,9.920100212,5.85249424,1323.63325,3,16304.27597,27.34572411,8.964811325,4,302.3349304
12196,25.04640198,40.00871658,28.62519455,5.949898243,2.949008226,5597.125405,3,20865.20627,12.64657402,4.093626976,4,27.66300583
12197,52.01753616,34.4924469,23.19398308,5.700705528,3.383862257,5974.075433,3,20585.81738,12.52645779,6.144197941,4,36.86989594
12198,203.2846527,28.64439583,19.82620621,5.681548595,3.735839367,5123.458292,3,21862.83666,17.45590973,7.638661861,2,74.16761017
12199,107.3966599,23.38096809,14.47165871,6.447334766,3.865008831,3111.338127,3,17013.30166,17.60780144,6.34774971,4,214.622406
12200,129.0003204,38.13824081,29.10633087,8.760508537,5.764088631,351.2955855,1,13438.12777,26.5556469,8.180355072,5,326.6641846
12201,48.83244324,31.92594719,15.91145802,6.890096664,3.391564369,1687.316353,3,6286.521656,14.28036308,6.567340374,4,200.9459839
12202,148.7274323,40.96495438,25.41879845,8.932342529,4.680185318,3270.230346,1,12175.79224,28.29746437,8.269916534,4,43.87047958
12203,108.253746,27.08732605,17.83552551,9.611026764,5.75189209,537.0022232,3,15449.5056,26.76357651,11.54581928,4,220.6676788
12204,110.8898544,30.88477898,16.82301903,8.457737923,4.985026836,2731.916332,3,12174.22515,21.01452446,7.103194237,4,212.8202362
12205,184.4511108,31.29753876,20.93655014,11.73561096,7.078227043,859.7887527,3,3434.458691,30.64910507,11.35072708,4,43.31531525
12206,14.4191637,40.36070633,21.04622078,9.352090836,4.981333733,70.39473582,3,4413.34301,17.09453011,6.789275646,4,202.1975098
12207,45.18712616,31.93614769,15.37450027,12.12334061,5.306619644,57.60475308,1,4255.577147,28.06059265,7.293211937,4,56.17090607
12208,29.65092468,37.8096962,17.0310936,6.799090862,3.179710627,5101.076586,3,20054.06029,13.15265369,4.287071705,4,150.6837769
12209,70.69311523,27.2497139,16.62087822,11.69211483,6.971906185,122.0717552,3,13262.92578,32.82085419,9.922572136,5,139.0001831
12210,119.4347458,29.89833832,21.15590858,9.512645721,6.440983772,778.4340383,1,12766.70017,30.37893105,8.028870583,4,285.0863647
12211,153.3555908,20.91163063,16.42605591,8.341030121,4.784794331,3216.502396,1,12182.71714,28.29835129,8.251517296,4,89.10482788
12212,75.04502869,26.460392,19.80966568,9.343623161,4.892836571,2970.064843,1,12119.1148,25.2644043,7.317367077,4,306.6743469
12213,122.1316299,27.21012688,15.20368862,7.055733204,4.032570362,4690.823453,3,32689.93559,18.15105057,5.608314037,4,228.1798248
12214,145.411026,30.55553818,22.52447128,9.846002579,5.679622173,1281.758418,1,12203.5968,27.447052,9.908207893,4,287.9519043
12215,43.86809921,44.09706497,24.2723484,7.103577614,3.517508507,1373.564707,3,6468.969233,15.32626438,6.620821953,4,214.7441864
12216,118.4584122,30.05705833,21.82457161,9.476355553,6.177329063,2570.222329,1,12946.52514,28.01403046,7.938207626,4,264.6712036
12217,97.43457031,44.0188942,29.77311707,8.190656662,4.706809044,1261.673691,2,13900.08202,22.89130211,7.86131525,4,28.4335289
12218,155.7481079,28.6808033,17.46385574,9.058161736,5.637189388,3044.423445,3,11619.73978,25.85171509,9.294137001,4,217.7498779
12219,94.12281799,19.55556297,11.75154114,7.116806984,4.037425995,5869.51377,3,29784.73497,19.26917458,7.376133442,4,136.4320984
12220,127.7333145,33.53810501,18.39138031,8.772454262,5.971623898,1110.859997,3,5425.387736,21.46622086,11.97605228,2,149.0892944
12221,150.154068,22.55906487,17.2569313,8.82059288,6.221442223,4265.192159,3,10820.4664,30.13473701,8.36616993,4,253.2497406
12222,144.1637268,27.19323349,15.77908611,8.6622715,5.106863976,3769.942055,3,11454.28059,24.88261223,9.84799099,4,209.9227295
12223,111.2052994,30.46006393,17.31021881,10.13443375,5.430736542,981.5620901,3,14803.13921,27.99961281,9.462138176,4,182.2581635
12224,125.0607834,33.8813591,17.86991119,11.37005901,6.012111187,1376.246603,3,9012.925306,23.61164474,9.733189583,5,185.1944275
12225,59.1026001,31.05718422,19.0026989,12.84217167,6.590553284,489.9536628,3,14625.89799,28.30049515,8.526743889,4,171.3610229
12226,119.9115295,32.64087677,20.15617371,10.60719967,6.098155975,145.0624076,3,14496.28126,28.81387329,8.358772278,4,85.89282227
12227,75.93218231,31.38776398,18.93306923,11.75238514,6.438066959,3303.583782,3,31206.0388,22.45795059,12.53630924,4,124.9674072
12228,39.4186058,30.95103264,20.59997368,7.318523407,3.976278067,3804.505267,3,31748.3251,15.8813715,6.938641071,4,275.8598022
12229,135.3744354,23.70623589,16.32503891,5.71391201,3.591749907,5818.179738,3,33647.2634,17.68372154,6.314937115,4,233.1300964
12230,81.82054138,35.38116837,18.08860016,9.331204414,5.605346203,1554.815317,3,2237.179113,21.7686367,9.590628624,2,189.4272308
12231,139.839798,33.85785675,16.82843018,8.596287727,4.605195999,962.4267778,3,14742.552,21.69438553,6.154160976,4,267.6721802
12232,159.4556885,28.96364403,16.943573,8.334311485,5.165421486,3408.005876,3,11205.75699,24.51426697,7.486985683,4,133.5793457
12233,90.73175049,35.4928627,17.38344955,10.71665382,7.006021023,7118.684523,3,4217.380842,21.24854279,12.66160297,4,231.3401947
12234,36.97359467,35.38156128,18.25734711,10.19566536,6.782732487,186.3380136,3,9651.895506,16.30043221,8.436383247,5,121.7594757
12235,126.6663589,36.67490768,26.55083275,9.3950243,4.965135098,8177.706273,3,5652.439991,27.27414322,7.542727947,4,53.47114563
12236,83.81037903,33.88613129,23.77483177,12.76523495,8.72146225,8012.590727,3,5198.330968,27.4962635,9.328125,4,46.72493744
12237,9.107591629,37.93579102,22.92673683,7.482032299,6.14710474,7695.171574,3,4898.865296,8.615550041,4.150257587,4,246.2426147
12238,112.9855499,27.13208008,16.21692276,7.636840343,4.376879215,2676.146726,3,27360.12805,20.22979546,7.661994457,4,134.2461548
12239,134.2010956,24.14766121,17.02244186,7.106904507,5.112770557,5337.614794,3,33212.70027,18.88534355,8.497528076,4,118.8711243
12240,48.87234116,31.48236084,17.80666542,5.456734657,2.91227603,5282.560416,3,20199.70315,11.86299038,4.33864975,4,50.17952728
12241,193.9478455,25.46099472,16.54850006,5.402459145,3.373507977,5576.029996,3,21722.26883,17.2350769,6.389276028,2,59.38139343
12242,171.4955597,24.52481651,17.40974045,8.896460533,5.467441559,826.9056966,1,9389.984562,30.14484024,8.271561623,4,64.61788177
12243,105.0463638,30.52137756,18.44211006,9.540929794,5.876156807,895.4389046,3,8216.536106,26.07038689,8.153691292,4,250.5327759
12244,149.7855072,39.08571625,25.28073311,8.631590843,4.990496635,816.4624834,1,16747.64199,24.33454323,7.847260952,4,305.5376587
12245,106.6448669,41.55496979,27.83444786,11.66014862,7.070764542,93.59476452,2,16134.04812,30.55307961,11.39283466,4,45.8639183
12246,125.790184,31.62361908,15.42858887,10.92376995,5.712005138,3709.563735,1,10868.18678,28.51574326,8.271316528,4,221.4236603
12247,154.2746887,23.19416428,16.49525642,8.058073997,4.868288517,859.9829146,3,3375.290526,27.85929871,10.23326778,4,48.63294983
12248,135.8146362,32.96944427,20.42158699,7.54559803,4.414692402,1842.387259,3,7625.651843,20.03289032,6.611916542,5,71.05349731
12249,75.12726593,29.28071785,14.12121391,8.51420784,4.149962902,1240.651852,3,13932.58007,20.57930565,6.273365021,4,143.4269714
12250,136.7831726,23.25335693,17.33597183,8.755763054,4.860957146,1694.630704,3,15693.9676,27.51402473,9.845071793,4,49.83623505
12251,61.2555809,25.23067665,10.84029579,6.252684116,3.235795259,1706.964634,3,15420.7141,20.15870476,5.018520355,4,110.8350067
12252,193.8801422,25.34585381,16.73873329,9.206734657,5.312422276,6158.804298,3,502.9420222,27.48223305,8.302788734,4,120.2564392
12253,152.8084564,33.79322433,21.32596588,12.56670856,7.91912508,300.9355492,1,3956.520841,31.98330307,12.28100491,4,73.46389771
12254,117.5720673,26.80873489,16.7866993,11.08532047,6.873812675,865.7415966,3,14678.52926,32.42528152,8.914471626,4,189.5452271
12255,144.9106598,28.23507881,18.07379341,9.207222939,5.730185986,941.1218404,3,15180.61868,24.54881668,7.990481853,4,65.68493652
12256,44.6726265,37.23197174,20.13017845,7.476716518,3.938079596,1355.851021,3,6120.647767,16.16971779,6.490169525,2,205.4935913
12257,53.05652618,41.99420929,22.94729233,9.460507393,5.75423193,1588.838612,3,2390.210529,18.76726341,9.08869648,2,264.9364014
12258,85.11969757,27.0906601,16.51567078,9.300063133,4.970311642,6478.006606,3,661.3043091,11.61615467,0,4,246.8014069
12259,99.03386688,30.25401306,18.38360596,10.62232304,6.414561272,1183.80873,3,14287.41182,29.40944672,8.345357895,4,244.4765778
12260,83.61856842,26.96574783,14.32639885,10.23800564,6.07712841,211.5560809,3,10275.46762,24.06905556,9.948425293,4,281.8284912
12261,132.4229431,20.88489723,17.47725105,5.941746712,3.763507366,3923.476565,3,26267.9354,19.59087563,6.428227901,2,291.1776733
12262,150.422348,25.60215569,14.78748322,11.64274883,6.31867218,744.5668645,3,13891.76994,32.60915375,10.2022953,5,147.0114746
12263,46.4274559,30.10972023,16.23876381,14.12040138,6.795974731,141.2926499,3,13676.55982,32.30531311,9.686379433,5,158.1985931
12264,69.07492065,32.87976074,18.64796257,9.675577164,5.581327438,6512.765764,3,535.1865941,29.20594025,7.991083622,4,248.0615234
12265,100.2505112,42.09438705,27.9829483,9.485098839,5.339707851,486.3234121,3,14365.20691,27.39130211,7.530062675,4,29.31000519
12266,90.13993073,24.61265755,15.57625961,6.478692055,4.081119061,6201.411886,3,30253.32478,15.86492252,7.120708466,4,100.7539673
12267,58.42380524,29.94576454,19.57979202,9.797243118,6.034761906,2143.670018,3,1283.964717,26.87855339,9.334240913,2,163.3535004
12268,78.4016571,38.66972733,23.65764236,13.11945534,7.317404747,2090.54154,1,1029.040415,30.22136497,10.38484287,2,314.6919556
12269,68.91146851,40.66436768,20.4030838,13.83811665,8.05757618,2804.275755,1,12675.09259,29.6008091,12.65771866,4,56.61852264
12270,160.4035034,26.09771538,16.26451302,9.881235123,5.556230068,5193.725791,3,8822.100052,27.00298309,8.716636658,4,178.9759979
12271,207.6346588,28.63715363,15.72453499,8.14951992,5.017159939,5582.683578,3,8350.734414,21.48700142,8.450059891,4,248.1985931
12272,124.2420807,34.00999069,20.7863884,10.99576759,6.465278149,8318.795191,3,5404.469932,27.44687843,10.33586407,4,66.61477661
12273,155.7464294,25.26295662,14.84339619,7.543445587,4.084452152,1560.002638,3,5738.612842,22.11463547,5.920680046,2,242.1985474
12274,132.6792297,29.58450699,18.82575226,7.84287405,4.740521431,774.4340725,3,10345.42355,22.13737488,7.348207951,5,303.789917
12275,133.5497589,31.65690613,17.1927948,9.569347382,5.393370628,661.3127959,3,10449.9663,24.38928604,8.669150352,5,253.2899475
12276,94.51589203,41.91503906,23.48662758,11.92974663,6.057347298,2251.471035,3,12875.05509,24.63282776,8.694274902,4,27.25532913
12277,120.9008331,25.82253838,18.82552147,12.1202879,8.974508286,532.1876929,3,15156.69646,34.26174164,11.3332653,4,258.6900635
12278,46.15091705,33.59297562,19.57930183,7.413750172,3.9004457,3459.740631,3,31433.08948,15.2968998,8.332642555,4,279.3123474
12279,148.3683167,21.57281685,16.13630295,5.485120296,3.624458075,4328.605084,3,25961.81606,21.42506218,5.412060738,2,255.1013031
12280,87.92630005,31.93232727,21.01917839,9.955308914,4.841103077,3156.932567,1,12331.45396,27.87264824,9.05952549,4,89.5878067
12281,148.0333557,31.68536186,24.00068855,10.15987873,5.818419456,3057.05066,1,12597.56167,32.277771,8.74546814,4,301.8480225
12282,15.11160851,63.55521774,18.67516136,7.714300632,3.164018154,3666.415905,3,31643.34425,14.95058537,4.551304817,4,321.3945313
12283,97.41500854,25.82312584,16.54937553,7.562256813,4.063380718,5133.157865,3,33157.96221,20.00900078,6.363865376,4,300.6490479
12284,103.2313614,22.63735199,11.38362312,6.566394329,3.90353322,4825.908541,3,32851.87587,21.08057022,6.975736141,4,284.7435608
12285,176.5725555,25.84539032,16.06493378,12.83054161,7.932401657,421.1735586,3,10421.16474,35.64387512,12.91392517,4,226.7714691
12286,117.5127106,34.92831421,18.97140694,8.979631424,5.061681271,2338.23212,3,12627.8483,22.13189888,8.155241966,4,110.6589127
12287,131.6039429,26.49116135,16.46536064,7.557249546,4.491191387,2148.84896,3,26735.13652,21.22314262,6.96295166,4,103.5125275
12288,27.48816681,29.07274437,19.77133179,9.719436646,5.591771126,1907.47461,3,28435.93922,17.88116264,7.90910387,4,176.0817566
12289,100.4781342,50.48358536,26.86372757,7.44260931,4.263967991,1403.025834,3,28034.60658,17.61298561,6.065494537,4,38.51692581
12290,20.0744648,42.17196274,14.2942524,8.264759064,3.097587347,4157.778348,3,32158.37232,11.9695015,5.826387405,4,272.2905884
12291,166.0952759,38.98719788,25.86039925,8.475049019,5.127306938,5681.209593,3,28371.33742,20.50702667,7.435287952,4,49.86669159
12292,27.20120049,16.53772354,10.47669601,7.789438248,6.190529823,87.22934025,3,13499.49435,34.23741531,3.031990767,5,127.2552948
12293,81.44515991,31.52199364,16.18421173,10.0906229,5.411350727,405.445862,3,4646.340125,23.90115356,7.188330173,2,253.7397919
12294,88.33269501,47.43366241,26.69137192,6.946951866,3.654199123,6641.552984,3,22981.03044,16.18228531,6.019468307,4,283.5704346
12295,140.8979645,27.94886398,16.48245239,7.973967075,4.551742077,5276.296804,3,28147.70193,21.24041367,6.888360023,2,113.901413
12296,122.5461655,32.73196411,16.61511993,8.708455086,5.181185246,909.8793465,3,5232.574589,22.72077942,10.47839355,2,208.9600525
12297,215.9104767,27.29227066,18.16315079,8.437117577,5.390295029,6905.584515,3,270.7695349,28.81673241,8.370914459,5,247.3801422
12298,138.7232513,29.7495842,17.23637199,9.521881104,5.663096428,7882.965834,1,7216.053215,25.8980751,8.355024338,5,199.6222534
12299,36.01750946,30.42075729,22.03083229,11.06925678,6.816093922,1416.335709,3,13586.05713,26.25488663,8.844929695,4,33.07067871
12300,105.2355423,25.28258896,15.85784531,8.912368774,5.038206577,4300.813667,3,18659.49294,24.81135178,7.839445591,4,215.6764069
12301,107.9858475,34.47818375,23.48040009,8.97028923,5.299678326,4312.125866,3,32336.3759,22.63329697,7.748039246,4,328.3924866
12302,46.55303574,46.55992889,23.08223915,15.98590183,6.902245522,4717.488733,3,27119.10083,28.17357445,13.25320244,10,55.69651031
12303,17.22640991,42.87677002,17.94573593,5.534231663,3.29106307,4303.118419,3,18494.73602,9.146803856,5.375237942,4,215.1164246
12304,100.1642227,37.50508881,18.85671234,10.14989281,5.68921423,1398.958381,3,1550.026789,20.38058472,9.714323044,2,154.0934906
12305,135.7390594,30.65760803,24.62311554,8.011476517,4.451144695,3582.531159,1,11916.22645,25.63731956,9.73418808,4,45
12306,155.5222321,37.51353836,28.87354851,9.569354057,5.552578926,3695.320865,1,11906.56299,26.1428299,8.400080681,4,25.89707947
12307,94.29218292,25.45627785,13.87375546,8.71427536,4.649404526,2175.071764,3,13179.9582,23.92054749,8.05177021,4,186.9838867
12308,106.1910934,38.80109024,30.27576637,8.909123421,4.465539932,5085.288344,1,8544.777662,28.96664238,7.926546574,4,25.59744644
12309,51.60108566,50.89155197,26.99990463,9.662871361,5.731256485,938.0711717,3,13975.06381,22.70865059,7.298949242,4,334.136261
12310,146.5063019,25.0343895,15.94449329,7.938526154,4.90772438,6888.04619,3,22136.93503,20.39797783,7.545985222,4,187.5377655
12311,95.95059204,21.06297684,16.12407684,6.912595749,4.244975567,5790.911142,3,32338.56973,22.79301453,7.035681725,4,233.1686554
12312,116.2356186,36.54262161,26.10482025,6.920440197,4.416631222,4225.472593,3,20777.87147,16.59180832,7.249324322,2,304.9194031
12313,22.25476074,30.66606712,17.80986214,6.062243462,3.124259949,4602.857599,3,26918.39127,15.31493378,5.224892616,10,262.7648315
12314,57.96560287,28.31584549,14.97284603,5.869511604,3.476256847,4053.825454,3,17893.37055,14.58991432,4.580890656,4,265.9550781
12315,102.2084961,29.98306084,16.9354744,8.515048981,4.888810635,8560.107471,3,2054.918562,22.69849014,7.141500473,5,149.5152893
12316,102.424736,29.81570053,16.51538658,9.20603466,5.044194698,2150.793721,1,13035.20162,25.90605545,9.283804893,4,288.9039612
12317,189.0422058,29.60210609,18.322855,9.802495003,6.300483227,4022.021388,1,10183.82068,29.43198204,8.506611824,4,259.1956177
12318,137.967514,32.62914658,19.11868286,8.541394234,4.966444969,4327.40688,3,295.9622181,21.38922501,8.042765617,4,84.5361557
12319,131.9350128,43.06595993,26.48740768,8.046276093,4.656410217,4333.78171,3,186.9916076,19.05081749,7.718969345,4,294.7658081
12320,54.13617325,38.86945343,22.80701065,7.355478764,3.776886463,3396.841348,3,682.3872532,15.17813873,6.408538342,4,46.84953308
12321,66.99959564,27.05901146,16.7396698,5.476006985,2.945970535,2759.530015,3,1310.736098,15.90915775,4.811434746,4,254.3577576
12322,67.83418274,34.66709137,19.67348099,7.185669422,4.110761166,1824.806255,3,2421.55493,15.04215336,6.127193451,4,95.96448517
12323,117.1875839,48.32099152,27.14351273,9.846846581,5.187808514,2278.674105,3,12546.46755,24.21203232,8.574969292,4,86.63353729
12324,63.85713577,25.7390728,17.11399841,7.517290115,4.026778221,1452.394266,3,13432.05314,27.10970116,5.299450397,4,63.6417923
12325,108.6590576,38.74703979,26.53495789,9.075368881,5.076947212,8776.977693,3,2169.279142,25.2984581,7.548434734,5,302.4093018
12326,138.6593018,32.71608353,19.72422791,9.247647285,5.123988628,1764.08695,3,12812.79433,26.44492912,7.465181828,4,273.9029541
12327,126.7430725,29.81768227,18.92979431,8.892997742,5.86482048,2579.210721,3,11988.23212,22.97117805,7.466772079,4,117.7263489
12328,119.0256424,34.31980133,17.51235199,11.24146271,5.966785908,3888.125947,3,18258.16537,23.56505394,9.165036201,4,115.9713058
12329,104.4968567,47.41779709,28.51396942,8.110010147,4.536715508,2841.774643,3,17880.09525,22.08337593,6.187580585,4,333.4349365
12330,9.538426399,53.2442131,26.01128578,2.90120101,1.958276391,4198.643964,3,18591.91881,6.670106888,2.893520594,4,328.3803101
12331,29.0502491,34.17878342,20.98370361,7.290494919,3.97616148,3969.802759,3,18311.41851,16.03788948,6.144109249,4,218.1572266
12332,89.07132721,30.4084301,18.00140762,8.317195892,5.888504505,2049.498623,3,17059.97281,16.08827972,7.452319145,10,218.1182709
12333,49.48817062,15.14363289,8.611693382,7.107205391,4.527007103,2105.861352,3,16346.23869,21.36949158,7.017569542,4,200.0260925
12334,91.92997742,29.98011398,16.72342682,13.09339428,7.519889355,331.7352129,3,14252.73296,33.54479218,9.328193665,4,136.0617371
12335,96.71941376,31.78249359,22.37750626,12.3578167,7.59146595,80.56413228,1,14119.09896,32.78136444,10.90206528,4,323.1621704
12336,96.08529663,52.952034,30.45523262,12.09721756,7.525822639,130.437256,1,13713.61939,34.43464279,10.88075447,5,337.4283447
12337,95.84366608,29.37901115,18.57503891,8.817304611,6.231654644,622.1879425,3,7508.214696,24.88565063,9.208745003,2,104.5830765
12338,31.47168732,48.1468811,24.91926575,15.01932144,7.053979874,1211.529444,3,6823.090431,21.16427231,10.40538788,4,325.3048401
12339,117.6958542,28.42373276,15.04932976,9.517951965,4.986890793,1008.319383,3,14526.4525,27.44985771,7.884636402,4,153.711731
12340,134.0460358,30.66296768,18.32907677,9.749132156,6.173557281,939.4638632,3,28246.88707,23.3241291,8.849626541,4,63.7780304
12341,91.56434631,27.85193062,17.4196949,7.497750282,4.116694927,1557.186444,3,29175.81951,19.04924393,6.259753704,4,241.6018066
12342,93.9828949,28.64436913,17.05088997,6.456453323,3.682878494,4023.753494,3,19716.86553,16.95659828,7.494108677,4,70.38054657
12343,86.41716766,26.8692379,16.99653435,7.87939024,4.536934853,10316.58071,3,4832.340874,24.62038803,6.280533791,5,164.1974792
12344,163.2787476,29.81912422,15.91600609,9.81333065,5.328974724,6901.698698,3,3238.915054,24.64307404,9.469799042,4,162.2569275
12345,170.5825806,26.71939087,17.97350693,9.237148285,5.401237488,5104.763228,3,19388.47176,23.783535,8.467484474,4,218.7939453
12346,59.34892273,38.21985245,25.0639019,8.076043129,3.625749826,6185.892371,3,29452.38452,18.43913841,8.731204033,4,327.0947571
12347,78.06164551,39.11969376,27.94714355,5.965285778,3.29729104,5546.325607,3,21223.15155,14.14585495,5.268429279,2,26.56505203
12348,165.5493164,26.70166588,17.2849884,6.427771568,3.810738802,4879.487007,3,21249.77317,20.05120468,7.305591106,2,79.75591278
12349,158.6690369,32.24135971,18.17313766,11.06357193,5.794708729,4124.480859,3,9925.984233,25.89065742,9.094005585,4,139.6668549
12350,131.7487946,30.96522903,16.93120384,9.914050102,5.473335266,4204.32351,3,9810.546792,24.36289978,7.494708538,4,248.1985931
12351,119.8800964,28.6158886,17.0759716,12.13498116,6.742309093,7679.221626,3,4713.5716,25.97229958,10.68825531,4,262.875
12352,166.7270813,28.2681694,15.46870995,10.02649212,5.951662064,6883.108597,3,3659.8158,26.94660187,9.204179764,4,195.5241089
12353,38.22589111,37.01527023,20.99026108,9.685691833,4.810354233,78.04363388,3,9705.272952,19.45305824,7.547966957,5,298.3007507
12354,71.00513458,29.55054665,17.24510574,8.29459095,5.02977562,5197.774483,3,27411.2604,18.80332756,7.694118977,10,82.74680328
12355,61.18149567,28.79278374,18.96922302,5.487199306,3.244791746,2408.072991,3,17519.81693,13.08194923,5.455100536,10,80.70669556
12356,131.7575684,28.00477982,17.07091141,8.562311172,5.012372494,7620.225324,3,1088.54974,24.9671936,7.583627701,5,92.20259857
12357,203.786499,25.85148048,16.86828613,8.98959446,5.284710884,6469.140839,3,2698.853505,28.66409111,8.565155029,4,237.4968719
12358,121.1723404,29.01027107,18.59506035,10.94762707,6.954139709,458.8784357,3,8137.169631,27.72064209,12.74348831,4,210.3850098
12359,168.22612,28.72644424,18.4101963,9.22147274,5.344011784,1806.193308,3,12960.44255,23.47135544,8.716035843,4,163.0168457
12360,30.80017662,29.56960297,18.99562836,7.198951244,4.189707756,7206.300988,3,6632.858511,15.64195633,5.104692459,4,23.66601181
12361,84.01832581,39.67203903,26.53522873,7.620242119,4.405119419,7284.558008,3,6525.128573,19.91427422,6.868222713,4,291.5194702
12362,108.3253098,30.61622429,18.57725525,8.805185318,5.082498074,3377.45115,3,17734.1145,23.6654129,7.914165974,4,85.69355774
12363,108.2839432,27.1249752,15.56724358,9.203870773,4.702031612,3621.831368,3,17990.08996,23.48768806,7.240072727,4,182.9378815
12364,140.2613983,22.8206768,17.09322357,6.518349171,4.153023243,4983.06658,3,26723.72285,21.74223137,7.019293308,2,278.3102722
12365,152.4546814,24.84666824,15.46239376,6.89734602,4.201553345,8446.723837,1,6657.502583,23.10746765,6.672134399,5,69.8293457
12366,159.2793579,27.62638664,16.78777122,8.180429459,4.702156544,4046.887424,1,11283.19204,25.2990799,9.32794857,4,269.7359619
12367,64.14624786,30.49897003,22.26531601,10.79154301,5.236364841,5.718694984,3,15745.56551,27.28219795,9.902894974,4,52.31819916
12368,45.53581238,34.47993469,21.06817055,11.39186001,4.887042522,282.7290594,3,15481.93592,22.03223038,10.87710857,4,233.1300964
12369,67.83213043,32.86144257,18.41792107,8.041205406,3.812853098,4863.455585,3,1223.901846,19.82632065,5.12511301,4,69.53772736
12370,42.38471222,35.84553528,16.62302208,8.939463615,4.994065762,222.8464037,3,9708.138014,18.2239418,7.791295528,5,228.1292419
12371,135.7348328,30.88308525,19.05485725,10.33835697,5.824335098,1381.23743,3,15840.08103,29.49391937,9.100799561,4,276.9938965
12372,130.9422455,26.44048882,16.83094025,8.957468033,5.211036682,5437.140504,3,23137.46796,23.62213898,7.843673229,4,142.6582336
12373,166.5695801,34.07425308,28.13632393,5.882256985,3.411811113,3644.844619,3,23778.50245,17.97685814,7.421464443,2,46.70981216
12374,59.83098602,33.28115845,19.60508537,8.519464493,4.943721294,1340.167543,3,2280.788533,19.59858131,8.032867432,2,120.1526794
12375,192.5952454,27.08651543,18.56535149,11.20582676,6.408276558,6352.439038,3,469.1409822,33.66686249,9.764001846,4,176.6690826
12376,105.2565155,32.31970596,19.00729561,7.380846024,4.211341858,8967.475537,3,2489.7903,22.27980995,7.041745663,5,261.6340942
12377,120.23349,22.88267899,16.90727615,8.668100357,5.399424076,719.395836,3,16617.18208,29.59438896,7.549460888,4,107.4680252
12378,95.18384552,24.05337524,14.17788506,7.097878456,3.667312145,6732.381308,3,7121.267413,20.89059448,6.013232708,4,61.14434052
12379,59.99993515,29.04302025,18.64034462,10.44299984,6.973768711,327.9887649,3,9080.722886,25.75645256,9.422991753,5,125.8572083
12380,92.98478699,23.19050026,18.00758934,6.830140114,4.41488409,176.5572833,3,9263.891592,21.14610863,6.363177776,5,304.7559204
12381,128.9455109,27.23317909,17.06995964,9.879480362,6.104735374,1194.083336,3,15738.24817,28.09017944,9.966043472,4,180.7707214
12382,110.3082428,30.29729271,21.27783585,8.516724586,5.499967575,7007.381496,3,31291.03186,22.7615242,10.99367619,4,238.6504211
12383,93.91825867,39.32744217,25.51420975,7.212909698,4.314311504,3398.98945,3,19232.51377,15.79673767,9.438518524,4,308.2619934
12384,19.71081352,57.35845566,24.935709,4.278409958,2.655962944,3876.049546,3,18621.01644,7.917231083,3.319089651,4,51.80182648
12385,67.38803101,29.59605598,19.49853325,10.95227718,6.505171776,672.1884563,3,7159.366502,27.70321655,8.889745712,2,273.8062134
12386,140.3967896,39.3223381,24.79090881,12.32357979,6.54390049,6454.458275,1,8543.663923,33.14310837,9.929383278,4,287.6223145
12387,85.12577057,45.35399246,26.91173363,9.27165699,4.946517467,1206.011341,3,13541.28961,25.69094658,7.476946354,4,49.72620392
12388,70.61721802,44.15706253,26.94778061,8.468300819,4.320721149,2529.58225,3,17309.19996,20.88996124,6.585603714,4,295.3865356
12389,172.4570007,30.86122322,17.40887451,10.18302536,5.53132391,2040.621146,3,16455.07344,26.1800766,8.153404236,4,190.9228058
12390,106.9244843,27.62165642,17.15016556,7.640966415,4.702001572,3520.694363,3,31537.59988,20.79976463,7.936319828,4,252.5528107
12391,95.02664948,25.83626938,15.29744148,10.22381878,6.135797024,6543.988006,3,32265.99244,28.83533287,13.98346806,4,163.9888306
12392,62.95642853,39.84590912,26.45111275,7.459532738,4.766041279,6871.478232,3,30001.18013,16.65695381,8.192336082,4,304.4338379
12393,106.4274902,27.73128128,17.26266289,8.112006187,4.618781567,1275.022565,3,16332.27129,18.59818459,8.04122448,4,197.7232361
12394,127.7563934,29.69413757,17.04655457,8.496632576,5.015118122,8013.463904,3,1470.703415,22.5184021,6.723112106,5,188.6156464
12395,31.46426582,56.79631042,25.90489578,12.3197031,5.284124374,4851.764583,1,10321.18954,25.25489235,8.256278038,4,48.76403427
12396,113.9307785,30.13257217,16.74149132,9.558330536,5.195885658,931.5684353,3,10241.41536,24.36535263,7.791720867,5,230.0254974
12397,50.05712128,46.39278412,28.99651909,8.712890625,4.96062994,321.5900119,3,9552.315256,21.11443138,6.567507267,5,329.0362549
12398,116.5520325,28.45008087,22.55765915,7.328475475,4.43373251,2544.328308,3,18411.64113,19.36760712,8.336772919,4,238.1661987
12399,48.18741989,37.12108612,22.47006226,5.145767212,3.112360477,3436.486399,3,17862.98933,12.58241463,6.503890038,4,305.073761
12400,108.6125717,27.28124428,17.33672142,9.397782326,5.446736336,9527.355519,3,5564.530526,24.45091057,8.142288208,5,182.3859406
12401,150.1153259,25.54735565,18.28903389,9.483644485,5.913588047,5630.084992,3,9472.218089,31.98671722,8.141508102,4,107.058548
12402,154.5307922,24.58935928,17.18734741,8.836130142,6.299702168,4712.728923,3,10625.99457,31.76449776,8.849972725,4,239.150116
12403,73.33476257,35.45469666,19.47340393,11.51919174,6.683191299,1124.501261,3,14175.70681,23.39870644,10.65058327,4,124.9436493
12404,62.91566849,31.1632061,18.16531372,9.876923561,5.05231142,4966.179154,3,1080.549119,22.55096054,8.254631996,4,125.9915009
12405,61.52661896,44.94308853,28.03822708,7.396874905,4.087081432,4681.688841,3,677.9535921,22.34649658,6.81027174,4,318.1221313
12406,183.6464996,28.94197655,16.90877151,8.25063324,4.79496479,1862.091628,3,5941.017231,22.66339874,7.511378288,2,212.9052429
12407,123.9228287,29.89599419,16.06375504,7.983118534,4.356746674,4425.682324,3,32300.20802,22.49619865,7.414452553,4,271.2188721
12408,72.5976181,34.28693008,21.36869431,7.501668453,3.834565401,6717.362617,3,30501.37295,18.34010887,7.44212532,4,96.3401947
12409,153.4806976,31.48810387,16.99348259,9.361786842,5.371574402,1410.312303,3,13517.48233,24.36301422,7.518703938,4,157.3045502
12410,119.6868896,34.14250946,22.09113121,8.822116852,4.932625771,2523.438508,3,30526.76373,21.55609131,9.045167923,4,66.50143433
12411,158.29599,28.51989746,16.64164734,13.58878899,7.876307487,340.688314,3,9622.743189,36.22237396,11.10458183,4,155.5560455
12412,126.7548523,32.61312103,17.9426136,11.00206566,6.24104929,7448.526001,1,7532.33871,29.21460915,9.333129883,4,168.9297943
12413,108.2742615,27.18695641,18.40664864,11.42046452,6.224854469,7169.363772,3,7795.777097,30.6211853,8.618340492,4,160.4355316
12414,118.4517746,31.24811363,16.40842628,14.09267044,8.021826744,6693.60806,3,8271.208652,33.48429108,10.84688282,4,108.4349518
12415,134.9437256,26.86759567,16.34721947,9.64094162,6.990504265,5557.587291,3,1697.864148,25.96319199,10.15773678,4,53.71143723
12416,28.09132576,40.21018982,19.79197693,10.08840084,4.907804966,370.7425076,3,4559.307577,21.98519707,6.038058758,4,201.9031677
12417,100.4131622,52.09388351,25.14185715,10.3942461,5.766265869,7046.239679,3,30627.57401,19.68200493,9.912322044,4,67.20347595
12418,48.33385468,38.15291595,21.28808784,9.127724648,5.549789906,1049.931789,3,6485.430717,17.12968063,7.810379505,2,58.71437073
12419,85.58987427,33.3025322,19.49640465,8.420846939,4.746151924,1173.888255,3,13920.06437,23.25770569,7.755325317,4,261.9501343
12420,22.90283585,29.06558037,15.25136185,5.085977554,2.592000961,423.2174594,3,9760.358664,13.28074741,3.012006044,5,325.1397705
12421,182.1077728,36.0398941,28.68801498,8.126713753,4.620558739,1120.207941,3,9684.217351,24.32250977,7.29613781,5,43.36342239
12422,102.7216187,26.16574287,16.42432594,8.014511108,5.015892029,7010.256662,3,32090.94574,23.36369324,10.10367107,4,303.5223389
12423,161.8179626,21.53383255,13.75965309,6.466268063,3.448881865,4614.229007,3,26127.98624,22.18566322,5.18287468,2,311.3661194
12424,56.3131218,35.22091675,22.28255653,10.48209667,6.29989481,1083.582199,3,2200.741118,19.82618904,11.02421761,2,263.7965698
12425,69.54785156,31.3278923,17.31968117,6.814192772,3.809239626,2481.896534,3,1689.926634,17.26091766,5.96570015,4,212.8450623
12426,107.711235,26.63269806,13.92371655,7.0076828,3.355260849,1485.086221,3,5631.465979,20.01267815,5.25825119,2,293.3869019
12427,129.3153381,38.52511597,23.21930695,9.007419586,4.919229031,2398.110392,3,27156.25221,19.56121826,6.861082554,4,44.66690063
12428,128.0377045,45.81204224,27.61371231,10.3655777,5.280413151,5674.559651,3,24697.40484,21.6035881,8.735546112,2,303.5787964
12429,133.8065948,24.900877,15.21004295,13.68107224,8.31264782,236.801567,3,10295.2399,39.78356171,12.95250702,4,213.7910919
12430,131.5707092,29.84133911,16.63117027,9.007939339,5.24344492,4186.727374,3,32157.96928,24.2914505,8.318843842,4,177.7093811
12431,9.066841125,54.90442276,20.45182228,8.784070015,5.057430744,58.25469419,3,14540.32891,11.35688972,4.402459145,4,266.6335449
12432,58.71434402,30.28922653,20.68629456,12.60292816,6.952617168,188.6919319,3,14698.23763,29.80826187,10.12995338,4,93.06551361
12433,49.63098145,32.05546188,19.52917862,10.57254028,5.939560413,557.3495284,3,3557.970398,18.44839478,11.40756321,2,112.2490234
12434,43.96268082,39.18798065,19.76615143,7.04777813,4.246025562,1027.352683,3,2825.51869,14.29781151,7.143345356,2,263.2236938
12435,111.2761917,24.06745529,17.29014015,7.710642338,5.94290638,6059.408709,3,885.3724066,33.03602982,8.16519928,4,270
12436,150.3798828,39.05628586,26.77862167,11.52144718,6.786559105,5774.376002,1,9419.185235,32.50712585,9.817756653,4,317.4059753
12437,109.1294098,27.82006836,20.00325775,9.674138069,6.268796921,5304.074005,3,9989.309716,32.74406052,8.851201057,4,65.63479614
12438,21.18082428,25.84534264,14.07955933,5.7334342,3.282356977,4876.166378,3,887.6890441,15.76743889,4.274250984,4,92.41950989
12439,37.49520111,36.83475494,13.7804327,10.09280586,3.994277,242.595284,1,4435.854899,23.18237686,6.317866802,4,226.5140533
12440,122.0657501,26.48969269,14.31738472,6.796604633,3.726119757,1151.449729,3,5288.977164,18.66513252,5.639379501,2,272.3550415
12441,72.38653564,30.28731918,17.05983734,6.98842001,3.515067577,811.9842593,1,4950.152861,18.53526688,6.062716484,2,311.2686157
12442,51.18202591,47.09952164,26.54771614,5.572825909,3.511199713,6487.345013,3,21013.36984,11.15788746,6.224871159,4,305.3359375
12443,97.33770752,30.41252518,18.59541512,9.852315903,5.931909561,294.4994677,3,4434.686284,23.26235771,7.909379959,4,254.6387634
12444,166.6338959,26.16724968,21.85027504,6.508317947,4.157898903,1455.632465,3,9957.662899,22.32642174,6.076225758,5,310.8553772
12445,101.2675095,27.39726448,16.14772415,5.75935173,3.36430788,6299.157759,3,20512.60314,15.7876873,6.477128029,4,244.2900391
12446,116.8217545,18.91272926,15.95481968,7.332549572,4.568126678,5444.011447,3,24746.87499,26.50123596,7.359408855,2,90
12447,166.0482788,23.3026104,14.80478191,9.296831131,6.331056595,552.2907697,3,15293.37401,26.83620262,10.53192139,4,98.13010406
12448,76.3494339,35.98150253,18.61598396,9.239354134,6.06610775,643.1146751,3,6492.240381,18.02570915,7.253109455,2,77.57405853
12449,22.59081841,43.54705048,20.57631111,10.92514706,8.176397324,714.3238277,3,3383.416573,13.68070984,10.38971233,2,235.6196594
12450,35.55512619,36.90412521,19.82086754,7.325614929,4.346969128,933.978498,3,3098.383072,12.62498951,7.644273281,2,155.7967834
12451,166.8741608,26.97585678,17.04813004,8.183109283,5.119191647,4340.568484,1,11163.70503,26.02534485,8.210718155,4,240.5831757
12452,91.50896454,27.97662354,22.92323112,7.012486458,4.265466213,6787.318655,3,7027.000934,21.33949089,6.93962574,4,32.97432709
12453,93.38647461,27.20707321,14.57687473,10.22357178,5.533592224,7849.122968,3,4731.984387,25.0470314,10.39675522,4,234.8193054
12454,134.9580688,28.71428299,19.52927971,8.665099144,5.383539677,5650.324099,3,1651.095436,24.84638977,9.01213932,4,86.98721313
12455,208.7293549,23.39662361,18.15971565,12.06552696,9.346686363,471.7162433,3,3715.797052,31.09130096,11.74307632,4,90.67403412
12456,81.53842163,26.13381195,17.297369,7.982232571,4.293875217,1388.927528,3,2844.253575,21.89493752,6.744110584,4,223.2642975
12457,81.92032623,29.7660141,15.66765499,9.831472397,4.658777237,481.5401598,1,4638.794476,24.13356018,6.505978107,2,323.5693054
12458,141.0782013,33.28782272,18.02200508,8.300962448,4.893568039,1519.635512,3,7429.418402,18.74529839,7.688793659,5,106.8214111
12459,41.24685669,27.00487137,19.32296562,8.603618622,5.368051529,402.3811211,3,8824.447839,24.84937286,6.604926109,5,188.6066437
12460,116.6779938,23.03759956,19.68621254,7.092134953,4.526179314,5431.404081,3,23356.66951,22.3301239,9.862597466,2,263.4718018
12461,55.87494278,35.94565582,19.41358566,5.940373898,3.865422249,480.2933583,3,5861.706086,11.42428493,7.416960716,2,164.4758911
12462,25.88048553,45.90816498,19.00133324,12.16244411,5.266131878,565.8345589,3,6117.939428,17.74382782,7.881188393,2,227.3859406
12463,111.8598785,44.77814102,28.56837463,10.05311012,5.949811935,7693.529348,3,5842.474001,22.95167923,9.252853394,4,54.75242615
12464,144.6094208,40.33348083,24.31937218,8.594697952,4.798997402,1215.572376,3,7586.057941,21.27457619,7.593249321,5,46.21182251
12465,53.37454605,34.70516968,16.49358177,8.984883308,3.860101938,170.6657987,3,9055.458877,18.54801559,11.51571178,4,113.0394363
12466,101.6539383,27.59369469,15.1737709,8.81700325,4.915964603,621.5243391,3,14987.53633,24.26173782,10.03799343,4,202.563385
12467,81.74928284,24.16848564,16.91880035,7.206862926,3.950993299,380.7632658,1,14662.5386,19.62922096,5.783182144,4,318.6338806
12468,199.1505737,31.87401009,21.64045906,9.640973091,6.216830254,1293.442346,3,13895.97717,25.41714096,10.19798088,4,252.4371796
12469,120.4472427,43.46823883,26.97560501,11.78196049,6.531270504,42.96416315,2,15621.70216,31.4903698,11.91400528,4,40.0357132
12470,108.7810745,30.39670753,17.66495323,7.834932327,4.583225727,3318.333366,3,24941.36602,19.80448723,7.488839626,4,106.5820236
12471,139.4149323,31.55841637,23.53441238,8.026817322,4.899803638,5202.499005,3,1151.240771,24.53583908,9.319345474,4,255.734436
12472,67.32048035,31.89428902,17.32308388,6.099749088,3.709067583,2488.915118,3,1741.072089,16.24530411,4.817120552,4,278.143219
12473,68.91310883,36.04436874,23.62693787,6.241469383,3.572773695,2988.435549,3,1262.397811,15.59164333,5.39790678,4,268.3153076
12474,18.53525162,60.36374283,15.92107201,13.12249756,5.483520031,381.9890686,1,8733.82084,21.71479034,7.888595104,5,45.52010345
12475,51.69799042,34.37828064,20.61877823,11.61694241,6.683312416,309.4792524,3,8604.975215,25.99300003,8.926869392,5,106.6954956
12476,132.000473,24.97720146,16.43560791,7.049665451,4.007015705,2907.341876,3,25500.74692,19.84241295,6.780977249,4,205.9743958
12477,149.9472198,43.484272,28.35014153,8.960889816,4.853872776,950.409848,1,13209.47702,25.89460182,7.307263851,5,289.3290405
12478,97.77056122,49.55989838,28.38531685,6.604698181,3.883419037,3968.216854,3,285.0083811,15.86288548,5.729735851,4,315
12479,170.2332001,27.21473885,17.68811417,8.496007919,4.793040752,576.3103576,3,9134.411754,23.19635963,6.4729352,5,286.189209
12480,92.25299072,24.78749084,16.94506073,7.204014778,4.506147861,2127.1155,3,11154.22525,19.58353615,7.080574512,5,262.4053345
12481,98.1098175,32.73271942,22.47541046,9.360854149,5.745148659,1177.375184,3,10134.84433,23.54960442,7.52300024,5,323.0786743
12482,155.8925323,34.20186996,25.79120064,8.879183769,5.053863525,2386.439024,3,10233.20042,24.6515274,8.711561203,5,49.76364136
12483,97.64340973,39.71042633,28.38143349,6.216721535,3.792052507,2798.436433,3,18793.44137,17.1999836,7.377338409,4,29.97228813
12484,106.9123535,49.79438782,29.7006073,12.77866364,7.779877186,150.1268873,1,9432.327572,32.46973801,10.76029968,4,40.08343506
12485,116.1873627,30.29790688,17.5866909,8.975961685,4.701207161,10611.23271,3,4525.444542,26.36129379,8.332338333,5,72.07208252
12486,113.1724091,29.57811356,17.42905807,10.56168365,6.34539032,6005.087165,3,7850.252939,27.16736221,9.106604576,4,233.0159912
12487,97.79960632,27.26045036,16.5548954,9.412491798,5.022478104,7717.219969,3,5912.86571,24.097332,7.977844238,4,94.15964508
12488,104.7937317,49.18913651,25.18903351,6.920483112,4.059675217,2309.478019,3,10999.60334,14.3046217,6.191051483,5,290.2420654
12489,42.42915344,27.90111542,12.54629517,7.50472641,4.348525524,6688.705654,3,32513.80639,19.18371201,7.009942532,4,154.0079041
12490,62.91875839,22.57837486,20.57573891,6.366922379,3.557149649,5371.8698,3,23935.49529,22.09584999,6.235554218,2,59.73974228
12491,162.8181458,25.54387474,21.64888954,9.595071793,6.42425108,254.6805608,1,11140.68412,33.51878357,9.715526581,4,40.78950119
12492,195.2638702,42.39175797,26.39835358,10.01236534,5.486676693,947.2471813,1,11559.29478,26.90361786,11.49938869,4,277.3057556
12493,169.5445404,30.63888359,18.56287003,10.94701004,6.293872833,1068.781358,3,13552.46429,25.84075165,9.734802246,4,157.6917114
12494,128.9086609,24.86613083,17.11696053,7.585759163,4.888593197,4884.401683,3,23678.93893,22.67954636,7.808968067,4,237.20047
12495,138.9028015,19.96379852,12.2199049,4.679446697,2.498914242,5112.900349,3,26317.69938,19.4788475,4.204237938,2,238.4486084
12496,91.54762268,25.48421669,19.11888504,7.557579517,4.624160767,5291.98232,3,1263.007857,26.24868774,8.099665642,4,37.52844238
12497,122.0000458,29.01061058,18.26201439,9.803646088,6.247505665,5396.937554,3,19648.23787,22.68763542,8.414664268,4,137.1643372
12498,113.9342499,26.84649277,14.87161922,6.177117348,3.769793034,6189.865112,3,20427.3671,15.96607971,7.553140163,4,166.1578674
12499,115.1529083,25.40218544,16.17464828,8.030203819,5.230769157,6687.312557,3,33298.12996,21.41000175,8.539444923,4,105.7883377
12500,149.4488983,44.19490051,29.02105904,9.57712841,5.322091579,820.6840185,1,16580.19037,26.76378059,8.731422424,4,302.4711914
12501,125.7691422,26.56789589,16.67966461,9.102095604,5.149647713,4610.396053,3,23743.89589,23.60967827,8.56607914,4,174.5881348
12502,100.4123154,27.26536369,16.35782051,14.72437286,8.600243568,66.42700664,3,10156.57321,40.72480774,11.9386034,4,173.5986633
12503,55.73921967,30.8030262,19.62004471,11.19835186,6.080402851,163.1255668,1,10697.11422,25.80391884,9.462394714,4,39.19163513
12504,114.2444305,39.28421783,24.28881454,8.359711647,4.660410404,7552.756632,3,4191.14798,23.88732147,8.347135544,4,290.8390808
12505,152.6748962,29.87818336,18.61932564,10.98163033,7.107298374,4690.618576,3,18968.73442,25.80015564,10.08511066,4,113.3944702
12506,74.9746933,42.9479866,21.37584114,16.45836639,7.780514717,341.4784755,3,9994.622826,34.30214691,13.05097389,4,62.47418976
12507,72.54541779,22.63142776,12.82878685,7.374578476,5.181981087,6611.564228,3,7213.776758,22.40899849,7.356358528,4,52.56110382
12508,69.59257507,33.57881927,22.48622131,11.73910427,6.600073338,8316.892603,3,5173.422127,26.4299469,9.414447784,4,47.99266434
12509,145.734024,37.69021988,21.95588303,10.83306408,7.119071484,1065.457227,3,11817.22864,24.16545868,13.07232475,4,78.69006348
12510,40.97598267,24.07340431,17.08757019,8.850448608,5.372715473,199.1395726,1,10691.75502,26.70490265,5.586347103,4,55.42071152
12511,96.99469757,27.95331001,18.14686775,8.596499443,5.422551155,459.3185067,3,4527.809758,22.72012901,7.877171993,4,219.2894135
12512,109.3845291,49.20856476,27.49106598,10.55296993,7.005191803,361.3779633,1,10428.9356,29.78105354,9.895429611,4,54.95757675
12513,65.16757202,28.22176933,20.91444778,9.50598526,6.043129444,534.6365097,3,14731.18497,25.72366333,11.05455685,4,241.0741272
12514,81.96559906,22.2954998,17.96613884,10.64332676,5.946780205,8274.223851,3,5203.799456,27.13568878,9.40549469,4,65.49443817
12515,10.66328335,42.79662323,24.05200577,5.931454659,2.583961964,8168.766015,3,4917.2009,11.44727135,5.360908031,4,266.8118896
12516,85.07036591,26.53154182,19.32292366,10.46416378,6.766109467,296.6144364,3,6873.729691,24.44435501,12.87117958,2,174.8674469
12517,138.3005524,30.02983856,16.92980003,9.514767647,5.639846325,10103.83465,3,3996.500842,27.78245926,7.673788071,5,109.0359344
12518,123.4798126,27.06570053,19.30165291,7.90897274,5.446600914,10007.30293,1,5090.109974,28.26935387,7.336614609,5,42.70938873
12519,150.1127472,42.78700256,30.01278496,10.32046223,6.319140911,9884.875591,1,3932.724282,30.05410576,8.48237896,5,73.97059631
12520,100.4169769,44.01206207,27.47766495,9.662201881,5.460649014,561.8572421,1,15899.48366,26.21741867,9.227628708,4,315.2864685
12521,166.5803223,28.07216263,14.09335899,9.580999374,5.291744232,5581.208522,3,8250.620356,26.92523003,7.645740509,4,266.3987427
12522,58.79440689,19.89328384,19.30459404,8.579987526,6.590639591,477.4226442,3,14981.21552,31.97409821,9.05915451,4,210.6100922
12523,97.57023621,36.79996872,21.08622169,12.22673893,6.269408226,1312.640182,3,1448.328704,24.8488369,10.24160671,2,270.5487671
12524,75.20055389,29.8391304,20.24515533,11.64664459,8.083902359,5705.407515,3,1206.804789,31.37807274,5.584078312,4,264.513855
12525,120.118576,34.81502151,19.0644722,10.21204948,6.272026062,7644.706114,3,4221.39337,25.17826843,9.69770813,4,230.4403381
12526,96.19400787,32.30893707,22.47265434,7.360248089,4.385195255,4153.22684,3,69.79482912,19.07357788,6.443035126,4,71.14684296
12527,132.7021942,29.9516716,16.6465435,8.878902435,5.273842335,2230.317592,3,12380.93065,22.51129913,8.009033203,5,168.5180054
12528,147.8963623,25.410429,15.42902565,7.348309517,4.357127666,6284.89712,3,28853.4879,19.52244759,7.223773479,4,120.3236084
12529,155.6661835,27.55946922,17.08878899,13.5323782,9.119822502,317.9707521,3,15693.967,32.34460068,13.2065649,4,112.4526443
12530,160.9106445,23.31117249,19.2483139,8.72978878,5.644078732,435.4759295,1,15381.01516,29.05524826,8.785539627,4,317.6425476
12531,195.9505615,27.09932137,17.3292675,9.863634109,5.856223106,6650.654586,3,113.0215257,30.79349327,8.729382515,4,151.9051514
12532,27.01503372,66.06335449,26.73742104,6.631011486,3.429594994,2777.916328,3,11738.68223,15.5251503,5.2204566,5,327.6030884
12533,99.81678772,26.45288277,16.55751801,10.05421257,6.574976444,127.4061034,1,14546.69062,31.33977318,8.23097229,5,76.9708252
12534,98.80252075,33.3772583,27.04008102,7.869184494,4.908876896,7254.022141,3,31634.30553,22.53430176,11.12455654,4,68.28606415
12535,152.3230286,20.29182816,14.60223579,6.183996201,4.378580093,7651.785432,3,32543.34295,23.01596832,8.138651848,4,254.6591034
12536,118.905571,41.42249298,28.27928162,7.678850651,4.848712921,6432.68302,3,28593.34455,21.39601707,7.935790062,4,51.48307419
12537,72.06537628,39.30334473,19.73159599,13.86101151,7.124660492,531.416835,3,14951.42626,26.90672493,11.48535252,4,251.7355652
12538,88.38801575,19.68124199,14.35975456,5.070919037,3.042569637,5193.029149,3,25935.65101,19.2877388,4.388491154,2,268.2083435
12539,176.9893188,30.30246353,19.1874733,10.23754787,5.540364742,706.8165177,3,11138.88822,33.9824028,9.222380638,4,57.71881485
12540,53.27701569,41.38771057,27.06431389,11.43343067,6.694622517,7310.424137,1,7658.629612,33.28977585,9.748814583,4,93.71528625
12541,82.05387115,31.13962555,18.36776352,7.609372616,4.568573475,390.9521823,3,4829.850303,17.47540283,9.196881294,2,191.3099365
12542,108.2183533,51.21175003,26.65638924,7.852469921,5.569622993,536.5421,3,5290.751513,18.65719604,11.1402874,2,274.9697266
12543,135.1033173,27.14000893,16.06391907,7.893736362,4.503486156,5080.988124,3,8797.101478,23.09393501,7.424523354,4,206.4388428
12544,103.3636856,35.62586975,22.69571686,10.09734058,5.712629318,7754.125446,3,5613.912503,25.90958786,8.396652222,4,68.74949646
12545,76.74597931,31.85336876,18.83728218,11.34057999,6.278962612,7577.194542,3,4956.314562,25.69445992,9.594546318,4,260.7889709
12546,187.4825897,35.59072876,19.84203529,9.027947426,5.269991398,1092.156566,3,7385.599199,21.58131027,8.913855553,5,87.51044464
12547,171.3474121,34.10243988,30.13372421,9.241365433,5.733943462,1020.262553,1,14772.04539,29.53648758,8.842534065,4,21.44773865
12548,70.93820953,31.43589592,16.12176895,8.113685608,4.656699181,2070.65839,3,2089.796831,18.10041046,7.44837141,4,133.763382
12549,176.9129944,39.83639908,26.30123711,9.230904579,5.260233402,900.7996664,3,7410.832492,28.04133987,8.021886826,5,46.19348907
12550,142.3913422,29.42629242,18.97623825,7.390270233,4.377471447,6442.52626,3,22323.3722,21.86386681,7.108045101,4,274.3987122
12551,77.65512848,28.87229919,17.00337219,6.665459156,3.761204481,1405.263959,3,29402.19777,18.32382774,5.513618946,4,254.1111145
12552,12.93633556,36.73935318,15.70578194,7.626591206,3.097850561,865.2680473,3,28810.17968,14.46297359,4.750712872,4,271.8114014
12553,168.3269653,23.89609718,16.16829491,5.218080997,3.205399275,5450.744613,3,26591.02951,18.90109825,5.08295393,2,264.8055725
12554,49.99664688,37.37984848,18.84097862,7.032619953,5.794930458,78.69624668,3,7632.031814,12.38466358,11.93961334,2,186.3401947
12555,130.9902039,32.0157547,18.41981125,8.909137726,4.880616188,8598.624418,3,2142.581004,24.12519264,7.742338657,5,203.3440094
12556,114.888092,33.71614075,21.54871178,7.732327938,4.364075661,8535.962098,3,2100.026904,23.22197151,6.587954521,5,285.6070557
12557,41.75356674,47.55615616,16.99263191,17.1452446,8.667098999,60.43339539,1,8582.194957,28.76851845,13.13328457,5,288.9355469
12558,83.22868347,24.2476902,15.60431194,8.695824623,5.667320251,783.3028525,3,28793.2168,25.10866356,7.149328232,4,264.0506287
12559,117.6464081,24.25178528,17.0720253,9.035248756,5.362825871,8879.029394,3,6150.011256,23.89697838,7.86604023,5,171.0273743
12560,129.8709564,24.02963638,19.245924,8.985459328,6.094853401,5304.546992,1,10139.65424,33.40504837,9.48890686,4,254.9536133
12561,142.3045654,42.1968689,25.28904152,9.585393906,5.861147881,974.5262592,3,13544.25676,26.13376808,8.66951561,4,39.80557251
12562,146.7142487,36.90370941,22.66505814,10.07371235,5.597046375,1907.034659,3,16278.60972,25.37541389,8.53929615,4,291.8013916
12563,28.66654587,35.30982971,22.67369461,7.485611439,4.178240776,236.6861943,3,6332.595764,11.35039616,6.639807701,2,157.619873
12564,84.38652039,24.16518974,19.15864563,9.557788849,5.450962543,8370.478751,3,6601.979796,27.45675087,8.674218178,5,133.6543274
12565,49.63510895,25.24570465,20.55220032,10.10557652,5.0388937,7212.88323,1,7763.08876,31.51379395,4.843270302,4,42.70938873
12566,103.9441299,31.96608353,19.02528572,9.919922829,5.280339718,6922.357797,1,8102.659087,30.68427086,7.947694778,4,248.7907715
12567,104.1022873,30.32214165,17.78449249,9.717638969,5.402820587,661.6166547,3,16179.652,24.77576256,9.23982048,4,133.1570129
12568,165.0292816,28.77718353,17.12339783,8.959821701,5.315270424,5835.328638,3,7976.809035,27.01206398,7.32718277,4,219.3594513
12569,129.6182556,33.28284454,18.22274017,13.04388905,7.474645138,4215.951369,3,18477.74404,27.3523674,10.27377319,4,218.5031128
12570,129.510025,27.73087502,16.67659187,8.255149841,4.97981596,6470.381921,3,22057.68873,23.03691292,7.852200031,4,195.9782867
12571,39.49079132,29.77149582,11.34738064,7.833230495,6.038095474,5740.166871,3,27605.50297,28.42329407,3.803038836,2,60.46121979
12572,188.5998077,36.8860817,25.06682968,6.07930994,3.779902458,5292.100824,3,21662.72139,16.16698074,7.895412445,2,32.00538254
12573,80.1949234,33.95506668,15.93399429,7.363972664,4.158820629,3303.073394,3,863.6925363,17.43735313,6.797487736,4,133.6871338
12574,68.30768585,28.06754303,16.33691216,9.628710747,5.942433357,6054.542204,3,27772.86462,24.97467041,8.507621765,2,83.81138611
12575,130.4202576,35.96092606,24.27761078,10.35539246,6.186804771,7904.436944,1,7123.231178,30.07997704,9.098300934,5,282.3953857
12576,143.5456238,29.12267303,18.59544182,12.8959856,7.992976665,933.4628277,3,3205.46303,31.11909866,12.63507366,4,123.0232544
12577,131.1730804,46.29635239,27.51407814,9.110178947,6.104968548,1154.451603,3,2910.994005,21.21693993,9.984516144,4,41.87786865
12578,111.0466003,28.68825531,15.63440418,10.72506809,6.183988094,2979.069627,3,11624.57349,27.81277847,9.49915123,5,147.7396545
12579,73.74287415,28.59272766,20.89061928,7.624107361,4.597759247,5958.078123,3,27341.88609,16.33229446,7.302335262,2,267.4438782
12580,94.77351379,23.48200035,17.19459724,6.655878067,3.894034386,5420.051471,3,23380.95068,19.1117115,7.802592278,2,256.3286743
12581,71.54790497,41.06810379,23.85173798,18.60172653,9.791902542,342.8872209,3,9809.367453,39.15074921,15.66840172,4,250.3607483
12582,103.221756,28.6771946,22.04602051,6.486685753,4.334380627,264.3414295,3,8795.144383,17.11876297,8.710866928,4,41.98721313
12583,114.916275,48.19334412,29.16961098,11.06875229,6.259488106,8477.798898,1,6487.334047,31.55471802,8.819932938,5,324.4623108
12584,36.89568329,44.58826447,28.74383736,10.48253822,5.415922165,7762.349706,1,7202.895669,32.01582336,6.92317915,5,29.43848801
12585,180.6933746,24.13563919,14.36168575,9.154966354,4.70662117,6626.781278,3,2692.409195,28.72161865,7.723856926,4,220.674942
12586,174.4417267,23.90607262,15.42860699,6.918667316,4.255829811,5657.28925,3,25986.18648,21.79001617,7.005102634,2,242.4325867
12587,39.88529205,34.57317734,17.41588783,6.172908783,3.189274073,2006.363698,3,16954.35041,12.94196987,5.539711952,10,148.2355652
12588,30.40492439,24.64322853,20.40062523,7.416666985,4.607568741,257.6611475,3,8277.018658,16.61248589,8.572109222,2,30.7627182
12589,127.3628235,35.9744339,30.57545471,7.676328182,4.827690601,693.3466247,1,8670.055643,24.73333359,7.408167362,2,29.07028961
12590,134.3457947,36.77603912,27.75162697,7.706470013,4.650550365,599.5037834,3,8040.583368,21.56365204,8.708527565,2,29.74488068
12591,51.49053574,46.88479233,24.87400818,7.269136429,4.646001816,512.4294673,3,6046.582377,14.26613903,7.779644489,2,249.0103149
12592,160.7403107,22.98778152,18.09664154,7.857580185,5.490551949,6487.533326,3,15.61338851,29.60423279,7.619998455,4,266.9205322
12593,136.4972687,26.19101143,16.90615082,9.817677498,5.778577805,4417.99087,1,11444.25342,30.37265587,8.09359169,4,94.63801575
12594,132.2092896,45.80667114,28.34090614,7.908214092,4.293850899,1491.287339,3,27244.8614,22.21069145,7.951146603,4,84.70991516
12595,121.1811295,26.75983047,16.28817177,8.009319305,4.81113863,2228.307287,3,25969.25196,20.82574463,7.137377262,4,165.4178314
12596,140.6106873,29.18896294,17.28392792,9.076398849,5.420769691,215.0901738,3,28129.38677,24.73977852,8.539063454,4,95.61501312
12597,23.57909393,35.79144669,19.79342651,7.26841259,3.707463741,1471.000111,3,16919.17338,13.18270683,4.790910721,10,75.34324646
12598,70.43231201,43.18310165,24.97950935,9.164716721,5.10428381,508.1297887,3,7667.904927,20.53557396,8.615121841,2,61.73523331
12599,85.56918335,58.12783432,26.37424088,9.224081993,5.796087742,286.9831109,3,7006.325016,17.62652588,9.38427639,2,323.9726257
12600,22.19321442,39.1036911,21.58513069,6.54634285,4.163020611,194.4986852,3,3884.917585,9.964134216,5.530292511,2,135
12601,113.6840134,39.65324402,28.38505936,10.11260796,6.346776009,7379.625001,1,7661.404405,30.97764397,8.801250458,4,46.61354065
12602,31.14621735,25.69132423,21.99551201,6.165858746,5.279967785,2707.137721,3,11510.23588,19.52072525,6.304842472,4,117.215477
12603,19.15878868,42.63864899,15.43666649,9.454792023,4.841108322,2786.221728,3,11375.5975,16.42457199,5.842135429,4,251.1375122
12604,155.1796112,28.17178345,20.15913391,8.655507088,5.299842834,6073.586104,1,684.5227171,31.84083176,8.064500809,4,287.7446899
12605,182.7570801,30.96847343,16.52412605,10.80168819,6.57199955,5741.175714,3,7664.53455,25.01111984,9.540476799,4,126.4692383
12606,90.92639923,32.67248917,20.73072243,10.97455406,5.586550713,5339.484872,3,24661.11171,23.52320671,9.208673477,2,88.16917419
12607,106.1124954,42.52399445,29.33743668,8.644831657,4.61184454,5232.910359,3,24502.76193,21.52229309,6.527836323,2,312.3644409
12608,163.3479309,37.45720291,29.00191116,7.677381992,4.790491104,1328.75399,1,14227.63735,22.56596184,9.039546013,4,319.0856323
12609,73.29242706,25.85554504,19.20345688,8.305591583,5.306817532,931.9502581,1,14613.69339,18.98630333,7.258512974,4,322.4971313
12610,69.36558533,28.12807083,19.84896278,11.11864567,6.760821819,967.2689078,3,9638.593565,29.64967918,11.06535625,4,229.4320374
12611,43.03666306,38.063797,20.55430603,8.483175278,4.984269142,495.3740437,3,3201.200246,15.00338554,8.116436958,2,260.5376587
12612,67.30349731,32.33013916,19.89196014,12.18501472,7.536859989,4917.671448,3,1903.448265,11.52920055,0,4,221.4236603
12613,121.7985382,31.51015854,18.46820068,9.325370789,5.74125576,3175.411313,3,10867.54098,28.75724792,8.956831932,4,242.3027954
12614,53.08074188,33.99787903,15.66551208,7.433291435,3.562682152,5177.203196,3,8682.424305,23.29538536,6.742202282,4,221.4964752
12615,176.4125366,31.80623055,20.75083542,9.339909554,5.20986414,5654.312465,3,8154.913497,26.82162666,8.310427666,4,313.8596802
12616,29.02373695,35.74191666,17.0904007,7.6001091,3.987707138,3770.263697,3,18065.3431,18.90832329,6.438341618,4,101.9761353
12617,60.49707413,32.84412384,17.22526932,13.09009361,7.138899326,4013.943467,3,18309.50788,28.61485291,9.368701935,4,224.2461548
12618,147.7009888,26.44595909,16.42359352,8.412744522,4.917830467,1788.588056,3,26238.65162,21.36294174,7.032840252,4,168.3943787
12619,22.29242325,28.88372612,12.48653698,6.772427559,4.800499916,5715.936489,3,27197.5314,15.33703613,6.153669357,2,307.823822
12620,53.40567017,31.45495415,17.52272415,10.22015095,5.99219656,657.5963843,3,10308.51582,23.68180847,9.410683632,4,132.2973938
12621,52.39532852,40.73231125,25.2234211,10.01162338,5.512816429,1187.680982,1,10007.7187,22.52416992,7.903831482,4,47.72631073
12622,27.56852341,50.01192856,26.46525574,10.50669193,5.394739151,24.37135749,3,3901.179268,18.98294449,7.201709747,2,26.82197952
12623,158.5913086,32.98751831,21.15231323,9.941112518,5.85088253,6615.527486,3,2869.646042,27.07256699,8.945431709,4,270
12624,73.24094391,26.90101624,17.38777542,5.976214409,3.256206751,2760.846695,3,1363.282983,16.46421432,4.92149353,4,231.3401947
12625,128.9112091,36.58652878,19.84971809,11.21383667,6.486814022,288.4919791,3,8103.435013,28.68294716,8.699276924,5,51.26037598
12626,259.1386414,24.90361977,16.75063705,7.010371208,4.217200279,1209.242328,3,9259.295604,23.42994499,6.251600266,5,292.7509766
12627,118.1139984,21.45466805,13.69036102,5.716688633,3.405130863,1553.117651,3,26417.01968,20.84552574,5.582490444,4,239.4702911
12628,159.5868378,26.64499092,16.09370422,9.262343407,5.329690933,500.2601801,3,27539.10324,24.20833397,7.726837158,4,159.11763
12629,96.90871429,34.64574814,26.54645729,6.955684185,4.009690285,5325.594078,3,22376.52954,19.25537872,8.229811668,2,38.5956459
12630,95.53514099,38.6755867,25.00502968,9.28969574,5.114096642,978.4973347,3,6769.044698,21.86595917,7.623534679,2,46.25904465
12631,12.47528267,50.01982117,22.69410133,8.597493172,6.014347553,104.5410159,3,4235.229531,11.7466917,6.085818291,2,177.8520813
12632,40.28017044,27.44281197,18.57646179,6.397481918,3.99737215,14.85224393,3,3816.756268,14.96046543,6.523962498,2,66.2688446
12633,149.6287689,22.93186378,15.81055832,8.517096519,5.532351971,5035.384728,1,1701.029855,31.54455185,7.799971581,4,262.7440186
12634,84.28299713,31.35092926,21.9158783,10.39730453,5.737624168,8026.896905,1,6949.695118,29.9095192,10.53895855,5,75.08953094
12635,152.8594208,39.01294327,26.71611214,9.129226685,4.768127918,4685.896218,1,11496.95677,24.92887497,7.955079079,4,317.8912659
12636,87.712677,41.11676407,25.31702805,9.936634064,5.211256981,4608.733686,3,9216.286415,23.97016525,7.682107449,4,310.3893433
12637,92.46142578,32.27679825,17.02169228,10.58621407,5.429399967,3159.153819,3,17479.95187,24.31973267,8.19500351,4,128.7965546
12638,211.7708282,27.35123634,17.52060509,10.34396935,6.445670128,7131.375826,3,8083.231079,29.24447441,9.004540443,4,121.6074982
12639,46.18740082,35.49837494,23.2917614,11.97815609,5.219627857,5501.20823,3,9888.098425,25.60521698,9.764576912,4,57.81627274
12640,134.4943085,31.65987587,15.67181206,9.77098465,5.720747948,2353.747709,3,12227.77943,24.8465519,7.143544674,5,98.36128235
12641,125.1160889,37.6074791,25.48732185,9.099637032,5.690309525,9349.105691,1,5629.654341,31.69575119,6.764942646,5,59.22596359
12642,118.3187943,43.90045547,27.58853531,11.31228352,6.203613758,2920.192625,1,11077.54864,28.27857208,9.571456909,4,326.8886719
12643,34.14542389,41.2600441,19.2583847,8.103411674,4.465437412,2442.616262,3,11707.54095,15.66156483,7.133414268,4,155.955658
12644,73.28225708,28.5887413,16.86628151,9.917261124,6.001966,2485.030263,3,11579.79575,25.08529663,8.341720581,4,298.2260437
12645,235.769989,21.61924553,14.48611832,9.206474304,6.390586376,660.6595921,3,8302.920711,31.83892632,10.33708191,5,261.2538452
12646,100.4742661,39.47997284,18.57395935,10.56581402,6.713265896,1385.92897,3,13053.61893,22.56112862,9.089588165,5,106.9821091
12647,99.22060394,27.77292252,19.8973999,7.316469669,4.377156258,7279.226657,3,30580.51758,19.92592812,9.016000748,4,81.64070892
12648,73.9756012,31.26772881,25.46064377,7.25588131,4.492607117,913.1084916,1,9173.700087,21.12852097,6.014280319,2,30.06858444
12649,104.3966827,49.99927521,27.66767883,11.20551872,7.152297974,463.7646339,1,4577.723312,30.44297218,9.834133148,2,37.28810883
12650,218.7286377,32.72744751,24.83072281,9.917024612,5.626399994,4775.464807,1,10767.46736,32.23447418,7.966952324,4,334.4381409
12651,102.9430008,28.25587654,15.60453606,9.849162102,5.096692085,1884.395105,3,15716.59697,26.75599098,7.793978214,4,161.3233032
12652,98.91147614,29.80105591,17.06945992,9.816302299,5.428979397,1523.711356,3,16094.96621,25.46043015,9.816169739,4,119.1864395
12653,117.668129,48.63647079,29.94029045,8.326974869,4.983375072,5635.823883,3,1618.793912,29.04932594,8.051660538,4,48.57633591
12654,112.5755844,27.66142082,16.74516106,8.125754356,4.46113348,8669.974802,3,2303.569897,21.50338173,6.929890156,5,149.7435608
12655,166.7058563,30.16417503,18.530056,9.075211525,5.099031448,10316.0758,3,4741.536743,26.25444031,7.58173418,5,100.5391846
12656,108.4284286,24.87557983,18.17897415,11.97655106,6.406136036,7002.224683,3,4423.828271,29.31082535,10.3740654,4,196.3360443
12657,67.02932739,54.20359802,24.33255196,9.814753532,4.862142563,1145.989757,3,29170.56219,21.08659554,7.897742271,4,332.1393127
12658,108.2826462,24.73818779,16.2972374,8.178492546,4.816101074,1385.624961,3,29304.03951,23.83270264,7.639135361,4,230.3321533
12659,35.08745193,48.15117264,22.7822361,8.414305687,4.660551071,741.290067,3,16622.19601,14.7198925,8.605145454,4,59.03624344
12660,109.0757141,39.53749466,22.87976265,10.66193485,5.568462372,872.4097598,3,4895.099046,24.54866028,8.48062706,2,80.31121063
12661,73.76853943,31.03292465,17.58537674,10.47387886,6.083647251,3870.361448,3,10022.51943,24.54931831,8.450371742,4,175.8818054
12662,26.91922188,24.45511246,19.52745056,7.843925476,4.114696503,3311.067495,3,31191.65752,18.64146233,7.146492481,4,225
12663,156.6628265,54.93041229,28.16836548,8.801617622,4.485061646,4640.960226,1,11331.71057,28.24895096,7.104168415,4,26.36986923
12664,164.8231812,23.59771347,14.58142662,8.655687332,5.202685356,6375.207128,3,2378.878416,28.7088623,7.25320673,4,216.6070862
12665,99.80549622,25.95137024,19.37676239,7.676228523,4.688466072,3115.497917,3,17408.43501,22.88081932,6.768280983,4,35.10391235
12666,158.0442963,20.73978615,12.77565479,7.962084293,4.793828011,8300.482735,3,32096.38323,27.69825172,7.092470646,4,213.3197632
12667,130.4287415,34.84239578,25.83012009,7.976982594,4.259202957,1099.869769,1,8563.754737,23.56646156,7.623936653,2,318.7722778
12668,47.83088303,34.94589996,21.39038086,9.830586433,5.931536674,7662.695866,3,1186.176128,25.46284103,7.614937305,5,157.8905487
12669,97.50140381,43.94948196,25.02612686,8.256195068,4.445192337,7696.89381,3,1254.236388,22.31595421,7.167559624,5,275.4213257
12670,134.6275635,27.99988937,18.47442436,10.21339226,6.140713692,4039.608878,3,12607.62928,30.5094471,8.388608932,4,180.4441528
12671,85.07452393,31.28986359,17.62227249,8.227853775,5.010921478,1154.176825,3,12930.56738,20.50407219,7.831115723,4,142.594635
12672,108.1902924,32.55925369,19.40195084,9.414897919,5.367192268,4021.28102,1,9795.766278,27.23286247,7.419186592,4,290.6658325
12673,108.2020874,29.67726135,16.59218025,9.564642906,5.474379063,6336.031978,3,6980.677121,21.96920586,7.632544994,4,118.570694
12674,118.5908508,30.26951218,16.08002853,9.253135681,5.143806934,6868.42115,3,6425.413446,24.03906631,8.3608675,4,225.7166138
12675,130.9777374,34.56295395,22.21971321,10.27767181,6.708177567,2569.001866,3,10652.17747,21.09835434,10.78392601,5,286.0672913
12676,56.4721489,33.3914299,20.41257286,11.63379192,7.910691738,402.6535066,3,14783.54254,30.483078,10.51223087,4,256.4126587
12677,12.36844349,34.36592102,20.18140602,7.257268906,2.905692816,3154.992552,3,31017.415,9.160888672,4.646742344,4,64.32452393
12678,110.8739777,25.32751083,16.94374657,7.397900581,4.817153454,7512.71626,3,30389.83692,18.11918068,8.411105156,4,125.3401031
12679,4.202644825,59.52627182,18.16469955,4.48636198,1.724997044,7009.498883,3,29437.28948,6.096621513,2.711561203,4,36.25383759
12680,239.2202301,24.55006027,17.86857796,7.592953682,5.687674522,3305.215237,3,12942.80558,23.00590706,11.1757021,4,60.25511932
12681,26.06261444,32.78201294,19.3415947,9.465196609,4.728500843,802.562961,1,10135.52826,21.11463928,6.799558163,4,302.6882324
12682,156.8389435,30.03359032,21.64110184,8.355524063,4.443778038,1585.465397,1,10750.02591,27.38701439,6.804703236,4,60.71534729
12683,99.70236206,54.96377182,27.12130737,8.986525536,4.743051052,773.8139531,3,4661.169158,21.92254257,7.271223068,2,53.25943756
12684,70.59880066,39.09622955,19.14454079,8.302556992,5.124578953,687.9859516,3,1882.161518,15.10065937,8.373418808,2,238.706955
12685,89.26232147,28.39152336,21.01000595,10.20184231,6.497900009,140.3681769,3,15141.00427,25.78977394,11.6849823,4,74.5665741
12686,92.08385468,26.82542801,18.25455856,10.9799881,6.130599499,180.114847,3,15296.03496,27.12259102,9.866357803,4,86.40109253
12687,30.80634308,44.12097549,20.77752304,7.936313629,5.240112782,73.7026905,3,14971.86143,13.86057186,8.274652481,4,244.9831085
12688,116.9812088,27.50633621,17.1625576,8.503333092,4.487966537,2360.881434,3,30252.45776,25.1720829,7.151703358,4,114.7893524
12689,151.8044128,35.71966171,24.3117218,8.879265785,5.315215111,5971.400166,3,26124.60799,22.78637695,9.180822372,2,313.6088257
12690,79.44363403,28.04928398,17.9753418,6.879754066,4.060647488,4716.365399,3,22815.63826,18.16289139,7.186636448,2,114.3358459
12691,70.93174744,28.76100922,14.36892414,8.204591751,4.392240524,2359.609706,3,13288.57837,22.09170532,7.851890564,5,143.2278748
12692,221.5348816,24.87523079,17.14865875,12.04158497,7.65139246,334.900242,3,7522.471352,33.84885406,11.84858418,5,107.8961334
12693,117.3839951,28.74768829,18.61892509,11.17655277,6.46220541,1559.578225,3,15883.13929,29.30312347,9.357962608,4,143.673172
12694,99.59068298,35.75229645,17.86889458,17.058321,8.517784119,6528.624605,3,20722.81259,34.9773674,14.80664539,4,149.2314606
12695,73.63179779,36.73814011,20.25663185,13.29942989,6.753630161,6655.002015,3,20845.23835,28.72935104,11.37146187,4,271.802063
12696,164.0397034,48.11346054,29.36287689,10.76164627,6.211503029,898.7141082,1,11158.57846,30.46397972,8.466949463,4,68.67053986
12697,217.5173187,40.63438416,27.23104286,10.08245087,4.994958878,1705.095999,1,10741.09013,26.36603928,8.790549278,4,72.21087646
12698,42.34850693,30.4821167,22.18868446,11.12335682,6.989967346,263.5106642,3,3229.664694,19.58547974,11.96083355,2,167.7352295
12699,94.15559387,49.25635529,29.21541214,10.45830059,6.486294746,225.3734219,3,3661.550793,25.22202682,9.096367836,2,36.86989594
12700,27.09889221,37.78356171,22.6033268,8.976911545,5.895169735,196.2077124,3,2693.887775,11.50061893,9.013925552,2,166.7174683
12701,42.50808716,41.26532745,13.6162281,7.073133945,3.929751635,5755.622331,3,9667.334589,19.85010338,5.0179739,4,85.67022705
12702,212.7952576,33.16379547,22.80382919,8.484063148,4.948548317,1557.555221,3,5654.697543,25.56645584,8.245534897,2,285.255127
12703,92.77787781,30.12723351,16.44803429,10.72495365,5.491538048,1056.056392,3,13372.2266,26.635149,8.340694427,5,188.252533
12704,35.62441254,11.26866722,5.756277084,8.327941895,4.980874538,7880.622461,3,31235.30568,31.00627708,7.882594109,4,106.3665771
12705,75.65875244,24.25269318,14.9285717,5.879090786,3.286128521,6542.493331,3,28285.1767,21.69494629,4.744249821,4,58.32453156
12706,110.8375549,34.90240097,27.29379082,7.2745924,4.728191853,6632.906057,3,28617.67861,20.58677864,9.624250412,4,40.53862
12707,199.064209,23.32028389,16.01172829,8.804491043,5.681028366,5169.020791,1,10449.90846,34.07238007,8.042959213,4,236.2059479
12708,53.63925171,51.02464294,28.22888565,7.405750751,4.220988274,2181.243175,3,1908.872574,16.12454987,6.629446983,4,157.6844177
12709,199.939743,24.66412926,13.88576889,7.35010004,3.757617474,1210.523274,3,5314.444126,24.32544136,6.873142242,2,233.1300964
12710,119.0075455,30.13447952,19.00542259,8.403658867,4.497905254,2739.054817,3,30497.8773,23.16173744,8.630095482,4,86.76029968
12711,9.996225357,28.88817024,13.77341366,4.092721462,2.175633907,7147.213125,3,29558.18924,8.380913734,3.116931915,4,48.94518661
12712,111.0325851,30.23756027,20.1204319,7.406658173,4.274513721,754.2687582,3,4487.252872,20.76668739,6.042133808,2,70.98105621
12713,16.20013237,45.55038452,21.20369148,8.378744125,6.33054018,133.3242514,3,2871.779918,10.62727356,6.010583878,2,208.810791
12714,67.8735199,32.01911163,21.98180389,10.92935181,6.34408474,118.6825331,3,3146.717349,23.53426361,9.018014908,2,31.57816315
12715,169.2890472,30.78140068,19.38578033,10.33709049,5.887878895,10038.07222,1,4886.780352,30.90007019,8.197267532,5,79.50852203
12716,193.9140472,46.64221191,27.87457466,10.89492607,6.368950367,7299.236852,1,7991.407047,28.32013512,9.527044296,4,267.0131226
12717,124.9831314,23.18052483,13.65269852,6.965998173,3.869312763,2156.336945,3,15446.15747,26.14608765,6.938987255,4,93.50353241
12718,79.40900421,26.83187103,18.86808395,10.57893276,6.185616493,412.2942311,3,14448.05834,26.09285355,12.0340023,4,189.3422699
12719,84.4959259,29.08754349,17.58434868,12.1685667,6.914595604,6792.032731,3,3858.338782,27.58040047,10.9926405,4,149.8163147
12720,73.30315399,37.68262863,23.52732849,6.745768547,3.914593458,3593.359588,3,670.0429122,17.26204491,6.582902908,4,43.75463486
12721,172.2379456,21.28418159,14.24061394,8.252401352,5.304148197,1521.489833,3,5636.639799,27.44653511,7.943921089,2,269.1185913
12722,100.1964951,29.85995865,17.57359505,10.75794888,5.850590229,471.2798668,3,13912.8386,27.89875412,8.483132362,5,155.6385498
12723,116.6333923,24.06461716,17.24456215,10.40711403,5.940680504,18.66995222,3,14409.0984,27.34770203,8.398809433,5,96.70983887
12724,59.45598984,24.97900391,16.37423134,6.980633736,3.806839705,3509.566545,3,31289.28067,18.94197845,5.908520222,4,261.3440552
12725,144.855896,23.10077858,15.43657589,6.336931705,3.789013863,6111.86113,3,27068.29696,18.99141312,7.096442223,2,264.173645
12726,166.9136047,25.50783157,17.14707947,9.582395554,5.710668087,6466.616053,3,11.41605899,30.35207939,9.013741493,5,143.1300964
12727,90.44782257,24.09601784,14.33447456,7.729219437,4.597011566,5534.761692,1,9941.315076,31.33709335,7.717330456,4,265.9366455
12728,84.95246887,27.4616642,22.59386635,7.827362061,6.258447647,200.8421874,1,3866.560664,26.58354568,7.564016342,4,37.487854
12729,256.5571899,27.38305092,15.74881554,9.478534698,5.364496708,1405.136761,3,5532.832595,26.04032516,8.981422424,2,216.0040283
12730,110.4446259,31.14090538,19.50172806,10.53589153,5.091415882,2428.473492,3,30268.52384,25.15576935,8.110206604,4,26.79187012
12731,34.27954483,34.23380661,21.93367767,10.67472935,5.549304485,754.4669598,3,1727.512263,17.23318863,5.99787569,2,150.8025208
12732,192.6911621,32.07309341,23.87682724,12.74962425,8.4876194,450.3590314,1,3631.863138,33.35026169,13.25891781,4,62.35402679
12733,20.90370369,33.71442795,21.9271946,8.370132446,5.875924587,250.5267079,3,4334.715047,19.07304192,6.25612545,4,231.3911133
12734,115.5411148,30.36994553,19.93918037,7.008708954,4.021203518,6426.160252,3,21986.10753,18.68422508,6.150829315,4,275.3067017
12735,133.0628662,30.97442245,19.80520821,11.92390919,7.550109386,6079.19764,1,9433.384606,31.73853874,11.43404007,4,302.8202515
12736,153.2847748,30.01241493,19.13791656,11.83835888,7.18291235,6333.876896,3,9080.987271,32.08362579,10.67241478,4,96.04409027
12737,55.18167114,23.34824944,12.03067589,7.154794693,3.207613945,1992.132584,3,12215.00576,20.41060257,5.654597759,4,123.6900635
12738,36.91005325,32.07388687,17.02355576,8.262236595,4.758038044,2084.648209,3,11982.61484,18.91161919,10.01315975,4,283.8165283
12739,26.8829155,35.37200928,23.08423615,8.919721603,5.576548576,241.5250218,3,4331.324932,18.00247955,7.19024229,4,231.1292419
12740,29.25621796,42.10149765,25.60745811,8.084593773,4.286395073,2313.120117,3,13030.26536,14.9640274,6.345342159,4,35.53767776
12741,61.71251678,24.96660042,18.73670578,8.963392258,4.985809803,1913.010463,3,12607.6512,22.59784889,9.200502396,4,258.0664063
12742,172.201416,28.0612278,20.68855286,8.7843256,5.562742233,6671.171506,1,223.2225675,30.7156105,8.186250687,5,285.9453735
12743,182.4406433,35.83296585,26.81947708,9.480934143,5.948489189,5595.912274,1,10068.66901,31.10844803,8.341536522,4,320.7105713
12744,65.09416199,23.82327461,13.3606863,6.453749657,3.612798452,484.1880755,3,4578.931135,20.11947823,4.387577534,4,239.605423
12745,77.05590057,34.31800842,17.62645149,11.42943859,6.99601078,1542.325692,3,12880.80446,27.44996262,8.672679901,5,173.6674194
12746,50.14676285,23.95861626,21.11564255,6.987133503,5.612717628,7024.36019,3,29239.50099,14.59036446,6.795536518,4,282.7243652
12747,13.47294712,50.72506714,26.76291656,5.903506279,2.860946894,12.541948,3,2693.612243,11.91488266,3.543551445,2,171.0252991
12748,132.2821655,29.66326141,17.26066208,7.666177273,4.322496414,1617.274534,3,13241.67443,21.58024406,7.287121773,4,245.5560455
12749,122.7504883,29.6760006,16.94427872,11.58520603,6.291267395,4635.3867,3,9179.686607,27.04203415,9.193731308,4,159.7273254
12750,195.3822479,22.7699337,14.06645584,9.000478745,5.374351501,5203.462571,3,8486.745536,28.76257133,8.21831131,4,204.6302795
12751,178.117157,22.72277832,16.49661636,8.026110649,5.688937664,6047.731055,3,2386.173079,27.97325897,7.829170227,4,221.0995026
12752,115.8541565,26.41098976,17.11833,8.899530411,5.399073601,5093.09422,3,1946.590599,23.93931198,8.899082184,4,110.8977661
12753,98.3344574,30.24664497,17.02318001,9.890604019,5.429189682,5909.583757,3,22218.8882,24.29000282,8.852396965,4,153.9542236
12754,109.8968201,39.07794952,23.46162605,9.971391678,6.892148972,7924.465734,3,30733.68625,19.09062958,10.34965897,4,56.48199081
12755,95.87150574,46.4549942,26.13949966,8.438638687,4.28687191,7804.836103,3,30410.17164,18.17582321,7.385992527,4,53.97262573
12756,72.0993042,32.62290192,18.63588905,11.30203724,5.851399422,2318.647093,3,12176.63081,23.43952942,8.593680382,5,161.5650482
12757,131.457077,24.35424423,16.45388985,7.508580685,4.330084324,3278.335792,3,11254.18076,25.43115425,5.990379333,5,51.78897476
12758,93.53076172,25.41171455,18.64528656,8.927702904,6.18256712,8402.407268,3,31821.52327,29.32449341,9.098544121,4,277.3343811
12759,67.88607025,34.81086731,26.90221977,8.123681068,5.569268227,6994.257443,3,29878.54002,18.78046417,9.492671967,4,302.7818909
12760,110.5530624,23.73738289,19.60948372,8.853769302,5.628530502,6309.759737,3,27941.78871,29.78258133,9.237322807,4,59.24346161
12761,125.2661057,24.46488571,18.53574371,7.048123837,4.054534435,2603.634847,3,13609.30676,22.81481361,8.683252335,4,54.54993057
12762,88.91799164,27.92445946,16.56280136,11.41956139,7.273077488,3972.030377,3,13032.58797,30.62682533,10.04462814,4,119.6026764
12763,105.120575,35.48334122,23.80184174,11.24730206,6.801510811,4169.923477,1,13005.48149,29.78623199,10.35555553,4,299.744873
12764,180.7256317,41.88718796,30.30053902,10.01406384,5.689373493,4317.018298,1,13082.59904,30.68182373,8.36038208,4,31.53678131
12765,85.87190247,45.20201874,28.33193588,8.722409248,5.361917973,1733.659199,1,15904.58812,24.04076195,7.979502678,4,310.2363586
12766,125.9609909,30.84878731,15.40530491,10.56082153,6.199710846,2469.918601,3,11521.50294,28.319767,11.87035561,4,245.2537079
12767,107.0303345,26.51730728,18.58083916,7.270832062,4.458305359,4325.437675,3,23879.04308,21.30903244,7.388663292,4,279.9830322
12768,39.577034,36.88792038,18.31152916,7.303767681,3.974500418,723.9592737,3,17043.29119,12.36237907,5.305325985,4,195.6073914
12769,163.1811981,29.98378563,22.35363007,9.189735413,6.174730778,3973.682116,1,13549.19514,31.43819427,7.342883587,4,275.7105713
12770,47.57894516,39.68208694,26.03043556,9.029855728,5.523273468,2340.469213,1,12112.88177,27.5414505,6.529004097,5,32.07400131
12771,48.42277908,30.56118774,20.76691055,12.15236664,7.115196228,1818.436309,3,12620.34863,31.53910065,9.575795174,5,207.416626
12772,112.8733978,25.85744476,17.5603981,8.107540131,4.75141573,2218.210413,3,12214.19762,27.08361053,6.574883461,5,49.02799988
12773,98.98936462,23.74065208,14.44945908,7.788095474,4.570690632,4241.355782,3,31966.30278,21.77843094,6.623844624,4,200.5641479
12774,64.77095795,25.88924789,15.94965267,5.607563972,2.932525396,3328.848923,3,20662.66985,14.77083492,4.716908455,2,102.7243576
12775,93.97366333,30.84765625,25.15474892,5.585847378,3.373108625,2543.107489,3,20463.4001,14.83350182,4.597403049,2,329.0362549
12776,153.430069,26.60020638,18.26140976,7.449608326,4.041191101,1536.833705,3,18365.91267,21.23815727,9.376689911,4,46.36392593
12777,120.538002,29.20466805,19.56386566,8.011428833,4.759236336,823.2343377,3,17730.39714,20.0656147,8.581073761,4,67.40541077
12778,58.76528168,39.60609818,20.27925301,14.29915905,9.061902046,100.9682018,3,16445.56739,26.32919121,12.42805862,4,104.3183136
12779,109.646286,51.70301056,27.82433891,9.35392189,5.057611465,950.8086505,3,3982.388489,20.45266151,7.205205917,2,308.9909973
12780,83.77714539,33.96405792,19.93258095,9.305972099,5.422176361,1364.068072,3,1251.487629,8.040436745,0,2,307.2348328
12781,109.0958328,28.25671577,16.38875771,8.245221138,4.846999645,8716.594404,3,2725.428,25.63906097,7.324617863,5,231.4863586
12782,173.1145172,28.9670372,18.78546143,10.65448761,6.35571146,9593.341279,3,3850.685061,30.74388123,8.582087517,5,132.3364868
12783,157.0717468,28.43804932,19.29831886,10.34828091,6.109953403,2189.900411,3,11628.55467,26.83927917,9.215920448,4,129.2347412
12784,171.244339,31.06424332,17.42251778,10.11472607,6.240009785,2798.40835,3,11039.23802,27.36727333,10.26204014,4,270.7346497
12785,48.79712677,36.91415787,19.49465561,11.01450825,5.303350449,6511.818619,3,3777.338511,24.68820763,9.38603878,4,297.7185059
12786,83.77757263,32.23841476,18.05465889,8.745716095,5.168520451,5066.778541,3,1512.241443,19.5519371,7.868662834,4,242.6924133
12787,148.6027679,33.15807724,23.90022469,8.001021385,5.263088703,1809.969615,1,15843.18031,28.08638191,6.976145744,4,37.69424057
12788,15.63321686,34.3309021,16.29597092,7.584348679,4.001387119,438.5941303,3,14234.73747,12.29037952,7.031088352,4,213.205719
12789,50.4099617,23.45850182,15.06025887,6.13863039,3.333229303,530.9445026,3,14056.21652,20.30018997,7.705411434,4,277.0556335
12790,163.1175995,20.9782238,16.45911598,8.967003822,6.319635391,3487.005353,3,10302.25186,28.96629906,8.013570786,5,102.7119751
12791,134.7707672,28.42604256,18.17888451,11.31851196,7.036897182,487.7049741,3,14815.31895,31.534935,9.956380844,4,253.7397919
12792,46.56493378,35.60352707,19.86277771,8.487151146,4.833909988,225.182618,3,16832.41948,15.60419178,8.247138977,4,187.0791473
12793,167.8305817,49.63654327,29.80910683,10.52254105,6.065895557,9032.421207,1,5999.445913,30.11680984,8.132777214,5,321.9682617
12794,130.7095184,31.07242203,22.89677238,9.558145523,5.407565594,8987.9132,1,6007.047009,28.53638268,7.782061577,5,95.65948486
12795,97.51916504,33.12746429,19.21097374,8.641457558,5.204799652,1092.698683,3,12818.69795,21.77205467,8.888178825,4,272.7263184
12796,140.1291962,35.21387863,21.97062874,12.94278145,7.97806406,2243.422422,1,11706.70404,33.22579193,11.40803051,4,311.6086426
12797,85.65636444,31.46365547,18.13720894,10.41511822,5.465325356,6208.747404,3,3482.475411,24.30426025,8.922110558,4,206.7628784
12798,162.6401367,29.13487053,16.28362656,11.24850178,6.984221935,1081.98594,3,6398.868023,25.58463097,11.28942776,4,97.59464264
12799,156.408783,28.38585663,14.66314888,11.09593678,5.99036026,752.0578013,3,6756.829176,28.15186882,10.84664154,4,159.9864349
12800,148.2093964,31.96176147,20.402771,10.20775986,6.415354729,463.7331275,3,13845.83298,29.17564011,8.959260941,4,76.68348694
12801,53.51918793,34.89962006,20.88858223,14.35975933,9.324237823,325.0746134,3,28234.58177,24.78357506,13.23287296,4,90.37447357
12802,62.24188614,19.87977791,14.01474571,6.644268036,3.809221983,4624.487496,3,32286.40844,22.26335907,5.937522411,4,278.8156738
12803,56.26755524,28.28201294,19.57250786,8.8564291,5.047385693,7372.73634,3,33055.28649,20.87994766,8.989611626,4,213.8261719
12804,103.716713,21.93302155,14.16731739,6.569035053,3.882546902,4850.817231,3,25703.63092,20.18518257,5.569871426,2,207.7341919
12805,82.02204132,47.89173126,30.67649841,5.416592121,3.214241982,2525.87267,3,20124.0645,14.89311314,4.592973709,2,20.58979034
12806,82.62467194,31.72873116,24.68571091,6.083266735,3.796716452,2402.385223,3,19736.72154,18.90127563,7.437896252,4,258.5831604
12807,183.1656799,36.31180573,25.22675514,10.79192543,6.271574974,9439.507872,1,3819.035201,32.7521019,7.753254414,5,32.24581909
12808,87.17247772,32.05622864,27.64980125,10.51189709,6.123429775,9745.360222,1,5246.445425,32.3041687,8.072795868,5,327.2277222
12809,29.00320435,48.62914658,20.75778198,11.56489944,5.129076004,10015.96852,3,4640.094425,22.67272949,6.866378307,5,114.5196381
12810,112.9130554,25.02747726,14.55175495,9.134661674,5.402981281,820.4867893,3,15943.19555,26.38185883,8.548663139,4,101.1038361
12811,143.8144073,43.018116,28.60829735,9.59352684,5.616436005,909.918091,1,15843.68637,29.01872063,7.898612499,4,37.3549881
12812,169.9060822,27.78958321,16.01473808,12.17467403,8.139761925,380.6887764,1,3719.562913,33.10736847,11.40527821,4,67.53526306
12813,100.4460526,27.14871788,16.34401321,8.09071064,5.110739708,5580.9228,3,19818.32445,23.18278694,7.321777344,4,222.2736816
12814,72.88014984,26.44360733,22.20031166,7.183552742,4.355866432,5273.907011,3,24051.00276,21.0223999,9.195565224,2,66.80140686
12815,124.4290009,45.55140305,27.88100815,8.756662369,4.630927563,4217.846159,3,22730.73258,21.44901657,6.706224442,4,32.09259033
12816,28.88388252,39.87096786,19.42340088,6.738640308,4.132549286,18.81304533,3,14936.28148,12.87068748,9.365869522,4,208.3007507
12817,37.74682236,55.10785294,27.51863861,12.21011162,7.56014204,200.2901,2,15061.96984,22.54960251,11.98545933,4,22.16634369
12818,111.5583496,32.24437714,18.2696991,10.21920681,5.562459469,1015.071809,3,15702.29673,25.42729568,9.205760956,4,115.3461761
12819,112.0619125,27.69423103,14.61820507,7.580729008,4.252537251,4212.145705,3,69.99789697,18.67042923,7.186656952,4,136.6846924
12820,86.54020691,28.62590599,17.12883949,6.859435558,5.115400314,460.9398674,3,4570.439325,18.82790756,6.014863014,4,249.4439545
12821,138.854126,29.74852562,17.75344849,10.35978222,6.158813477,2053.527201,3,16354.49862,29.79109001,8.863890648,4,271.701355
12822,149.2475891,26.33291435,15.97314167,7.988951206,4.644579887,3436.641436,3,17676.30867,23.78692627,7.787984371,4,83.86777496
12823,79.96205139,43.0933876,18.62885857,12.30026245,7.963984489,6771.090102,3,20960.10026,21.81212616,13.69569206,4,215.8376465
12824,147.3278809,27.3542881,16.73067856,8.685894012,4.654715538,527.8200885,3,27440.36556,24.37159348,8.063644409,4,64.02560425
12825,13.95178604,30.29989624,17.39096832,6.524645805,3.540505409,543.6847037,3,28436.28332,15.71257496,3.957372665,4,270.138855
12826,114.2624741,25.78647614,15.57905483,8.304410934,4.953910828,6362.151714,3,33905.40387,23.31495285,9.238443375,4,141.9919281
12827,97.93242645,29.22336388,18.96505737,9.043584824,5.588889599,6660.377015,3,33764.57276,24.98197174,8.330216408,4,311.3085938
12828,40.4170723,30.48701096,22.12453842,6.376971245,3.936799765,105.8797167,3,2655.576871,14.44216633,8.320965767,2,60.66815948
12829,79.10359955,32.94504547,19.5242672,10.06468487,5.663928032,932.9131751,3,1600.084428,22.4458,7.84759,4,292.3070068
12830,79.10791016,31.28655624,18.15309906,7.780696392,4.448861122,474.0654637,3,13827.31585,20.01475143,6.749370575,4,189.1623535
12831,101.9416656,28.2420578,16.65236092,8.785078049,5.02712965,6602.438752,3,21566.3472,21.66808891,7.752472401,4,221.308609
12832,107.6816254,40.44445419,24.12630463,9.030576706,4.740632534,1310.171238,3,29148.88745,24.75510979,7.673779964,4,319.4555969
12833,74.35844421,26.27731133,17.42281151,7.477474213,4.530466557,5247.795905,3,32747.88891,18.40740395,6.88273716,4,181.3382874
12834,106.8594131,34.56287003,26.97434235,12.46647835,7.521188259,1696.208011,3,14560.55401,32.20505905,11.4662714,4,311.3785095
12835,110.634407,27.00657463,15.62984371,7.776344776,4.120428085,949.6145568,3,15461.85452,20.66409302,6.734677315,4,214.2868805
12836,146.5456696,25.44498634,17.39998245,8.783617973,5.799118042,4029.197526,1,2679.268155,29.31588364,6.131885052,2,275.1944275
12837,232.3969879,27.48459053,16.95225525,10.14875126,6.214339256,3770.570065,3,13828.32212,30.13917923,9.36961174,4,100.7509689
12838,13.17073631,46.51621628,26.55752754,7.115911961,3.389452934,158.3487197,3,14612.80727,11.58476543,5.210048199,4,40.41882706
12839,72.78703308,48.62455368,28.41254616,10.04528332,5.700699806,6703.986359,3,4736.3043,26.38395691,8.587051392,4,317.2674866
12840,92.34902191,34.60886765,28.11395454,9.123358727,5.783005714,6294.446755,3,4462.13734,25.96922493,9.58718586,4,21.32946014
12841,122.5335007,28.68425941,14.05205917,9.00087738,4.74764061,1199.52078,3,26557.55723,25.80237198,8.202572823,4,153.791275
12842,135.0128326,17.53957176,11.83831692,7.960979462,4.539350986,5263.960361,3,26381.79231,28.08129883,6.972220898,2,203.3731995
12843,13.73008537,29.58382416,19.65463829,3.477180004,1.977959156,4921.236636,3,24018.04382,10.62563038,2.352463484,2,77.47119141
12844,74.07672882,33.87755585,24.03345108,6.260688305,4.099963188,3993.141821,3,24148.06249,14.18311405,7.085434914,2,278.1300964
12845,93.90913391,33.36977005,26.12462234,7.618463039,4.724998474,3281.78671,3,22706.54407,18.60358238,8.722376823,4,308.8448486
12846,238.4781189,39.61824036,27.2251606,9.26485157,5.542263031,2911.948233,3,11012.43455,26.934618,9.625037193,4,297.7664185
12847,85.43284607,30.93209457,20.11433983,8.813531876,5.249875546,1832.174301,3,9408.694323,23.06981087,9.438688278,2,244.9434204
12848,137.3664398,43.19850922,27.00259209,9.920571327,6.160419941,8712.835605,1,6404.222783,30.36956787,8.31920433,5,312.9712524
12849,86.71797943,30.99328804,21.04723549,7.846354961,4.795545578,212.1094001,3,14240.70271,19.43333817,10.11941051,4,260.1341858
12850,61.07195282,29.8325882,21.47859573,10.28692055,6.485950947,240.4702997,3,14755.43904,22.27660561,12.47824001,4,77.47119141
12851,167.0522308,33.28919983,25.17280006,9.636775017,5.793489933,4793.875333,3,4911.982228,27.19041061,8.649618149,4,75.23365784
12852,9.532632828,60.12484741,15.51226521,7.92484951,3.09427309,6443.569116,3,4177.710701,12.30533409,4.885112286,4,265.2281799
12853,125.149971,25.71615028,13.84945965,8.325969696,4.90448761,959.7482866,3,26723.56605,24.53905869,7.18830204,4,226.1233063
12854,137.1562805,26.23920631,15.9385891,8.257275581,4.873592377,808.3481962,3,28386.80437,25.14055443,7.92798996,4,278.7811584
12855,120.7088776,29.08564758,18.20756721,8.427295685,4.739504337,2105.744305,3,29551.18965,24.34589195,8.008495331,4,83.42384338
12856,106.8388214,28.57804489,16.80337143,9.273453712,4.922895432,2505.334006,3,29998.8342,22.14801407,6.921286583,4,189.090271
12857,158.3538818,21.73033524,16.87893105,6.851950169,4.167560577,3058.512898,3,13751.18528,25.71703911,8.987205505,4,45
12858,53.1843338,40.45450211,26.86637115,7.428016663,5.297932625,2361.360205,3,12818.14796,15.97046661,7.5439744,4,291.6427307
12859,149.7443237,32.00362015,25.1912632,9.153347015,5.517581463,3861.547626,3,10512.19351,24.46022415,10.20206928,5,307.3417358
12860,99.03585815,25.71221924,18.33485031,9.096149445,5.178976059,5950.20992,3,20144.17334,24.87199211,8.236327171,4,203.1758118
12861,82.04244232,27.95163536,14.40982342,7.417136669,4.702357292,8627.448293,3,31672.97093,19.21328545,7.208324909,4,203.8212738
12862,72.36156464,25.03517532,20.64850044,7.872938156,4.559243202,4597.523142,3,24831.92241,23.5354538,7.678229332,2,98.91492462
12863,94.17813873,37.73223495,28.12699699,5.950106621,3.344194412,4367.732237,3,24761.76714,17.00411987,6.179384708,2,68.85598755
12864,91.27454376,38.26423645,24.8167572,10.58267879,7.338892937,573.9372475,3,7434.251426,24.21200562,13.45562935,2,276.1113281
12865,127.745163,57.47091293,26.12607956,9.558637619,5.237944603,1583.02499,3,8400.634234,23.15256119,7.816105843,2,302.9052429
12866,21.70204353,41.90288544,19.2517643,8.436366081,4.327264786,273.4139896,3,2232.825567,14.54982662,6.244635105,2,189.6051941
12867,165.1647339,31.67897797,19.61345482,10.01903057,5.822051525,4470.610795,1,12255.83174,29.24427223,8.622113228,4,55.15426636
12868,60.62479401,41.17649078,29.1110363,8.391853333,4.933033943,7113.690888,3,33311.60114,24.44739914,6.946195126,4,26.56505203
12869,129.4921265,25.11713028,17.47211266,7.816333294,4.820496559,7959.914134,3,32452.87097,24.94765663,7.295880795,4,238.815033
12870,188.2665405,20.05873871,12.83780289,6.863026142,4.324025154,1682.965248,3,15106.22943,23.88996315,7.260636806,4,234.6720886
12871,104.9441528,34.06473541,23.07411957,8.447365761,5.670808315,1223.922052,3,8845.568702,24.77852821,10.40109825,2,62.86888123
12872,121.3375702,31.71532249,22.43494606,10.27584553,6.296297073,1502.483473,3,8502.957401,26.9492588,9.282206535,2,84.24107361
12873,118.2176819,29.91254044,20.14558411,8.916726112,5.164842606,1544.806396,3,8064.826291,28.89504433,7.307807922,2,50.88787079
12874,82.13085938,32.48785782,23.04294014,10.0466795,7.008008957,10058.31352,1,4755.628007,30.74441528,8.387121201,5,309.173645
12875,158.9918671,42.72137833,29.22591019,9.361307144,5.625148296,1345.186031,1,15782.90269,26.67842865,9.469801903,4,315.5932617
12876,45.05091476,54.03857803,26.59829521,11.60204411,6.418362141,6041.903762,3,3877.906377,24.19190216,10.26620293,4,55.43747711
12877,52.60649872,38.88426971,21.73713493,13.22457218,5.813614845,1216.22383,3,13178.60772,28.35381889,11.52078247,5,151.8573914
12878,103.3435974,31.80897331,18.52538109,10.2413063,5.212874889,3424.691832,3,24630.93499,22.07603645,8.824608803,4,158.3113098
12879,78.57228088,31.48602486,19.89017677,10.16507339,5.742182732,368.2792293,3,16209.73237,24.75167847,10.80245686,4,261.1932068
12880,27.51673889,45.46944427,22.21439934,11.33207893,5.712001324,650.0458367,3,6357.687341,18.20367813,8.303301811,2,242.1759033
12881,99.72039032,35.93004227,18.63182449,9.38805294,5.150678635,1379.816159,3,5590.954716,20.83078384,8.5102005,2,238.4957275
12882,36.74539948,54.8977356,25.75839996,10.53000259,6.087835789,292.5422885,3,2256.332933,20.70708466,7.052767754,2,327.6525574
12883,173.7888184,37.65240097,25.19738197,10.0902462,5.854601383,9949.333214,1,5050.318922,28.95035744,8.807951927,5,288.4349365
12884,64.68488312,32.67105103,19.47701073,10.27563667,5.595786572,6074.745073,3,2854.227165,24.77001762,8.521458626,4,236.8886566
12885,183.2509766,22.01723289,16.67738724,8.965549469,5.389893055,3353.867589,3,10988.60105,27.14645576,9.72872448,5,93.73139954
12886,30.1794548,42.61750031,16.70926476,12.51220417,5.905391216,5259.726107,3,19458.59397,22.01050186,11.30168438,4,175.4260712
12887,40.77259827,30.29598618,19.89214897,8.815262794,4.52080822,3487.300268,3,31196.44737,17.77395058,9.257523537,4,227.8155518
12888,72.29652405,27.9590168,18.85934067,6.771184444,3.869920254,5102.591344,3,32558.45221,19.72627449,7.084031582,4,76.13896942
12889,111.0817184,26.50066566,15.3850708,8.681365013,4.781013966,8344.869004,3,32010.83449,25.7795887,8.441631317,4,175.2363586
12890,108.463562,35.23394012,21.1087532,10.75173473,6.138182163,789.3170263,3,4157.970828,22.96286011,8.167143822,2,132.6140594
12891,92.73322296,45.00388336,28.6019783,9.643436432,5.661839962,5712.340796,3,4231.320959,27.88666153,8.644016266,4,39.74619675
12892,90.07555389,40.95191574,25.07009888,7.649857521,4.147685528,4568.700351,3,471.0962118,19.09089851,6.882726669,4,66.80140686
12893,27.06528473,38.52921295,27.29677391,13.11980343,8.032613754,1658.86956,1,12744.81322,26.14400101,10.16811466,5,19.21631622
12894,38.56010437,64.4707489,21.33344078,14.92191982,6.988023281,5155.12445,1,19349.19947,24.74470711,11.33526134,4,333.3464966
12895,159.4186096,31.60269547,22.84612274,9.315249443,5.415699959,5431.03753,3,19640.81704,25.81978989,8.118858337,4,274.1757202
12896,104.3516235,29.83365059,19.16150856,8.498253822,4.43267107,3315.730102,3,24535.67519,24.52427864,7.248765945,4,45
12897,84.76946259,29.35906792,18.91377258,10.52549553,6.215305328,3043.058915,3,30584.2511,25.14456558,10.49720287,4,101.0549164
12898,87.54107666,28.61756706,18.22499084,8.588360786,4.848604679,3574.453008,3,31056.84372,22.68603516,8.088905334,4,279.3236084
12899,88.35726929,47.30535507,26.71626472,8.240577698,5.000298023,4178.329348,3,31693.04733,21.97022057,6.642381668,4,316.3971863
12900,88.57441711,36.52910614,18.62434959,7.402863026,3.802666426,4420.133079,3,32010.21708,19.3216362,6.416125774,4,254.7448883
12901,88.93874359,30.58566093,21.05292702,6.917771816,4.457816601,7751.999946,3,31462.26237,15.9151125,7.804849148,4,211.4539032
12902,61.03540421,28.77591515,18.65123177,6.919608593,4.206619263,7922.261746,3,30506.54362,19.01691818,7.43342638,4,77.395401
12903,87.24701691,35.0002327,21.52052116,10.89686775,7.221717834,1405.007232,3,7482.576087,25.66984367,11.13851357,2,252.529068
12904,148.3944397,24.51564217,15.22712898,9.878746033,5.353887558,5098.586967,1,11376.20321,31.62912369,8.273059845,4,145.5735168
12905,10.15312099,42.68586731,13.16288376,10.13681793,6.245907307,5963.628302,3,3369.264513,11.56707668,5.218305111,4,234.1623535
12906,141.192337,28.54367256,17.60911751,9.916848183,5.840304375,2356.650368,3,16562.14008,25.91835403,8.496022224,4,103.5704346
12907,70.82246399,28.36235809,19.40079498,11.0408802,6.097613811,4838.871957,3,19042.02648,25.47859573,8.733605385,4,165.7731628
12908,144.6687012,27.79910469,17.84186172,9.118067741,5.501341343,165.1176052,3,27508.82565,25.56901169,8.615998268,4,115.5369186
12909,255.8566437,26.80747986,20.29274559,7.464221478,4.631112099,2687.410251,3,11314.21417,25.983881,8.657143593,4,85.4260788
12910,52.60897446,33.26847839,21.75748634,9.119939804,5.075382233,52.78887545,3,2507.25092,16.51999474,8.580345154,2,258.9436035
12911,102.221489,30.52579308,17.80259895,11.06579208,6.726233006,7654.727616,3,1399.420342,26.77063179,9.446797371,5,146.8659668
12912,148.8509521,22.90966225,19.51190758,6.801617146,4.108856201,1888.52827,3,12478.39849,28.11321449,5.196594715,4,37.80076599
12913,191.3308258,43.04570389,31.75350571,7.141098499,4.616683006,1925.661447,3,12414.04876,25.99177742,6.022041321,4,32.81634521
12914,49.81471634,39.97947311,21.55562401,12.28671265,5.963244915,9697.331305,3,4274.441876,27.149683,8.752028465,5,127.2596588
12915,60.43659592,52.07900238,28.07797813,9.594408035,6.142632961,9615.917398,1,4246.331019,30.85221672,7.831760406,5,324.9506226
12916,131.701416,28.96212387,16.24997139,11.67322063,6.207371235,5902.870812,1,9971.876037,31.69663429,9.488059998,4,170.753891
12917,116.6354065,32.74775314,19.88049316,8.389615059,4.212110996,4835.402116,1,11254.19118,26.8237648,7.60929966,4,54.13017654
12918,166.0892181,34.72907257,26.25670815,9.786826134,5.51996994,1691.366893,1,15971.69895,27.09155083,9.458512306,4,293.4985657
12919,20.62845039,42.78246307,16.73872566,9.780511856,5.101272106,5890.480919,3,3487.061526,16.39763451,6.876256466,4,292.7966309
12920,148.533905,30.16840172,16.84497833,9.105401039,5.948649883,1627.532223,3,2504.602538,23.07042694,8.785042763,4,100.4374771
12921,80.25257874,39.78778458,28.7773056,8.14305687,4.393895626,1306.232328,1,13059.85309,26.71751785,6.065045834,4,26.95217896
12922,74.36155701,57.56454468,28.177742,10.11006737,6.29522419,5673.216374,1,19862.34532,31.14302826,9.188088417,4,314.3097229
12923,84.90646362,31.62931442,18.0455246,8.63650322,4.882819653,567.5327519,3,3106.216539,18.8620739,8.002728462,2,78.47628021
12924,133.1900024,29.15566063,18.22992325,11.88850594,6.948709965,7506.907987,3,7893.296095,31.92467308,9.618481636,4,149.4495239
12925,140.8663025,29.2784996,18.4989872,8.852081299,4.635661602,4631.587375,1,12657.84486,31.08973122,8.670185089,4,299.4454346
12926,103.8702164,30.22296715,17.11857605,11.813694,6.602861881,3560.367326,3,10251.983,30.36368179,8.877146721,4,135.5305023
12927,174.8735504,30.06123924,20.47113991,8.591375351,5.196500778,5729.084582,3,2557.329351,27.68523026,8.483892441,4,282.3137207
12928,76.40149689,24.91968155,14.98144913,6.402447224,3.230179787,2780.775735,3,1289.969901,17.48228073,5.141566277,4,212.2061005
12929,147.2848663,25.48530197,16.12229347,10.22771454,6.074998856,1175.425172,3,2960.382988,28.32712173,9.660355568,4,227.3137207
12930,175.8669434,32.54523849,26.53341866,8.873908997,5.356080532,3062.217069,3,11248.70734,24.85096741,10.10570145,5,300.9637451
12931,16.41418839,74.27863312,6.278775692,5.997970104,4.425211906,2274.100838,3,12913.04188,11.61076641,4.190283775,5,19.65382385
12932,99.84671021,48.44426727,28.17761803,10.53197765,6.016115665,665.3463851,3,4273.046578,27.44572449,8.58459568,2,326.7736816
12933,77.45545197,51.08588409,23.87453842,11.08994675,6.339300632,1208.87663,3,1471.58124,16.0520916,2.706472635,2,333.4349365
12934,217.0952759,26.41196442,22.74986839,8.044740677,5.303958893,1385.084779,3,9087.064764,26.37075233,7.519589901,5,299.0546265
12935,94.84420776,29.11414719,17.11455345,7.500550747,4.468090534,5321.203928,3,22644.35412,22.83928299,7.34624052,4,279.327301
12936,93.92330933,25.45206833,16.75426292,8.709177971,5.455058098,4462.67151,3,23490.66507,23.44685745,7.6352458,4,191.0889282
12937,63.68045807,29.79928207,21.77952957,12.85265541,6.314067841,2445.902786,3,14257.17029,32.12759399,11.75951481,4,76.44623566
12938,91.91938019,50.88683701,25.32826614,11.10097504,5.615076542,1614.069444,3,5694.976519,20.47518539,8.101547241,2,315
12939,189.8820038,24.63834,15.11667347,10.79341412,5.963068485,4395.114557,3,2198.585994,32.26174164,8.961360931,2,170.2175903
12940,96.19048309,29.14287567,18.26348495,9.289590836,5.546479225,7404.076335,3,1077.348881,29.57226563,8.460455894,5,234.8671265
12941,142.6604919,29.81351471,17.81166267,8.22099781,5.080591202,5110.786863,3,2920.595287,22.59726906,8.605161667,4,267.1009521
12942,100.2872543,31.94143677,16.1193924,7.878281593,4.333479404,2260.170013,3,1819.446438,20.09542847,5.875883579,4,195.8174591
12943,187.4703064,39.559021,28.76808548,10.21837711,7.023458958,1012.810804,3,13327.41398,29.0247364,8.804250717,4,40.5153923
12944,117.6300125,20.2097683,15.27865314,6.929808617,3.979490519,5983.231828,3,28295.58761,25.89462662,9.469162941,4,119.2192459
12945,50.32369232,42.53569412,28.63904762,7.112542152,3.850674391,5570.784347,3,28019.14497,16.15156364,5.477543354,4,324.2460938
12946,141.2852936,21.50296021,15.04792404,5.627866745,3.670771122,5624.916684,3,27131.58745,22.89093208,10.39420509,2,233.6384583
12947,28.27100945,23.79029846,12.13350773,6.148034573,2.555403233,2984.136794,3,20804.83518,14.48241901,3.851001501,2,104.5718384
12948,166.9100494,31.3084259,18.00584984,8.427824974,4.841345787,1200.656909,3,12614.76741,21.03395653,8.442563057,4,172.0746765
12949,109.4282303,34.24318695,26.22734833,9.956645012,5.841160297,9454.923026,1,4237.156684,29.00384903,8.670565605,5,302.1348877
12950,101.9875565,32.32984161,17.7155323,10.81108761,6.342827797,4869.534739,3,11992.56102,26.9142704,9.101053238,4,146.8420715
12951,77.93981934,34.58739471,20.16471672,14.08733177,6.925876617,4630.373993,1,12410.7509,26.94448662,11.16540909,4,74.11110687
12952,128.2978668,32.2658844,19.54627228,9.194825172,5.202788353,5288.439355,3,4601.928995,22.68313408,7.824753284,4,242.2619781
12953,173.8905334,20.14006424,12.76984406,7.910651684,4.920573235,1909.464314,3,9161.456585,30.5873127,7.318434715,5,227.4895477
12954,37.47733307,28.86111069,15.72228909,8.942976952,5.546926022,2510.543033,3,25428.33628,19.87918282,7.480757713,4,177.1373138
12955,38.4862709,35.89731216,17.43001366,10.0720253,5.972961426,2568.612206,3,25261.62214,20.45450401,7.771744728,4,54.33237457
12956,46.99338531,36.82098007,18.10904121,13.31764126,6.005318642,6029.208158,3,33538.8749,23.97066689,12.36585903,4,139.1849213
12957,53.71994019,37.73219299,22.4542141,4.655539513,2.86111474,2994.72776,3,22145.30182,9.462331772,5.121134281,4,55.00798035
12958,69.53442383,40.08190155,25.51838303,6.392393589,3.574447393,2969.79962,3,21343.37944,14.61200142,6.514509201,4,56.92932129
12959,51.12336349,32.19700241,26.05664253,7.051024914,3.510561228,2617.23203,3,20823.45515,18.83436966,6.8584795,4,336.6147766
12960,103.4525604,37.94557571,22.0542469,9.089784622,5.372585297,2050.29467,3,6056.831481,21.6891346,8.277178764,2,267.3370056
12961,142.549057,28.77770615,17.9253788,11.00821972,5.468157291,9093.987069,3,3517.639525,30.86772537,8.090086937,5,126.6941452
12962,116.0106354,32.01897812,18.18551064,12.73312187,6.822871208,6885.549318,1,8590.683106,30.65990829,10.50154877,4,100.2401733
12963,127.6261139,27.69314766,16.48793983,10.0006237,6.029901028,1816.798971,3,16087.09695,30.35808945,9.523024559,4,207.0407257
12964,45.05733109,32.394207,18.59461212,10.94966888,5.448188782,4197.251694,3,18396.725,22.17570305,10.01447392,4,154.2339783
12965,89.74107361,44.92345428,28.88788033,9.714647293,5.503919601,6112.31445,1,20303.22919,28.79710388,8.349729538,4,327.4074097
12966,90.3157959,29.60585594,23.99677467,7.451933861,4.309401035,7266.659593,3,33148.48215,22.25909615,7.216415405,4,36.25383759
12967,107.2841415,22.76479912,14.95270061,7.79729414,4.07415247,6146.922588,3,28959.58541,21.3212986,8.398330688,4,146.3099365
12968,105.0332794,27.47104645,14.48237324,9.782887459,5.843961716,7297.436408,3,887.1544349,28.39076233,7.808658123,5,139.4048309
12969,129.2166443,38.63196564,27.31837273,9.994268417,5.346989155,8746.628937,3,3465.39469,27.93471718,8.743897438,5,306.8699036
12970,132.6854095,25.32295418,16.57705307,9.64160347,6.263427258,6402.081005,1,9263.796185,30.99919128,8.677411079,4,233.0544128
12971,131.8915405,27.84275818,16.13436127,7.583125591,4.216533661,3732.83211,3,332.8836915,19.46301079,6.783916473,4,70.64100647
12972,181.159256,22.49770164,16.98993683,11.74459839,8.055622101,429.5462671,1,3694.397337,33.38061142,13.14995956,4,77.61923981
12973,67.66950989,30.24429893,18.58662796,8.63007164,4.721460819,97.46855048,3,4231.188758,23.95991516,8.823613167,4,257.0848694
12974,240.9598999,28.8969326,17.42544365,10.29808426,5.638900757,1324.464259,3,5465.559866,28.3155632,10.44856548,2,302.9468994
12975,81.57632446,25.17982292,21.86189651,12.32794285,7.727655888,4771.982886,1,18964.46344,34.34202957,8.991042137,4,331.9332275
12976,156.5736694,34.46405411,26.1938076,10.24006176,6.450087547,5089.908363,3,19301.70248,28.84184837,9.446162224,4,50.32295227
12977,100.7305527,36.91023254,24.21736908,9.966266632,5.911315918,5921.204244,3,20136.09337,23.90611649,8.807314873,4,88.33525085
12978,112.9335861,20.06994057,15.04420376,6.263271332,3.803794384,2058.445165,3,26006.10733,22.84418869,5.450759888,4,248.7494965
12979,109.776886,26.71581841,17.05323029,6.495403767,4.257282257,2308.321167,3,22693.45146,16.08332825,7.717769146,2,99.86580658
12980,79.04174042,24.84684944,15.58258533,4.845092773,3.369057178,1621.831403,3,20047.04677,15.04366779,6.413555145,10,96.84277344
12981,162.0742798,32.81911087,22.81112099,8.253833771,4.588992119,1261.698915,3,18448.84622,23.52803802,8.912732124,4,45.49821091
12982,98.28116608,36.01234055,21.42832947,9.714471817,5.779659748,603.3909681,3,13608.08531,23.01208305,8.134502411,4,269.7371826
12983,34.48391724,27.99683952,18.82566071,8.399400711,3.442066193,2191.612518,3,25594.90899,20.08542442,7.944989204,4,226.5481567
12984,60.50608826,19.97743225,14.81702328,6.858252525,3.79795742,6065.516069,3,33656.25428,22.93303871,8.003141403,4,300.8014526
12985,99.89479065,47.18223953,27.04064178,8.939844131,4.39913702,6429.282778,3,33982.04528,22.17254639,7.238455296,4,298.4994507
12986,60.61683273,38.0748024,24.75792313,14.620368,9.044718742,6902.95706,1,8648.587134,31.47897911,11.13933372,4,276.8754272
12987,94.4446106,47.42010498,21.89235878,9.563290596,5.741564274,5702.436278,3,3974.10363,21.50831413,7.945363522,4,283.5704346
12988,92.09171295,37.79711151,27.07863045,9.370224953,5.521003723,4962.699109,3,3580.294651,24.0186367,7.950268269,4,48.23453522
12989,104.1890335,27.28125,17.05041504,7.451025963,4.539027691,8685.89299,3,2424.480513,22.96715355,6.239483833,5,246.2684631
12990,125.5152664,46.81135178,25.84403419,9.791525841,5.187296391,8778.252305,3,3266.433162,30.17389679,8.62919426,5,54.06005096
12991,219.7506561,41.89782715,28.80342102,9.379907608,5.472495079,3385.42506,1,14243.99009,29.9303112,8.166948318,4,315
12992,54.15587997,34.97393036,25.16370964,8.739508629,5.001595974,6825.217004,3,21030.627,24.23085785,9.015392303,4,39.92039108
12993,128.8198395,35.40115356,27.19758987,7.845837116,4.00695467,6002.427826,3,20235.24837,22.01831818,6.989055634,4,312.8789063
12994,26.37519264,39.12579727,28.63171005,7.479319096,3.542017698,5579.306215,3,27733.81823,18.03971481,6.182306767,2,31.67546844
12995,40.74137878,46.06608963,24.06269646,7.349364758,4.319565773,5283.337125,3,27419.83318,15.45519924,6.129275799,2,329.0362549
12996,55.22694397,24.33079529,14.7050066,9.658650398,5.061361313,5463.930358,3,27193.8506,23.38030434,9.770724297,2,218.9458008
12997,182.7318268,22.46973801,12.65090752,7.974002361,5.230026722,1123.558806,3,5261.573054,27.91344643,8.475583076,2,237.1886292
12998,132.4732666,28.63541985,17.10922813,10.26841259,6.57813406,3212.345123,3,17406.11147,26.13441467,8.624750137,4,117.1949539
12999,28.03949547,40.75780487,17.20057869,10.99657822,4.961421013,61.62256582,3,16752.11309,19.63752937,9.018670082,4,184.5739136
13000,12.56891441,66.78996277,17.13256454,10.18033123,4.645606995,249.522052,1,16756.27217,15.6261549,6.176804543,4,49.89909363
13001,48.56352234,34.24007416,17.18443871,10.52608585,6.261998177,631.8868805,3,16382.75726,19.30052757,9.516469002,4,226.4504547
13002,25.81272316,29.3185463,27.53744507,4.649639606,2.511678696,2733.840272,3,13260.20115,13.80929089,4.126912117,4,18.86899567
13003,77.21531677,34.51046371,17.88508415,9.879583359,6.123448372,941.7125106,3,2037.727491,22.4458,7.84759,4,202.5831757
13004,85.79580688,32.31021881,19.77525139,9.635868073,5.703186512,7596.94348,3,1603.514976,25.40454865,8.572001457,5,271.6998291
13005,140.2025604,26.61283684,18.53119659,9.269012451,5.736908436,5992.689448,1,10105.21031,29.44851303,8.572975159,4,282.3906555
13006,181.603714,22.45612526,15.46643829,9.380519867,5.104454517,5471.936977,1,11004.30085,27.70420265,10.40758228,4,75.29169464
13007,101.5931625,30.62166023,18.71738815,8.572776794,4.994642258,4597.09722,3,1215.779669,19.28424454,7.668162346,4,112.6198654
13008,65.75236511,52.73299408,28.43735504,4.243639946,2.507627487,1943.539811,3,21248.44949,9.212461472,4.505436897,2,23.19859314
13009,39.77576065,68.2540741,18.92980385,8.87976265,4.715284348,203.1195913,3,17180.36777,13.06817341,5.901391506,4,330.5517273
13010,144.005661,38.86011124,31.3632431,7.331716537,4.350017548,872.4234738,3,17611.71152,21.83783722,8.58932209,4,21.55194092
13011,78.43679047,26.95861816,15.19954681,7.310129642,3.88113308,1016.175407,3,15713.13737,16.9720993,7.842003345,4,223.3634186
13012,128.1214294,24.3965168,15.28809357,9.372553825,5.556632042,4664.256581,3,1828.610947,29.90997505,9.110962868,2,140.280838
13013,115.8079224,20.15948677,10.77390766,6.819366932,3.80803299,4909.453837,3,8912.095843,24.16919899,7.001124859,4,213.0835876
13014,106.4791718,28.80970955,19.15267372,13.43187141,7.629995346,610.9764406,3,14893.91281,32.68661499,12.5856905,4,168.6264038
13015,91.14273071,23.58112907,17.02894402,6.81948185,4.157838821,6605.876542,3,33804.09653,23.30069733,5.480432987,4,262.2213745
13016,56.57899475,25.69468498,14.44991684,7.755334854,4.225028515,4945.076535,3,26537.70762,19.19748878,6.945542336,2,225.5672607
13017,154.361618,24.72440147,14.72027874,9.329684258,5.786412239,435.7033128,3,18317.10342,27.92024994,8.857705116,4,122.1446991
13018,147.7110596,23.96909523,21.54347038,7.425234795,4.464825153,3336.903988,3,13845.09608,27.63319969,9.433350563,4,41.55778503
13019,224.8826141,39.85357666,28.91749001,11.10070419,6.749272346,2098.576273,3,11708.08694,31.2931881,10.81889153,4,273.3664551
13020,49.735466,30.84520149,20.18796921,8.276922226,5.373944759,314.0494756,3,2621.992712,17.27184486,10.50357628,2,233.880661
13021,176.9455261,26.41464424,15.73511124,10.78469753,7.298875332,889.3804446,3,5740.197713,27.6344223,11.09450531,4,141.8427734
13022,54.63446045,33.83375168,23.53475189,13.61127758,7.669681549,4279.515056,3,18472.61641,26.83897591,11.32352448,4,326.2721863
13023,93.14788055,26.93292046,14.96718407,9.07015419,5.013044357,5848.418685,3,33500.92756,22.39017105,8.333167076,4,292.9271851
13024,45.27128601,31.77555084,19.35639,9.754691124,5.664748192,5538.858737,3,33119.2356,21.29232979,9.919368744,4,144.8193054
13025,79.86534119,26.49617195,17.59004021,7.06338644,4.445374012,7362.406399,3,30326.73896,18.26074982,8.836172104,4,100.2130737
13026,10.43859577,43.17486572,5.092402935,8.069247246,3.120058537,5151.216281,3,27022.22091,12.47772312,5.126973629,2,259.6264954
13027,58.40768814,50.61069489,27.23884392,8.351472855,4.205100536,4972.00524,3,27204.43441,22.43627167,8.449983597,2,54.54497147
13028,102.1757507,36.45591354,26.25092125,9.710504532,5.950093746,189.1267196,1,18141.3602,24.83018494,10.26793861,4,294.9486389
13029,126.0224838,32.82521057,25.78809166,9.136120796,6.208723068,9157.746456,3,3925.291547,31.85583305,7.341299057,5,53.04772186
13030,148.4371185,36.18164444,26.40561867,8.008367538,4.909292698,5988.70979,1,10818.85164,27.86985397,7.607030392,4,51.21563721
13031,169.6447754,30.27408981,17.95146942,10.38451385,6.384342194,5262.020105,1,12258.4629,31.67836952,8.181262016,4,271.4237061
13032,130.1129456,27.26608658,20.88930321,10.35777473,6.529827118,5479.318612,1,11740.56815,29.37033272,8.678481102,4,67.77037811
13033,100.5958939,29.19587708,18.38179398,9.75918293,6.034374714,3604.337284,3,10015.86972,27.546978,9.002651215,4,271.5765381
13034,149.8262329,31.79588127,17.87048149,9.773928642,5.964212418,4929.673059,3,8591.931781,24.33076477,9.152106285,4,279.1888428
13035,93.04415894,29.58398628,17.79102516,10.553442,5.753767967,6700.170413,3,6258.20938,27.50255013,8.449933052,4,177.6780396
13036,84.83359528,28.74415779,15.85570049,6.898991108,4.301255226,2235.432359,3,1855.938644,20.43457794,5.692442417,4,256.7690735
13037,115.1363754,24.33707619,14.74655533,8.937932014,5.611330509,1586.104578,1,15831.96675,31.14627075,7.201589584,4,307.5023193
13038,117.3411331,29.53786087,20.25882912,9.289980888,6.057284355,3653.913987,1,17844.30562,29.64216805,8.205163002,4,290.8920593
13039,109.7445679,26.40495682,17.50403976,8.703093529,4.192788124,2625.149504,3,25050.79496,23.6389389,7.461728573,4,51.75862122
13040,77.7350235,26.84633446,16.37966347,8.373286247,4.379823685,4809.257542,3,32363.61565,20.88401604,6.831532478,4,182.4582214
13041,100.2971878,20.63937187,14.66274548,8.707003593,5.531649113,1651.609065,3,19430.78152,23.92787361,9.385639191,4,193.1340332
13042,60.92539597,36.30252838,27.55760765,6.574777603,3.868696213,299.4324838,3,17690.17723,15.81328106,6.395088196,4,21.74184799
13043,93.73081207,32.81515503,23.80909729,6.990804672,4.331475258,2353.212699,3,5747.966559,17.09205818,5.667189598,2,74.12604523
13044,165.3926086,49.91056442,24.89421463,9.957099915,5.266723156,1035.874047,3,3959.597375,20.87647057,7.639703274,2,37.77568436
13045,101.9562836,31.56332588,22.66526031,10.57414341,6.485669613,5040.721269,1,1439.579517,26.52132797,10.4069519,2,276.7546997
13046,97.38602448,34.10755157,23.38066101,10.09690666,5.851748943,721.5660642,1,14973.90549,28.35480499,8.039479256,4,311.1699524
13047,123.0475998,31.49094772,22.15667152,10.36240768,5.930685043,4704.534287,3,18900.38798,27.10068703,8.453257561,4,254.5856018
13048,106.1277313,22.68638611,18.98421097,6.157428741,4.009678841,4199.446304,3,28707.17193,18.30746651,6.628630161,4,74.47589111
13049,26.1455307,47.26710129,26.40110588,7.612838268,4.35099268,591.5190422,3,16797.04343,12.8415575,5.774585247,4,45
13050,210.629715,20.05842209,12.04172134,6.647152424,4.084349155,2047.583957,3,15127.80745,24.00066948,6.998124599,4,238.706955
13051,43.71780014,48.09443665,27.29023933,7.073251724,3.036666393,2921.978473,3,13172.36494,14.56344414,4.82563591,4,329.931427
13052,92.00443268,52.93410873,26.07176971,8.35753727,4.415475845,2234.148504,3,5482.214478,15.88043594,6.508224487,2,273.6334839
13053,83.220047,39.82151413,25.04003716,9.045707703,4.921689987,1967.209727,3,5005.699788,18.77473831,6.870705605,2,308.3674927
13054,98.25852966,30.33250999,16.92730713,8.029724121,4.631919861,8008.14603,3,2413.180088,22.37081718,6.83694315,5,240.1842499
13055,141.6598816,44.85950089,28.3442955,9.853675842,6.5296278,5402.120653,1,11597.11332,31.80961418,7.524310112,4,35.43395996
13056,241.8508911,29.72509384,16.81607246,9.172125816,4.949819565,1750.675319,3,8697.259465,24.49708557,7.732202053,5,216.9829102
13057,119.7929535,41.27903366,28.52059174,9.225191116,5.413765907,4326.751053,3,18520.60973,27.62462807,7.48197937,4,47.18867111
13058,134.9480133,18.51668739,12.45324898,8.277926445,5.167298317,1026.937698,3,19167.14825,23.94800758,8.17446804,4,178.1523895
13059,83.94410706,43.55953598,24.54365349,10.33911133,5.252186298,8173.016055,3,2227.376922,25.05169487,7.676689148,5,293.071106
13060,68.18755341,31.15157318,17.90428543,10.35695171,5.167896271,101.712695,3,13912.36496,21.32243919,7.984667778,4,213.1725616
13061,56.20052719,27.65377617,14.3109827,7.637996197,4.126810551,391.76555,3,4536.79749,20.21616936,7.07998991,4,208.3502808
13062,89.28337097,27.17658043,16.87548637,10.80037498,5.659005165,56.43817559,3,7131.911019,26.87112808,10.38501453,5,116.0534973
13063,227.5571747,22.53679657,11.69068527,8.918021202,5.427849293,1178.632943,3,8336.94022,28.16521263,9.167717934,5,297.9289856
13064,106.7252884,35.30331802,24.56550789,9.430169106,5.964778423,2077.132836,3,25417.8514,26.68793488,8.919538498,4,53.843853
13065,70.37000275,21.1609993,16.52149582,8.087330818,4.691065788,1569.772311,3,26024.45918,22.23056984,8.080769539,4,199.1556091
13066,28.18829155,38.14634323,23.67743111,7.493174553,3.772506714,4874.082738,3,26764.86605,17.62684631,5.924176693,2,310.3098755
13067,93.25025177,26.60737419,23.10998726,8.594068527,5.135901928,3877.245744,3,27409.74131,24.85540771,9.514780045,2,53.23561859
13068,50.8496666,28.02203178,18.57544327,12.1374321,5.233768463,6226.424594,3,21696.82012,22.83118629,11.62316132,4,175.1281128
13069,62.64642334,34.75494003,27.72006416,9.257925034,5.30526638,4142.506694,3,26511.17755,22.74026299,10.2830534,2,38.5583992
13070,106.893158,23.1137104,15.29565716,6.689144611,4.016764641,3849.688323,3,23091.69819,20.15140915,8.514956474,4,112.49366
13071,141.5118103,23.8537674,16.21289253,10.31069851,5.940358639,1879.171649,3,15851.62549,29.96385193,8.911142349,4,160.0168915
13072,92.56290436,30.46977043,16.04851723,8.309217453,4.554994106,2151.831108,3,1955.089288,19.49922752,6.642055035,4,166.5042725
13073,35.22603226,31.0155735,15.98449612,11.72417545,4.954441547,5180.408063,3,22625.83155,21.7176075,7.64934206,4,193.7994843
13074,118.236351,45.16230392,27.33038521,8.78038311,5.347924232,4565.116976,3,29068.49353,17.37846756,9.415729523,4,307.875
13075,83.0803833,51.53048325,28.54394722,9.089850426,5.319730759,5492.870763,3,28882.1812,22.29249954,8.887450218,4,329.5602722
13076,63.29621124,26.55486107,17.84966469,7.26563549,4.051730156,4346.578371,3,25536.11505,22.86380577,6.452003002,2,291.256958
13077,29.14660835,39.70456314,18.82616234,6.854988575,4.351455212,2107.570895,3,7158.460344,11.71262455,6.93477869,2,180
13078,88.29490662,43.56994247,26.24943924,9.100707054,4.88092804,2285.135289,3,6577.747504,21.56254196,7.963350773,2,59.32271957
13079,74.30893707,46.06360626,28.24235916,8.742175102,5.632514954,6128.13226,3,21627.45349,21.74839783,9.021229744,4,335.9244995
13080,116.9682541,24.75018501,17.7140789,7.200016499,4.571585178,1263.515889,3,28546.33631,22.78638077,7.407618999,4,270
13081,143.5281677,31.58159447,19.3150692,7.631271362,4.697637558,1248.357103,3,4072.398204,19.84717751,6.826349735,2,83.36748505
13082,57.07071686,33.60755157,18.22466469,6.826032162,4.624254704,176.2486755,3,14406.12858,15.88829422,8.549609184,4,226.3631592
13083,91.06617737,35.00531006,23.34513092,8.282172203,4.603585243,6395.004266,3,21243.03758,22.40293694,7.696177006,4,288.071106
13084,37.74351883,54.19339371,29.65142822,11.12436485,6.857631207,5852.530691,3,21934.93077,24.34356308,10.76830578,4,21.50143433
13085,5.474015236,48.27053833,22.13760948,5.105799198,2.415441275,5737.05861,3,22080.72779,7.352450848,3.893837452,4,270
13086,29.05488014,28.73333359,15.4730072,7.188776493,4.386712074,5463.204644,3,22332.1715,15.85319042,6.379227161,4,230.57547
13087,114.2899857,30.56656265,17.78912926,9.108312607,5.33150816,4209.695563,3,23544.18252,24.46518517,7.766861439,4,291.1398315
13088,105.0667877,23.09322357,14.38432598,6.204037189,4.014836788,4089.469665,3,25947.11368,20.0675621,8.574735641,2,240.7086334
13089,126.4806824,28.99979591,17.63168526,11.4037056,7.02459383,1755.501043,3,15947.50637,30.22764206,9.688881874,4,223.1483459
13090,122.853302,33.94865036,19.25870895,10.31894684,5.660737991,1004.573152,3,28302.49717,23.80844879,8.174429893,4,178.0077515
13091,78.9574585,28.5555687,18.75374031,8.174649239,4.890049458,3997.591808,3,31399.85479,22.30385208,7.507852077,4,271.123291
13092,83.53427124,30.98835373,18.3789463,8.550109863,4.8116436,4520.231348,3,32057.84695,21.99834442,7.527197361,4,89.69845581
13093,107.7777634,29.1031723,23.6644783,8.870761871,6.08350563,3683.337737,3,27036.32913,23.92780876,9.827026367,2,270.8951721
13094,114.9241409,33.47077942,25.88034821,6.701267242,4.130354881,1626.946447,3,22284.20763,16.69598389,8.30092907,2,312.6626892
13095,29.97215843,33.33005142,17.59918785,6.917698383,5.164861202,880.6095922,3,16303.60837,14.53473377,8.549499512,4,211.0240784
13096,66.59659576,30.55189705,21.36894989,11.33737755,6.811431885,1996.252152,3,7607.340457,28.08494568,10.48994923,2,223.7811279
13097,158.3987122,21.0808773,15.07788754,8.168498993,5.368323803,5744.995043,1,10813.82147,27.52052879,9.522482872,4,75.86089325
13098,144.392746,25.9645443,16.77805901,9.323504448,5.695702076,3891.959289,3,9579.090004,27.99979019,8.898546219,4,193.815033
13099,150.2970886,29.74013329,16.44235611,10.02454662,5.684526443,3967.741387,3,9298.244143,26.00050735,8.101554871,4,155.3948669
13100,82.8372879,21.80944252,10.58968353,8.017464638,4.619059563,1562.435336,3,5723.325899,32.59828568,5.910068035,2,236.9295959
13101,134.4479218,25.9260273,15.68827343,8.535719872,4.982196808,1263.335244,3,5261.984998,27.44396973,8.311678886,2,272.6463318
13102,29.27361488,47.13009262,23.2703476,10.97993088,5.285029411,5464.592973,3,22276.1579,20.00773048,8.457904816,4,315
13103,32.42345047,48.75818634,21.50905609,10.00158787,6.288378716,5092.39731,3,22645.541,19.15415192,7.447119236,4,283.815033
13104,109.6648331,25.83673668,15.9007206,8.176590919,4.693707466,2927.502094,3,24570.11346,22.63215446,6.87633276,4,194.6236267
13105,117.8181458,27.47591972,21.50297737,6.818902969,4.334838867,3581.561703,3,28298.54087,19.58321953,8.493481636,4,278.1300964
13106,30.9541111,35.60122681,19.45062065,13.626688,7.025038719,1052.234641,3,16369.05585,22.63418579,9.448367119,4,230.3893127
13107,96.81564331,30.35526085,17.28375626,9.77074337,5.508604527,2368.157799,3,8727.943378,23.97823906,10.28977108,2,97.33416748
13108,159.8729553,33.72006226,19.01364517,9.727324486,5.705310822,3916.52179,3,9453.346513,29.2835865,8.115434647,4,283.1872864
13109,144.1354675,22.96126747,15.43281364,10.23312378,7.650985241,587.0416131,3,7565.214694,28.87154198,11.88165283,5,288.1659546
13110,138.3570709,18.47352791,14.14564419,9.049912453,5.766769409,6493.864274,3,81.6344658,27.37197876,8.08355999,2,181.7903442
13111,76.03287506,29.40295601,20.09791183,8.149388313,4.521949768,6548.921526,3,20784.39998,22.2381916,8.422751427,4,77.85572052
13112,94.9992218,39.50117874,26.93889236,9.117143631,5.168448925,5824.731294,3,21678.64297,22.53222084,9.328352928,4,68.91231537
13113,179.4132233,18.66385269,11.3595562,7.035304546,4.325455189,2495.953703,3,14968.35949,24.45927238,6.85621357,4,235.3758392
13114,98.39562225,33.59885025,25.65364456,8.664970398,5.413012505,2553.598111,3,8014.748486,23.95676422,8.503117561,2,51.41083908
13115,105.5213547,32.00123215,20.16854858,11.69090843,7.505155563,667.8350763,2,14965.72284,32.39921951,8.901248932,4,36.89894867
13116,107.6784821,29.18804169,18.80914116,8.100762367,4.777902603,4329.474392,3,23227.04058,23.67568779,7.182527542,4,280.1827393
13117,23.49553299,24.98881912,12.14025974,7.605431557,2.018409014,3374.937646,3,30669.83759,17.07979202,4.742800236,4,265.2688293
13118,89.05280304,28.24150467,19.14688683,6.209768772,3.772837639,3925.67487,3,24735.18909,15.6355381,7.211043358,2,73.59089661
13119,28.68157959,32.32975769,16.58759308,5.462007523,2.384823322,1237.780659,3,15954.10148,12.24779892,3.571604729,4,223.6677856
13120,40.22932434,33.17331696,16.62059212,6.566921234,4.084789276,1561.165522,3,15965.20949,11.73804188,5.430556297,4,253.1785889
13121,132.7940063,23.32736015,13.88932896,7.149536133,4.110803604,4323.106811,1,2208.289452,27.71106148,6.138282776,2,244.1270447
13122,124.198822,49.37890625,28.66233253,12.19899559,6.957891464,6903.922097,1,8839.921035,32.2565918,9.069581985,4,36.26062775
13123,98.37523651,27.40935516,16.99446869,7.994344711,4.559440613,878.5021437,3,4843.947474,21.67976379,6.555474758,2,302.9227905
13124,24.6612854,19.77674484,8.37289238,7.315717697,3.476486444,675.6334703,3,4785.436491,15.52333641,5.425294876,2,257.1405029
13125,60.20962906,32.24468613,18.23536491,12.20576477,5.898316383,3094.942157,3,30374.44193,24.71666527,11.06450462,4,110.2657013
13126,62.84350204,25.63492393,16.0829277,9.725585938,5.397012711,5032.791635,3,32675.41008,23.81743813,9.22107029,4,129.2437439
13127,46.78798676,24.71217155,9.756111145,9.285845757,4.708019733,5198.912347,3,32821.33589,27.13620377,7.913633823,4,117.313324
13128,47.75457001,34.6901741,19.30314255,8.877364159,5.062078953,5419.405516,3,33073.01135,16.3503952,10.30717754,4,267.8673706
13129,52.55698013,29.46341133,18.72333336,6.985153198,4.503259182,6516.511777,3,29784.94545,14.94908524,7.29124403,4,119.5213623
13130,180.7138824,28.51747322,16.86564636,9.850566864,5.240685463,1632.311933,3,15773.23162,26.8880825,8.569307327,4,93.41658783
13131,157.8234253,27.71943855,19.08648682,13.35888195,8.332846642,501.2052879,3,3447.060718,33.58314896,15.14915943,4,94.81877136
13132,109.0832825,28.35153008,20.4877739,9.729073524,6.102557659,90.42371446,1,3953.105141,27.30957031,8.332234383,4,263.4537048
13133,91.87683105,42.0401268,24.04523849,9.009326935,4.939955711,492.3405065,3,4504.267068,20.76070595,6.931112766,4,306.1193237
13134,133.6001434,28.8720417,13.70541954,9.760910034,5.101702213,861.2049043,3,6010.097415,25.20967865,7.354827881,4,189.4172058
13135,55.94788361,47.71983337,26.21375465,6.572922707,3.706582546,6274.500541,3,29772.4865,13.00392151,7.107078075,4,55.62945557
13136,70.50453949,19.42411804,15.5939436,8.436243057,6.111517429,6043.268469,3,29413.63599,23.91137886,8.730267525,4,101.7682877
13137,169.2180328,36.06700897,27.94207191,6.725258827,4.212649345,1408.954498,3,17471.78752,22.77723503,9.023052216,4,38.78197479
13138,28.62470627,45.34799576,26.14213181,8.037055016,4.368849754,1130.526691,3,16581.76807,14.89047909,5.62872982,4,33.95288467
13139,76.54576111,37.59106064,25.92937469,7.548474312,4.245836258,2165.578532,1,10013.35055,20.7926445,6.992245197,2,51.0090065
13140,133.520813,26.09538078,16.63277626,8.755530357,5.068344593,2862.204976,3,14823.36692,28.25894165,10.87164402,4,209.638382
13141,56.54081345,37.8235321,22.81874657,7.05304575,4.443293095,524.4672476,3,14501.86012,14.0729208,9.98171711,4,57.99461746
13142,140.4561005,28.91080666,17.85482979,8.937250137,4.959555626,1529.108926,3,15729.23942,26.72483444,7.802107334,4,138.7084351
13143,99.8438797,29.01479912,18.5388298,7.580227375,4.585043907,4810.509211,3,22693.75098,20.6341095,7.476541519,4,269.5878296
13144,84.34811401,36.5620575,21.78688049,7.745621681,4.294902802,3677.069826,3,31090.87699,22.5707531,5.786214352,4,322.2889404
13145,48.17134857,25.19962692,17.59264946,6.759051323,3.175910711,3328.319888,3,30664.44522,19.14139938,7.667245865,4,278.2971497
13146,19.21738052,40.08026505,14.4644165,9.723451614,3.707353115,1237.420643,3,16275.86651,15.51130486,5.328381062,4,157.0252075
13147,164.7383423,50.00187302,27.74209595,9.052808762,5.436322689,3140.789041,3,10642.64317,24.99528694,10.8057127,2,37.47649384
13148,119.4228287,34.69136429,20.60668564,8.667943001,4.55371809,8543.086056,3,3173.81611,27.24324036,7.624193192,5,71.84050751
13149,60.59444809,30.38269997,17.61228561,7.671282291,4.785744667,4032.904751,3,2984.180571,19.86602211,6.595255375,4,87.67804718
13150,141.1072083,32.05696106,17.33817291,11.91577339,7.139261246,662.5005193,3,14884.125,28.84187889,11.31687927,4,234.3395081
13151,103.8621902,36.80543137,22.25141335,8.368784904,4.614661217,5554.651946,3,21978.75666,23.21847343,6.718577862,4,293.3128662
13152,97.88220215,42.11844635,27.65824699,7.786177635,4.172625542,5058.843423,3,22410.13786,18.63669586,7.356098652,4,52.03794098
13153,78.0891037,34.09176636,26.75785446,7.247001171,4.443696499,5239.231883,3,29717.57201,18.32372284,8.732758522,4,315
13154,62.317173,25.19777298,17.99906731,6.738052845,3.736146212,5842.966676,3,29771.533,18.62595177,8.790039063,4,107.9494019
13155,105.1470718,22.61717224,15.74381065,7.575562,4.68353796,5600.51798,3,829.852731,23.77319527,8.133436203,2,217.8749847
13156,192.7769318,34.00179291,23.22192574,12.07596588,6.562903404,7354.79963,1,8462.82856,33.46499634,9.3105793,4,258.8305054
13157,164.0792542,26.35022354,16.21909142,12.64612865,7.293833733,384.1174061,3,6452.914377,30.00922775,10.68432426,4,121.2160034
13158,93.24152374,49.90919495,28.43179131,11.32811069,5.989751339,4682.301588,3,22872.29802,24.41795349,8.371197701,4,34.07002258
13159,108.0733261,30.6919651,18.22896004,8.085588455,4.322310925,6192.032075,3,34044.52717,20.70626259,7.19726944,4,245.5560455
13160,6.319875717,36.96741104,15.07028484,3.786863089,2.213868618,2778.795217,3,22069.90649,6.694816589,2.182134151,4,20.0952301
13161,89.76268005,30.92592049,19.02476883,7.381317616,4.132946968,2816.551701,3,9649.87169,18.67309952,5.930268288,2,286.3895264
13162,143.6315613,30.93112183,16.42328835,9.385103226,5.13915062,5893.853619,3,7429.513527,21.78834724,7.868957043,4,239.3002777
13163,90.81507111,31.18219185,15.76114559,9.419255257,4.961552143,4617.899093,3,938.7302067,22.56320381,8.986563683,4,232.7089386
13164,84.31079865,34.65764618,18.65158653,10.51058102,7.200201988,110.8625937,3,14152.93684,25.7748642,8.245660782,4,85.94644928
13165,103.7769394,23.85887718,14.48426533,6.023218632,3.366481066,5941.732645,3,33675.25915,20.13915062,5.124880314,4,247.5430603
13166,88.81630707,51.9637146,28.11735725,9.125608444,5.239849567,5583.109227,3,33348.10482,22.69221306,8.389606476,4,308.6150513
13167,25.43612671,23.40050125,18.15603065,7.448539257,3.934000969,3233.567626,3,14347.18647,18.54336548,5.965340614,4,264.5881348
13168,176.8214417,37.77460861,25.6180706,10.33856964,6.416228294,8078.141609,1,7372.191571,32.85971069,9.200369835,5,53.91083527
13169,156.4983368,25.91176796,16.8038578,8.79066658,4.815068245,2185.803295,1,15561.02808,29.55762482,8.742517471,4,59.84511566
13170,69.51313019,33.93702316,19.69579124,8.401444435,4.206424713,5163.507959,3,32863.68394,21.24358368,9.488588333,4,301.3994751
13171,197.8568878,21.43237305,14.08552265,7.258972168,3.938707829,2682.112881,3,15116.29519,22.41335297,6.27338028,4,247.6938019
13172,130.3757629,30.59519958,24.92368507,9.217320442,5.674185753,8916.804381,1,6144.313657,31.65300751,7.61360836,5,73.56583405
13173,142.0935822,32.92588806,20.94241714,9.761808395,5.809504032,6953.214384,1,9525.014604,28.72927666,8.309206009,4,262.3757935
13174,90.17585754,24.15188217,17.58647346,6.028250217,3.651943684,1116.033162,3,17218.04587,18.14260864,5.560896397,4,36.77327728
13175,96.89567566,33.12059402,18.86445045,8.862167358,5.400481701,2935.362091,3,10561.93214,23.58674431,8.102481842,2,79.42647552
13176,76.65869141,22.50310135,15.90285492,9.250063896,5.288551807,6816.311708,3,419.8706559,29.70745468,8.003779411,5,184.5336304
13177,25.01864243,29.10800171,17.76994133,7.967525959,4.451299191,6819.950226,3,523.5052346,21.9493351,6.100675106,5,169.4805298
13178,59.72880936,24.84310913,19.97795868,10.38907528,6.632344246,7385.178644,3,1556.21144,27.13960648,10.64616585,5,177.1830597
13179,119.3770905,26.69136047,19.68527794,13.2200222,8.55441761,8086.668539,1,7496.243433,35.30192947,11.86138153,4,122.5740585
13180,169.3719025,48.86746597,28.79449272,10.21879101,5.809002399,7668.13587,1,8166.4862,31.38116837,7.962792397,4,50.55507278
13181,23.9616375,44.20093918,11.64527035,10.92374611,5.989329815,516.6847565,3,14667.56102,15.06157589,4.378719807,4,71.56504822
13182,114.9223328,27.63785934,15.45482731,7.788383961,4.22691679,3271.591429,3,24193.18925,22.69695854,6.666292191,4,98.51972961
13183,82.43358612,25.16353798,17.0747509,8.125605583,4.390655041,3270.266371,3,30681.51552,24.63427544,9.20984745,4,275.0379944
13184,92.97002411,28.47491646,16.82047081,7.838290691,4.887664795,5864.100017,3,33856.34812,21.18342018,7.576200485,4,144.7399902
13185,41.10097885,49.4437027,28.07179832,7.009988785,3.35243082,429.5761385,3,17171.96733,12.68727398,5.209652901,4,28.45560646
13186,99.14393616,36.47616959,30.78918457,6.573805809,3.991208553,598.6817999,1,17753.94249,20.80486679,8.267828941,4,23.05130005
13187,8.693053246,57.4058075,20.25576782,7.388212681,3.487792492,1378.567883,3,16390.36506,9.470477104,4.451996326,4,262.3493652
13188,136.9414368,31.81591606,18.83717155,11.68817425,6.681541443,9421.916085,3,5831.841024,29.39675331,9.944067955,5,185.284317
13189,45.07749557,31.88937378,19.13500023,9.422514915,5.194908142,6318.96611,3,6875.987176,20.88002968,7.681301117,4,214.2156982
13190,66.07175446,26.23047066,18.53925896,7.937094212,5.131640911,259.2589,1,6879.984671,20.54206848,6.136187077,4,282.5421143
13191,48.12287521,28.85546303,14.4023037,10.572999,6.420827866,216.6955257,1,7041.683111,27.54701233,7.772096157,5,325.8138733
13192,119.8309021,29.57214546,15.71951866,9.857848167,5.173978806,821.5899327,3,13450.55278,27.27238083,8.186612129,4,127.1583405
13193,90.51405334,33.13301849,20.98166466,9.695605278,5.962142944,58.58212356,3,14168.05611,28.9838295,8.121684074,4,58.53974152
13194,103.6850433,39.1145134,26.72817421,9.211408615,5.211031437,923.7773181,3,26405.62601,25.18818665,7.869534969,4,55.88552856
13195,104.4660416,24.42912483,16.71814537,10.51193619,5.913116455,533.2397886,3,26892.85716,26.85656357,7.877630234,4,181.697998
13196,55.7178421,31.48693085,20.31985283,8.11272049,4.661848068,6350.71852,3,30665.31631,17.02589989,8.627689362,4,156.3706207
13197,148.0360107,43.42064285,28.09807396,10.07936192,5.788223743,7485.336105,1,8818.902469,28.2648716,8.121314049,4,63.03826523
13198,79.4154129,30.04169655,18.13509369,8.973949432,5.134212494,6362.399074,3,6129.755199,24.31753731,7.005685806,4,282.6001587
13199,7.030469418,31.7119503,23.5540657,5.443128586,2.712734461,3025.999699,3,30387.79668,9.582813263,3.979507923,4,95.01921082
13200,17.52022743,37.44244003,16.20198441,4.607770443,2.180975437,1750.861914,3,15998.05697,12.07206535,2.755383968,4,223.0908508
13201,33.43780136,27.71623611,15.09094524,6.663825512,4.766505241,1949.745139,3,15707.54439,19.83290291,8.041047096,4,264.3283386
13202,42.97993469,26.21611404,21.27555466,9.512840271,5.17930603,6953.272929,3,745.2466318,28.98923111,9.661218643,5,206.7541504
13203,112.8409195,31.41105843,16.84453011,9.942289352,5.66984272,5619.146778,3,6060.535055,23.25171852,7.992533207,4,245.5560455
13204,31.29368591,29.96987534,14.85086155,8.571825981,5.38155365,3126.676199,3,971.5599427,22.10848618,5.592327595,4,62.2950592
13205,139.8429108,28.72122383,16.57912636,8.359564781,4.53310585,3917.883503,3,163.2746821,22.74000549,7.625795364,4,91.7661438
13206,87.2878418,28.1391983,20.03273392,10.74200249,6.557230473,7089.81353,3,1131.155245,30.15626526,9.94468689,5,211.5268402
13207,141.8246002,34.52339935,19.23264885,11.6770916,6.507602692,9185.132099,1,6194.937534,30.44562912,9.606967926,5,78.39849091
13208,145.8396912,23.42020035,18.04375267,10.07700539,6.194989681,8890.197712,1,6519.086438,31.94556427,8.561183929,5,188.9726257
13209,143.1617889,25.56099701,17.35153961,10.42739582,6.666851521,3060.855768,3,14601.22261,30.90651894,10.8179493,4,146.521637
13210,77.21534729,29.15107536,18.36136436,9.165096283,5.368237972,5615.919719,3,7581.609152,23.72712326,7.631756306,4,153.75737
13211,111.7856064,30.62177086,19.59860992,8.177973747,5.005486012,5801.068809,3,7385.330495,23.53786087,7.601130009,4,298.3007507
13212,83.27328491,25.49997711,16.31195259,6.194847584,4.231814861,2711.862935,3,1398.807769,20.19329071,5.485806465,4,219.9203949
13213,121.2192917,28.728302,18.32081985,8.593316078,4.891018867,2389.409851,3,11892.71143,23.61440277,8.597800255,5,110.6954498
13214,113.9207611,25.96532249,16.38066292,8.483151436,4.279090405,2305.44927,3,29570.4085,24.16389465,6.723840714,4,141.1372528
13215,55.52101135,52.91953278,28.94956779,4.244912624,2.53246069,1770.609442,3,21087.51111,9.373327255,4.393830776,2,335.4046326
13216,75.02962494,21.4018364,18.62870789,6.187616825,3.505969524,3228.617694,3,13534.79943,22.06661987,5.470207214,4,33.53433609
13217,30.94273949,59.5175209,22.43362808,13.85510159,5.668039322,6809.440596,1,654.9689642,24.53421783,9.800016403,5,335.6828308
13218,60.96120453,28.8836422,16.5363903,9.900597572,5.437538624,2674.806462,3,11200.65056,25.06044197,8.98047924,4,215.1185913
13219,8.419135094,51.55723572,16.34832191,5.546350479,2.459913731,1534.307293,3,16290.54402,8.332582474,3.515516758,4,236.2557373
13220,93.66957092,31.10420609,21.6525135,7.689019203,5.025437832,3034.906473,3,10268.43841,23.05830383,8.119505882,2,67.00244141
13221,55.76025391,45.13235855,25.93088341,9.054178238,5.134833813,6265.917757,3,6920.396031,19.3127594,7.490054131,4,305.1588745
13222,110.0855103,28.86079597,17.89816093,8.765523911,5.188343048,3963.879046,3,31693.62371,23.56837463,8.265650749,4,111.5363693
13223,59.76818466,30.23607254,26.77532196,5.839314938,3.304027081,1408.698957,3,16817.23519,16.10557556,5.346385956,4,28.77090263
13224,225.6194763,21.80216789,17.48539925,6.873266697,4.361998081,2741.516538,3,17607.69619,25.61073685,7.439334869,4,56.15465927
13225,39.7456665,53.83881378,26.19413757,7.453770161,3.309692144,1654.936261,1,16458.71316,15.81812572,7.312392235,4,323.758606
13226,100.8532944,21.42869186,20.1145401,9.862657547,6.559185982,3660.407877,3,13920.12205,32.58572006,10.16385174,4,31.52689552
13227,34.08415604,48.11171341,24.15993118,9.393656731,4.837921619,2401.402558,3,7298.26428,16.95696068,7.284138203,2,265.729187
13228,79.80208588,28.85800171,17.24378586,8.136342049,4.605898857,7237.472903,1,1499.953211,27.21496201,7.816738129,5,315.8814087
13229,135.2516174,25.09217644,16.35749054,10.57956123,6.62365818,2853.276771,3,14881.0677,28.65561867,10.32980919,4,178.4721985
13230,110.8613052,33.91501617,16.33863258,10.50537682,5.266634464,4361.305808,3,765.7288986,23.73161888,7.707146168,4,139.0034027
13231,156.0976715,28.52801895,15.27043343,8.771970749,5.067678452,612.9695177,3,4324.294414,24.70603752,7.375218868,4,203.299469
13232,113.9279327,31.53996658,19.75558281,9.367248535,5.858916759,1972.010863,3,29677.41629,25.6451664,9.056191444,4,94.46716309
13233,91.04101563,40.5698204,27.7055912,8.346242905,5.320943832,7641.378799,3,32096.1304,19.95028114,10.29073715,4,49.76364136
13234,94.84365082,28.30688477,17.96564293,7.66774416,4.312247753,6455.971128,3,33696.38574,19.84980965,7.182274342,4,136.5275269
13235,38.48132706,32.81690598,18.47177505,8.621020317,4.7267766,1827.650838,1,16101.27356,18.58439827,5.885768414,4,313.4884033
13236,188.9461823,17.44173241,11.80332088,5.748543739,3.313259363,3179.963852,3,14882.93666,23.2557354,6.502379894,4,242.6212769
13237,106.490387,30.16517258,19.69902229,7.544889927,4.565707207,277.4170307,3,3248.548779,19.73924065,6.358448029,2,54.46232224
13238,109.575386,31.06864166,18.55044174,10.44353771,5.981852531,3915.16489,3,2583.531965,25.77506638,10.08984184,10,211.759491
13239,89.04085541,30.24100304,18.43549347,10.12808609,5.671282291,4935.953276,3,1528.184008,23.20187187,10.28027534,2,169.3803406
13240,21.00751114,36.24123001,18.08163834,13.92202854,6.740141392,6729.279402,1,491.1840387,24.50571251,10.33865833,5,291.3706055
13241,205.7908478,28.16415405,20.09426498,8.220658302,5.186429024,6156.964224,3,794.4598471,23.17799568,10.54680061,10,254.6798401
13242,47.90893936,22.14998436,10.24914551,7.578057766,5.672333717,301.6236326,1,7047.261944,19.97096252,9.351411819,5,288.4349365
13243,119.1063232,28.01530647,17.08819771,9.772663116,5.838731766,2894.472856,3,30604.53676,25.33867836,9.007519722,4,265.3140869
13244,41.38525009,30.4621048,11.75345421,7.7903409,3.367301464,1804.070357,3,16245.72108,15.67170906,7.161795616,4,292.8336487
13245,126.5324402,30.30492973,17.50097847,9.273381233,5.70007658,6337.095721,1,10645.44305,24.6057148,7.348072529,4,149.4000244
13246,117.4700241,27.28554153,18.60961914,10.54658699,6.037628651,2420.662481,3,15367.67512,29.28856277,10.21397686,4,135
13247,246.4656219,26.975214,17.53404045,8.763561249,5.62042284,2143.300759,3,8873.429588,26.46584702,8.945644379,5,291.0269165
13248,100.0173416,29.01500893,17.72011375,11.80388546,6.133568764,2692.497581,3,16890.30377,30.33481598,9.697450638,4,216.3604431
13249,102.6345596,29.33922195,19.75359917,9.262903214,5.385176182,4636.988002,3,32418.72823,25.82459068,9.06631279,4,279.5514832
13250,103.6339722,23.65742874,17.43892479,11.1738081,6.780712128,3467.641146,3,3129.186543,29.95118904,8.979982376,10,183.5093384
13251,12.80563831,37.33706665,23.43492889,5.407958031,2.643954754,6588.716874,3,277.3475421,14.8795681,3.492813826,5,295.0808411
13252,79.96052551,31.54643631,19.40801239,7.546860218,4.641085148,6241.474409,1,73.42570713,18.80089569,6.04880619,2,324.5499268
13253,142.7073517,28.95153809,16.21923447,8.500553131,4.846225739,8649.880527,3,3597.995857,24.38220024,7.582393646,5,159.4866791
13254,168.914566,28.61915398,17.09676552,11.1385498,6.638550758,3585.40641,3,14078.69663,32.91056061,11.78851986,4,127.5394287
13255,111.0364685,30.59754753,22.32830811,7.398563385,4.888931751,3892.039506,3,200.6522535,22.09078979,7.578701019,4,53.33151627
13256,61.58497238,31.0891552,19.94787788,11.71373558,8.214464188,3172.390946,3,938.8349513,23.89979744,10.11416912,4,71.56504822
13257,89.89134979,30.0934906,22.3597374,8.548630714,5.65760231,6.768960761,3,27274.10637,27.64686394,10.41592693,4,65.3927002
13258,125.5543213,37.32196045,31.43343735,11.22499466,8.032274246,3012.878908,1,3537.421171,32.31141663,11.8297081,10,142.6275635
13259,103.9605789,22.72834587,19.37845612,8.211797714,5.669975758,4714.555626,1,1725.208505,22.42883301,7.38800621,10,332.0827942
13260,138.0854645,34.85173798,23.54364586,7.977603436,4.310062408,7614.452122,3,2158.810444,19.84843826,6.008620262,5,321.2034302
13261,114.3052139,32.3252449,25.89500427,9.362283707,5.597453117,6491.317909,3,1322.178929,24.6486721,10.78047657,5,50.66408539
13262,133.2967529,28.19743538,14.64955902,10.57804012,5.439257622,3937.5987,1,13719.66329,31.22714043,8.296891212,4,173.2901611
13263,119.9117279,26.22631645,14.75374603,9.189230919,5.037013531,2344.949088,3,11388.83405,26.67086983,8.087345123,4,212.42453
13264,34.80163193,25.46251869,12.63954067,11.83175373,5.918491364,690.7499749,1,7316.198246,22.35873795,9.022577286,5,314.1843262
13265,103.1232834,47.18559647,29.06760216,10.02191353,6.080051899,600.7962104,3,3683.900687,23.92357063,8.379165649,2,118.2824783
13266,82.09729767,20.66485023,17.49851036,8.796725273,5.472929955,5937.549127,3,478.6101695,23.66076279,8.305288315,2,172.9421539
13267,50.30305481,58.57102203,24.82288933,16.15323448,7.788551807,6859.558272,1,906.9263417,28.80554962,11.41421223,5,291.2870178
13268,138.2580566,29.63498688,17.64340591,9.634742737,5.793599606,1407.972917,3,12411.31888,26.26630783,9.517409325,4,269.2582397
13269,64.71774292,30.47284698,15.42266846,14.73539639,6.866351604,2684.881085,3,16874.58701,27.94158554,11.18750668,4,200.054306
13270,127.4281921,30.17960739,18.4793396,9.686761856,5.304267883,751.0816894,3,28066.8105,24.65506172,8.716219902,4,234.2106476
13271,94.60656738,21.24373436,13.58871078,4.894877911,3.462887764,1207.952593,3,20434.19053,13.31267357,5.513841152,10,92.89904022
13272,104.6643295,27.56062889,14.86077881,5.784034729,3.334374428,760.0948589,3,19635.36967,13.40669155,4.676267147,4,77.2756424
13273,200.3895874,32.93235779,25.52885437,8.60806942,5.059559345,5802.458836,3,370.021306,21.98745918,10.32794094,5,54.04868317
13274,220.1941071,30.32650566,26.11952972,7.298452854,4.280181885,5024.53712,3,491.6077633,22.74341393,9.263055801,10,62.81888962
13275,89.65465546,27.81545448,16.45882988,9.461981773,5.318036556,1974.614769,3,25357.95048,25.9350071,8.5965271,4,199.4740295
13276,93.17173767,44.1449852,24.78276062,8.975495338,5.159990311,2096.218406,3,29426.3855,22.07699966,7.644489765,4,63.75865173
13277,82.58621216,32.66405106,18.94972992,7.716669083,4.622352123,3168.994207,3,6778.832181,17.49398422,7.327462673,2,240.0183563
13278,179.2753296,40.65881729,30.32219315,10.00141621,6.953891754,3126.366153,1,3373.017267,31.25107193,9.090578079,10,22.59016418
13279,22.77854729,38.65764618,23.39707184,6.649336815,3.902104378,187.1255226,3,14022.44826,10.11647511,6.40990591,4,265.2363586
13280,128.0658112,28.45882797,17.36561966,8.09980011,4.813398838,4137.295887,3,9075.006528,26.23697472,8.023866653,4,258.9067993
13281,196.9371033,39.08875275,27.57074165,9.073990822,5.749936104,1045.86065,1,13184.69416,30.81463432,7.225172043,4,46.10262299
13282,73.44508362,26.78565025,19.22421455,8.675171852,5.614350319,3403.779633,3,25641.22754,22.58701515,10.87672329,2,235.5391846
13283,40.23315811,29.19097519,21.10370445,6.0048666,2.908087969,2774.230862,3,22563.73165,14.76953983,5.327368736,2,33.77359009
13284,92.08887482,50.70063019,29.12201118,8.358699799,4.711754322,2432.870754,1,16352.22744,20.21160316,6.352087975,4,24.25972748
13285,95.98020172,25.7269001,17.86287498,8.127338409,5.781824589,3246.95859,3,12422.63777,25.93369293,9.005079269,4,247.2250366
13286,43.45245361,29.39525604,22.81124496,11.15402699,7.292545319,2606.69752,3,7548.564123,24.40097809,9.478125572,2,257.7352295
13287,122.5445251,49.32427216,27.65962219,11.2670393,6.02068758,6785.229719,1,1171.164216,28.14949989,8.215881348,5,292.3071289
13288,39.45426941,23.36773872,15.48744392,5.798555374,3.529278994,3096.620256,3,10413.13481,18.83195877,4.74406004,4,202.5741272
13289,92.02012634,26.73731041,15.48275948,7.471978664,3.984968901,4354.124676,3,586.5009721,20.54219437,5.957489014,4,216.9952698
13290,155.4154053,26.08297348,14.67416477,8.675431252,5.685443401,1105.669205,3,4772.27502,26.40322495,8.122929573,2,248.1306458
13291,166.1555939,42.50355911,28.92224312,9.486901283,5.681360245,1893.587733,3,12326.73859,28.87288666,8.387584686,5,306.6856689
13292,98.17108154,26.28106117,18.84123993,6.77609396,4.010399342,4832.921479,3,29316.7971,19.47544479,7.524573326,4,81.38435364
13293,66.79025269,38.34021759,28.0208683,9.66079998,5.880093098,3175.445648,3,26618.30987,25.01079178,9.346431732,2,70.01689148
13294,94.57471466,48.99367142,25.07044601,9.577302933,6.634208679,2954.345603,3,26362.64325,19.32582474,11.02880573,2,297.4497986
13295,89.60467529,41.64546204,23.97827148,7.930043221,4.431877613,2445.018935,3,16117.29787,17.18992615,7.112490654,4,289.1790161
13296,45.6900177,53.08174896,27.11538506,9.629067421,5.440928459,2270.809692,1,15890.36731,18.62908936,7.832214832,4,31.23921585
13297,218.0558319,45.146698,28.31264114,10.29473019,5.873965263,1964.318168,1,15953.86328,28.18533516,9.036915779,4,289.5548706
13298,60.14430618,31.11470795,20.27150154,7.173242569,3.84814167,60.6196175,3,13788.8797,17.46408272,9.018165588,4,216.8699036
13299,112.422821,28.5189209,17.54900551,12.39869213,7.034379005,171.7736007,3,6306.785196,32.93300629,10.33835125,4,119.2080383
13300,226.1764526,26.43648911,17.2781353,10.01038074,6.054433823,2904.97471,3,8653.981981,25.83132172,11.62060642,5,229.0095825
13301,232.2019653,25.57110977,18.02350807,8.557317734,5.834856033,2226.703908,3,8434.894215,26.62286568,10.24408531,5,272.0577393
13302,122.0437164,30.36768341,18.33579445,12.30692196,7.357284546,929.0145753,3,15117.96749,29.16747475,10.57983589,4,145.0648804
13303,55.4604187,30.88699532,19.54416084,10.3761797,7.229019642,5960.095496,1,11572.08641,30.09784889,7.295169353,4,260.5992126
13304,95.64958954,26.96992302,17.34494591,10.33599949,5.828258514,6073.476636,3,11214.11649,30.52239418,9.190030098,4,132.4208527
13305,25.64006615,31.56483269,14.81768227,4.985681057,3.520983458,565.9346392,3,14452.17188,8.758467674,4.785427094,4,92.04801941
13306,94.64252472,35.77772903,18.64017487,7.93631506,4.3665061,923.9489704,3,12992.39235,18.31302452,7.982068539,4,208.8556519
13307,28.77466583,26.35958672,20.36994934,7.022859097,3.617087841,578.0848875,1,7007.358694,21.61898613,4.275577545,4,326.9482727
13308,181.52948,22.24258232,13.11620331,7.890300751,5.42094183,1748.291074,3,8222.7182,24.76340485,8.202954292,5,244.0934906
13309,139.7085876,40.82758713,29.13584518,9.416416168,5.708538055,2585.353876,3,11664.85177,27.81979942,8.103394508,5,306.2926331
13310,100.8086624,27.08308601,17.18620682,6.015741825,3.765595436,6792.734023,3,33308.36692,18.04835892,5.817304611,4,228.202179
13311,63.17512512,30.73526573,18.98831177,5.885652542,3.709067345,2859.022921,3,24744.7874,13.37736702,6.946647644,2,113.4139862
13312,157.7808228,21.96788597,13.38759422,6.622509003,3.97849226,3643.711588,3,14739.81073,22.44716263,7.573970318,4,241.1134186
13313,7.249521255,30.93360138,17.04712486,4.512833595,1.604394555,5840.867262,1,562.4821343,9.354003906,2.245603323,2,291.2484131
13314,134.3065796,39.09660721,27.09514236,8.813670158,5.394672394,6702.512485,1,10882.52768,27.56417465,7.075046062,4,79.33965302
13315,174.5629578,37.81303787,23.95762253,10.47355556,6.60967207,1556.194291,3,15434.48212,28.13328552,13.3648138,4,61.75268555
13316,57.34796143,37.85635376,23.2297287,5.94226265,4.886568069,657.8377398,3,14533.85906,11.98386478,9.536235809,4,53.97262573
13317,97.98506165,31.09505463,18.03037834,10.93105602,6.810670376,2475.249478,3,10972.17604,27.04123878,9.926017761,4,132.818161
13318,144.306076,30.58210945,17.83132172,9.850746155,5.490889549,2885.938325,3,10434.99626,28.37329102,7.980841637,4,272.0700378
13319,89.97979736,25.37266159,15.22826767,7.226406097,4.101230145,2246.350813,3,1877.063088,19.33477592,6.037187576,4,242.6125793
13320,96.92179108,30.38096428,22.38214684,10.22658634,4.964744091,516.8019624,1,6782.787873,25.09155464,9.032261848,4,316.0491333
13321,79.08046722,29.2997818,14.66301155,6.845885277,3.443444729,7029.494782,3,33004.32979,18.06356621,5.945565701,4,165.6573486
13322,35.90145111,52.14121628,22.73753357,6.562093258,4.664484024,2868.873622,3,24295.76724,10.45588684,7.363866806,4,85.83001709
13323,47.67947388,35.53783417,20.92817879,6.16855526,4.476721764,2613.181093,3,24357.34832,11.26109123,7.310740948,4,80.10480499
13324,60.55330276,37.82442474,25.96560097,6.814443588,4.310429096,2468.298809,3,24218.20214,14.49508667,7.473373413,2,269.6102295
13325,27.34052277,58.71119308,28.62595367,6.409985542,2.393993855,868.922741,1,17615.97751,16.6948719,4.301268578,4,13.41454315
13326,19.09346962,45.66545105,9.71254921,8.850775719,6.628314972,4254.609332,3,2214.54002,16.90398026,8.554590225,10,191.8886566
13327,80.490242,35.34641647,24.72925377,6.337043762,3.717493057,4015.868917,1,2432.022824,17.84165764,5.559709549,10,316.6846924
13328,207.6206512,46.26965714,29.49687958,9.341654778,5.435388565,5697.180231,1,312.6609618,26.90199661,7.393612385,10,33.11134338
13329,165.683548,28.85723877,19.23134613,9.488336563,5.921262741,9863.532635,1,5405.192723,31.79314041,8.546541214,5,62.07371521
13330,123.5265198,30.14065742,18.4334507,13.08659744,7.418869495,8707.143374,1,6824.806735,31.76977348,10.53599739,5,162.241745
13331,150.8219604,28.69748116,17.43076324,9.836592674,5.532728195,1408.77193,3,15280.61984,27.20503807,10.31431103,4,91.21887207
13332,119.5549469,45.81692123,28.12684822,8.343087196,4.523040295,5384.71786,3,6306.574827,20.41971588,6.591733932,4,267.1912231
13333,93.00646973,27.00387192,19.20966911,13.80955029,7.846000195,116.5461222,3,6003.18684,35.96065521,12.39443016,4,149.6448212
13334,118.3873978,28.76760483,22.96417046,9.860549927,5.497516632,378.0333609,1,6588.555506,29.16694069,8.624260902,4,312.1690063
13335,113.5684814,29.3271637,18.18498611,13.73884869,8.585429192,436.9153152,3,14628.13855,34.64977264,11.56500626,4,253.1255493
13336,158.0343781,29.18278503,19.53874207,11.26496887,6.397702217,1395.945175,3,4375.256055,26.79735756,10.09667683,2,146.00354
13337,41.20908356,42.47891998,23.94966125,11.51522636,6.482112885,5587.686982,3,824.9249655,17.13313675,7.809836864,2,190.150177
13338,199.7917633,24.38938141,17.82793808,6.382930756,3.676732302,5556.608544,1,630.7124174,23.70660019,6.91093111,10,322.0625916
13339,151.5382843,25.92667007,15.28565311,6.744767189,3.826343775,5763.205197,1,462.6105422,25.03794861,6.504832745,10,292.2175903
13340,116.5537872,37.3313446,23.09552765,10.84660435,5.835318565,7003.131035,3,1401.227147,29.25539589,8.847515106,5,259.9068604
13341,53.00730133,33.88433838,23.75893593,16.942976,8.946994781,2760.884047,3,16951.32512,27.58509827,13.49322891,4,182.7263184
13342,75.10236359,34.22947693,16.95066071,6.488963127,3.549760818,7063.471155,3,32934.64833,17.39403915,6.17857933,4,237.9744873
13343,53.17798615,30.94307518,14.64777756,6.580127716,3.508393526,3157.745367,3,15069.2355,18.43925285,4.811929226,4,268.3778992
13344,79.79186249,44.59293747,30.09187317,9.509559631,6.589740276,5074.894952,1,1350.717308,23.81921577,7.901644707,2,45
13345,99.87078857,28.55236626,16.93073463,10.19792271,6.020124912,9438.126835,3,4495.223901,27.95320129,8.134161949,5,185.0636139
13346,139.3362579,25.99459457,15.03042126,10.87531281,6.323410988,4176.674004,1,13473.98536,34.25675964,9.334326744,4,109.6758194
13347,58.28907394,26.9586544,17.50108147,9.249768257,5.62520504,4157.686772,3,2625.845658,22.58786964,8.390942574,4,222.1844482
13348,161.7994385,46.32711792,27.58824158,10.52850533,5.811330318,1248.668846,3,6945.010647,23.02676392,12.62957096,4,330.0900574
13349,102.4944763,27.59398079,19.84527016,11.38965416,6.859921932,2034.954238,3,16226.07512,30.34454346,10.80949688,4,160.8209839
13350,29.24706268,47.55879974,22.75696945,10.88917065,7.887565613,2702.748791,3,16897.08583,21.39064407,12.0488205,4,330.6318665
13351,90.64208221,23.01207542,19.68182945,3.951674938,2.40145874,1045.950057,3,20571.7406,12.5264616,4.955404758,2,84.80557251
13352,16.58023834,27.46864319,13.26358128,9.085997581,4.648734093,210.4367377,3,19072.99785,11.62935257,6.381594181,4,120.589386
13353,44.84318542,31.52806664,20.34936905,8.932995796,4.412843227,165.2423876,3,18749.53726,21.4380455,9.419549942,4,285.7511597
13354,138.8107605,31.69495964,17.6763649,8.64345932,5.464078903,513.2234034,3,20177.63663,19.75312042,8.732593536,4,119.2913666
13355,64.36394501,41.78306961,25.80484009,10.50921726,5.894821644,1900.290702,1,16613.39448,24.23274422,8.743228912,4,283.4258118
13356,64.44599152,35.24983597,16.91019058,7.505280018,3.677702427,2811.157973,3,15513.63654,18.16759109,5.215598583,4,272.8341064
13357,83.80795288,40.48607635,27.61635017,10.36274242,6.571116447,2454.204565,3,8402.116908,27.53456688,8.564621925,2,276.34021
13358,89.48020935,42.61756516,26.61805534,7.081488609,3.952028513,3674.146781,3,9495.54668,14.88598537,5.724548817,2,295.7099609
13359,19.34387779,17.14359856,6.827458382,5.975039005,2.618652821,5646.832532,1,752.2077822,15.16662979,4.345365047,2,312.9545898
13360,84.06903076,46.64068985,30.93362427,7.708621979,4.637005806,5289.883144,1,1109.677098,21.4128418,6.703325748,10,341.3825684
13361,138.0090027,26.41592979,17.71105194,9.480674744,5.82467556,5515.571676,1,12082.2036,30.98361969,7.630155563,4,253.6476135
13362,103.3911362,30.11535645,21.77287865,7.580820084,4.062993526,1355.41836,3,7160.735614,23.16103935,8.051825523,5,313.999939
13363,160.1615906,27.23092079,16.62149811,9.059206009,5.574698925,673.2339037,3,13532.77165,30.37365913,7.639902115,4,97.12262726
13364,117.1563797,29.15000343,18.43057823,11.1323328,6.777053356,98.63044169,3,14091.64716,31.11234283,8.909514427,4,78.47096252
13365,124.5775833,32.31279373,17.5447998,9.386159897,5.366356373,3550.560386,3,17759.30046,27.12022781,7.674593449,4,240.3955536
13366,98.44998932,29.9021759,17.78445625,7.900096416,5.751297951,678.977798,3,21244.47395,18.42957878,10.89175797,2,141.483078
13367,66.60041046,24.64648628,16.98689079,7.641808987,5.405599117,3484.18303,3,12533.1349,25.91037178,7.153277397,4,257.4694214
13368,265.1683044,40.33232117,29.63045692,8.876543045,5.229577541,3746.891889,1,2644.871329,29.27292252,8.496368408,10,25.39155579
13369,137.01297,36.95033646,20.35135651,11.36131477,6.357764721,9728.713014,3,4800.50436,28.11760902,8.874873161,5,74.19748688
13370,94.88710022,37.1663208,18.85704041,8.784391403,4.912460327,3379.860039,3,742.1138529,18.56274605,6.79025507,4,156.7062225
13371,97.22583008,30.19425392,17.52894211,9.778725624,5.303779602,4448.779856,3,18684.08699,25.77283096,7.184937477,4,227.3373108
13372,106.5941238,28.87938118,17.72701454,8.469322205,4.718348026,5927.607606,3,20194.17934,25.21699905,7.312814236,4,85.60129547
13373,137.2364197,39.96769333,27.12500763,9.013249397,5.181636333,5981.200492,3,20279.06762,22.45739937,7.076931,4,304.9559937
13374,99.67279816,28.70401382,16.05494499,8.415969849,4.560876846,3729.14235,3,23677.7664,22.5202198,6.748764038,4,133.5679016
13375,156.7928314,26.84057426,18.56000328,8.152997971,4.677733898,7144.278764,3,32599.39263,21.43629074,7.175613403,4,183.2125854
13376,71.48088074,32.81742859,20.28039169,8.804579735,5.214612961,3300.233504,3,9466.943056,21.54404259,7.718670845,2,94.90187073
13377,105.6843796,25.67102432,16.5453949,8.139686584,5.231010437,2449.46269,3,1529.342507,19.72018051,8.075963974,4,219.9667358
13378,139.8002777,38.8467865,28.56373024,9.179018974,5.158610344,2855.897793,1,17085.61644,27.24717522,8.135258675,4,42.0641098
13379,132.486618,22.56711197,18.54711151,7.570524693,4.801487923,853.1606421,3,18553.94978,26.19207191,8.658359528,4,259.8244934
13380,62.91907501,47.29521561,26.2485733,7.923793316,4.346120358,3520.673933,3,7334.56543,16.33111382,6.246849537,2,130.9143829
13381,185.5852356,47.01776505,29.44466782,9.044267654,4.555749893,3121.071085,1,3344.568381,30.72427368,6.356006145,10,319.3323364
13382,31.89042854,40.46385956,23.68049622,13.33396626,6.030893326,3852.70987,3,2622.446076,21.24920082,11.613657,10,180.249115
13383,82.89146423,38.01685333,24.90736389,12.34467125,6.408612251,3250.264306,1,14515.63121,31.26844025,9.229613304,4,25.26544571
13384,85.90550232,27.35794067,17.52676773,9.190592766,5.590958118,4568.632918,3,8619.069682,25.21813583,8.690538406,4,137.0494232
13385,134.4764557,28.22745895,16.35756493,8.183462143,5.209115505,3702.832756,3,400.7424576,22.82065392,7.000714302,4,80.63385773
13386,86.42378998,26.83928108,15.52505875,8.070760727,4.602472782,5083.36973,3,32978.91093,21.66704178,7.324115276,4,166.7989197
13387,109.7670441,30.52749443,19.03360176,8.229314804,4.948662281,6088.491418,3,32379.53107,20.51510239,6.884215355,4,108.4349518
13388,82.46121216,45.85845947,24.53019333,8.588281631,4.794157505,5979.197049,3,30675.99817,17.4461441,8.734745026,4,52.33795929
13389,113.6744614,40.93128967,29.08987045,8.594690323,4.691714764,177.6114377,3,19730.69246,23.21235085,7.146648407,4,308.5389404
13390,139.3941956,48.90029907,29.76132584,8.504343987,4.815666676,5820.041106,3,20101.71921,26.65235519,8.869016647,4,33.11011505
13391,75.7000351,29.19745636,17.75609589,7.461697102,3.694545269,6250.504726,3,21207.29024,21.55325317,6.451263428,4,264.8962402
13392,65.57154846,48.84273529,28.04244804,10.01058197,5.905251026,5345.953228,3,30465.82589,19.78889275,10.87731457,4,81.02737427
13393,21.63896561,16.92271042,5.931952,4.798487663,2.781881571,1041.627567,3,20947.4603,14.31395626,3.417917013,2,110.4495087
13394,24.88512611,44.04962158,23.96723747,14.51344109,6.434866428,2633.396716,1,15850.26887,21.54019928,10.65919685,4,48.22452164
13395,55.24831009,34.566082,21.79126167,5.512567997,3.112793207,3711.059606,3,9115.270879,11.12081432,4.683456898,2,64.7988739
13396,69.4515686,40.60680771,22.7197113,6.161181927,4.097180843,3794.49499,3,9104.551291,11.04738235,6.756997585,2,103.1340256
13397,224.5440063,22.85469437,17.04004669,7.505836964,4.474121094,5280.555074,1,815.7635823,26.17341423,7.184506416,10,317.4299927
13398,60.29531097,29.21325302,17.99812698,11.14665031,8.018269539,3740.221878,3,2475.887676,28.49254227,12.18029881,4,165.1735229
13399,187.0469208,35.87069321,27.22041512,11.96111488,6.865641117,424.9557128,1,5930.974958,34.60564804,10.14735603,4,318.7585449
13400,221.8188477,28.15034294,19.34163094,8.403217316,5.375164986,1105.441582,3,6658.152488,26.47018433,8.342428207,4,282.4074097
13401,87.26689148,45.69163513,27.92348099,8.715037346,4.581201077,6509.389909,3,20903.21117,22.96669579,7.829542637,4,62.40060806
13402,116.7451096,40.24388123,28.39915466,7.643048286,4.404564857,3515.39952,3,15824.59236,19.32645035,7.402858734,4,327.4935303
13403,48.84331512,53.43827057,21.47600746,9.277143478,5.171388149,3650.237588,3,8129.082026,13.96086025,7.161382675,2,291.4477539
13404,34.03454971,27.09293938,19.51203537,6.781486511,3.932328701,3894.905063,3,2567.485034,21.20804024,6.013195038,10,308.8627319
13405,99.85627747,33.80472946,21.59103775,8.363446236,5.294841766,5000.348297,1,1382.412932,24.56965256,7.009443283,10,277.6885681
13406,168.1137695,32.35870361,26.42353821,9.464400291,5.977993488,2584.425608,1,15285.36352,30.98666382,8.624092102,4,328.3245239
13407,50.79658508,46.78490448,17.54722214,21.22428894,10.5005703,2890.306669,3,1072.235066,30.38549805,15.51978302,4,80.23960876
13408,123.8098602,32.0625,24.67268753,9.679375648,6.604632378,2251.811372,1,16458.91166,31.59699059,7.714131832,4,321.745575
13409,98.17041779,28.21513748,16.92076302,9.177100182,5.220810413,1286.533216,3,28570.9523,25.21967697,7.997375011,4,191.8682861
13410,78.27033997,51.7739296,25.33091927,9.3679533,4.420910835,2055.184322,3,5221.215377,17.26996803,5.952572823,2,45
13411,50.5053215,32.96662903,27.21060181,11.30682945,6.443878651,3625.621547,1,2848.281858,34.26891708,9.454361916,10,24.17961502
13412,63.85731506,28.77133942,20.53667641,10.58988953,6.426684856,3027.122693,3,24334.00544,24.30381966,10.3466835,4,140.7684631
13413,115.1113358,25.90813065,19.65572739,7.816642761,5.011843681,1688.191352,3,26383.24948,24.50553703,9.76965332,2,301.7554016
13414,137.6981659,22.30159187,14.90582943,6.233158112,3.843967199,3539.326954,3,15413.94745,19.6655674,6.420903206,4,278.3208923
13415,178.5496979,25.76029015,16.87259293,8.163858414,5.096751213,4136.316038,3,11431.92495,26.61080742,10.29921722,4,99.79682922
13416,142.7562256,37.10322189,24.14950371,9.52896595,5.056852818,6692.930062,1,10300.21392,29.92919731,9.112085342,4,67.61986542
13417,90.88285828,24.56570625,14.80593872,8.51861763,4.35474062,1958.873954,3,11862.03993,26.99664688,8.287091255,4,169.8134918
13418,47.10750961,29.04394531,19.15847778,9.882650375,5.66339016,515.5508529,3,27775.883,23.54511261,9.55186367,4,232.2069855
13419,109.8352356,38.57787323,27.1038208,9.903621674,5.190045834,271.5464319,3,26980.73968,23.64871407,8.428165436,4,305.073761
13420,77.42605591,26.37563705,17.87676048,7.020618439,3.879568338,3773.69956,3,12458.16694,19.09633827,5.901103497,4,270
13421,46.14791489,38.91382217,23.33260727,7.526357651,5.335194111,3614.903002,3,8425.907077,14.30227089,8.651682854,2,80.58279419
13422,105.297081,33.52066422,19.17086792,8.605336189,4.901938438,2570.44578,3,5527.253079,20.48260689,7.754686832,2,122.125
13423,81.37732697,54.98976898,25.70815468,11.94106293,6.504840374,6363.533217,1,11048.92568,30.31979179,8.955511093,4,316.789917
13424,138.5068817,30.78255653,20.07850266,11.0701952,5.678719997,5806.499627,1,11793.20429,28.53313637,7.908266544,4,317.6266479
13425,175.4145203,35.1961441,25.94016838,10.14708519,6.182787895,3607.744444,1,14241.0277,32.21427536,8.835633278,4,298.8278198
13426,65.01130676,34.01281738,19.53117371,7.993978024,4.472308159,989.2160225,3,12972.94353,19.43548584,7.745807171,4,271.5481567
13427,24.82658577,30.63275909,14.26574898,8.506599426,5.622217655,3746.388989,3,2250.577268,22.3416481,8.430121422,4,143.7613525
13428,49.75171661,46.53894806,31.51848412,9.128190041,6.640890598,2884.583841,3,24447.87129,27.78267288,7.786391258,4,334.3791504
13429,97.94795227,28.48160744,18.64950562,8.310146332,5.058719158,1121.9297,3,28516.23353,25.27857018,7.63773489,4,304.027771
13430,81.13651276,41.85141754,25.6234951,9.795272827,6.23504591,3121.673405,3,26017.94134,20.20867157,10.88985825,2,299.1974792
13431,66.12039948,24.24663353,21.7508049,7.180380821,3.313526869,3508.841538,1,2955.32661,29.54625702,5.512869835,10,35.02261353
13432,91.1578064,30.7399559,17.49334145,10.03261471,5.808246136,4057.311455,3,1701.030625,24.04641724,8.680016518,4,195.9454041
13433,94.3167572,30.70081711,21.84321022,9.32884407,5.300271511,341.9750087,3,26889.43093,26.59666634,9.734427452,4,97.76516724
13434,139.4715576,22.2654686,13.58781433,7.548573971,4.811072826,3930.082539,3,14784.55243,22.4655056,7.654073238,4,297.6459961
13435,98.94004822,30.49660301,22.00377655,11.62519741,6.85321188,6603.697995,3,10994.37435,31.7324276,8.939289093,4,60.93611145
13436,103.9337082,27.56100464,14.82814121,7.822609901,4.598912239,5942.788859,3,7280.554221,22.53256989,6.369076729,4,213.2614288
13437,57.40610504,43.26853561,28.92342758,10.25193977,6.846703529,3509.869326,3,2538.157217,27.01122856,9.074165344,4,318.4682312
13438,133.1663361,20.91239548,15.34240055,7.172553539,4.420794487,5834.464438,3,32011.74537,25.0228653,8.284543037,4,230.2418213
13439,69.68767548,27.26339722,21.73365593,9.867551804,6.968182087,2425.683387,3,16706.46538,29.26526451,9.444301605,4,250.1591339
13440,105.6511917,43.90219879,28.36584473,9.739793777,5.23390913,3920.948526,3,10461.02237,25.2379303,9.186485291,4,33.02386856
13441,260.0020142,29.71759033,25.78076172,8.272748947,5.109220505,3397.691778,1,3013.89988,28.46174049,8.35963726,10,329.7850342
13442,72.27677155,38.25044632,20.80440521,11.85831165,7.805020809,6654.002712,1,10601.87602,32.03642273,9.653457642,4,94.96974182
13443,168.1935272,29.10795403,16.69046783,12.15412521,7.028713703,461.864066,3,4985.20608,30.35040474,12.94625759,4,147.2979889
13444,205.7002869,34.03404999,24.50381851,7.203561783,4.160995483,5661.536435,3,222.4430984,21.73891258,4.676772594,10,291.8013916
13445,15.43632889,35.03530884,20.14381981,4.8871665,3.149541616,132.7779728,3,14073.93916,6.863121986,4.792967796,4,58.13402176
13446,49.20714951,34.75688171,21.81738091,8.151514053,3.629551888,326.5582904,3,13607.32177,16.59202957,7.403167248,4,223.6878357
13447,176.0050201,21.75712967,14.3924551,6.789956093,4.264111996,5111.94996,3,14727.36302,23.54109764,7.504172802,4,249.6487732
13448,121.7998962,29.30808449,20.85183525,8.044155121,5.200722218,6806.459373,3,1711.786963,20.56636429,10.05384064,5,263.2224121
13449,170.967041,28.73926544,18.94555664,7.500679016,4.635414124,8042.357777,3,2971.955573,23.55400658,6.902118683,5,47.9609375
13450,82.7377243,31.59283066,17.51073647,9.748283386,5.750570774,4937.216202,3,8260.380888,21.12097359,8.589664459,4,289.1917725
13451,11.16155338,45.68663406,18.63338089,6.755750656,3.385243177,3519.376693,3,2807.023939,12.84462738,3.588122368,4,110.1697311
13452,111.7647247,26.94812202,15.89388561,8.234436989,4.384274006,1050.95994,3,28616.42499,24.01259613,6.839598179,4,164.744873
13453,107.5858994,31.87355232,17.28563309,6.797458649,4.550553799,5321.280919,3,31418.50338,15.78604126,7.766254902,4,222.1304474
13454,61.49075317,36.75566483,23.54927063,8.23989296,4.805507183,5627.766593,3,30712.74128,18.64754105,7.539905548,4,86.42211914
13455,109.0972748,26.66471863,18.57491493,9.644364357,5.794176579,3220.483111,3,3552.126762,26.10944748,8.667938232,4,70.20796967
13456,225.6579132,31.67131233,18.99745178,14.58345509,8.496174812,265.7443957,1,5211.93368,34.09388733,14.02104855,4,284.2401733
13457,99.50043488,33.6030426,23.66184807,8.187407494,4.675341129,4000.979165,3,23353.48145,22.19132996,6.990227699,4,48.01278687
13458,143.0360565,28.16152954,18.59322166,10.12868309,5.844511032,7477.259589,3,9581.035555,29.91969299,8.370428085,4,105.1587067
13459,100.4840088,30.53926086,16.59252548,10.47534847,5.799830437,1969.325501,3,11488.71079,26.90698242,9.852612495,4,215.7760773
13460,91.76451111,34.87131882,26.27841949,7.018071651,4.518831253,3413.768971,3,23849.92166,19.79088211,6.753321648,4,311.4101563
13461,124.901268,25.5856514,17.84627724,8.078660965,5.053122997,5474.365604,3,31626.86157,22.62896919,8.933231354,4,121.1713486
13462,245.0001068,37.44910812,29.08963585,8.663586617,5.942419529,3087.716773,1,3330.507412,29.83716965,8.912428856,10,24.50266266
13463,168.0763702,52.06512451,28.91569519,10.47276115,5.847869873,7652.72186,1,9594.741356,31.11394882,8.401975632,4,320.5529785
13464,51.442276,29.01774025,19.14445496,8.026350021,4.160007,6668.569315,1,10707.73194,23.88096809,5.97319603,4,305.5822144
13465,20.70359802,28.433918,24.89743042,10.32069302,6.329480171,3425.33942,3,2742.358292,23.04422951,6.269610882,4,316.6602783
13466,43.70653915,30.36659813,20.33010292,11.57873058,6.487709522,3666.462382,3,17895.07352,24.42202568,10.46675777,4,211.239212
13467,38.69704056,65.63733673,20.77252769,6.108922005,4.343090057,2077.811589,3,25162.27481,8.793739319,5.154061317,2,309.5596619
13468,117.3219833,25.94264793,15.4595232,9.701568604,5.501847744,4659.213912,3,12986.41967,30.94248199,7.923401833,4,143.0170898
13469,84.13832855,24.91124916,20.50179291,8.058440208,4.238668919,2972.610936,3,2814.160933,26.63939857,7.569834709,4,284.4492798
13470,140.1102753,33.41529846,25.11627579,8.199058533,4.639995098,3366.384745,1,17625.44172,29.4652977,6.622855186,4,302.5604248
13471,90.88306427,26.52451324,15.7390976,8.13865757,4.398172855,5102.701593,3,33120.8457,24.20501709,6.496805191,4,247.1663513
13472,68.19605255,62.63467026,22.64408112,9.398059845,5.023406506,3702.306528,3,10596.43603,22.75375557,8.625112534,4,254.0546112
13473,175.3939667,38.21019363,28.7129364,9.470474243,5.726243973,4756.31764,1,12979.52065,32.76922989,8.386238098,4,318.0664673
13474,111.2874222,40.72340393,28.78881836,11.1259594,6.744050503,3785.352714,1,13941.63368,34.2233963,9.150976181,4,333.9718933
13475,33.38554764,34.8997879,19.50701141,6.917016029,5.048973083,1505.962838,3,12241.27393,13.54319477,8.452417374,4,182.489563
13476,110.2617111,40.61551285,28.31609535,8.201950073,4.437388897,2890.415829,3,3490.605966,21.22728729,7.832911968,4,84.45004272
13477,110.1773834,22.22663689,15.9583025,7.987828255,4.752122879,2277.447356,3,26626.0169,25.66832924,8.353066444,2,149.708313
13478,113.8595963,40.04074097,26.14232635,8.459860802,4.519811153,4390.345812,3,10877.53491,22.48295784,9.010367393,4,82.01067352
13479,83.33866882,28.76330376,24.07604408,8.313619614,5.046198368,4729.553964,1,1662.92349,28.02448654,8.409632683,10,46.33221817
13480,69.67930603,33.39367294,20.3612442,12.65895557,7.169573784,4475.592125,1,13195.16403,32.70258713,9.954888344,4,126.6941452
13481,120.5826035,36.41644669,27.62959671,9.391622543,5.81699276,3282.307479,3,2206.968375,28.05346298,8.654460907,4,47.72631073
13482,53.68883514,36.03002548,21.09988594,10.67647076,5.62149477,3518.667961,3,1555.247514,24.43377304,8.760850906,4,48.65170288
13483,63.53620911,31.70330811,16.3124733,9.778596878,4.870708466,3860.914056,3,1165.895917,22.45570564,8.688149452,4,206.9562073
13484,30.04149055,28.40252876,19.47208786,12.01720238,6.113647938,1356.909866,3,15549.34511,21.31778336,11.00533962,4,191.8994446
13485,60.42916489,41.98538971,20.91421318,10.45851421,5.032561302,1498.338977,1,15698.84771,25.92682648,10.02587891,4,319.8580322
13486,62.48765945,55.04445267,28.81655502,8.707281113,4.826624393,3578.403002,1,17819.60553,25.59848022,7.21289587,4,32.86353302
13487,78.00018311,30.48787498,15.67882919,9.548607826,4.946828365,4096.796987,3,18338.12046,26.94962311,9.540565491,4,254.8890839
13488,95.55167389,42.41304016,25.20137024,9.43877697,4.842915535,4462.494356,3,18708.86343,23.94089508,7.586081505,4,306.591095
13489,66.0839386,27.70745277,18.2993412,6.542001247,3.865253448,5198.962466,3,22122.92103,16.65596771,6.528306007,4,200.0260925
13490,105.2304382,25.1797924,15.17927647,8.793540001,4.871925354,1156.881011,3,26062.10183,26.23389435,7.722914696,4,219.623291
13491,104.7420349,30.70964622,16.98739433,7.770510674,4.536929131,2603.265575,3,5635.816761,22.8782177,6.38299799,2,96.06225586
13492,75.85544586,29.12110329,17.99289894,12.85300922,7.052568913,9504.947575,1,5964.740937,30.68355751,9.535099983,5,142.4508972
13493,95.0811615,31.15301895,16.33603668,10.24367046,5.615609169,7287.214128,1,10151.39209,34.17564392,7.292089939,4,63.72532654
13494,165.251297,30.5717411,16.94373512,9.599096298,5.313874245,4931.114146,3,12720.78014,33.09606934,7.718876362,4,82.91671753
13495,146.8839264,27.39705086,16.98406029,9.347922325,5.298991203,3702.306136,1,14089.01228,30.08273315,7.559841633,4,79.81336975
13496,59.01322556,28.53490448,18.63413429,9.941412926,6.402197361,458.5738499,3,13530.63593,18.21857071,9.849537849,4,259.6951599
13497,275.5230103,32.05589294,24.86253548,9.141894341,5.671522141,4149.302203,1,2238.7035,28.30192947,9.08695507,10,275.5484619
13498,110.2230453,33.47229767,18.82683563,11.28369141,6.971842289,6101.687189,1,11502.40108,28.9871254,9.34390831,4,270
13499,93.25883484,31.4085331,27.44410324,9.075998306,5.290780067,1211.625003,1,15422.44343,28.95543098,6.796487331,4,31.55588341
13500,77.7579422,34.89071274,22.54671097,9.472103119,5.322504044,2454.472254,3,24846.84485,24.90849495,7.739056587,4,46.27554703
13501,48.26475525,32.34309006,23.45140648,5.050365448,2.626230478,8600.001338,3,3647.035136,17.58283424,4.671830654,5,35.53767776
13502,113.9798737,34.63981628,26.06516075,10.96141815,5.884400368,7269.362657,1,10301.22964,27.3126049,8.859572411,4,298.6268616
13503,105.5163879,25.69646835,15.88190842,7.791244984,4.933832645,4062.956411,3,529.2891737,21.24617958,6.492537022,4,195.361618
13504,98.78682709,24.27656937,16.28759003,7.49262619,4.203732491,2089.175966,3,1731.664631,21.27665901,7.016572952,4,198.0723267
13505,155.8703461,28.16639519,18.10716057,9.015327454,5.242938519,4651.605143,3,18936.3802,27.04105759,8.347197533,4,259.4537048
13506,174.7397461,28.87984848,15.36531925,9.043032646,5.100486279,4546.210483,3,15144.9715,21.69501877,8.390557289,4,165.7598267
13507,152.0749512,32.52674484,26.61120224,8.101689339,5.07858181,2960.24775,1,3513.087591,32.23200226,7.665557384,10,46.09706116
13508,221.5918427,24.51845551,16.7429924,8.192399979,5.137379646,2389.537882,1,4089.598882,31.20614433,7.096998215,10,277.6789551
13509,178.6089783,22.28566742,19.57885742,6.436908722,4.125917912,3065.840455,1,3377.608409,31.70818901,5.694300175,10,36.99526978
13510,171.6629639,29.88811493,17.85295677,8.462762833,5.063586712,7668.992096,3,2632.215788,26.15604019,7.992330074,5,87.552948
13511,119.6135025,24.57606506,17.97680092,11.65682125,6.94230175,9971.40952,3,5043.23038,33.34659195,8.419384956,5,192.6336365
13512,139.7295074,44.85242081,29.06099701,11.05209446,6.316411018,9471.714603,1,6121.634376,33.19487762,8.304964066,5,289.3978271
13513,151.462204,32.90399551,23.39899254,11.2144165,6.801012516,8095.337183,1,7618.092927,34.44475937,9.006097794,4,296.6344299
13514,99.15578461,28.6011219,17.61209869,10.62406731,6.069581509,4041.335535,3,5541.2114,26.57389641,9.049164772,4,124.4608154
13515,113.1379013,25.53791237,13.73564816,9.102529526,4.990132332,3608.488705,3,253.068523,24.84232712,7.592798233,4,120.7427292
13516,122.3659515,30.07049751,23.20657158,7.463450909,4.336691856,3900.108469,3,18184.20638,25.70870399,6.401678562,4,309.0938721
13517,94.01271057,29.76431274,22.74427986,5.966026783,4.062460899,4577.142185,3,12933.79922,16.2670536,7.958320618,5,237.9602966
13518,60.83974838,41.14953232,24.86165047,7.823024273,4.585316658,4954.782705,3,12193.39234,17.0873909,8.214539528,4,143.9726257
13519,101.4311981,35.00246048,23.26410294,7.286493301,4.102759838,3873.646324,3,10265.35867,19.30084991,6.675973415,4,281.0234375
13520,94.74332428,33.08786774,19.27423668,8.909669876,5.271684647,6022.862173,1,11608.31303,25.60090256,7.925450802,4,246.5839691
13521,153.6479034,27.44511986,18.86577606,10.12561703,6.04848671,5876.744513,1,11782.91184,30.58658791,8.761054039,4,97.18886566
13522,62.18996811,35.23218536,19.8565731,8.687883377,4.610063076,862.3754576,3,13061.25816,18.09454536,7.027247906,4,188.4320374
13523,108.0849533,26.94035721,17.33669472,9.010070801,5.158715248,497.783542,3,4167.639331,23.78803635,8.740185738,4,212.6365662
13524,247.7948456,34.95699692,27.17998886,8.349173546,5.161073208,1136.061857,3,13057.0665,29.65001488,6.802148819,5,59.27515411
13525,115.8334122,48.6097641,27.29810905,9.018780708,5.10105896,2629.777385,3,24593.50609,21.03702164,8.864699364,4,83.10353088
13526,51.88636017,27.91928673,18.95243263,10.01632023,5.712029457,1625.559377,3,25615.81602,25.75586891,9.060678482,4,217.7939453
13527,86.51131439,28.11249924,23.54093933,7.980099201,4.572426319,164.5878634,3,27425.78419,26.44968796,9.769578934,4,59.9279213
13528,119.8924561,32.70314026,23.81045723,9.524791718,5.995796204,130.4288449,3,27338.5072,27.88146782,9.240351677,4,68.96248627
13529,98.93843842,38.40132904,22.22241974,7.457703114,4.414547443,2749.825444,3,5733.576922,18.7824173,6.183363438,2,55.03433228
13530,142.0091553,26.8576355,18.99265671,9.391744614,5.516947746,890.7570547,3,4102.850284,25.1009655,8.620570183,2,121.7373047
13531,88.04920197,29.82668304,19.73720551,10.83322906,5.80767107,9078.290503,1,6581.507219,35.0252037,7.350317478,5,42.88492584
13532,14.07427406,38.59626007,21.13636589,4.914883614,3.486152172,75.88173847,3,13912.70536,6.71474123,4.623606205,4,90
13533,89.91630554,25.1336689,16.23354912,8.929290771,5.676844597,536.0743054,3,28045.1326,24.91597748,8.528461456,4,227.3859406
13534,54.24588394,32.28176498,17.32236862,6.722925186,4.48632288,956.2040547,3,21840.94884,15.5820961,7.950557232,2,153.1094208
13535,114.1246719,47.1300354,30.80098343,8.441576958,5.44819355,50.93701173,1,21297.55238,24.35266304,8.447016716,4,66.03751373
13536,64.98529053,32.64345932,14.0297842,7.516088486,4.193310261,4.800197061,3,3529.98617,22.4458,7.84759,4,63.67463684
13537,115.8196945,29.97008133,17.54918861,10.31587124,6.092775345,1494.928357,3,15468.57602,25.53214073,12.15081978,4,109.9210358
13538,15.20212364,37.54587936,17.64226151,3.642460108,2.025844574,147.8242232,3,14134.90421,5.864029408,3.09805131,4,117.1055145
13539,95.72673035,46.50468445,25.8060894,9.393359184,5.952924252,1126.632011,3,15141.32622,19.63227272,12.75799656,4,286.6721191
13540,158.3884125,26.05013847,18.28565979,9.274061203,6.062590122,3148.192846,3,4614.093002,29.34400368,8.466391563,4,231.2751923
13541,117.3830566,28.00530624,17.12420845,7.43422842,4.694066525,4141.495762,3,30848.88774,16.53593826,7.021425247,4,131.1859283
13542,81.37902832,29.39275551,20.66876411,10.83144665,6.693018436,8783.080551,1,6919.550327,33.68864441,9.760967255,5,236.1697388
13543,143.9313202,28.31912613,16.88638687,10.73022556,5.746182919,8645.946276,1,7236.060415,29.46017647,8.081291199,5,229.1352692
13544,73.15909576,30.30289078,17.566679,10.03517914,5.751621723,1188.699713,2,12366.44758,25.76345634,10.07879829,4,294.9739075
13545,64.84236145,38.65808868,20.38508606,11.77161503,5.459137917,4728.647958,3,8493.847909,22.41230392,8.384612083,4,197.2565918
13546,106.5673676,38.93070602,29.08560181,7.201562405,4.296034336,5587.01354,1,7526.97218,19.6520462,6.904877186,4,301.9164124
13547,125.8318481,27.61153412,15.47640038,7.611164093,4.339046955,5414.565828,3,6914.907517,20.96912575,8.168198586,4,258.1975708
13548,81.73926544,37.7179718,20.16330719,12.80717087,6.561008453,1684.814174,3,15895.91361,28.96268082,9.68807888,4,225.8425293
13549,95.22909546,35.64174271,21.19675827,9.487987518,5.444738388,2761.386608,3,24487.89104,21.94737244,8.081842422,4,75.12756348
13550,114.055687,46.13027191,29.35942459,8.276397705,4.644167423,5216.946762,1,1093.284685,25.20532036,7.128547668,10,33.02386856
13551,44.57645035,29.47529411,15.29340839,6.562766075,3.429227591,8922.120251,3,3988.564775,16.03225136,4.888445854,5,68.02548981
13552,85.25844574,25.79302788,19.57616615,10.62824345,6.822451591,9411.281247,3,4483.0981,29.63275337,9.901658058,5,182.9814606
13553,117.4976883,26.91049004,15.92628479,8.980397224,5.011647224,2686.094816,3,10519.28573,25.79442024,6.915076733,4,205.9533691
13554,23.24309731,36.30420685,17.83973503,8.863973618,4.298141003,3649.011229,3,1153.962347,17.48601341,7.672851563,4,196.2602081
13555,15.61340904,33.48538971,15.95745182,5.759353161,3.194845915,194.7909705,2,3738.52735,17.5742321,5.160395622,4,238.815033
13556,71.6937027,29.0691185,20.97686195,7.857186794,4.631466389,269.097498,3,20634.53611,26.02471733,7.080151081,4,69.88037109
13557,103.3064804,21.94527817,17.49281693,9.271847725,6.633403778,3136.159525,3,16527.51097,30.38246536,8.564396858,4,233.825058
13558,79.58351135,37.8155899,18.41423035,8.518057823,4.884022236,4132.13922,3,7098.023104,17.59940147,7.624695778,2,183.9451904
13559,131.2476196,34.89781189,24.51985359,8.455623627,4.818728924,8779.515421,1,3851.317128,26.88100624,7.409945011,5,42.55295181
13560,206.8329468,32.23765564,18.40356636,10.92218781,6.399160862,8876.242814,1,8001.615557,28.83738708,9.387656212,4,245.5968018
13561,20.34353447,31.86371613,20.15982628,6.167152882,3.383942842,3637.055676,3,1103.831799,13.34092426,5.169705391,4,182.3792114
13562,49.96736145,31.55900764,20.26917458,13.88104725,8.051339149,200.918287,2,3382.607406,28.10080528,13.27255154,4,169.1317139
13563,92.28253937,40.67653656,26.48979187,8.720993996,4.374541759,2375.505982,3,5535.138755,21.4616127,6.902012825,2,307.0198975
13564,106.2033615,27.29587746,17.75025368,8.111374855,4.784784317,8295.600027,3,3367.245343,26.67241859,7.952819824,5,85.10090637
13565,41.83600998,38.35713196,19.52492142,16.70957184,6.916854382,808.6452514,3,2756.396569,30.16850853,12.78603363,4,221.2538452
13566,87.43386078,29.63999557,17.36698151,6.642626762,3.694435835,4834.289241,3,31324.43568,15.33022881,6.264288902,4,177.510437
13567,134.9818268,49.82657242,27.97006035,8.940570831,5.364898682,1054.56997,3,4414.317506,22.2770462,7.107213974,2,37.57488632
13568,110.3810272,33.46701813,16.8879776,10.05681419,5.707307816,10078.47346,1,5362.264282,25.07883263,7.795315742,5,116.952179
13569,62.81691742,45.67668533,28.28912926,12.45366859,7.486777306,1617.796392,2,11727.866,29.25396729,9.853149414,4,39.55966949
13570,14.3842144,35.2977066,19.48578644,5.779253483,2.977049589,5567.123863,3,7696.267208,9.567243576,5.498333454,4,267.1844482
13571,125.9081955,29.28632164,16.39987373,10.36945534,5.53294611,4459.391208,3,6821.421087,25.60214806,8.609318733,4,129.0355072
13572,41.19133377,31.78241158,19.85416412,10.78598881,6.492343426,2909.450665,3,928.6818547,23.96477699,9.434207916,4,159.0786133
13573,41.00281906,45.40817642,31.60513115,11.18928146,6.927526951,2808.742551,1,946.5313877,26.33862686,8.794453621,4,336.700531
13574,92.93108368,53.30599976,28.61800766,15.37154484,9.436127663,239.9961885,1,3259.156824,36.13100815,15.35449409,4,20.93173981
13575,86.81704712,38.7047081,24.55988121,8.248599052,4.934559822,3765.284631,3,23535.57598,22.20197678,6.984973431,4,82.45057678
13576,75.72616577,30.12188148,22.0012455,6.666175365,3.631170988,545.6150685,3,19199.30842,18.0301609,5.728807449,4,38.79655075
13577,46.53832626,36.41082764,18.7096386,8.207586288,4.615084171,4309.408835,3,7907.774127,15.2492981,6.495405674,2,119.6140976
13578,134.8096008,29.83076859,17.2130127,7.91146183,4.592330456,322.230943,3,4062.63771,17.49133873,4.527510166,2,69.8530426
13579,170.6594849,30.82551193,24.93641853,8.699308395,4.895251751,7649.577723,3,2660.154082,26.41407394,7.904386044,5,44.49296951
13580,159.4188843,40.03470993,26.41147232,10.21463776,6.43825531,5844.909903,1,11863.5014,30.91620827,8.744943619,4,309.1994019
13581,97.08546448,25.11531448,18.2882843,11.60020638,5.698086739,3874.635122,3,9312.669901,27.49585533,9.1528368,4,180
13582,106.461792,45.16703033,27.72261047,8.83059597,4.729698181,1781.089103,3,16026.87829,24.79292679,6.864933968,4,292.7824097
13583,130.1623993,30.88429451,18.74051476,9.387101173,5.372567177,2225.888687,3,16472.03966,29.31116867,7.86342001,4,266.8027344
13584,136.4647675,23.12922478,16.52198792,8.10025692,5.270989418,1795.36435,3,18435.27397,26.4791584,8.637114525,4,261.6193237
13585,153.1558075,26.69044876,16.51052475,11.03020859,6.686246872,3237.638927,3,14744.48101,31.12813187,9.714865685,4,161.8869324
13586,7.322850704,32.99224472,14.78164005,3.030653715,2.379795074,1031.654481,2,12661.96186,6.393868446,1.402735949,4,195.9454041
13587,149.6446686,36.21100235,25.8565712,9.526046753,5.51581955,4994.214806,1,8315.994119,27.05223465,8.662683487,4,324.8658142
13588,116.3605728,26.86846542,18.66808891,9.486987114,5.85093689,2865.336165,3,2229.928634,27.02961922,7.560085773,4,102.0114746
13589,121.8000946,48.66776657,28.2891674,10.37440968,5.108463764,2865.402877,3,2030.070213,25.44209671,8.577245712,4,57.21977234
13590,145.5805817,25.6927166,14.72385406,9.919854164,5.289345264,521.3703923,3,13667.72888,32.3862915,6.94051218,5,118.6329117
13591,84.29705811,27.55801582,19.1726284,10.95888233,5.89237833,80.09184278,3,14116.7941,30.9954834,8.432314873,5,41.51096344
13592,48.56103516,45.62046432,16.96640015,17.49019623,8.143956184,213.2132341,3,14407.21539,30.71658134,15.05556297,5,225.2616272
13593,72.77463531,25.54933929,17.0485611,6.460460663,4.167654514,2199.074011,3,28018.25912,19.21018982,6.416457176,2,90.41516113
13594,82.92973328,24.08970642,17.64167976,6.33449316,3.872015715,986.7119099,3,22222.22619,21.78470039,5.558247566,2,77.10625458
13595,91.3324585,48.42818069,26.43286705,14.25356483,7.846638203,9644.84612,1,5876.662538,34.27036285,10.70590115,5,308.3578186
13596,154.2910461,34.21611786,21.39894867,8.686732292,6.209088802,1038.145125,3,14918.15935,23.95591354,14.28664875,4,77.00538635
13597,43.430439,50.74298096,19.13507271,18.36672592,8.951221466,605.6585954,1,2912.752055,31.10866547,17.22149467,4,235.5368958
13598,154.7822723,25.23662186,19.5551548,8.447185516,4.960634708,2209.664108,3,12023.51354,29.09235001,7.73587656,5,64.76716614
13599,127.9509583,35.95043182,27.93876457,8.470459938,5.272316456,3630.883463,3,17909.4943,26.9192276,7.288460732,4,33.76770401
13600,30.14563942,31.36727715,19.52668381,7.594401836,4.154935837,6336.353498,3,33635.11832,16.32536316,5.882866859,4,194.3096619
13601,44.5952034,40.33545685,21.39338112,5.525794029,3.890218496,399.5907373,3,14236.84608,10.21076298,7.777471542,4,256.4768372
13602,43.08573532,49.41874695,26.75017548,10.57410812,6.262891769,499.7182613,2,13295.02396,20.4991684,9.208210945,4,313.475708
13603,127.9297256,43.8336792,26.6801281,12.29664421,7.318490505,2606.952769,1,10584.10544,32.20120621,9.428956985,4,293.4046936
13604,71.17546082,24.04580688,15.67290211,8.974964142,5.036180973,1552.59443,3,2101.156812,24.78028679,6.630784035,4,163.5513916
13605,90.4475174,25.69363785,19.52442932,6.13565731,3.149878263,6039.348806,3,20326.47065,23.39536667,5.376765251,4,50.79279709
13606,96.00189972,25.88806725,16.51714516,7.149728775,4.508322716,1610.971926,3,23196.91787,19.54198074,8.853982925,2,109.8701935
13607,92.93609619,38.7206955,27.24215126,7.891987801,4.655744076,1469.088972,3,22991.48067,18.03829002,9.443336487,2,307.5284424
13608,158.8355408,32.44923782,22.3331089,9.571948051,6.066427708,7237.98256,3,2283.742156,24.87005997,11.2319355,5,64.60603333
13609,26.62089729,43.61948776,18.66532707,9.293619156,3.602127552,3474.072,3,1297.260458,16.28084946,7.344129562,4,54.60520554
13610,15.33451939,25.03684425,18.80363655,8.099806786,3.517815351,954.670185,3,2629.458202,15.48649883,4.296784878,4,182.0403442
13611,52.79315186,27.72790527,16.0024929,9.855737686,6.19577837,1916.814791,3,25314.60866,23.9489975,6.871829987,4,64.70797729
13612,80.38978577,25.10015297,19.33673668,7.370362282,4.548464775,1772.858263,3,25477.4137,25.23799896,8.010658264,4,59.99252319
13613,97.16468811,24.38105965,16.05978012,8.340416908,4.448183537,2288.751107,3,27648.08526,24.72608757,7.048209667,2,206.5650482
13614,182.9086304,34.33046722,21.95011139,9.754227638,7.536692142,1950.534172,3,18694.53067,23.67576218,12.53217983,4,313.6661377
13615,121.9657669,45.6599884,27.25610161,13.05571842,7.161117077,4259.969381,3,11101.64467,31.94807243,12.04979706,4,316.4202881
13616,115.8785706,36.31237793,26.72932434,9.099123001,4.825676918,4167.714044,3,10839.06057,29.58376122,8.306279182,4,54.46232224
13617,66.22798157,30.54038239,20.15473938,13.10999584,7.280323982,10111.10485,1,5151.722317,28.85229301,11.18133163,5,161.3233032
13618,18.48710823,71.16422272,13.24331474,12.71873379,7.26440382,1035.709016,3,2501.824965,23.79439926,10.39452171,4,343.3007507
13619,208.5693359,26.21776009,18.71386719,6.853682995,4.942228317,2049.083553,3,18877.41246,21.56662941,9.321771622,4,301.3729858
13620,151.5001678,31.34019661,22.77314568,10.1583662,6.30408144,9964.282838,1,5741.119145,31.3248024,8.663943291,5,96.00900269
13621,103.2354584,44.37782669,27.80889702,10.65972233,6.243319035,3669.421769,1,9563.880151,30.07308769,8.39230442,4,315
13622,172.1381226,25.43106461,18.19966316,6.797399044,4.157359123,2178.274702,3,1463.975102,22.1275425,6.219045162,4,68.0300827
13623,188.2491455,40.34537888,27.27784157,7.730908871,4.665282249,1917.346558,3,1849.702222,21.34199524,7.428122044,4,295.8209839
13624,209.5316162,31.23029518,17.60134697,11.12443352,6.894431591,802.7707427,3,13388.08247,33.04763031,9.49300766,5,55.12467194
13625,106.499794,34.89735794,25.32113457,11.23367405,7.106480598,780.965785,1,14984.27524,33.60412979,8.691550255,4,325.1810913
13626,97.75959778,36.63203812,25.87593079,9.624124527,5.347613811,1390.395027,3,15634.46268,27.80731773,9.312375069,4,296.3283081
13627,100.7310257,26.38627815,18.43147469,10.15867233,5.750248432,2888.676979,3,30751.38561,27.07292366,9.850441933,4,147.4085693
13628,89.0594635,32.05495834,19.15141487,9.924034119,5.733958244,4340.082716,3,32283.51169,22.4001255,9.178460121,4,194.0797119
13629,81.3237915,32.27259445,18.63368225,10.2695322,5.315929413,4986.897864,3,33131.19416,21.17882729,9.757622719,4,194.2089539
13630,125.3516464,24.51144981,15.06342506,6.5289855,3.831132174,3759.84008,3,30419.02744,17.74085045,7.180652618,4,237.3599243
13631,149.5305634,41.24113464,26.43988228,9.379513741,6.390349388,7321.509131,3,2390.562488,21.62301826,11.80006981,5,280.0116577
13632,32.89258194,42.02916718,17.65990257,11.95324707,5.46669817,9748.535194,1,4814.289642,24.10310745,9.9519701,5,165.5525665
13633,29.00836563,54.68584061,23.28662491,9.84124279,4.975466251,9641.026372,1,4701.40549,21.50710487,7.982734203,5,44.39690781
13634,98.48803711,30.43543243,16.56140137,8.842482567,5.088644505,2856.436157,3,1879.076015,22.76886559,7.030720711,4,90
13635,84.31075287,31.76759529,22.51427269,8.750701904,5.016382694,3432.055592,3,1034.421008,23.35618782,7.139385223,4,45
13636,86.95084381,26.53475952,16.80396461,8.140975952,4.441371918,2427.481911,3,24791.6988,24.17230034,7.004040718,4,102.905777
13637,88.56432343,24.26663017,15.92288208,8.173616409,5.14972353,865.2484527,3,26549.33089,25.68945313,7.460844994,4,248.4985657
13638,63.84912109,25.20711708,20.92827225,11.80117989,5.971646786,5612.13014,3,33967.91955,25.91820908,10.00064182,4,185.9805908
13639,76.39196014,47.22472,27.87643051,8.582273483,5.215447426,5391.913762,3,33859.16047,21.23096275,7.505113125,4,294.0859985
13640,15.41535378,14.98612022,8.141819954,6.612052441,2.638991833,4737.667142,1,1542.33099,19.23505211,3.575300932,10,315.8184509
13641,29.09745216,43.63702393,17.13355827,10.61575603,5.528512955,9855.49492,3,4905.532746,22.4777832,8.354924202,5,150.7086334
13642,84.30786133,36.15977097,21.25455666,9.533651352,5.332862854,592.7592896,3,3023.531633,22.06205368,8.851910591,4,262.0424805
13643,169.6225891,45.29229355,28.30602837,10.40218735,6.993048668,2888.757707,3,8123.336576,24.72202301,11.37738895,5,307.0746765
13644,167.9301147,20.84268951,15.5289402,9.747156143,6.339982986,2736.775007,8,11452.68129,29.21408272,8.908080101,5,176.0349731
13645,52.64168167,54.08728409,28.09529114,10.96527767,6.39023304,6221.966664,1,33719.53891,25.8939743,7.58792448,4,334.9830933
13646,107.4768753,27.46849251,18.86347198,7.378912926,4.239895821,6778.123209,3,32508.11541,24.06519127,7.816730976,4,252.8078918
13647,72.15418243,46.97369766,27.82723427,8.130250931,4.194544792,6482.622045,3,33431.9552,19.56840706,6.719505787,4,307.3580322
13648,185.6752777,56.19704819,29.29211044,8.54134655,5.560176849,4030.742707,1,2080.222341,26.77446938,9.049448013,10,333.0041504
13649,186.9917145,25.27709007,18.86283493,7.341362476,4.629748344,4557.15296,3,1101.983268,27.13196564,7.455704689,10,273.2892456
13650,106.9626236,32.05023956,18.10203171,8.290509224,5.201413155,726.525374,3,12571.8472,20.95084953,9.251302719,4,189.2929077
13651,130.4942169,21.65255356,15.08705044,8.596862793,5.167371273,3715.979177,8,10489.19089,26.77784348,7.818636894,5,171.819458
13652,101.7218552,30.56872559,16.4999218,12.15346146,6.946070194,442.1132449,3,14653.2972,33.64131165,8.824562073,5,235.9107513
13653,65.81962585,37.76751709,21.91919708,14.03401661,8.588645935,26.23192652,3,14232.85693,31.82407761,12.06204224,5,80.46336365
13654,85.12110138,31.97176933,16.50929642,9.456503868,5.807740688,6302.217812,3,20651.06646,20.83435059,8.38970089,4,124.1784439
13655,96.2142868,42.28683472,27.03192139,12.39934731,7.307729721,9243.62998,1,6577.854095,33.32605362,9.247006416,5,28.07350349
13656,120.3249893,31.26079559,22.55322647,8.576785088,5.783089638,2500.827495,1,1096.616675,24.11795998,7.295764446,4,33.00916672
13657,100.4951477,35.38666534,29.06196213,8.852164268,5.375732899,3116.084172,1,523.5712684,25.55201912,8.388669968,4,333.1030273
13658,81.89818573,57.03609848,26.41418648,10.34021854,5.94337225,1513.515747,1,1997.818533,23.57848167,9.674235344,4,282.9946289
13659,249.7665253,23.99118233,15.9370842,12.43169117,7.470666409,1253.327239,3,12943.69982,36.02809525,10.83794785,5,154.8864441
13660,95.31434631,33.68600082,20.26918602,7.864890575,4.589548111,3981.238916,3,7002.681911,18.76770782,8.023127556,2,267.9898376
13661,144.1685791,37.21912384,27.92688179,7.768572807,4.584780693,4167.111887,3,2111.367652,26.91864395,7.409192562,10,30.04223251
13662,262.2860413,27.33270073,19.71716118,8.777446747,5.704741001,6928.213716,8,2000.066922,25.41394615,9.849397659,5,106.8725967
13663,54.88642883,44.86590958,27.73532677,10.4901638,8.371501923,10023.7815,1,5044.484357,32.25398636,8.260941505,5,37.51911545
13664,109.1128006,34.90764236,19.12028313,11.00431347,5.339103699,10010.86739,1,5535.309917,32.36262512,8.347622871,5,313.531189
13665,69.83410645,35.52938461,21.66456795,11.78810215,7.034834862,10040.91959,3,5030.483279,29.85502243,9.581235886,5,67.35350037
13666,82.10118103,33.0280304,21.01888847,11.18603992,6.696341515,6678.284113,1,10948.34184,26.79021645,9.71380043,4,276.4821777
13667,71.45959473,36.34148026,23.22663689,8.133410454,5.021432877,5003.543102,3,7099.346763,18.49029922,7.959432602,4,284.7435608
13668,95.75373077,29.94096947,16.15377617,8.709844589,4.349489212,5789.566581,3,20117.46229,19.59132576,6.587201118,4,169.1596985
13669,74.13868713,48.10507202,31.4188633,9.420632362,5.725905895,4675.04564,3,32954.77359,25.5827961,7.337193012,4,326.8327637
13670,74.67926788,31.89232254,22.00783539,8.239466667,5.124550343,6423.847806,3,32984.52502,20.42756081,7.001298428,4,273.9498596
13671,147.4849854,23.03718758,15.76170158,7.931468487,4.614406109,4273.215024,3,16671.80473,26.68228722,8.4093647,4,91.3902359
13672,125.8946304,33.48775101,24.13059235,11.27312946,7.310119629,166.310009,1,3573.750286,29.98477554,11.35626793,4,38.65980911
13673,90.56373596,27.4184227,15.80158806,7.757725239,4.153803349,969.3577367,3,19521.28795,20.67615891,7.905462265,4,59.03624344
13674,263.3285217,33.15921402,25.92529106,9.674220085,5.995484829,2101.76395,1,4365.250165,30.76303673,6.980536461,2,332.0205078
13675,18.95593452,19.48492622,9.921757698,6.600878239,2.906802416,4661.079898,1,1545.238047,19.69707489,3.761162281,10,329.085968
13676,155.4683228,25.43152428,18.78032875,6.562233448,4.00104332,2909.779554,3,595.8714843,22.54406929,5.942894936,4,58.39249802
13677,80.02549744,30.85662842,21.43819618,10.56434822,6.044037819,1116.415961,3,15352.04316,29.08427238,7.937387943,4,52.1885376
13678,79.01499176,29.936409,19.56464195,9.116548538,4.626454353,3445.459929,3,31313.72709,24.22402382,10.45234776,4,130.9780121
13679,102.8265762,34.54605865,20.93133926,9.340455055,5.114624977,9375.191394,1,4418.110054,25.75128746,8.0307827,5,73.47959137
13680,293.4640503,43.07860947,28.97365952,10.98237038,6.336806297,7535.184796,8,2488.922689,26.35350227,11.64914989,5,317.4761963
13681,172.7501678,38.30973816,27.20440865,9.083381653,5.095833778,1201.463032,1,6348.919227,25.59190941,9.138428688,4,264.6990662
13682,74.80066681,46.46684647,29.43487549,13.19356632,8.332870483,4106.388685,1,32228.43068,28.68144608,9.029465675,4,342.7770386
13683,35.38885498,44.11468124,25.69422531,10.24562168,4.476460934,1409.758033,3,19367.39194,21.91983414,6.510504723,4,45.66610718
13684,65.64821625,43.55547333,25.01533318,6.37036562,4.370240211,5050.366305,3,11616.23037,13.57561111,8.835007668,4,244.3163147
13685,263.3457336,21.33259583,13.84575844,8.384648323,4.91912508,1778.272708,1,4684.918728,29.91257095,6.515092373,2,280.222168
13686,103.8174133,31.43094826,19.10504532,10.20004177,5.615483284,7043.808114,3,10569.45461,29.43090248,7.997139931,4,73.1574173
13687,57.15398407,40.97546768,26.93350792,7.173810959,3.843017101,2821.201687,3,3124.898102,18.36467171,6.465873718,4,45
13688,78.79689789,28.78249359,17.73925209,7.078484535,4.582499981,1124.679674,3,25539.56944,18.13398743,8.425436974,2,259.5556641
13689,91.88378906,23.54229164,16.49246597,7.759380817,4.431102276,601.8375279,3,21454.12628,23.84165955,7.893939495,4,110.7387085
13690,88.70832062,47.54930115,30.23358917,6.479944229,3.420594692,1031.854337,3,21396.45957,18.6262455,5.750706673,2,330.9454041
13691,79.89274597,36.76899338,25.91082573,6.44783783,4.116981506,730.4081067,3,20369.19898,20.38840103,7.278655052,4,274.7857971
13692,105.5340347,35.58584976,24.48776054,6.851437569,3.604290009,1382.380137,3,21077.12583,20.15935707,7.014578819,2,298.3007507
13693,67.73219299,36.60341644,24.01039696,8.860675812,5.361789227,3600.348692,3,16566.67277,21.01695633,9.781664848,4,239.4440308
13694,271.8935852,24.42327881,17.61432838,9.100188255,6.259350777,1083.316949,1,5389.253571,30.49765396,3.446329355,2,302.7843018
13695,94.47733307,28.98335075,16.49782372,7.289681911,4.324139595,2005.699516,3,3240.149753,19.9120369,6.720983505,4,215.0188141
13696,142.7567139,28.09968758,16.81292725,12.26307011,7.361432552,506.7049223,3,14760.10411,34.47771072,10.01241684,5,246.8840637
13697,256.942627,41.32769012,29.27340889,9.487654686,5.668485165,7297.128124,8,2356.155798,27.03142738,11.0165987,5,319.2053528
13698,135.5544739,35.43789673,17.96988678,9.034284592,5.118040085,1024.42767,2,12194.89179,22.27082062,9.323373795,4,277.6000366
13699,88.58989716,43.10105133,26.8318634,6.111953259,3.362896204,1499.801927,3,20074.19575,15.27805996,5.750437737,4,51.98105621
13700,99.98018646,38.79135132,28.18572998,7.190515518,4.196840763,4434.667741,3,1395.434307,20.05349731,5.603131771,10,326.3099365
13701,138.5404816,38.77867889,30.70284653,9.418356895,5.879906178,3987.963604,8,1830.190321,28.37081528,9.665637016,10,31.14858246
13702,114.8362198,29.74976158,16.30376434,8.722883224,4.833601952,3998.709065,3,201.8192281,23.16761017,7.136879444,4,142.6960449
13703,59.34543228,33.7819519,22.81093788,6.549018383,4.593025684,2369.059901,3,23920.79752,15.26468563,8.235969543,2,287.1027222
13704,67.05998993,30.12200356,16.86439705,9.581903458,4.918497562,4623.354658,3,10167.41022,21.43880081,8.649693489,4,207.7839355
13705,133.0643768,37.46058655,24.82226181,10.10132694,5.658587933,8300.06674,3,9086.321296,28.39320755,8.157780647,4,79.99201965
13706,138.3211212,28.12802124,17.77080536,9.813745499,5.980337143,2219.57134,3,10989.82429,30.46157455,8.418118477,4,215.2450104
13707,112.9871979,45.40685654,28.82826424,9.406459808,5.084658623,3110.731034,3,17371.51279,27.07284927,7.58892107,4,37.87081909
13708,15.18352032,49.42974472,16.51163864,9.12406826,3.914712429,3488.070454,3,31449.9857,15.36259079,6.710510731,4,301.6268921
13709,99.3471756,30.00390053,19.5899353,9.942770958,5.693368912,4022.848382,3,32360.65131,24.45256424,9.583106041,4,229.4430542
13710,61.37392044,25.58233643,16.70287132,5.270012379,3.688735723,1926.216451,3,24517.02129,12.27168179,6.216980457,2,104.1174011
13711,71.10004425,26.16578293,19.17144775,5.186907768,3.005824089,1904.797155,3,24421.4386,14.84340954,7.076129436,2,61.92751312
13712,69.6306076,42.68691635,25.11431885,6.195577621,4.19824028,1729.61305,3,24638.21113,12.79734898,6.915147781,2,66.46305847
13713,91.43550873,29.89929008,19.29140091,6.298181057,3.591281176,1294.351422,3,20240.10126,16.98724556,7.084654808,4,92.38594055
13714,56.25574493,31.12445068,16.61206055,5.534738541,3.365974426,5167.558657,3,13010.84385,10.49398804,5.566402435,5,138.2704926
13715,6.0355196,41.91899872,19.34609032,3.587418079,1.432701945,4317.324964,3,10426.39543,6.712845802,2.928061724,4,55.39614105
13716,125.2393265,29.20352173,16.92856216,10.26533699,6.121153355,4082.313898,1,6376.758366,28.09169006,7.740463734,4,251.6854248
13717,249.0956573,26.58815575,16.4563961,10.06121922,6.24664259,423.9673196,3,13834.34892,31.18431664,9.141219139,5,66.85229492
13718,93.70903778,29.31119728,16.46779823,7.401153088,4.459293365,4690.219448,3,10444.96475,18.4160862,7.281960964,4,103.3925018
13719,160.6889343,34.99281693,23.45356941,11.09078121,6.34360218,10078.86133,1,5823.303328,32.06198502,9.282568932,5,91.23257446
13720,118.2303696,31.29341125,16.37441635,11.47300339,6.002064228,8743.545348,1,7292.834522,26.59853172,8.724301338,4,217.7756805
13721,105.5459747,28.44591141,16.82344055,8.967360497,4.650401115,1201.281456,3,11988.28911,22.69821358,8.419407845,4,190.6539001
13722,78.09620667,40.52924728,27.65078545,9.908015251,5.543403625,3776.0193,1,174.5208892,28.55472946,8.084190369,4,323.0895996
13723,186.0693054,28.10192299,17.43454933,11.08263111,6.258116245,1723.394596,3,16006.8495,28.61532402,8.738357544,4,183.2458191
13724,89.19837952,34.62205505,17.18658066,10.30216217,4.98672533,1066.081791,3,26298.49082,25.20069695,8.425837517,4,149.9314117
13725,109.2204971,23.27434349,16.39374542,8.551716805,5.144925117,1102.393057,3,26001.96989,26.30603218,8.712018967,4,148.6900482
13726,171.7184906,54.86490631,25.60434723,10.41941833,5.868541241,8291.758963,1,9188.286784,27.31617737,8.209733009,4,56.30993271
13727,126.555687,46.4360733,28.06403542,9.642491341,5.564995289,8115.342765,1,9486.208986,29.21635818,8.074059486,4,291.6659546
13728,52.4785347,33.94504929,18.69264603,6.238728046,4.567462444,268.6594641,3,13788.19714,13.47962093,9.99168396,4,170.5854797
13729,70.54219055,30.01001167,15.07936382,10.44263172,5.519880772,3575.524089,3,5889.713958,28.07719421,7.889420986,4,129.9868774
13730,96.23902893,30.20604134,15.58992195,8.661471367,5.018656731,1382.180886,3,5808.320751,20.59438705,7.726157188,4,148.2405243
13731,84.4527359,31.48185158,19.12904167,9.615945816,5.23276186,4369.311068,3,22848.9886,23.77819252,8.185061455,4,102.5288086
13732,99.1446991,26.78725624,18.7077713,9.65250206,6.090497494,101.7376448,3,27879.26576,26.07507896,9.560036659,4,55.911129
13733,120.1641922,35.97159195,25.1763134,9.461156845,5.220654488,2816.81709,3,30926.54926,24.73448372,8.803005219,4,302.0489807
13734,132.1981506,48.64443207,25.01070404,11.32880211,6.068778992,9509.289139,1,6549.504289,31.91887093,8.582946777,5,46.98969269
13735,184.2995758,29.3232193,15.55450439,10.72104263,5.883015633,5051.583159,1,12791.03479,29.60402679,8.83333683,4,129.9993591
13736,79.22625732,26.91518784,14.9818058,8.177914619,4.239855289,3876.604961,3,5351.190694,24.60173035,7.631118298,4,233.2127838
13737,96.50083923,27.48950195,13.40990543,8.990486145,4.495025158,1759.038941,3,6130.347738,24.27499008,7.931461811,4,234.462326
13738,174.9960785,24.01828575,15.2677927,10.25733852,6.689610958,2576.907487,3,6984.222015,27.33248329,9.607949257,5,201.5152283
13739,33.89236069,28.0506115,18.90560532,9.387498856,5.305216789,1420.138042,3,25976.44649,19.61847305,8.790672302,4,220.9695282
13740,71.57047272,34.36378479,18.03289986,6.439355373,4.588030338,4515.140706,3,8777.924519,13.55527401,7.573312283,2,167.2756348
13741,113.8262634,34.01324081,23.86237907,7.086018562,4.269792557,3344.449692,3,170.8180471,22.03303719,6.392427921,4,299.1807861
13742,86.99459839,28.85658646,16.51124763,7.589589596,4.550666332,1221.247723,3,28900.0646,23.72643852,6.505846977,4,265.6012878
13743,101.3103485,28.3262043,17.20236969,10.35525131,6.081785202,756.2006801,3,28560.74212,25.97520447,9.540617943,4,226.8778839
13744,20.92057419,54.2355957,24.28280067,10.51941395,3.119475603,1446.356195,3,19236.19411,16.05278778,5.875722408,4,304.9024963
13745,112.5856705,27.44600105,18.97793579,9.383241653,5.723003387,10300.57842,1,5280.890701,30.72223091,8.378034592,5,273.2154846
13746,87.50090027,43.13228989,27.68332863,8.762686729,4.615463734,6409.959037,1,11221.44368,24.5553875,7.281524181,4,287.6760864
13747,91.21113586,24.07978058,15.30468273,9.004823685,4.75666666,4099.013745,3,23121.19018,26.823246,7.93406868,4,198.9581909
13748,88.83995819,29.62734032,17.39196205,8.803237915,4.895002842,3438.732949,3,23787.86138,23.43178368,8.244484901,4,191.3099365
13749,160.678772,23.27457619,16.81471443,6.531407833,4.101496696,2423.812243,3,19127.75276,22.56768227,8.602160454,4,286.8986511
13750,122.753334,23.98797035,18.60884857,11.49860573,6.581738472,898.9109128,3,4723.444501,31.00705338,9.749214172,2,153.2464905
13751,102.1290741,42.00497437,29.25724602,9.403367043,5.877865791,602.7769168,3,4829.395792,25.34499931,8.359240532,2,334.2039795
13752,115.4334946,24.0010376,14.57034492,7.402255058,4.929783344,4689.076413,8,9021.833976,24.12928391,9.424487114,5,246.6147766
13753,105.6670837,26.63886261,15.3303957,4.313034534,2.513739586,1851.916859,3,20535.34988,11.59742355,4.186828136,4,62.92791748
13754,114.5455551,24.64382553,18.71603203,12.37004089,7.157536507,2164.852317,3,5624.937685,31.55747032,11.1227808,2,162.1226196
13755,180.5722351,37.11249542,26.83813477,9.593237877,5.037936687,7839.931762,3,2911.639,28.08097076,8.529435158,5,48.54485321
13756,87.83477783,45.19199753,27.33916283,8.140749931,4.43781662,2439.713358,3,24799.44388,20.97142982,7.241773129,4,65.1706543
13757,127.4811554,27.86492538,16.39348793,7.751729012,4.391597748,4879.917795,3,10911.98332,20.75124931,8.494853973,4,123.8193054
13758,188.9323425,32.67013168,28.82186127,8.795215607,6.583706379,2820.453531,1,3603.320255,31.83278084,7.344862938,10,20.30844116
13759,133.5084534,40.51498032,29.58150673,9.070178986,5.687561512,7178.32828,1,10479.45035,28.65441513,8.530841827,4,25.85400772
13760,96.33208466,31.54353905,20.52436447,10.84974003,6.095599651,6813.090031,1,10841.08718,25.82779503,7.855305672,4,261.1796265
13761,149.5973969,36.8122406,25.89336395,9.924753189,5.40901947,2878.080018,3,4879.299613,27.60291672,8.316467285,4,278.230957
13762,147.2099457,22.16757393,17.231493,6.992170334,4.878362656,3134.621238,3,5422.509074,29.00954819,6.997603893,4,263.7965698
13763,57.52583313,25.58885193,14.92819405,6.650746822,3.877546549,3641.129888,3,712.986306,21.04011536,4.643008232,4,91.14575958
13764,99.94502258,21.55856895,16.58498573,8.469769478,4.988890171,4216.515551,8,8841.434797,26.20569992,8.149373055,5,151.2295227
13765,90.05823517,28.84409523,15.96775913,9.58609581,6.204572678,2171.067371,3,25143.77632,26.83614731,8.799319267,4,122.4651947
13766,148.0385895,31.17636108,17.89770699,10.56475163,5.755954266,3349.972365,3,10195.94641,26.99177742,9.540719032,4,151.9553223
13767,207.7538605,23.28803825,15.72894382,9.630521774,6.778938293,647.6598136,3,4797.074866,29.34768867,10.65966606,4,240.5767212
13768,49.15162277,31.69816017,21.96687317,8.809840202,5.335778713,1725.581431,3,25710.12555,21.10661697,7.062748909,4,46.78990936
13769,106.2920609,25.95251274,16.51105499,9.56364727,5.41900444,705.2555073,3,26992.60008,25.58213615,9.735607147,4,186.9810486
13770,111.5801086,40.8617897,25.64682579,5.879622936,3.329563141,2095.390825,3,20551.66816,12.74771404,5.351723194,4,51.44324112
13771,142.0408478,22.16912842,15.79567814,6.325659752,3.938585043,5370.084653,3,13723.99866,18.33689499,8.374613762,4,124.3803406
13772,80.89717102,30.58526993,18.38092804,5.979485989,3.935661316,4777.153821,3,9104.592145,14.04375839,6.763953686,2,64.26036072
13773,113.1665802,29.718647,18.68754578,8.221930504,5.00239706,9199.244495,3,4177.60697,24.55112076,6.575863361,5,100.4995422
13774,113.0303497,44.65081024,28.60099792,8.460609436,4.642351151,9456.180011,1,4373.543321,27.54850388,7.711948395,5,324.4623108
13775,109.5986099,45.78477478,28.61646271,12.02288246,7.471586227,3057.102322,1,14662.8274,31.05614281,10.04142666,4,48.63294983
13776,132.6092224,39.85729599,27.15581131,10.48381519,6.440948486,2143.411635,1,15379.16777,31.59015656,10.54393959,4,323.0170898
13777,135.1012573,34.13757324,26.67034531,10.30088234,5.601603031,9945.659315,1,5838.61181,31.43582916,8.685416222,5,322.7651672
13778,114.1642685,30.17995453,18.13697624,9.914297104,5.750789642,7470.695845,1,10146.91707,29.78390884,8.468732834,4,92.98146057
13779,210.9246063,26.51343727,16.07430458,8.668284416,4.844059467,5136.20632,3,8697.555533,23.13208389,8.198490143,4,175.3881531
13780,111.4793701,30.85708809,19.19789314,8.277313232,4.831401825,5494.902238,3,19835.66019,20.53888321,7.551683903,4,88.81868744
13781,93.04980469,26.21665192,15.99355984,6.742409229,3.877061367,6320.293133,3,20909.79921,20.04777908,7.5298419,4,294.4439697
13782,50.29824448,23.24643517,15.73089409,4.625380039,2.568994522,4584.763427,3,31122.19599,13.25904942,4.106636047,4,232.1891022
13783,121.8454437,39.41700363,27.41538239,7.91626358,4.579857349,9708.054641,1,4543.45247,24.23977089,7.009464741,5,51.0090065
13784,188.2823029,42.97848892,27.07545471,10.37364006,5.946732044,9574.649248,1,7386.084508,28.2270813,8.445883751,4,56.6893692
13785,87.40769196,34.2980423,18.51464081,10.67493916,6.21878767,9591.397522,1,6578.307323,29.77979469,7.472582817,5,49.10065079
13786,128.65271,22.89839554,15.40073204,9.025198936,5.184270859,4666.070183,3,8735.226659,28.14140129,7.536970615,4,202.0971832
13787,118.8151627,23.64222336,15.83937168,7.017712116,6.475340366,5388.987043,1,8110.227126,30.06053352,7.746677399,4,276.338562
13788,197.1514435,30.84713554,20.04738426,10.44212437,6.708044529,1982.008226,1,16290.0766,30.60835838,8.991297722,4,300.9637451
13789,149.5402527,47.41618729,28.48066711,9.423871994,6.512423038,4244.749553,3,18538.32854,25.07579994,9.067176819,4,284.0150757
13790,119.1770401,24.41478539,15.57048035,7.172441483,4.504302025,4487.627315,3,18859.00342,19.71087265,6.681011677,4,104.0362396
13791,80.03013611,37.83080292,25.75176048,6.344178677,3.470980644,5301.634341,3,21960.83691,14.38858032,5.41711235,4,297.8955078
13792,88.30147552,29.90241051,18.99378777,6.605420589,4.17997551,5690.705938,3,21537.1806,19.27958488,6.397851467,4,289.8851624
13793,177.8426819,46.86048126,29.6881218,9.546595573,5.44782877,3850.754411,3,17604.1435,23.43896866,9.003953934,4,320.2788086
13794,110.3302002,23.83744431,16.72585297,8.532857895,5.200371265,1724.402668,3,3753.782873,24.6505146,7.479188919,4,87.33699799
13795,248.63591,26.72382736,17.15745544,11.01574039,6.438884735,3338.746137,3,6936.640389,28.98706818,10.31893063,4,160.750473
13796,170.7413025,25.60375786,15.33957386,8.353768349,4.946712017,2990.854926,3,17324.42476,22.83771706,8.210502625,4,178.8186951
13797,140.1925812,27.35068321,16.33084488,7.053098679,3.79472208,2686.299108,3,29983.67439,18.10378647,6.406619072,4,156.9859314
13798,26.79579353,35.67118835,19.24890137,11.54102802,6.546944618,3325.033311,3,6488.695627,24.72621155,9.766874313,2,209.6097107
13799,226.6543884,24.07672119,14.75484943,9.393143654,5.535925388,1695.395643,3,4709.905486,34.21773529,8.311227798,2,150.2980042
13800,223.3881683,19.44405365,14.54846859,8.705728531,5.722156525,2158.842611,3,4236.302716,33.94801331,7.157139778,2,202.2175903
13801,97.02963257,49.1280098,28.19009209,8.280981064,4.543573856,2716.589532,3,1860.010616,21.82007027,6.892278671,4,60.79382324
13802,57.65939713,34.23051071,15.92962551,8.367602348,5.399458885,4991.878329,3,9815.432712,18.93165207,8.215073586,4,120.1243134
13803,81.00667572,41.32114792,22.53398323,7.648678303,4.254294395,3795.857214,3,7849.491929,16.46923256,6.974811077,2,278.2758789
13804,159.4506378,26.32706261,12.45684624,7.210066319,3.730712175,4655.828003,3,8845.886778,23.10210228,6.934891701,4,225
13805,87.12892914,29.72426987,15.6466608,8.915663719,4.935732841,2886.938707,3,1496.44989,21.37382317,7.698190212,4,123.254364
13806,106.9097748,26.61232758,18.98836899,9.874554634,6.056311607,2830.783376,3,24672.23604,26.76350975,9.851055145,4,195.7511749
13807,67.46501923,28.53570557,18.02226067,11.51863194,6.100487232,1244.619918,3,26344.32732,25.21853638,9.895812035,4,210.2763214
13808,32.43952179,21.78644753,16.54673576,5.99200058,3.258004189,4354.633668,3,1624.328015,17.55438042,4.538171291,10,329.2810974
13809,37.39052963,39.87444305,25.38980675,10.04224968,5.056112289,7371.012952,3,2433.930695,22.66139984,8.148515701,5,55.59152603
13810,80.06375885,29.95341301,21.59179115,11.05551434,7.526359081,10188.79116,1,5065.439102,30.20996094,9.684627533,5,255.4655457
13811,108.2577438,28.48061562,17.00280762,8.753162384,4.625038624,1503.005947,3,4164.353821,22.91254234,6.784455776,4,192.7712402
13812,90.56421661,27.28366089,17.36449623,6.711942673,3.626160383,5550.295525,3,32909.67592,19.44497871,6.53896904,4,76.79891205
13813,249.2187958,28.39234161,19.46819687,9.268057823,5.978382111,7103.834832,8,2107.99043,24.85456085,10.43021393,5,93.78631592
13814,24.64919853,46.53801346,19.25485992,8.114451408,3.534593105,9300.435356,1,6903.419244,20.84621239,6.873765945,5,256.4732666
13815,56.86822891,33.40995789,18.97524452,8.73918438,4.915441513,1787.061545,3,2869.662287,18.21557045,7.177837372,4,157.4569397
13816,92.38903046,34.90405273,15.3494873,9.950612068,4.560269833,3742.255915,3,23489.3421,23.84029961,6.697272778,4,107.6222992
13817,114.5807953,28.01029396,18.15719986,7.634743214,4.53246212,1791.275318,3,25813.8726,23.86170197,8.161248207,4,49.25884628
13818,92.99758911,26.35758781,17.30370522,6.084218979,3.760566711,5796.139895,3,34135.27239,16.06084442,5.896454811,4,231.8427734
13819,80.53632355,30.15420723,19.43972015,7.71259594,5.16542387,4368.411196,3,32896.53149,19.38352776,7.342895031,4,184.0177002
13820,120.6561127,20.73146439,13.28663921,5.711983681,3.558296919,2207.507529,3,29871.8504,17.31937981,5.757405758,4,263.65979
13821,97.68412781,24.46083069,17.25767899,5.869615078,3.625433445,1848.008724,3,28736.63252,18.22286606,6.333844185,4,103.5231628
13822,86.5146637,24.01026726,14.31720924,6.989839077,3.65099144,971.3314934,3,25372.01527,19.12218857,6.765697956,2,208.9468689
13823,52.64809799,35.93714523,25.04008675,10.41904736,6.824487209,7292.53575,1,10340.00243,27.01966095,8.459366798,4,318.6989441
13824,142.8029022,31.82753754,16.15924454,9.161527634,4.914369106,2296.294788,3,10996.58598,30.11374474,10.55696487,4,243.5109406
13825,181.1902771,40.7919426,18.97010231,9.981067657,6.432457447,2456.076913,1,10825.90229,27.89354324,9.296559334,4,301.2183838
13826,80.98672485,42.8303299,27.17633057,8.563587189,4.759720802,2296.69729,3,25126.83281,22.63949394,6.950472832,4,37.46055603
13827,205.4036407,18.67319489,10.21625233,6.942444324,3.92722702,5769.056592,3,15110.69206,26.15324974,6.522305012,4,230.3558197
13828,51.85506821,41.88863754,18.73138809,7.566908836,3.891141653,4114.461644,3,7360.212862,14.49847126,6.326681614,2,180
13829,264.8448181,23.26371574,13.67427731,8.39975071,5.231012821,1590.623727,1,4869.53869,29.14028358,7.654302597,2,293.1986084
13830,54.07149887,31.11423683,19.79717255,12.94637775,6.563776016,2167.530112,3,15371.18484,28.70012093,10.85554886,4,129.2893982
13831,107.736145,34.10206223,16.83401489,10.76874161,5.444849014,3682.474761,1,6385.529307,26.28535271,7.977163792,4,172.7467957
13832,115.0403442,27.04046822,18.40901947,9.36285305,6.140685081,3289.278448,1,6355.996825,31.63515663,8.244112015,4,299.0546265
13833,153.2171021,25.20562363,15.49530125,7.68035841,4.041760921,2728.257882,3,5257.978689,27.76763153,7.046471119,4,248.8186493
13834,98.87812042,29.84986687,19.86123085,7.433205605,4.856778145,3900.133133,3,368.3167377,21.78440666,5.7185812,4,296.1727295
13835,185.6795502,40.79265976,28.15057564,8.022773743,4.729196548,2509.630074,3,1031.819424,22.15768623,8.000463486,4,316.2591858
13836,151.0788269,25.95879745,19.96970367,13.02006149,8.599488258,145.849832,1,3973.135886,36.04218674,14.56158447,4,60.20578766
13837,122.901207,22.59552193,13.07952976,6.970631599,4.077501297,4893.310582,3,19267.35382,20.82603073,5.958077431,4,192.8937378
13838,114.6698151,32.0071907,20.79611588,8.476874352,5.272307396,9543.601228,1,7093.329816,27.6836319,7.325847149,5,263.1986694
13839,54.3519516,39.60971451,21.69038582,11.09381485,6.144648552,1036.67976,2,12207.37912,18.72701645,7.728221416,4,316.468811
13840,188.7039337,26.96965981,18.82806015,9.106878281,5.261291981,4096.326582,8,10097.37004,27.1708374,8.974161148,5,80.44570923
13841,124.5024796,22.46149254,16.40808487,12.35899639,8.154432297,2172.528416,3,12022.08533,32.96612549,8.71269989,5,164.8988953
13842,158.1096039,38.46219254,27.3520565,7.273303986,3.916562319,2200.176717,3,12054.39098,22.36530304,6.396372318,5,326.6802368
13843,239.7746277,41.56161499,29.40483284,9.874272346,6.12440443,1278.528555,3,12954.64801,30.64289474,9.419390678,5,300.7911682
13844,85.62766266,29.83106041,17.17295456,6.163901806,3.585883856,4105.009556,3,31419.16739,15.39258289,5.083144665,4,199.1023102
13845,138.9620819,18.31248093,16.12401009,8.745481491,6.219396114,801.0366294,3,26711.67963,30.81527328,8.512449265,4,161.3618774
13846,43.77257156,30.81400108,17.2808876,6.676381588,3.562377691,5283.486963,3,12719.57303,14.01289177,6.319296837,5,237.9946136
13847,59.90930557,33.68996811,24.14009666,7.238082409,4.351903439,5085.784846,3,11785.15632,18.18548965,9.698910713,4,33.82456207
13848,35.34680557,34.35545349,18.93590927,4.643093586,2.467746735,5698.778243,3,12492.21559,10.73885727,5.016691208,4,223.8070374
13849,37.29328537,37.13730621,21.98777008,7.752905846,4.768283367,4393.680402,3,7947.441374,14.40605354,7.098998547,2,121.6345596
13850,124.1451263,46.81944275,26.2634716,10.56485176,5.378830433,9831.159449,1,6796.455105,25.99969292,9.035892487,5,59.93309784
13851,199.0469971,45.92116165,28.64938545,9.348976135,5.504681587,5592.30927,1,12303.80577,28.54818726,9.389087677,4,36.80630493
13852,47.94497299,36.25010681,21.54359436,8.257951736,4.080593586,3392.040083,3,933.5293183,22.6960907,5.766631126,4,49.21065521
13853,110.2827835,51.26826477,29.19291496,8.264023781,4.341660023,3558.951932,3,47.21866617,21.73434067,6.855968475,4,31.57658386
13854,36.77208328,34.35232544,22.75693321,13.23386955,7.344315052,1968.483062,3,29875.93096,23.34762192,12.48954296,4,172.2849121
13855,111.4678497,36.21216965,26.51224709,8.305170059,4.696959019,2159.732353,3,30485.81552,21.58821106,8.08117485,4,36.86989594
13856,120.078804,24.19002724,15.51947403,7.614762783,4.985818863,4572.462403,3,16159.79693,20.33443451,7.045142174,4,205.8802795
13857,260.1297913,21.11654282,15.08482456,8.116420746,5.036297798,2457.55538,3,3913.269155,32.08069611,7.512956619,2,207.6939087
13858,101.2355042,28.26136017,16.91645813,10.50067806,6.016729355,635.0935511,3,3451.079723,28.72110558,11.48684311,4,211.3012848
13859,134.5571594,21.76159286,14.59837055,8.885282516,5.231542587,4290.001604,8,9898.98235,28.19379234,8.523571014,5,137.5733643
13860,113.1706924,39.02554703,23.08745003,9.000120163,5.363752842,2422.730077,1,5998.874631,22.66260719,7.92724371,2,46.04162598
13861,83.85346985,39.13719177,26.799263,10.55428982,5.914453506,1405.506175,1,5595.732039,24.37681389,9.00080204,2,311.0090942
13862,261.9067993,25.56748199,13.80396175,10.58201122,5.052882671,1145.797038,3,5290.198594,33.07569885,7.921935558,2,229.9117889
13863,64.07325745,42.74964142,24.2162056,14.01133633,8.007325172,9689.579286,1,6670.454606,30.14759827,10.93477917,5,291.997406
13864,52.83980942,34.07308578,18.00497627,6.123526573,3.407443762,1737.667076,3,2770.452502,14.9477005,4.777993679,4,248.7820282
13865,58.55075455,31.86675453,20.18460846,7.186533451,4.718036652,2085.014432,3,2298.455222,21.02243996,6.033390045,4,74.47589111
13866,166.5919189,30.9735508,26.0687027,9.647889137,6.320212841,3366.467696,8,10899.299,29.70152664,9.667523384,5,308.0329895
13867,58.72720337,48.18414688,27.50462532,16.06734848,7.945661545,2261.706753,3,11948.94765,27.21528053,11.64631367,5,337.1171265
13868,93.48088074,24.48385239,17.67445564,10.97053051,6.28948164,1140.02916,3,29016.77663,28.65529823,11.40502834,4,138.5214539
13869,154.4255676,28.89305496,17.77155495,7.787787437,4.89291954,5204.270108,3,11044.72682,21.31149864,10.59451008,4,76.40991211
13870,123.1173096,30.93221664,16.91437912,10.37113667,6.015810966,8072.920932,3,9552.102185,28.96457863,8.32927227,4,96.91147614
13871,123.6568909,49.50814438,27.21908951,10.67135239,5.742393017,8057.470193,1,9593.726912,28.77150345,8.247656822,4,305.9512939
13872,97.59417725,27.01363754,19.94426346,8.642331123,4.966519833,1227.272949,3,4524.17112,24.52402306,8.675157547,4,52.51521301
13873,87.35702515,21.62265205,16.22183609,7.613126755,5.226848602,1350.05555,3,28068.22178,28.26761436,7.228452682,2,122.7870026
13874,106.3039856,20.87036896,17.66044426,7.056347847,4.933645725,1083.515431,3,27679.83457,27.43574142,6.432443142,2,277.8690796
13875,191.0354767,26.90750122,16.03780174,9.352018356,5.384534359,5093.269178,1,8479.981724,29.03909683,8.809738159,4,250.6154785
13876,97.9155426,52.43829346,28.10313225,8.515447617,4.654353142,876.137197,3,2763.922741,24.04198265,8.378727913,4,68.06645203
13877,110.5305176,27.13445854,17.17333794,8.760047913,5.089689732,993.9150856,3,3034.064386,23.40935898,8.693771362,4,84.49958801
13878,163.6788177,40.42912674,28.98178101,10.76567364,6.895246983,4148.099838,8,10076.48159,29.32395363,11.95880222,5,324.3349915
13879,83.71825409,48.86174774,29.23585701,10.66263676,6.299107075,2974.699238,8,11226.4172,28.22172356,8.706171989,5,23.96248627
13880,78.12423706,30.96237183,22.5923214,7.683515549,4.257345676,1165.551741,3,29124.94003,18.35572052,10.06947517,4,305.4388733
13881,93.71842194,31.49254799,18.16714859,10.10206318,5.777577877,1555.250589,3,28358.09511,25.19675446,8.655452728,4,201.8014069
13882,75.10569,30.22731972,22.34811592,6.297780991,3.557441235,1628.676096,3,22520.86662,16.51275063,6.576442242,2,83.38132477
13883,165.3534698,32.2052803,17.00800896,6.530806541,4.580004215,5543.496109,3,11696.11748,14.28563786,9.786092758,4,118.5231171
13884,43.71651077,37.7977066,19.265028,8.232123375,4.776646614,4439.230788,3,7559.716986,14.47635937,5.84856081,2,267.0898132
13885,109.7121735,27.28125572,17.26924133,8.296499252,4.362040997,7507.037613,1,10148.36049,25.8990593,6.196832657,4,273.7890625
13886,91.56783295,33.97245026,18.51228142,7.85666132,4.206814766,643.6283252,3,12546.25567,17.44228172,8.341628075,4,210.4998322
13887,32.54733276,26.60564613,9.882785797,10.28400326,3.272223234,4099.153684,3,9371.512582,24.73601151,7.114027977,4,207.611084
13888,166.4535065,27.59641457,15.4312067,8.463750839,4.938732624,2164.410367,3,5428.253181,27.26775551,7.501363754,4,222.0262756
13889,71.9136734,27.23204422,16.16779709,8.759541512,4.500492573,4744.398956,3,32046.97257,21.17117882,7.472291946,4,199.638031
13890,49.77750015,30.76944733,19.88732529,7.165802956,4.088440418,1220.727229,3,22522.71191,16.77072716,7.806792736,2,114.1022339
13891,59.23701096,58.02510452,23.32679367,7.257412434,3.980202436,1421.548918,3,22565.04212,13.89579678,5.813863754,2,64.98310852
13892,43.96620178,30.10015297,16.29197884,5.959342003,3.084988594,5061.57799,3,9588.88096,14.51931477,5.497036934,2,249.842392
13893,157.1907806,30.77650642,19.31392097,10.46456623,6.083009243,3542.087355,1,14063.98505,29.07726097,10.00224018,4,98.36521912
13894,187.618988,40.88630295,27.38467407,10.17579269,5.97859478,4692.982883,1,12920.48457,30.9846344,8.873462677,4,309.6106873
13895,27.56955719,53.62591553,24.85543823,6.604887009,4.812280655,572.6640007,3,13838.82312,9.668075562,7.90831089,4,279.8658142
13896,14.52095318,51.66678619,24.38388252,4.217855453,1.995911121,58.55211578,3,13345.88188,6.664335251,2.98705411,4,36.86989594
13897,131.9041595,36.96834946,23.05405426,12.43107128,7.144518852,2138.838271,1,11205.8518,32.20907593,9.985895157,4,326.5510254
13898,109.7190857,26.78169441,17.03303719,8.463909149,4.99290514,5012.17247,3,22218.112,25.58905792,7.982613564,4,113.7854004
13899,112.0844269,41.89374161,28.15256119,8.315932274,4.961991787,1733.44331,3,29809.45998,22.29099846,8.273298264,4,319.5739136
13900,51.58255005,40.10838318,23.27617836,6.808804035,3.369419336,5874.039459,3,12638.89989,13.7502861,5.686553478,4,297.2553101
13901,41.91196442,23.91513443,17.15559387,10.54116154,4.367735863,5193.838931,3,10189.6427,26.5157299,8.476552963,4,212.0841064
13902,74.59548187,38.78050613,18.51963234,10.35991096,6.24330616,5306.809309,3,9078.790054,18.44925117,9.038638115,2,165.7354889
13903,55.21235657,23.71282387,18.38200569,6.574808598,3.887109518,4176.052724,3,1544.641331,18.57060623,7.065431118,10,315.7955627
13904,46.73591232,29.05344963,20.18261719,7.187393665,4.887834549,5032.361683,8,9159.003328,16.62838936,8.655056953,5,271.335083
13905,116.049675,27.84865761,18.92991829,8.180696487,5.763454437,4505.25851,3,9703.823012,20.29338646,8.508060455,5,74.41682434
13906,173.7028809,40.05108643,26.84424019,10.33795547,5.951508522,3487.800119,1,14032.50498,30.27952003,9.465250015,4,256.2637329
13907,152.2070923,26.45144081,16.08664894,9.091155052,5.160097122,4783.594553,1,8817.846772,31.00784492,8.516755104,4,302.6446533
13908,160.3039703,37.43944931,25.17809296,9.388892174,5.959904194,2643.897068,1,5451.083065,28.21580315,7.191365719,4,299.0546265
13909,133.5122375,23.12055779,17.0917263,9.140063286,5.857851028,703.8811005,3,27226.0771,29.10370255,8.920845032,4,149.9364319
13910,27.90642357,35.20648193,18.26938629,8.73580265,4.394115448,4751.546359,3,8182.775688,16.96909714,6.175957203,2,296.7941284
13911,15.34492683,38.8013649,17.75741196,7.570476532,3.340831757,5295.705455,3,10395.03851,10.77236271,4.759198666,4,77.57405853
13912,39.59993744,31.28985977,21.94502831,8.62220192,5.367343903,4629.549343,3,8358.409393,20.58036423,8.00395298,2,271.520752
13913,114.4992981,33.3803978,18.89534378,9.056472778,5.531311512,2919.666907,3,7316.388711,21.61103439,9.263110161,2,129.8978271
13914,53.02565002,25.72813225,20.94711494,5.750259399,3.945410252,3702.422078,3,621.3418326,22.19186401,4.197752476,4,288.4349365
13915,123.1923065,29.46184921,23.86939621,6.635347366,3.506314278,3461.063995,3,1028.782433,21.6671772,5.671290398,4,35.16643524
13916,184.2580261,46.96383286,23.89704895,11.79933739,6.089636803,3423.40956,1,14131.51019,26.16680145,11.22629738,4,56.14289093
13917,225.4790344,20.17494202,13.74274445,7.390184879,4.636428833,2153.325566,1,4183.663424,31.58856964,6.661261082,2,282.7380676
13918,106.7937317,31.21549034,17.58236504,10.21230125,5.509840965,10345.77069,3,5785.762168,28.59724426,7.915484905,5,109.6538239
13919,52.60523605,29.6643734,19.32648277,9.442987442,6.681052685,9762.27434,1,6507.204831,28.72264099,7.283910751,5,93.15484619
13920,75.43309784,28.54110527,16.30176926,8.756316185,4.578291893,1385.480622,3,2641.565476,21.90283775,6.551208496,4,188.351593
13921,68.36199188,27.77588654,18.06355858,10.57882881,5.912676811,3848.208096,3,23412.9864,23.8708477,9.26146698,4,173.9458008
13922,89.10336304,26.92579079,19.61478996,10.33402157,6.575884342,275.7192885,3,27550.50005,24.66676903,11.70741272,4,197.8188782
13923,119.688652,25.64061356,17.29829407,7.742468834,4.940837383,5772.873182,3,14034.37544,21.65779877,8.293159485,4,83.79787445
13924,147.6329346,36.48760986,28.84146118,9.276885986,5.817891121,10036.66816,1,5950.722301,32.72006226,7.509523392,5,325.1693115
13925,35.52907181,31.2921524,17.45209885,10.88795757,5.266084671,450.9794612,3,12888.95953,19.27280807,10.37886333,4,247.3061981
13926,14.72366524,48.64975357,17.65083122,3.9789114,2.402766943,71.59987634,3,13417.8869,5.29175663,3.191827059,4,102.5446854
13927,167.6370239,36.08409882,16.94103813,7.376991272,4.255849838,1516.500447,3,11845.10954,20.16860008,9.229211807,4,241.5570679
13928,129.5385437,28.32819366,17.55104256,10.86174965,6.268237114,2313.584416,3,11453.79641,29.95102501,9.177117348,4,160.1593018
13929,62.59168625,50.85368729,27.28461838,8.242444038,4.586056232,3010.956119,3,1320.599073,17.53767776,6.257795811,4,52.59828949
13930,60.06740952,26.79244804,19.68919182,7.548010826,4.792862415,2855.049982,3,1475.376733,21.91522789,6.073011398,4,88.74079895
13931,81.62257385,51.74433136,27.59963036,8.182546616,5.056472301,3134.891138,3,1224.062962,20.41109657,6.432670116,4,324.6223755
13932,58.70600891,23.41052055,13.22384262,12.04260826,6.610721111,1791.595277,3,5855.52237,32.51132584,12.03226566,4,203.9620972
13933,14.63053322,31.28101921,15.96551037,8.127528191,5.18499279,4201.746716,3,23060.06413,13.56070042,6.317945004,4,99.99155426
13934,48.44081497,31.1231308,18.56619453,9.284517288,5.476344109,3540.453046,3,23798.20511,24.29416275,8.934408188,4,192.3967896
13935,105.5501938,32.01219177,21.50285721,10.61227131,6.230414391,64.63627232,3,4624.310759,15.49246693,2.42773366,2,75.14138794
13936,362.7288208,24.23604012,15.91900063,10.0502758,6.140085697,2047.754919,3,4027.220107,33.43373489,8.583395004,2,170.0594177
13937,413.9175415,23.56225777,16.98822784,11.05030918,7.308012962,2566.572763,3,3159.831729,35.09752274,10.42891884,10,169.0019836
13938,86.64689636,49.39869308,26.92502594,6.279765129,3.76966691,2229.038388,3,2101.775275,17.77692413,5.923491001,4,51.61249542
13939,102.4008789,30.87253189,22.2565403,6.672793388,3.892607212,3936.166843,3,540.6622843,20.15156174,6.089353561,4,270.774353
13940,153.6859741,32.38336563,23.53754425,9.732252121,5.650249004,2916.268538,3,6855.258244,26.86136246,9.40066433,4,291.0375061
13941,16.97126007,36.34337234,19.14334679,6.788032055,4.261685371,4309.68479,3,31789.20138,16.92556572,4.198129177,4,241.8598938
13942,36.41962433,25.20985222,19.4246769,6.409778118,3.635732412,4140.521625,3,31954.91215,15.28117561,5.504732609,4,204.9804077
13943,78.07575226,20.96435547,12.20612335,6.36941433,3.352627277,1060.166171,3,25273.23816,21.87543106,5.059052467,4,212.9065704
13944,31.15088081,38.61978531,19.83967018,13.58492947,6.791017532,5406.21694,3,10150.74289,23.23498154,11.47604465,4,172.6476135
13945,77.11732483,33.42819595,20.90099144,8.388094902,5.258276939,5857.422114,8,909.5677851,16.65888786,9.656888962,5,265.9625854
13946,251.4044952,41.28250885,29.18670273,9.296657562,5.90252161,7751.393627,3,2589.855536,25.35665131,8.36077404,5,61.10015869
13947,141.6214905,34.77376556,18.37615585,11.83362103,6.999325752,1265.924599,3,5308.283025,25.7736969,13.26789093,4,177.7029419
13948,171.5182953,32.04941177,15.97632313,10.59916878,6.361234665,1718.327132,3,5620.661411,26.50072861,9.927390099,4,275.7105713
13949,114.7161255,50.78759003,26.46707535,8.758958817,4.950580597,5802.754192,3,21415.8534,22.58779335,8.060454369,4,328.5358582
13950,65.86281586,31.89114952,23.9195118,7.959918499,4.325302124,4077.555898,3,23255.23967,21.22479439,6.392454624,4,43.05851364
13951,85.03237915,30.74837685,16.15151787,6.110691547,3.408172369,5026.093773,3,32907.56766,19.62762451,5.872222424,4,81.67434692
13952,9.143624306,42.78026581,22.2632618,8.439375877,4.341373444,4526.224304,3,32182.79247,12.06798744,5.46940136,4,211.8467102
13953,99.30117035,29.44995308,18.61848831,8.936887741,5.007946968,536.7733817,3,25938.04976,21.40983391,9.660459518,4,200.6922302
13954,176.6506195,23.96772766,15.76713657,8.501769066,6.044095039,4551.784552,3,14400.01794,25.57024384,10.38990211,4,104.8586121
13955,70.52207184,23.58910561,13.6165514,6.355056763,3.086046934,5832.101271,3,12984.93058,15.78654003,5.234797478,5,276.8427734
13956,193.8873291,29.79022408,21.2751503,10.75287151,6.493500233,7574.983723,3,2318.82555,25.71111107,11.61511803,5,91.70981598
13957,81.84098053,29.59150887,18.12820244,9.454711914,5.626345158,6911.257897,3,10861.82036,25.46826363,8.458884239,4,121.4378967
13958,125.2300262,38.19337845,21.22286224,8.844085693,4.809322357,4412.196445,8,9778.388903,20.85457802,7.705859661,5,53.97262573
13959,166.3017578,45.20040512,28.98347282,8.300197601,4.791898251,2455.910756,3,11796.54789,26.87301254,7.016987324,5,38.69815826
13960,28.64589691,53.25337601,25.53741455,9.953035355,4.922577858,4283.736367,3,22997.79392,19.61346245,7.370219707,4,315.1435547
13961,167.4930725,29.71333504,18.66131783,6.990468979,4.568462372,5639.540624,3,11362.5251,18.74144554,9.071837425,4,59.7099762
13962,143.3858948,31.46731758,20.66877174,7.972103119,4.594172955,5955.527199,3,10655.32186,18.74884605,7.810202599,4,62.74467087
13963,63.38391876,35.51852036,18.06236267,6.811243057,4.370460987,5420.160509,3,9250.666153,13.18041897,7.50918293,2,77.90524292
13964,52.38314056,38.75629044,18.7432785,7.594551086,4.218836784,3250.186376,3,7858.700737,16.53310585,5.849227905,2,129.4724579
13965,146.0654297,29.49901962,22.11219215,8.239757538,5.309289455,5393.613447,3,53.32111076,21.87357712,10.56299305,10,271.2730103
13966,92.57138062,45.51829147,27.75749779,7.889012814,5.392021179,5549.344829,8,606.4487922,18.73471069,12.08344936,5,309.8055725
13967,156.6481934,50.30337143,28.09853363,10.97038269,6.480222702,1322.339128,1,15025.29649,31.11711884,11.14273167,4,111.2873535
13968,71.37536621,26.05119896,18.96751404,5.233136177,3.059819937,2185.650962,3,2139.525414,19.75465202,5.168365002,4,61.54439163
13969,135.1463776,27.39017677,15.29769135,9.239744186,5.116076469,5390.43713,3,19773.67735,23.85286522,8.098434448,4,126.0389557
13970,139.9568634,26.78795242,15.99006367,7.526437759,4.343046188,6085.82142,3,20498.10262,24.43779564,6.79025507,4,284.4897461
13971,103.9736481,24.20749664,16.98195648,7.747190475,4.944551945,4983.316741,3,22382.65541,25.03127098,6.852692604,4,79.98643494
13972,30.81749535,50.39493942,26.70888519,7.42277956,4.89748764,1134.764133,3,26660.17598,11.69641209,9.244538307,4,168.6900635
13973,17.545187,27.41224861,19.27983856,4.34214592,3.11180687,6028.656139,3,14542.93306,13.21520901,3.012650967,4,250.7693329
13974,145.0299377,24.15668678,16.35975266,7.327805042,4.425559998,4401.646853,3,13734.38452,20.08225632,7.548825741,5,258.6900635
13975,49.99825668,32.77653122,18.84490204,11.53537846,5.813297272,4858.654613,3,8571.281586,22.55864716,10.47087002,2,98.33042908
13976,118.868866,32.39135742,18.28582001,10.39975643,6.003880501,1524.684763,3,6601.969825,25.63242722,8.724395752,2,225
13977,58.59732819,42.09532166,23.65363693,8.432484627,4.297739983,1844.054255,3,5816.247669,21.22442627,6.551931858,2,72.97947693
13978,88.97992706,49.93535614,29.34064293,13.34531307,8.636393547,3881.9826,8,1611.174506,29.80722809,13.00080681,10,119.4758911
13979,194.329834,26.16130257,19.22080421,9.33063221,5.813788891,7674.38708,3,2569.584614,29.49331284,8.209191322,5,86.91763306
13980,124.2699585,34.15000916,24.47970772,7.342521667,4.096265793,9565.347561,3,4727.283022,21.74430275,7.893239498,5,290.6954346
13981,130.6637115,32.75429535,21.58629608,8.963020325,5.132246494,8335.309465,1,9215.137676,29.85453415,6.994325638,4,48.03939819
13982,135.5155487,31.03212166,18.78467178,8.349011421,4.996018887,1400.516526,3,12444.25955,20.86180687,9.024536133,4,218.4180603
13983,29.11496925,45.96979141,18.37908936,11.43793774,6.562279224,2215.469205,1,11296.91146,21.45871544,7.723949909,4,299.2192383
13984,250.7270813,27.11248398,17.92921257,10.41395187,6.571584702,3786.625033,3,7149.256937,29.53059006,10.18861198,4,291.0375061
13985,108.6252365,31.16324997,17.70691299,11.31242657,6.061414242,1428.995476,3,15764.70521,25.2710247,8.43723774,4,151.4403839
13986,97.78166199,39.22515106,25.67895889,7.540766239,4.231564045,809.4229981,3,27069.65667,20.04344559,7.013067722,4,33.69006729
13987,75.8832016,43.2276268,28.01487541,7.040915966,3.677745581,4756.256546,3,33008.111,16.69454765,6.58656168,4,41.18592453
13988,170.3781738,19.57148743,15.12039566,6.141869545,3.709909916,5721.684795,3,15244.23954,23.62812424,6.481813431,4,247.7894592
13989,124.5115128,32.96643829,20.22587776,10.08411121,5.309053898,850.3192102,3,5420.529993,23.46897125,7.884116173,2,102.2647705
13990,103.5749359,44.74539566,26.29672813,9.375492096,6.005695343,5171.022816,8,218.6185949,20.83131409,10.87287235,5,291.6345215
13991,90.72892761,29.28443146,20.95442963,8.54759407,5.876532078,10204.55268,1,6428.909861,27.56474686,7.449156761,5,253.4139404
13992,76.76583099,35.20589066,20.00452805,9.975068092,5.827401161,6762.62418,3,11043.7566,23.88807297,7.71184063,4,252.3777008
13993,105.0571213,29.36885071,18.18177795,10.79052067,6.496560097,3715.546837,3,10094.29541,27.29012108,9.073122025,4,273.751709
13994,148.5217285,34.67023849,16.58224106,10.32523346,5.12366581,4070.314013,3,9751.686046,25.47234344,7.532561779,4,193.7143707
13995,97.31161499,24.43254662,17.13669586,9.331905365,5.817295074,2040.724299,3,25717.98508,23.36709404,9.712813377,4,132.8789063
13996,41.07785416,31.75643921,21.00514793,8.202420235,4.858449936,672.4991324,3,28582.00822,17.9997654,11.88950729,4,205.453064
13997,66.91655731,33.77407074,20.83138847,7.653886318,4.178798199,273.145975,3,26630.19776,20.23604584,5.501137257,4,315
13998,50.85318375,30.09162903,16.39056969,8.765151978,5.363270283,4941.151805,3,16178.59436,18.63673019,6.589297295,4,205.2531738
13999,28.96593666,38.24689102,14.7381382,10.93330574,4.94417429,5415.025958,3,10034.50392,21.68583488,10.33860302,4,159.3827362
14000,147.0660858,33.69902802,19.18166351,7.401341438,4.293417454,1705.885183,3,6926.187747,18.26353455,6.94758606,2,102.5288086
14001,251.6855927,28.46118355,18.56019974,9.700910568,6.544798374,7693.932315,3,2652.802211,24.9047718,11.26617527,5,81.44281006
14002,143.2152863,34.92560196,26.24775887,6.752291679,3.963168144,8970.693182,3,4107.653576,18.99898148,8.138141632,5,325.9169617
14003,157.2116699,28.6730442,17.35521889,7.618480682,4.733177662,9221.678425,3,4510.729632,18.91571426,8.425913811,5,91.63657379
14004,155.460907,46.78864288,27.16507339,7.645747662,4.540482998,9336.823155,3,4679.139155,18.96704483,8.831884384,5,288.4349365
14005,84.78057098,29.65590096,23.28138542,8.560761452,5.879600525,10427.58102,1,6075.220824,30.49063492,6.47303915,5,54.28355408
14006,131.4237823,30.28756905,17.03619766,10.55440807,6.048537254,8916.89255,3,8697.850772,27.57384491,8.012572289,4,125.9097214
14007,24.76371574,31.73097992,13.08319187,11.95637894,4.177799225,542.2557931,3,12889.85136,23.00104332,8.247256279,4,238.6004639
14008,118.6826782,30.70594788,18.25719833,8.323317528,5.745015621,1260.452374,2,12133.09695,20.95177078,10.67827702,4,304.8435669
14009,192.5886993,23.30008698,18.23947144,9.574159622,6.953693867,3984.782817,8,10265.80618,27.47010422,10.69767094,5,104.0362396
14010,116.3128204,42.03472137,27.02589035,8.305291176,4.796729088,3306.463373,3,31653.31204,22.87567329,7.631103992,4,49.96974182
14011,67.83016968,31.59600258,22.89796257,8.207819939,5.308049202,4299.224135,3,32389.81587,22.27634048,7.092438221,4,45
14012,95.52986145,32.59890747,27.15155602,8.07100296,5.155276775,1774.190626,3,22223.31834,23.18059731,10.10104561,2,303.3404541
14013,115.818161,38.98004913,27.69528198,7.25020504,3.908218861,1307.942365,3,21328.21949,21.20352554,5.706608295,2,41.7808876
14014,70.0378418,60.08428574,26.15864372,13.58892727,8.012321472,5309.167845,1,16349.04972,27.39530182,10.02731895,4,40.03025818
14015,34.27839661,34.20844269,20.48509026,11.09002972,7.338984966,615.3477803,2,12972.00756,18.13554001,11.87170982,4,270.9997253
14016,121.7196884,34.02643967,23.19518852,8.134009361,4.557136059,4209.049242,3,23251.62343,25.81022072,6.53352499,4,49.76364136
14017,54.63183212,48.8933754,29.34688187,8.414215088,5.117725372,3921.186621,3,32488.99028,19.11520576,6.829803944,4,29.40718842
14018,104.6595612,27.07738686,16.19903564,4.915829182,3.653594255,3272.995885,3,19840.27794,13.76111794,10.17407131,4,134.5453186
14019,184.4408417,21.69115829,15.64185143,7.052283764,4.486510754,1022.927001,1,5400.532135,28.11535263,8.609682083,2,239.7579041
14020,129.3269653,50.29451752,28.26825523,7.733974934,4.256641388,1429.719098,3,26465.97631,22.44403458,6.745627403,4,321.34021
14021,67.69012451,25.2428093,19.77565002,10.53582001,6.573497295,102.4271288,3,27975.95759,25.55438423,11.87826157,4,170.3070068
14022,73.81781769,43.67227173,26.65958786,6.617983341,3.684141874,2356.353695,3,19695.04007,14.66685581,6.43413353,4,45.65097809
14023,84.41107941,40.92091751,29.96464157,9.901939392,6.556059837,5578.441459,1,16225.00508,31.58182144,7.771244049,4,276.34021
14024,95.1999054,31.73814774,27.13181305,9.863827705,5.566133976,5543.464623,1,15987.58962,29.42078972,9.007808685,4,27.61761093
14025,63.38542175,32.50662231,18.83289528,8.820404053,5.095644951,5631.055332,3,9835.806417,20.95160103,9.13902092,2,222.1014252
14026,75.09854126,39.55665588,27.21616173,8.759588242,5.086326122,5229.604258,8,8717.112539,21.98765182,11.04283714,5,319.5431519
14027,116.3004761,27.40162849,21.73328972,7.590442657,4.807023048,3324.368548,3,24323.80871,24.35909843,7.517338753,4,41.65788269
14028,110.6007767,26.90536499,18.32389259,7.930857658,4.701564789,2463.830201,3,30726.5646,25.2828598,6.833319187,4,254.1342926
14029,75.11408997,52.39717484,30.34260941,10.19564438,6.028904438,79.85359206,3,26260.44716,27.03684425,9.791625977,4,326.6893616
14030,72.4187088,37.16122437,27.03456688,7.61757946,4.351483345,1124.833633,3,25713.33401,18.37241745,8.227398872,4,51.98389435
14031,76.67644501,24.54201698,17.34341431,6.214929581,3.878946543,1597.1469,3,25008.52332,15.87531853,7.700287819,2,237.2286224
14032,94.0015564,36.36203384,25.0894413,11.03574276,6.500825882,4840.520606,8,140.7439584,28.7966404,10.18410683,10,47.20259857
14033,88.98563385,31.87425995,20.84338188,10.42372322,6.20721674,4544.382283,8,459.886147,24.79772186,11.03680325,10,285.2971497
14034,126.5693283,28.33400536,16.18005562,10.46281052,6.387378216,4257.858571,3,7542.586133,24.76979256,9.955471039,4,114.4972076
14035,87.0953064,31.51932526,19.71615028,12.49066734,8.389912605,3632.011886,1,7115.644739,32.09706116,10.99307156,4,262.875
14036,73.79010773,42.3606987,27.32098389,7.715664387,4.435774326,2230.781994,3,2116.173873,17.03840065,6.582148552,4,144.462326
14037,114.6073227,32.17224884,26.37157059,8.242892265,5.289785862,4985.328692,3,22508.95102,23.47366714,7.84124279,4,305.9324951
14038,48.29636765,32.26080704,20.18813133,10.04701805,5.135415554,472.3626712,3,28400.9855,22.23113441,9.897994041,4,50.5275383
14039,87.18489075,42.27770996,25.79499435,7.060739994,3.863999367,5470.791206,3,34019.57117,15.58242989,6.885950089,4,294.2099915
14040,77.85886383,29.90371132,17.84770203,6.859879017,4.434534073,5550.108862,3,12096.17787,15.91579723,6.018790245,4,187.9291992
14041,109.6560593,28.7383194,15.70990944,9.730686188,5.288561344,7480.201688,3,10254.92341,27.17525864,7.665770531,4,150.6039429
14042,97.45578766,23.76628685,13.47801781,6.19798708,4.602451324,1111.960999,3,12384.47775,18.35725212,10.77350616,4,262.8190308
14043,99.72116089,23.32855797,14.48277187,7.862009048,3.988823175,5965.906386,3,21292.2128,22.41644096,6.004882336,4,164.744873
14044,104.4697495,28.75382996,19.50699043,11.40030766,6.72040844,464.0591516,3,27946.15833,27.67894173,10.4055748,2,172.2950439
14045,226.3481903,39.12569427,27.90963745,11.41750145,7.294656277,7634.799572,3,2446.308849,28.08436394,13.40720749,5,312.9545898
14046,80.4018631,40.0581131,26.53232765,6.746483326,3.424233437,9196.484276,1,4221.733264,21.42295647,5.09260273,5,34.38034439
14047,103.0406265,32.82815933,22.50235176,10.65663624,6.44890976,583.7976268,3,27372.46242,26.81529427,9.495986938,4,297.3294678
14048,96.72555542,52.39561081,28.15343285,9.907133102,5.923336983,47.6980846,3,27884.06964,25.01859665,9.088319778,4,300.8995361
14049,160.8386383,24.9540596,15.60510349,7.727700233,4.530988216,1238.486116,3,29465.64361,20.81101418,6.703312874,4,192.0727692
14050,92.27571869,25.48307228,17.00958443,8.169711113,4.659736633,125.4729156,3,27216.11707,24.74172592,8.127373695,4,311.6002808
14051,135.7169189,44.26008224,27.87635231,9.882678986,5.638235569,8801.615377,1,8853.739939,29.5376358,7.913589001,4,284.2224731
14052,71.13822174,25.58834267,17.5197506,5.454851627,3.009212732,3169.127984,3,31738.94673,15.18484497,7.383891106,4,70.66464233
14053,74.02481079,44.09096146,28.17768288,6.491598129,3.638081551,4521.940234,3,33042.62361,15.05064297,5.692555904,4,42.27368927
14054,107.7796021,41.99051285,29.24988556,9.563484192,5.326514721,429.7353997,3,26876.46933,25.49718285,8.677991867,4,42.22083282
14055,49.13210297,29.00193405,21.34871101,9.780451775,5.745254993,4449.500039,3,8714.305852,23.2673645,8.257191658,2,275.7927856
14056,275.9000244,20.9140873,12.50634766,9.822538376,6.00891304,3094.065112,3,2174.68269,34.60207748,7.960112572,10,166.1153259
14057,107.388298,52.25222015,27.27162361,10.52566051,7.092927456,4325.544319,8,679.9700641,20.74250984,13.61198235,10,324.4623108
14058,132.4880219,29.82949448,17.88373184,12.09628201,6.929200172,2096.171676,3,15411.88235,32.17428207,10.23647976,4,155.9441681
14059,224.8636475,29.37270927,17.96571732,9.047790527,6.373387814,799.5280819,3,14659.32929,25.29891014,14.31340504,4,82.19786072
14060,7.536324024,39.44506073,19.58903313,2.987588167,1.390156746,368.3405425,3,13230.36679,5.164047718,1.77362299,4,112.3801346
14061,123.4478073,28.30604553,16.55468178,11.91067314,6.563443184,2532.974667,3,11302.68353,33.04034042,9.170498848,4,273.256897
14062,109.5568161,29.46759796,17.42136765,10.71798325,5.951622963,3088.422628,1,6647.70299,28.67195892,8.910161972,4,194.9816284
14063,35.69653702,35.52946854,17.91696739,8.351146698,4.310789585,1179.938825,3,3409.86375,16.29777336,6.605122089,4,199.2306824
14064,16.29167557,50.48303986,25.24880219,12.99075603,7.115366459,237.810718,3,14534.90883,17.88634109,8.906527519,5,225.7538452
14065,73.17327118,21.5526123,12.61706924,4.699632645,2.514231682,3859.036405,3,31332.2498,16.03148079,3.777976036,4,213.7885132
14066,74.91989136,26.84003639,19.87529755,8.081510544,5.941984653,680.4501164,3,28215.94093,25.46606827,8.039038658,2,257.8686829
14067,211.6335297,21.30134964,14.52088261,7.478068352,4.96553421,5087.15907,3,17239.00941,27.66796112,7.658973217,4,87.46565247
14068,2.603290319,70.62566376,9.303484917,2.855029821,1.503174067,5575.215994,3,12624.14535,4.360518932,2.2388556,4,203.6293793
14069,120.1861115,45.06675339,24.83057022,10.69141483,6.957296848,4156.518744,8,855.1024235,20.79800606,11.52909184,10,315
14070,141.18573,34.51317215,15.65169621,12.31502628,6.304581642,4022.192052,3,9804.463832,29.25263405,8.232486725,4,257.7638855
14071,264.3912659,40.8612709,31.14098358,9.409150124,5.822808743,1349.778682,3,12975.41046,29.38349342,9.182124138,5,332.0569763
14072,115.6035385,43.26315689,28.72937775,8.823233604,5.595742702,5111.279356,3,22165.62476,23.77950096,7.77041769,4,40.03025818
14073,370.0472107,21.35750198,12.97037506,7.323851109,4.690524578,2420.222983,1,3047.011269,34.43912125,6.123444557,10,249.2143555
14074,151.5111694,40.09841919,26.64810562,9.307609558,5.268111229,9245.001801,3,8383.614326,28.34749985,8.559458733,4,45
14075,97.02407074,25.73332405,17.4049263,10.19407177,6.500547409,154.7115486,3,28229.38733,23.18634605,9.642366409,4,77.47119141
14076,26.81655121,30.03802109,18.20218849,6.626641273,4.26589632,3641.235499,3,31802.41468,13.26777744,5.628599644,4,210.6100922
14077,93.17609406,30.74089622,18.05179977,10.96973801,6.999531269,890.4552897,3,28686.10735,26.67101669,9.32199192,4,114.1791077
14078,150.808609,32.63946533,17.82986259,8.10397625,4.777235031,5519.276677,3,11351.73859,18.99285126,8.263483047,4,148.6760254
14079,89.62200165,36.70035172,18.1975193,9.743848801,5.47405529,4691.706377,3,9382.913191,20.65072441,8.933981895,2,102.9946136
14080,103.8669052,31.37407303,18.61717415,13.37094688,7.237695694,1534.69418,3,15114.15655,29.91036224,12.07127094,4,142.3155212
14081,10.95100975,44.05095673,20.34196091,4.340213776,2.580426216,315.1503055,3,13421.71493,5.430640697,3.081749439,4,114.4439545
14082,29.09269905,32.09022522,18.76995659,11.30849075,5.5300107,526.6254215,9,13272.27327,20.26726151,8.6843853,4,303.6900635
14083,239.7566833,23.06682968,15.97290993,8.965081215,5.946153164,1754.630047,3,12543.90018,26.9198513,8.740320206,5,99.18392181
14084,122.2346725,30.00299644,17.94493103,9.783197403,5.536612034,872.4751502,3,29169.49294,24.64232826,8.699727058,4,151.8673401
14085,211.3992767,20.23958015,14.04587078,9.749783516,5.965201378,935.9618888,3,5451.215297,35.17854691,8.775276184,2,157.0418549
14086,196.0798187,27.09999084,15.08235168,8.581576347,4.759027481,1874.004625,3,5597.431072,25.35288048,7.427815914,4,225
14087,123.9003906,50.4365387,25.68248558,8.329538345,4.258473396,1634.6875,3,26247.14937,18.75317574,5.842798233,4,73.0790329
14088,97.86854553,31.73833084,24.03174782,9.47660923,5.417735577,1953.21883,1,25899.82593,25.88720322,10.65770531,4,320.1944275
14089,99.65180969,28.85023499,17.98154449,7.664411068,4.572250366,875.7026343,3,29015.1747,21.64416122,8.167918205,4,236.3099365
14090,120.3158569,23.22176552,16.44776535,7.309436798,4.697062016,3045.85427,3,30538.918,20.87668228,6.381810665,4,179.4093323
14091,182.3243561,22.88307381,15.63716507,8.072525978,4.955506802,4028.319683,3,19165.29711,24.10737801,9.084133148,4,161.21138
14092,82.69593811,24.1560688,15.07223988,6.011862278,3.15134716,5308.057953,3,12426.29288,19.03551292,6.561110973,4,112.2175903
14093,61.29175949,30.25476456,22.50369453,13.03519058,7.282290459,4714.948413,3,8979.096202,25.17234612,11.92294502,2,103.3302612
14094,100.2469864,29.5633049,20.9348011,7.303153992,5.062607288,1212.960587,2,12574.77647,20.16769981,10.28899574,4,286.0822144
14095,59.72060013,28.94743156,18.52645683,7.357086658,3.926107407,1535.115549,3,2804.295768,18.94577408,5.909079075,4,252.7551575
14096,50.24840546,57.52650833,25.96450233,7.392720222,4.259684086,1197.003373,3,3129.665632,17.70930862,5.94189024,4,288.4349365
14097,187.5977936,26.44517136,16.9723053,11.41332245,8.200743675,133.5850984,3,14195.2238,33.15771866,10.86218548,5,67.40983582
14098,126.7852173,28.36609077,17.88332939,13.32043934,8.244711876,578.9137466,3,14908.75358,37.38277054,10.29010201,5,238.4218292
14099,97.70281219,23.56026077,17.4275589,7.348674774,4.115175724,2471.240433,3,21968.14433,22.3137207,7.495045185,2,147.6525574
14100,134.1988831,21.14792824,15.51129436,10.0276165,6.86498785,5449.114931,3,16557.96259,35.1064682,8.457315445,4,249.63974
14101,53.51914215,29.74793243,16.77030754,6.32013607,3.489828825,5031.505784,3,12856.48486,14.2351923,6.028330803,5,180
14102,44.45527649,38.23921204,20.36551857,12.10729218,6.717653751,4206.277864,3,8620.002859,22.0685215,10.36738205,2,160.3504028
14103,36.12693787,34.1385994,17.84213448,5.92212534,3.449042559,4256.068054,3,7749.66744,13.88585758,5.596766472,2,253.1862488
14104,204.3981628,20.38356209,14.09176922,9.598129272,6.325434685,467.7798731,3,5919.422919,22.4458,7.84759,4,171.72789
14105,117.7744293,49.89015198,29.51087761,11.22437763,6.224047184,7767.404079,1,9892.437135,29.56952858,9.133696556,4,42.4930191
14106,88.74368286,36.73783112,20.09205818,16.09946442,8.608880997,4.984675089,3,3860.665701,35.51357269,16.07958603,4,101.1712036
14107,47.28766632,29.82476234,17.57677269,6.661541462,3.859895706,584.7299441,3,4509.659894,18.31819534,5.287319183,4,222.9247131
14108,112.3101425,37.49687195,23.68603325,13.33583164,7.983819962,315.3083711,1,4072.748776,35.03417969,13.52990246,4,306.5251465
14109,62.70339203,24.65211105,15.64990616,6.022479057,3.436112642,2606.150799,3,23909.55574,15.35311604,7.144032478,2,151.189209
14110,40.54866409,25.78875732,12.84526157,3.86708498,2.240775347,2615.960043,3,20742.41087,9.015396118,3.746524811,2,151.3223267
14111,96.40071106,25.65942574,15.08960342,6.878340721,3.926241875,2632.101372,3,21299.40247,15.76817322,5.41340065,2,137.7263184
14112,43.04084778,26.74333382,12.67034817,7.941614628,3.682573795,930.6931515,3,3512.803528,17.8207016,6.368684292,4,315
14113,165.2248993,28.38798523,15.81708813,8.913983345,5.294701099,3550.879697,3,17905.70691,23.21727943,8.2576828,4,252.6924896
14114,111.7027512,29.42669296,16.44434738,6.973241806,4.260316849,774.3506138,3,29093.91689,18.32787895,9.783062935,4,217.146698
14115,111.3553162,29.5853157,17.97263527,9.920426369,5.901041508,1384.973218,3,29725.59586,24.89064598,7.342873096,4,188.1300964
14116,53.76190186,28.62257957,17.65844727,10.54607773,5.865517616,3831.82876,3,32145.48456,24.68961334,9.834654808,4,55.61016846
14117,102.7960587,27.9358387,19.84437561,6.791916847,3.908884048,342.8100785,3,26592.5103,22.12550354,7.200957775,4,270
14118,178.7836761,27.78388023,16.67222977,8.276342392,5.11856842,4747.019242,3,18901.71254,21.34873962,8.945982933,4,169.9920197
14119,106.3731155,35.31152725,18.37505722,9.797093391,5.310696125,2572.59537,3,7262.535405,22.33995056,8.736053467,2,229.3987122
14120,86.50269318,41.60425568,28.01727676,13.12059975,6.960823059,3942.960908,8,1093.747518,28.42078018,11.62907982,10,45
14121,255.8228302,21.02798462,14.54521561,7.066709995,5.189734459,3251.924943,3,1859.303505,33.85575485,6.076573849,10,230.621048
14122,138.0893707,32.37637711,18.75323868,10.565341,6.082402706,6882.025589,1,10817.73116,26.34792709,7.951353073,4,98.13010406
14123,140.9381409,31.07999229,17.46167374,10.46795368,5.773704529,4601.576072,3,8413.232418,28.76859093,8.197944641,4,159.1576385
14124,89.11190033,30.35705948,17.61861801,8.442695618,4.876842976,2213.476692,3,7177.596361,22.646595,8.990325928,2,150.2883148
14125,57.96905136,25.734869,17.47531128,6.240989208,3.702147245,495.0726188,3,3828.341417,17.19311523,5.511338711,4,259.5773926
14126,107.6151199,32.25158691,24.35443306,6.592957973,3.783441067,3021.410097,3,1663.644204,17.44912529,5.514860153,4,275.4403381
14127,136.7386322,27.35407448,15.29899502,8.487979889,4.934405327,1578.175434,3,30144.97843,21.89327621,8.404728889,4,176.2668457
14128,123.163826,49.39275742,25.97333908,10.81457233,5.626983166,10167.25354,1,5431.17262,26.30914688,8.036951065,5,44.61804962
14129,95.43293762,38.74065018,27.93012047,8.988869667,5.038921833,2491.422934,3,2032.631378,25.42876434,7.219659805,4,315
14130,102.0939484,23.80373192,20.51545715,8.729673386,5.215949535,606.3274458,1,4387.152158,27.51953697,7.577338696,4,340.559967
14131,42.56448746,52.58757401,28.08633614,9.940233231,5.718801498,853.338713,1,4583.957091,29.29857635,8.002678871,4,29.33565331
14132,137.7240601,24.99610138,14.78622627,9.185470581,5.778921127,1479.843833,3,5292.844904,26.84770012,7.158913612,4,234.694519
14133,15.48346233,25.03365326,7.94476223,4.991701126,2.338528156,2354.027742,3,21217.62187,11.0742836,3.298671961,2,102.6525574
14134,185.8414764,22.76898575,12.49709702,8.213370323,4.157357216,5082.065931,3,17668.17252,25.25321198,6.082161903,4,144.0740814
14135,142.2323456,30.23987961,20.39530373,9.986117363,6.174500465,10435.78674,3,6728.972021,29.5180397,8.788336754,5,261.8699036
14136,37.53684616,35.41398239,19.41571236,5.921113968,4.645820141,12.63566476,3,13855.87177,9.753913879,7.10414362,4,216.8699036
14137,155.3720093,21.59210014,11.02484608,7.806683064,4.551940441,1980.521017,3,5587.803063,27.09988213,6.237834454,4,290.4803467
14138,178.4549255,26.02702332,15.93146801,7.711597919,4.196084499,1823.974781,3,5591.182766,27.67035675,7.618094921,4,246.9217834
14139,73.39438629,36.63259888,26.62422371,7.031508923,4.217274666,2253.833216,3,2237.278835,18.43711853,5.922978878,4,64.0934906
14140,50.64384079,31.14171028,19.96158409,10.57962322,5.822788239,1071.116216,3,4840.611277,22.26541138,7.202859879,4,257.4711914
14141,125.8525162,35.12000656,26.2624836,8.88500309,5.015856743,116.1264997,1,28113.72187,26.66249275,8.416917801,2,313.8308716
14142,139.9656067,32.5014534,17.76988411,11.02078152,5.888797283,7874.620603,3,9866.268544,25.77216148,9.062348366,4,73.71898651
14143,163.351059,29.04078484,16.93248177,9.600039482,5.89876461,2301.099559,3,15215.92496,34.50790024,9.050506592,4,69.73429871
14144,123.1698532,27.44246483,15.46081829,8.892435074,5.230377674,6189.936229,3,20643.308,24.22034454,7.749586105,4,181.2506714
14145,131.7408752,30.58498573,17.58572769,7.743924141,4.528146744,1960.326909,3,30524.96716,20.92575645,8.801466942,4,274.0856323
14146,127.7229156,29.80238152,17.10401726,10.01508331,5.48005724,5133.305477,3,18670.50047,24.36288643,7.806060791,4,241.886795
14147,125.7747726,25.8384819,20.88064384,8.658608437,4.872848511,661.4673115,1,5477.017606,23.09766388,5.279573441,2,23.44034195
14148,152.6438141,22.54684448,15.40918922,7.062634468,4.496016979,260.6071981,3,5444.855907,19.24682808,4.449697971,2,20.69544983
14149,151.8317871,27.68774414,13.03864384,7.6036973,4.009106636,531.5633409,3,5903.021599,13.52178669,5.860067844,2,85.35997772
14150,140.1453247,27.22187233,18.02079773,8.25432682,5.419857979,200.960262,3,6296.009617,14.50811005,0.123893261,2,98.61502838
14151,159.6858368,36.34084702,27.27118874,10.48341942,5.743503094,2260.50674,1,14959.87506,33.52452087,10.81290436,4,319.31604
14152,119.1129532,33.84294128,25.81358337,8.61743927,5.284537315,2827.555168,1,6728.526328,28.61138916,7.374695301,4,304.3034668
14153,142.4841003,30.09497643,15.49342251,11.32993793,7.000438213,1816.757741,3,16159.27248,31.11136055,8.563434601,4,254.327179
14154,144.3649597,30.11217499,18.10874939,6.503866673,3.724506378,789.0592681,3,5898.371592,16.15391541,5.493919849,2,54.7351532
14155,196.9994965,29.79586983,22.17573357,9.123037338,6.079692364,5265.137334,1,12404.08254,31.32100868,8.536295891,4,74.29135895
14156,153.8843536,27.82162476,16.25997543,10.63156033,6.403612137,6377.233352,1,11273.66573,29.60476112,8.787466049,4,219.3517456
14157,165.1412048,26.91698647,18.50092888,11.00351238,6.697700977,2676.590802,3,14808.35541,34.00052643,9.753338814,4,91.96224976
14158,144.9275513,38.30953598,26.05772209,10.26302719,5.596316338,1809.152109,1,5755.45592,27.30898857,8.866929054,4,287.7838745
14159,109.18116,30.31442261,17.58808708,8.734416962,4.605167389,1110.903707,3,29536.16864,24.47041512,6.924064159,4,265.7321167
14160,116.8634109,31.13905525,19.42328835,6.938902855,4.44909811,3493.096915,3,32514.52025,17.35359955,6.891898632,4,180.1259308
14161,12.35273266,31.55884361,12.77947903,5.420583725,2.818447113,3469.308886,3,31807.9915,10.56826782,4.110491276,4,179.5046997
14162,58.15736389,37.35347748,26.21884537,10.44087505,6.571100712,3147.05932,3,31940.57701,22.25291252,10.53714371,4,60.4786377
14163,118.6758499,36.21725082,26.47343445,9.197957993,4.874155521,743.7320315,3,27567.29621,25.42521477,8.218401909,2,292.5430603
14164,109.3215027,27.26253128,16.14461136,10.78742695,6.179893017,8276.062826,3,9454.349878,28.81551552,8.215498924,4,188.3102722
14165,63.64289093,30.00535965,16.80027008,11.92074394,7.253958225,280.0230754,3,3571.649041,24.18150711,12.46070576,4,204.67836
14166,84.46560669,29.18321419,19.5512104,6.330827713,3.446639061,5200.994872,3,14863.17362,17.51362228,6.666099072,4,243.4349518
14167,120.422348,28.33274651,16.24973869,8.974738121,5.403003216,1917.780969,3,2090.91698,24.15313911,8.374310493,4,91.23483276
14168,58.81489944,27.6758194,15.28504276,7.148485184,3.914511442,1015.470267,3,3001.07231,20.18881416,7.506853104,4,137.2258453
14169,129.4619598,26.80147552,15.60759735,9.387946129,4.84191227,2331.485318,3,5967.209994,29.57345581,7.481001377,4,282.20047
14170,81.2828064,24.91913795,14.84292984,8.959645271,5.123353958,5747.793336,3,21549.46112,26.38746643,7.36362648,4,221.4785461
14171,51.34687424,29.38424873,17.38429832,6.496542931,3.309921741,2965.909046,3,31465.085,16.1182003,6.65060854,4,175.3331451
14172,46.54135895,30.30212021,17.44751549,7.879619122,3.649031401,5190.406913,3,15532.13265,21.66716576,5.690441608,4,265.9717407
14173,88.57693481,32.41027069,23.28458405,7.360447407,4.316100597,4494.643817,3,15350.81442,18.79637527,9.197291374,4,265.0302734
14174,152.5544739,32.5190506,17.14317322,12.22889233,6.571365833,8536.346487,3,9169.838898,30.63435936,9.653553009,4,90
14175,78.14022064,30.32808113,17.91674042,7.568061352,4.381746769,1338.180039,3,3095.06618,18.500103,6.496789455,4,206.5650482
14176,198.3591461,26.45944023,16.73440742,11.0357132,6.604640961,4719.366626,3,7956.250109,29.80052757,10.92983723,5,164.3577576
14177,219.8710175,21.17712402,14.13549042,8.706604958,4.926866055,1128.534848,1,5225.370288,36.14387131,8.326597214,2,281.9082947
14178,41.35020828,20.03708839,8.814055443,9.887485504,5.042860031,1962.409328,3,4272.84357,30.07258034,7.103338718,2,176.3268127
14179,21.84553719,60.3408699,20.06712723,9.194555283,5.572692871,10641.22535,1,6089.116011,18.42127419,6.210195065,5,339.5933533
14180,149.2488861,28.73867416,17.4525795,9.058829308,5.193761349,2204.347826,3,1624.376752,26.46461678,8.093964577,4,87.70938873
14181,147.6967926,50.40668869,28.58659363,9.810243607,5.598294735,1657.874966,3,2039.53915,25.94038391,9.172030449,4,292.9914551
14182,71.88426971,50.69590378,27.20181465,10.55856895,6.123586655,998.5412259,3,2835.287561,23.09384155,8.129031181,4,22.4569397
14183,78.9447403,28.71014214,17.66030502,9.401657104,4.885313988,582.5544423,3,3181.02306,23.81764793,8.486433983,4,56.65929413
14184,117.2896271,32.76573944,17.95393753,11.31494999,5.662990093,1243.986691,3,29723.59256,24.38272858,8.195457458,4,179.3516846
14185,304.8050842,23.36200333,16.79795837,9.608333588,6.125008583,3765.998409,8,1162.267029,31.09658051,10.09366131,10,156.8014069
14186,228.5410919,32.3482132,18.24534798,10.86021042,5.860280037,3760.218281,3,13773.69493,30.10788536,10.69194794,4,101.5921783
14187,122.2076492,28.35124016,17.88561821,9.820121765,5.206718922,2090.808271,3,5595.954487,25.19532204,8.906691551,4,248.5551147
14188,163.8024902,24.68616676,14.76681232,8.704744339,4.71673584,3224.519014,3,17607.67057,25.20956993,7.458042622,4,210.7451019
14189,47.53268433,25.49184036,13.01549911,8.913640976,4.977422714,4898.93375,3,19325.93004,22.43089867,6.585993767,4,111.572937
14190,52.77497864,41.0097084,23.30276299,6.232073784,3.839702129,3470.681027,3,32023.8055,13.42127705,6.631726265,4,276.6711731
14191,64.06502533,27.14418983,16.13421059,5.964850903,3.92609477,5080.27945,3,33954.26504,14.7308979,6.441587448,4,120.9637604
14192,123.8266068,29.01546478,16.48823738,9.454214096,5.591564178,1240.190805,3,29739.02955,23.95450974,8.537978172,4,121.7151337
14193,20.42375565,22.63867569,10.28578186,4.195157528,1.634821296,2654.872138,3,20974.10696,10.16809464,2.162642479,2,136.5911407
14194,74.60409546,30.09160614,16.3454113,7.009536743,3.98582983,3912.004252,3,100.4886737,19.09198189,5.354723454,4,184.6046906
14195,149.7411499,29.10294533,22.61107826,8.807492256,5.627604961,3111.783711,3,17517.12547,25.73193359,7.65291214,4,318.579071
14196,124.6999435,43.56225586,30.26545525,8.407817841,4.719880581,4133.155817,3,23406.55615,24.54373741,7.336567879,4,324.8008423
14197,130.2552643,27.51220131,17.1313591,8.534003258,4.690034389,1273.795973,3,29811.1729,24.68709946,7.746110916,4,265.68396
14198,47.0716362,28.55856514,19.47796059,10.60539722,6.320543289,4077.004282,3,9279.607395,24.96037292,8.365187645,2,253.7461243
14199,109.1055984,35.73942566,27.95025444,9.866836548,6.324176311,9914.845609,3,5305.386929,28.51616859,8.146551132,5,80.69837952
14200,145.9427795,47.74578857,26.8473568,10.78373718,6.329072475,10769.37639,1,6415.876049,30.1890831,8.102458954,5,296.8303223
14201,100.7730789,34.18054581,27.71744347,8.525320053,4.890676975,10409.61111,1,5822.036286,27.93831253,6.843659401,5,28.85565948
14202,108.5986328,24.69421196,16.35399246,9.176551819,5.58462286,4148.127658,3,7883.7189,27.3096447,7.776482582,4,142.2750092
14203,88.49582672,48.46002197,28.80085564,10.80276489,6.129974842,1445.591263,1,4929.536783,27.46773529,9.218934059,4,314.7163696
14204,280.0814514,26.11871529,14.88598633,10.46393967,6.566187382,3907.643238,3,7153.184342,27.68055344,9.491719246,4,195.1883545
14205,88.8886795,26.83849335,14.18978977,8.152758598,4.534899712,4317.998832,3,18737.05788,21.16007614,6.332089901,4,118.7397919
14206,127.9133911,29.39822388,16.35996246,7.750458717,4.17183733,5606.146842,3,20040.75451,23.05099487,6.397751331,4,243.9465027
14207,66.09907532,27.42157745,15.35538769,6.310946465,3.600549221,4511.81138,3,33588.61259,18.51614761,5.199820042,4,205.453064
14208,106.5195007,25.79006958,15.27419281,8.045128822,4.956320286,1564.806009,3,30540.47303,23.19729614,6.107522964,4,176.6890564
14209,40.4744339,40.62850952,19.445261,8.857349396,4.676212311,3388.158764,3,8570.832129,16.65446472,7.161047459,2,102.1886292
14210,215.9387207,22.32991791,12.42570496,9.283208847,5.757144928,1223.897693,3,4976.074174,33.89034653,7.48665905,2,170.3686066
14211,95.18269348,25.40270615,18.03090858,7.273375988,4.244504929,3060.069693,3,24793.64478,21.59237289,8.444054604,4,94.95027161
14212,115.0955505,27.05753136,20.24046516,8.206730843,4.541144371,483.7778298,3,27280.76735,27.63394356,7.738272667,4,255.7904053
14213,84.21350098,26.58409309,25.20580101,8.469927788,5.135871887,4657.659085,3,15863.40923,26.18565369,6.984296799,4,30.42045975
14214,95.81698608,31.8990593,16.96154213,10.41037464,5.558310509,3429.70836,1,13998.96544,25.71638489,8.06312561,4,232.6698151
14215,132.1421814,21.70163155,16.28356361,8.034266472,5.131381035,3391.386396,3,23067.49627,26.87950134,9.866472244,4,225.6295929
14216,47.45842743,34.84342575,13.96342468,5.870410442,3.433663845,4979.167401,3,12428.64715,21.58147049,5.311594963,4,106.157341
14217,170.6676331,24.13255119,14.1568985,8.23982048,4.582379341,1430.480932,3,5600.649832,24.8415947,7.911752224,4,209.6769409
14218,91.47213745,27.41215515,17.1747036,10.26593113,5.734386444,1732.17622,3,16099.35112,27.19571304,8.90092659,4,184.7262573
14219,90.22653961,37.56581497,26.13681602,9.192667007,5.19035387,2738.475191,3,22419.98096,22.81901741,9.242233276,2,70.39273071
14220,59.0644455,30.47365761,14.20681572,9.248064041,4.818170071,10014.18636,3,7600.666715,22.75716209,7.266447544,4,268.210083
14221,138.4767303,37.43133163,25.36349297,7.193788528,4.099655151,4864.426157,3,11872.80358,17.38796425,8.678764343,4,57.30801392
14222,50.4787941,39.60654831,22.26609421,6.481619835,3.357939482,4812.194451,3,12881.71042,12.22365761,7.246365547,5,79.69515228
14223,107.3672714,31.72349548,23.30158806,8.160939217,4.531634331,10241.27939,1,5638.573702,26.4733963,6.651034832,5,306.2147217
14224,130.7566528,23.14184952,12.58371544,6.696846962,3.960185289,968.5946296,3,5249.179086,23.4789753,8.040906906,4,235.3048401
14225,109.6327744,25.82888985,15.80892754,10.3948698,6.335299969,149.4356944,3,4383.034153,28.34330559,9.287697792,4,96.17017365
14226,79.60508728,28.90743446,21.17901802,5.840759277,3.766971588,5219.405355,3,33732.68567,15.38919353,6.713654041,4,238.3925018
14227,120.7145386,25.09425545,15.32366371,5.334086418,3.372396946,2733.603852,3,30496.38093,17.87865257,4.653020859,4,240.5357208
14228,13.48552418,36.16246796,16.11498451,5.993483067,2.226505518,2506.851121,3,31327.76775,12.46754837,3.537831545,4,225
14229,124.6228256,35.43271637,17.81135178,10.29162312,5.578246117,10239.43319,3,7409.432145,24.97930908,8.021556854,4,132.9786377
14230,90.37240601,31.97556114,17.10212898,13.49355984,7.781506538,863.7871109,3,15227.76944,28.08877945,13.19801998,5,178.854248
14231,96.84803009,26.64209938,19.35449219,8.726969719,5.144408226,906.9904768,3,27023.44334,23.16040039,8.251181602,4,83.60513306
14232,132.4259491,29.296875,16.47821999,9.770484924,5.444979191,10608.40892,3,7031.601408,28.31710052,8.28003788,4,226.5207672
14233,187.0704803,32.35520172,16.37688446,11.70047951,6.41977644,4774.630622,3,12737.0643,28.54014969,9.742182732,4,153.2994995
14234,64.40009308,31.67152405,18.69346619,10.06284142,5.054297924,1939.685204,3,7154.569385,22.98804283,8.059858322,2,244.3372803
14235,219.6694489,41.95438385,28.26193428,10.66576004,6.786771774,7562.614795,3,2665.286114,25.70917511,13.02771664,5,315
14236,170.149765,24.22621155,16.64118195,11.01435566,6.597383499,768.467529,3,4155.362726,32.29267502,12.58534527,4,219.0823364
14237,89.59307861,42.31069565,24.13170815,10.36327267,5.530964375,6093.41609,3,21363.18292,23.53520966,8.742289543,4,317.5447998
14238,87.55562592,25.88295746,16.32679176,7.592730522,5.001560688,5828.328496,3,21572.55488,23.01917458,7.778097153,4,264.5592041
14239,209.7339935,28.37373352,18.11037064,8.445596695,5.449813366,3187.237182,3,27096.22908,22.60908699,9.826869965,4,131.1345367
14240,47.66862488,33.11664963,20.89980888,9.994029999,5.743811131,3279.474606,3,10574.41429,20.05639839,9.641043663,4,191.5175171
14241,149.7490387,43.72069168,30.02822304,9.501006126,6.084905148,3946.879061,1,10180.18335,28.1256485,8.22969532,4,35.43283844
14242,127.5633163,27.21772003,17.30197144,10.51207542,6.255682945,4193.594535,3,9692.524927,28.25697327,8.989104271,4,210.5792236
14243,91.5552063,32.20492554,17.21923637,9.285522461,5.47283411,5370.385037,3,19840.89913,21.44531631,7.348887444,4,164.1835785
14244,77.76695251,33.43364334,20.08875465,10.95120716,6.624483109,166.3960318,3,29097.73258,26.73567963,9.150816917,4,303.9862061
14245,10.83163261,24.01154709,13.14943695,5.482425213,2.858548164,3155.816741,3,20853.0409,9.553218842,3.334759474,2,181.0809326
14246,63.19628525,27.6494236,15.95573902,7.09793663,4.610726357,3587.218479,3,20429.43336,15.88158703,9.289919853,4,188.3929138
14247,36.29536057,37.90766525,16.975214,9.395949364,3.910495281,5542.380455,3,10379.32986,16.58252525,7.040449619,4,141.0402985
14248,53.82800674,52.68127441,24.88555527,8.707520485,4.858902931,5405.21931,3,10501.6815,17.36358261,7.335927963,2,49.39673615
14249,77.3576355,33.92661285,17.91178322,11.17929649,5.743413925,4678.73585,3,9732.171789,23.4705677,9.425452232,2,197.3189392
14250,67.11508179,31.74180222,19.05834579,9.349979401,4.873541832,7287.337727,1,10574.17668,22.75095177,7.299399376,4,248.6691437
14251,88.66191101,29.26838112,15.54694843,9.811098099,5.399003506,7737.253928,1,10110.25945,28.31917191,8.779220581,4,109.2359848
14252,76.97080231,46.03959656,28.79572678,8.829853058,5.086537361,3355.326975,3,21406.7473,18.90795898,7.513739586,4,35.53767776
14253,71.49250793,37.5080986,19.07403755,10.91848755,6.173083305,3466.452912,3,9360.622706,22.5259037,9.071201324,2,219.2649231
14254,118.4362793,30.89679527,18.78461266,10.36630535,6.131886005,2494.668833,3,11327.76796,26.32826424,9.731402397,4,196.097641
14255,147.8534698,36.05999374,26.06715965,9.224159241,5.176161766,846.0362436,3,2592.573435,26.94581985,8.559510231,4,45.79710388
14256,168.9507599,32.04774857,20.59506798,10.38622475,5.937595844,210.2529977,3,3098.34175,25.1821785,10.04821396,4,61.13489914
14257,131.6809387,26.4095211,16.63777924,8.760881424,4.827021122,3889.547492,3,23891.39604,21.88949966,7.342471123,4,169.4444275
14258,134.2670898,28.95903969,16.97419167,8.585525513,5.020167351,1736.475864,3,27276.28894,23.08754921,9.508434296,2,141.6013489
14259,59.87489319,43.70131302,28.0167923,8.789442062,5.125182152,3387.6014,3,21893.77819,19.85574341,7.773117065,4,300.3236084
14260,111.7570877,26.45886803,16.68792152,6.399884224,3.749903917,3991.016997,3,20935.06708,19.1390419,6.159920216,4,65.72555542
14261,95.05722046,27.41021347,16.61555099,8.898105621,5.739137173,3698.902874,1,7597.358108,27.80536652,7.973261356,4,287.9793396
14262,121.8843002,26.72029686,15.77097321,10.40977383,5.834218979,2542.514062,3,6744.760684,28.74381256,8.958599091,4,199.7345581
14263,122.491127,28.3475132,15.13043594,7.810308933,4.34468317,3009.058467,3,649.0026147,19.0158329,6.583055973,4,154.2900391
14264,77.73764038,26.53809166,16.63842964,8.463882446,5.416932583,5138.642263,3,19598.10661,23.36458588,7.160742283,4,254.9977417
14265,76.53562164,27.28194427,14.35307121,5.557342052,3.241449594,2018.652126,3,31080.12315,15.78603935,6.121193886,4,233.1300964
14266,126.5556488,35.96776962,23.02423859,8.735439301,4.726950169,9003.219265,3,8641.529952,28.88898087,6.665976524,4,48.01278687
14267,112.8233185,33.10847855,17.88191605,10.27852058,5.832109928,10049.35159,3,7619.911697,26.50732422,8.037192345,4,228.2154846
14268,72.66993713,49.31163788,26.9643898,10.73079967,5.969016075,965.5889434,3,12867.42813,19.99644661,8.846154213,4,53.53590393
14269,144.1188507,46.36437607,29.3781147,9.943641663,6.774111748,3317.263623,1,10662.88755,28.73664856,7.823340416,4,320.6413879
14270,141.8596344,26.12148094,14.16072273,10.25444126,5.561764717,927.7174,3,2673.288729,28.61541176,8.463111877,4,103.571785
14271,222.6261597,29.42982292,16.16993523,12.12356472,8.424154282,5075.202731,3,8301.253086,28.6680336,13.09020042,5,283.2266541
14272,95.46180725,33.81747437,20.64390945,12.19983959,7.629721165,529.6193288,3,14886.59341,33.89391327,10.90218067,5,245.1542053
14273,51.04053497,30.40229034,17.64763641,9.915569305,6.687278748,1998.049364,1,16380.90143,29.74517822,6.424852848,4,309.6585083
14274,167.4936981,22.80639458,15.80390549,7.546024323,4.531684875,4726.606516,3,23108.31619,22.2716713,7.046448231,4,153.6669159
14275,124.5151138,29.30802536,18.81844521,7.284805775,3.955554008,2502.287566,3,25403.95399,22.17600822,9.131164551,4,288.2902527
14276,103.0593185,27.01984596,18.76692772,7.994015217,5.084461689,607.6125531,3,27627.51767,25.56140709,7.848566532,4,81.81178284
14277,127.7715607,36.8368187,24.3543911,10.45053673,6.056698799,242.9910112,3,28166.6019,26.26724625,10.67470646,4,77.29495239
14278,23.18142891,43.66756058,17.31648827,13.10728931,6.071903229,2560.654643,3,31494.66672,19.45240211,8.631579399,4,58.45561981
14279,132.7160797,29.82354164,18.06048203,7.948775768,4.844143391,624.4550471,3,28305.59587,24.31928444,8.299145699,2,250.5897369
14280,179.5607452,26.62880707,18.19115257,8.117161751,5.426630974,3402.336402,3,26707.6561,23.10336685,9.767821312,4,264.644165
14281,48.96741486,53.46034622,24.59820557,6.321717262,3.767758608,4870.386935,3,15026.60283,11.8373251,8.518941879,4,214.6138763
14282,129.2608948,25.5974865,16.00541878,8.278495789,4.828760147,10573.39715,3,6552.497989,23.79403114,7.478194237,5,106.3895416
14283,119.3277283,42.02692795,28.13615036,10.40868664,6.486960411,2128.867028,1,11778.25241,29.6205101,8.31125164,4,308.9221802
14284,237.1870728,27.4845562,19.7536068,8.572619438,6.167356968,974.1066205,3,13379.1184,25.18661308,9.730307579,5,58.19585037
14285,164.7488861,33.03972244,17.61722755,10.03695965,4.636450768,2409.126965,3,16815.03552,26.71715355,8.46778965,4,235.9634247
14286,110.194725,25.08579254,15.44860744,7.779399872,4.237545967,4239.57972,3,18674.1925,22.26254272,5.786860466,4,48.54485321
14287,119.7330093,46.46569824,27.79035759,9.426174164,4.918676376,534.9299434,3,27813.71332,24.67694283,8.362620354,4,316.0609131
14288,129.959549,25.95331955,14.77866936,6.941381931,3.502512932,5159.110586,3,17883.13494,22.70509529,6.114143372,4,90.28363037
14289,304.5660095,23.28979111,13.05599689,6.926755428,4.48375082,3023.685201,3,1984.697484,33.38267517,5.589247227,10,229.7636414
14290,142.5732269,35.17936707,27.44811249,9.904590607,5.844664574,2873.294819,1,11231.73601,28.81512642,8.876669884,4,288.9465027
14291,116.3438339,27.56832886,16.63866234,8.25976181,5.002310276,1978.981753,3,30487.80608,22.22128296,8.04020977,4,131.328186
14292,93.99099731,32.16678238,16.73003006,6.813062191,3.891187906,3566.817148,3,32784.89616,18.87886429,6.283410072,4,93.12213135
14293,51.10818863,33.98886871,17.54809952,11.67199612,6.041254997,2383.982804,3,31675.42721,20.26490211,10.27404976,4,112.5
14294,200.608139,18.2697258,13.20303917,8.557108879,5.341335773,4691.333852,3,16590.77529,32.59897995,6.765809536,4,247.7677002
14295,55.76123047,30.06285858,17.79701233,5.461465359,3.013313055,3878.126067,3,13012.70437,12.51387787,5.727805614,5,220.0302582
14296,107.8699722,21.50927734,17.81177711,10.05899811,6.548639297,8124.767295,3,9701.799714,31.36379433,8.483161926,4,169.2054596
14297,173.6590576,28.25445557,16.88614845,9.581748009,5.398524284,6303.169199,3,11234.34524,26.65781784,10.68324184,4,185.4923248
14298,147.7843018,43.33552933,25.15633774,10.0783205,5.618666172,1844.207217,1,16244.93305,26.77941895,8.025359154,4,308.7175293
14299,69.86895752,43.95619583,25.19401169,8.01804924,4.646828175,3126.801776,3,24354.04853,16.76223564,9.477962494,2,62.21607208
14300,61.76601791,42.52209854,26.88065147,9.012742996,6.009325981,3640.719226,3,24364.32522,18.63521385,10.97068501,2,231.2644043
14301,85.07462311,27.18559837,17.71443748,8.404497147,5.02613306,4719.236721,3,17383.59243,19.53778458,7.088255882,4,98.80679321
14302,9.175042152,57.5582695,23.43095016,8.824213028,3.137314558,5563.370065,3,10706.30779,12.16011906,5.394761562,4,64.65382385
14303,272.0905762,19.76647186,13.66627407,6.863323689,4.681593418,2960.601323,8,2014.552568,34.70397949,5.933467865,10,275.3430786
14304,107.1221008,29.86929321,21.03990364,7.482209682,4.250698566,1914.569998,3,26096.85696,22.04959106,6.716772556,4,86.0222168
14305,129.8376312,22.60198402,17.92484093,7.92283392,5.511534214,2237.613374,3,27021.96592,24.59508133,9.33966732,4,280.4077148
14306,114.8022385,29.62900925,16.69451141,8.942958832,4.781657696,600.0379275,3,7123.776907,25.53237724,8.021138191,2,159.1335144
14307,159.1500092,26.76898003,14.56111145,9.373268127,5.881832123,6213.042915,1,11311.4119,29.31564331,9.713769913,4,247.5508728
14308,187.5900726,35.94357681,25.76256371,10.44472313,6.45110321,5123.536626,1,12280.79376,33.50797653,9.364639282,4,67.13549042
14309,104.1133728,33.6262207,18.01479912,10.66058731,5.83156538,3954.051309,1,13553.82914,25.90552139,9.429286957,4,103.1355057
14310,104.231041,28.60135078,18.14666557,12.71160126,7.127155304,5088.389818,3,9068.180475,30.82043266,9.558621407,4,217.6656189
14311,69.85287476,25.66214371,18.70589447,9.891271591,5.144057274,3295.757967,3,24609.31989,23.46467209,10.27108002,4,104.0681458
14312,96.30600739,28.78641129,16.35761452,8.840416908,6.190201759,1249.996591,3,30509.59343,22.32443237,7.212085247,4,247.6938019
14313,68.26399231,45.57642365,20.0375061,9.991534233,5.508239269,2770.727276,3,8356.294002,16.67475319,8.338690758,2,259.8753357
14314,133.0799255,47.22793579,27.99114609,9.964087486,5.589329243,9353.821965,3,4463.923376,26.45964622,8.145311356,5,41.52008438
14315,123.8787308,31.89214706,17.6153698,11.38491631,6.158314228,3074.340403,3,13995.54446,26.91601563,9.391243935,4,200.8824158
14316,65.26061249,25.62290955,19.35359955,6.630926609,3.810138226,3078.785585,3,24846.89334,21.90211105,7.335432529,4,301.6754761
14317,98.38000488,37.93082047,28.04112053,8.224564552,4.767217159,2693.051493,1,25244.5602,25.98516273,7.493108749,4,334.2592773
14318,102.3163681,33.07714462,19.77566528,8.984462738,4.924029827,2175.737449,3,30669.48042,21.695755,8.464043617,4,245.1125946
14319,84.10062408,30.04746819,15.7144928,7.737535477,4.017822742,2977.634818,3,31495.86723,18.383955,6.326346874,4,195.1980591
14320,71.05560303,34.47221756,15.56534672,9.481438637,4.936851501,2608.473882,3,32082.33159,21.35210991,7.735073566,4,138.8654633
14321,123.3403931,29.28925896,16.14164162,8.225500107,4.489260197,4850.978779,3,17972.05579,21.89037704,7.194170475,4,109.2948303
14322,213.1755981,27.00610352,15.35070133,13.38070488,8.164010048,511.6826086,3,5811.55377,39.53495789,10.356884,2,225.2153931
14323,164.3057709,29.45494461,15.92325592,11.84219837,6.468053341,8914.361076,3,8774.685202,28.95845413,8.908765793,4,140.7106018
14324,114.3761139,28.7659893,17.31164932,10.01653862,7.035168648,3441.858571,1,7500.907555,30.11091805,9.213494301,4,234.255722
14325,77.36504364,28.50272179,15.3295145,7.676449299,4.281266689,3606.30705,3,32116.3213,19.37342262,7.180047512,4,173.047699
14326,102.4127274,29.13017082,17.85436821,8.161465645,5.735426426,2394.78427,3,25537.62784,27.12486649,7.454543114,4,283.3060913
14327,79.20886993,28.50593567,21.46014786,11.31413555,7.031684875,49.93785339,1,6285.871251,28.40513611,12.16657352,2,50.36626434
14328,115.0518188,27.60111427,15.84336662,11.00796127,5.933133602,4989.457784,3,9162.229221,33.09634018,11.16886234,4,230.8455963
14329,89.87258148,36.99106216,24.76725578,10.83274841,6.587346554,4363.314091,1,8449.028281,28.63818741,10.15516567,4,298.1237183
14330,99.13323975,30.10677719,16.78584862,8.560341835,5.019652367,892.1011847,3,13451.26625,23.26429939,8.854242325,5,114.9226303
14331,87.56077576,30.70049286,25.45097923,6.17379427,3.240432024,1434.193628,3,26756.08458,21.90007973,5.15591526,4,47.79270172
14332,94.78696442,35.75244522,24.90573883,8.240507126,4.689380646,1341.238404,3,26928.20488,22.42131042,7.600866795,4,257.4259338
14333,193.5830994,22.87021446,16.30778885,10.31955433,7.26685524,4044.768239,3,10306.60807,29.37637901,9.926588058,5,97.97342682
14334,99.13380432,32.65042877,20.92410278,8.890676498,4.935039043,5173.141626,3,11158.81746,22.71361732,9.203763008,4,78.33122253
14335,77.96887207,30.8235836,25.11499214,6.33789444,3.673788786,2785.320475,3,1781.491672,22.70482063,5.105202198,4,34.72553253
14336,202.3964233,22.43112373,15.32175732,10.54052162,6.365972042,1437.394006,3,4698.957798,27.62782097,10.07138062,4,216.8699036
14337,104.3563461,26.22101402,15.15889263,8.322437286,4.741611481,6193.98397,3,20664.26975,25.56544685,6.999537945,4,267.2672729
14338,97.46905518,31.4174633,17.56897163,8.426317215,5.295660496,3824.235032,3,32315.04128,21.4120636,7.803217411,4,268.6980591
14339,25.46757507,52.05975723,26.43394852,10.90864754,6.41417551,4667.94929,1,9490.702346,22.05858994,8.78976059,4,43.8400116
14340,49.62260056,22.80254745,16.02233887,8.309734344,5.99674511,226.5810696,3,14587.0163,30.20040512,5.783092499,5,76.42956543
14341,5.785942078,31.87522316,18.60679245,4.209867477,3.324913263,385.765417,3,28863.09749,5.471765995,2.33296299,4,210.2564392
14342,29.53225517,25.78316498,13.08229923,8.241174698,3.467612743,527.3549489,3,29042.05742,19.03880882,7.914230347,4,217.8699799
14343,117.5843582,26.55198479,17.3898983,9.67419529,5.836592197,394.8268448,3,6970.161072,14.27032471,9.271996498,2,230.3145447
14344,130.2803192,28.27689934,14.02637386,11.46358109,7.046433926,24.03187467,3,14344.1016,33.68608856,9.000440598,5,87.35253906
14345,98.2611084,41.33885574,24.77800369,11.07215691,6.163371086,1016.968974,1,15405.26138,27.13214111,8.742118835,5,307.2553101
14346,202.3734589,23.53110313,15.56999969,10.39774323,6.04507494,2464.610787,3,16908.08223,28.09862518,8.298138618,4,186.730484
14347,141.8427429,29.66117668,15.67148972,10.27136993,5.956896782,4395.565091,3,18852.70692,23.83019829,9.270551682,4,98.13010406
14348,121.4717331,30.20668983,17.49739456,7.822160244,4.475008965,4343.137128,3,19102.08546,21.33036613,7.399393559,4,229.5139923
14349,48.75953293,46.83026886,17.80590439,16.39972687,6.701518059,431.8891762,3,14807.45138,31.84460449,12.78746414,5,224.765686
14350,122.3607025,22.68928719,14.59189987,9.167904854,5.532843113,6160.598741,3,21437.57802,25.30615616,7.554141521,4,198.4349518
14351,47.11302948,28.79330826,15.944417,5.198560715,2.656235218,5174.860292,3,34134.36186,15.55729771,5.579735756,4,113.0445709
14352,35.57572556,38.42930603,18.06712151,8.940972328,5.279425144,3222.488442,3,8465.172436,16.31076431,7.953289986,2,217.6439819
14353,254.3999634,27.41937447,15.88526726,11.46558094,6.04164362,1779.061191,3,3360.309784,32.11039734,8.881913185,10,156.8778992
14354,72.58028412,29.81113625,18.32843781,10.74857044,5.833984852,7413.971549,1,10288.86316,25.44258499,8.529419899,4,221.235321
14355,69.69322205,31.54600906,15.69037247,7.766360283,5.05271244,614.1028919,3,13214.29595,16.42812347,9.509984016,4,230.8263397
14356,135.8758392,26.13783836,14.70087814,8.646313667,4.644348145,6414.156086,3,20869.88243,25.17157745,7.506808758,4,227.0274811
14357,31.56196404,54.21579361,25.72524643,8.174499512,3.943767548,5304.570512,3,10852.0672,15.93184376,4.783230782,4,325.3048401
14358,84.04026031,36.92870331,19.73810768,8.606115341,5.213050365,1369.695174,3,8105.692591,17.83811569,6.847144127,2,79.62415314
14359,241.3941956,21.32229996,12.70245457,8.081892014,5.177598476,1492.456262,3,3853.094277,32.4575386,6.92079258,2,202.2287903
14360,112.2148361,31.12099457,22.76769638,8.922747612,5.46186018,10696.08193,3,6116.795461,28.76527596,7.720361233,5,276.2634888
14361,96.13877106,25.28503418,17.61685562,7.977962494,5.433054447,279.200865,3,4769.136537,21.34389114,8.971589088,4,90
14362,97.56990051,34.33484268,22.404562,7.412651539,4.239897251,1260.387807,3,3295.622642,18.25482178,5.732843399,4,308.5169067
14363,115.2912827,30.58102226,15.92662334,8.245461464,4.442664623,1601.323748,3,3211.000756,19.57510376,7.02273798,4,191.5601196
14364,111.9139175,26.34429741,16.5551815,5.836705208,3.569308996,4098.953352,3,802.2172139,17.91917229,5.399403095,4,86.58341217
14365,66.86543274,29.91762924,17.05166626,8.393561363,4.559542656,181.174311,3,29386.70571,22.9151001,6.4410429,4,291.3706055
14366,27.8019619,38.79485703,20.41433144,11.64601231,5.624150276,393.4774076,3,29695.29602,18.95756912,11.01404667,4,101.9761353
14367,107.027153,42.66299057,26.24142838,7.540213108,4.229628563,4328.2039,3,11956.31764,16.3890667,9.891184807,4,37.13092422
14368,68.29904938,34.86796951,18.2519207,8.737401962,5.583474636,1146.463132,3,7614.647479,17.16045952,8.128328323,2,206.5650482
14369,131.6030731,26.20550728,18.05361176,9.309794426,6.167394161,5222.2288,8,9.468922069,25.11867523,11.58147526,5,241.504364
14370,32.91329956,47.49691391,27.55495644,8.294347763,3.86963129,8518.666986,3,3714.803212,13.09533691,5.617826462,5,328.240509
14371,133.1935272,29.91552162,16.51062012,8.918153763,5.114478111,10280.25516,3,5860.619387,25.37197685,7.900684834,5,206.8973541
14372,107.9209747,31.5848999,21.41416168,13.02368736,8.098896027,617.5694752,3,15007.39376,31.76794624,11.36774063,5,246.8014069
14373,87.5785141,29.54764557,17.56778717,10.28172207,6.075891972,682.4151302,3,30190.72974,26.35572243,8.160077095,4,160.1148376
14374,71.4877243,28.44100189,17.27710152,8.047749519,4.74473381,3301.008122,3,22219.79661,21.15011978,8.842577934,4,82.85447693
14375,85.37269592,25.9805851,16.13868141,6.990280151,4.381358147,3644.202593,3,19474.15423,18.70749855,6.966943264,4,208.2396698
14376,66.16654205,33.6346817,20.47637177,5.66377449,3.572259426,3702.254602,3,13302.4472,13.66274261,5.772101879,5,108.4349518
14377,180.6382751,25.39512444,15.80958939,11.9853735,8.449604988,537.0908117,3,5677.824251,39.34127045,11.39646244,2,211.3286896
14378,123.1581421,27.57214737,16.42448044,7.703812122,4.610373974,1291.144357,3,12645.5429,24.24305725,9.756374359,4,230.0289917
14379,14.40183067,34.41637039,20.47057533,5.531593323,3.196286917,251.3863083,3,4313.692498,11.54325676,3.928650141,4,253.2645264
14380,292.8163147,32.87612915,24.66397476,9.211078644,5.522186279,1423.50833,3,12957.54898,27.49572563,8.972249985,5,45.4896965
14381,26.43959999,32.62400055,17.39219093,4.840322018,3.071872711,4554.131493,3,34039.87051,14.31511307,4.092048168,4,102.3390884
14382,14.0967989,38.71355438,20.65175247,6.380451679,3.230807781,5207.259266,3,11025.12124,16.75248718,3.665134907,4,53.65254211
14383,51.92446899,38.6758194,18.33327293,9.084105492,4.821521759,3041.921104,3,9090.4435,18.83042336,7.82141161,2,135
14384,105.0649567,48.5230751,26.98852539,11.18807983,6.935971737,8887.495534,1,8917.594287,32.71661377,9.976092339,4,21.86430359
14385,134.1938934,38.04242706,24.57804871,8.058887482,4.770104408,4350.663444,1,10111.35411,27.10515594,8.498311043,4,55.37108994
14386,158.647934,41.1647377,29.01094627,9.658107758,4.875080585,4595.176959,1,9900.769338,29.31096458,7.50701189,4,324.9928589
14387,199.9450073,33.07487488,22.51478004,9.645962715,5.820598125,2364.685959,3,16833.95215,26.8712635,8.552635193,4,285.3442688
14388,119.5266266,43.32081604,27.20738983,8.0588274,4.592866421,694.1571315,3,28586.40757,20.90514374,7.659207344,2,318.4682312
14389,57.19563293,33.20737457,16.41606331,7.147408962,4.515973091,4381.087355,3,12108.98105,14.63157082,8.482596397,4,81.19320679
14390,43.76261139,39.51543808,15.3729496,13.10460567,6.650999069,8770.79019,3,9003.518689,27.88271713,10.69493771,4,130.3555298
14391,136.9603577,28.72751045,17.32930756,11.53260994,7.027977467,2195.94188,3,14788.89023,30.96974564,10.06014824,4,190.5915222
14392,101.3080139,29.66497612,14.17227554,8.538297653,4.638176918,2584.560824,3,888.776286,21.81286812,7.106982231,4,217.405365
14393,137.790741,28.16186905,16.65390396,10.76630211,5.560616016,1264.101399,3,2003.460194,26.69424629,8.652632713,4,211.4580994
14394,204.7253723,22.8146801,14.0890379,7.957386494,5.577896595,1218.106334,3,13148.11701,24.04755402,9.713795662,5,105.3684616
14395,36.26241684,33.9622612,20.01627922,10.77005768,7.183152676,213.2404406,3,28713.4191,19.57351494,11.77013016,4,47.180439
14396,108.3141861,27.40849686,15.75117016,9.37491703,4.372737408,1383.699085,3,29917.8955,24.64890671,7.396330833,4,183.5166321
14397,128.7173004,32.78668976,18.58366013,10.12402344,6.124577522,500.5956607,3,29012.43981,25.66943932,8.922243118,4,247.6938019
14398,99.62833405,34.50521851,18.92136574,7.811813354,4.110729218,81.35625458,3,29819.26379,19.26777458,7.295295238,4,280.7843018
14399,64.27037048,29.39668465,17.52621651,9.163665771,5.238372326,3396.683532,3,24348.16316,19.55470657,10.36758614,2,114.6768646
14400,76.49102783,40.64758301,29.14485741,11.81017494,8.259343147,8335.983786,1,9466.302037,31.87440109,10.70257282,4,19.57312775
14401,134.7192383,30.40513992,15.4650507,10.62075996,5.570039272,2462.958031,3,14426.52631,30.16650391,9.2573452,4,144.1623535
14402,128.992157,27.54334259,19.81612778,8.182573318,4.477358341,914.0840733,3,5452.754522,23.5177803,8.306646347,4,244.5024414
14403,73.85696411,33.07221222,19.7685585,6.927331924,4.039355278,1096.982639,3,3587.116893,15.88271999,6.783344746,4,305.8773804
14404,158.0048218,27.85708618,16.89255714,7.679839611,4.338249207,5154.61773,3,8904.767007,20.89219856,8.073224068,5,116.9958344
14405,70.90390778,27.32921219,16.13957214,7.206521034,4.041149139,3695.804203,3,33399.03562,17.85666084,6.502432346,4,188.6040497
14406,96.2252655,29.27590561,17.2443924,9.747422218,6.849222183,4600.532071,3,18821.06016,25.32365036,9.092514992,4,238.749054
14407,89.28616333,26.91562653,21.01820183,7.596922398,5.043950558,4767.507481,3,11383.08416,20.03331375,7.04970026,4,51.22267914
14408,111.9040833,30.49016571,21.41154289,8.3245821,4.585326672,4806.801323,3,10277.46038,19.97335243,7.027802467,2,51.20344925
14409,155.9986725,30.15144539,16.55438232,11.52465439,6.482694149,9287.013781,3,8403.561601,31.45151711,9.508374214,4,90
14410,53.07421112,37.97360992,28.25955391,10.10651779,7.475025177,4915.460942,1,9384.311326,34.2174263,7.827574253,4,36.17025375
14411,74.49784088,32.58491898,17.83860779,7.908396721,4.310872555,1012.457627,3,3600.256463,18.13833809,5.980873108,4,214.2625732
14412,111.5817871,31.6155014,18.83475304,9.103294373,6.021753788,99.45103644,3,28464.96831,25.97550964,9.373269081,4,62.73023224
14413,35.96539307,24.88989639,15.67080021,5.212995529,3.158346653,513.9625224,3,29075.82519,12.41543579,7.267107964,4,239.0362396
14414,154.5210114,26.48840523,15.93946457,10.27619171,5.355351448,9528.299134,3,8192.89546,30.28421021,9.690195084,4,104.9242401
14415,149.1656342,51.09972,27.50710487,11.28677177,6.460338116,9618.947533,3,8137.049222,32.06785583,9.139403343,4,55.06632614
14416,100.4813919,34.34791183,19.00183296,8.516119003,4.006353855,5083.76536,3,33979.34756,21.77419853,6.30967617,4,39.24134064
14417,119.0530243,24.17204857,15.19250011,8.36024189,4.605519295,4366.43684,3,21420.61244,21.59572411,7.470497608,4,159.7751465
14418,63.19409943,35.73707199,19.37373161,12.0348711,6.72961092,4683.037279,3,19973.36763,28.17388153,9.638298988,4,214.5085144
14419,244.4455261,18.96987724,12.67838383,7.96286869,5.212530613,3908.233512,3,16728.1342,30.11185265,7.310827255,4,250.3777466
14420,74.56784821,38.05822372,23.48241234,10.10642529,5.823552132,3496.239769,3,9971.511823,24.37012863,8.660326958,2,49.15561295
14421,112.3578796,27.54541779,16.66482353,10.57112217,5.878561974,1499.188229,3,15919.40443,28.76131439,8.297065735,4,171.8699036
14422,28.64138794,28.21168518,18.1477108,8.734145164,4.424652576,4138.062808,3,33757.1144,18.82635498,6.660458565,4,202.5741272
14423,36.40102386,56.30200577,24.32022095,11.32226563,5.683630466,4950.085876,3,11088.27633,18.15038681,7.499849796,4,303.8026733
14424,112.2897568,32.58167267,17.6548233,8.374845505,5.310127735,8914.450658,3,4335.474493,21.84605598,7.105872154,5,93.04512024
14425,43.27211761,42.53681946,18.90593338,12.10433292,5.502554417,7755.922794,1,9925.114536,24.30690575,8.207539558,4,56.61148453
14426,298.3510132,22.86393166,12.61236858,8.50587368,5.46645689,4635.320568,3,7843.634991,26.16755676,6.978009701,5,223.1118164
14427,118.5991058,27.1097908,16.46773338,8.399730682,4.845185757,4067.414601,3,23789.24319,24.39154243,7.771498203,4,68.96248627
14428,98.02818298,27.94055748,14.38258362,6.539061069,3.588790894,4908.10576,3,34038.21952,20.05796432,6.112486362,4,97.89576721
14429,86.19333649,30.57176018,18.09203339,9.494091034,5.341589928,4055.481875,3,17630.24409,20.28439331,7.564195633,4,82.2664032
14430,197.7718964,32.57675552,18.60843468,10.23778725,6.347282887,2415.628278,3,14406.34451,22.09297943,8.983213425,5,126.8698959
14431,87.04876709,48.96343613,26.4868412,8.546970367,4.708178997,4068.150972,3,10629.07155,18.59251022,7.067368507,2,231.4758301
14432,92.76637268,38.52515793,14.4559927,13.26098061,7.481451035,1151.738669,3,4913.765875,35.19819641,10.16674805,2,230.1555786
14433,123.0329742,24.86438942,16.8632679,15.84658432,8.176399231,672.253132,3,5248.539885,41.28737259,12.86951256,2,188.0285034
14434,121.2721024,43.33460236,29.09984016,8.385639191,4.633938789,3825.764816,1,8072.535353,21.45133209,7.438112259,4,37.82533264
14435,70.98717499,23.92830849,13.57652855,5.540929794,3.110630989,3466.083973,3,1456.570644,16.24407959,5.531072617,4,99.58778381
14436,145.9486847,23.94149399,15.76253128,6.968117714,4.170541286,3693.942047,3,1286.405796,17.40612793,5.963722229,4,64.29004669
14437,92.97157288,28.05517578,17.52088737,8.309781075,5.040000916,5309.041238,3,19757.32644,25.60129356,7.471414089,4,296.0415649
14438,77.24629974,54.79375839,29.27415276,9.613972664,5.996832371,5846.053322,3,20281.71827,26.72167206,8.259913445,4,323.2594299
14439,112.0527649,25.47031784,16.08149529,7.101500034,4.392617226,4331.585139,3,32800.40388,20.74035072,6.857233047,4,216.0694122
14440,136.7495422,30.94681549,17.56625938,9.080204964,5.948293209,4528.865572,3,18019.61485,23.12692261,6.735244274,4,75.52970886
14441,84.54226685,39.81087112,20.18403053,10.6713438,5.744104862,1350.132936,3,8520.823676,19.99822617,8.726903915,2,180.4259033
14442,123.6043777,31.22550011,16.00149918,10.0359211,4.65674305,1508.001401,3,15282.18113,25.69308472,8.82806015,4,185.3145447
14443,62.66713333,39.340065,19.81972694,11.17149925,5.09499979,4942.975378,3,8974.926545,23.76918411,10.00860691,4,159.3690948
14444,116.847847,40.51730347,26.76756477,10.19618607,6.094113827,2572.322041,1,6973.096176,29.15403938,9.375902176,4,291.6711731
14445,106.8956223,39.14841461,28.53715324,9.687450409,5.101192474,1740.089855,1,6448.179823,24.53443718,8.735969543,4,36.42679596
14446,137.0502472,25.94415283,13.40676403,11.90503502,7.201717854,1663.167322,3,4917.350941,29.82222557,9.507743835,4,227.6025696
14447,79.95218658,26.5087986,17.64308548,8.297771454,4.797506809,5887.106717,3,21813.22839,23.78811073,7.137147903,4,270
14448,61.38704681,29.19373322,20.98537064,7.348184109,3.675677299,3257.568207,3,24677.3592,19.41624641,6.23634243,4,248.9539185
14449,16.9532814,37.1924324,17.26841545,7.123374939,3.741642952,4196.239218,3,33913.95669,14.06932354,5.65504694,4,67.10945129
14450,48.16594696,27.30270004,15.59450531,6.025560856,3.649637461,1699.250685,3,31389.9339,13.13016415,5.926793098,4,203.9624939
14451,65.9641571,41.57286835,19.75830269,7.979243755,4.803978443,1448.437308,3,8862.416379,17.60302925,6.60286665,2,76.34461975
14452,345.6740417,21.68557739,13.95942879,7.864893913,4.939465046,1883.631235,3,3067.083062,35.54624176,6.947571278,10,252.9425354
14453,172.4838409,41.02040863,24.04066658,12.72537804,6.554825783,5204.028841,1,9495.454077,35.47538376,9.558013916,4,303.215271
14454,33.29136658,25.39021492,11.56373405,4.077127934,1.623988152,4218.415578,3,505.6185034,14.4482317,2.140016794,4,113.6820831
14455,99.37715149,30.21146584,16.7080822,12.19436646,8.116775513,1779.544611,3,5015.877386,27.16587448,13.68067074,4,161.5650482
14456,18.91302109,36.7732048,24.14423943,7.930927277,4.503410816,3563.68246,3,24366.43984,16.52713776,4.99548912,4,100.4374771
14457,114.8164673,26.66003609,17.81219292,7.428465366,4.660404682,2820.626805,3,25209.46038,23.17374229,7.283758163,4,256.2637329
14458,47.29626846,28.52534866,18.09472275,8.364899635,4.909980774,653.5364426,3,5531.707469,31.4622612,4.713562012,2,163.9509888
14459,89.67167664,24.91133118,15.89809132,14.34449768,7.664998531,420.8115639,3,5651.842313,34.50291061,9.673930168,2,160.882843
14460,166.830368,33.38961792,23.36432266,10.34023952,6.200706482,4934.403619,1,9777.760887,33.25606537,8.984438896,4,53.07360077
14461,43.83416748,48.37269974,29.77871704,10.19107151,7.056931973,5000.586489,1,9112.764581,30.72900581,9.501209259,4,21.16126251
14462,62.91419601,32.06048965,18.89548302,9.021822929,5.193533897,611.7521009,3,4164.001816,19.61433792,7.417668343,4,232.65065
14463,109.9280472,28.17127419,18.24863243,6.863881111,4.03101635,4144.467591,3,621.4499408,18.33348846,6.403398037,4,90.24484253
14464,74.01018524,27.45556641,15.03525257,8.15398407,4.504143238,3415.801158,3,168.7511909,20.80540848,5.920917034,4,202.5741272
14465,131.0840302,27.5454731,16.8813591,9.557460785,6.688845158,1650.428179,3,1629.959655,24.08535004,8.189516068,4,92.38594055
14466,123.6618423,28.04973602,19.42854118,13.38681316,8.4214468,638.3194943,3,15050.64379,35.18465042,12.12076283,5,250.1374207
14467,120.1731262,26.06318855,13.83244133,9.434945107,4.688935757,4019.591191,3,18487.07488,23.96049881,7.051009655,4,143.6797638
14468,50.39971161,24.26533508,12.10948467,6.142498493,3.122589827,3825.647863,3,24104.96794,17.81923103,6.647836208,4,115.3769455
14469,210.3611755,28.43281364,16.70198631,8.9812603,4.846487045,3624.14072,3,15432.99632,24.11859512,11.57866383,4,152.6547241
14470,225.9539795,28.00149345,16.56719208,11.07033253,6.164033413,9203.151903,3,8587.414449,30.40697289,9.309887886,4,122.7638855
14471,193.994278,29.64253807,16.14276505,9.248362541,5.069704056,4088.097081,3,7326.620756,28.68996048,7.440201283,4,261.2538452
14472,135.7393188,45.97572327,28.46686172,8.735806465,5.106218338,3163.388464,3,24935.97867,22.16888618,7.474236488,4,249.2277527
14473,54.44174576,37.7250824,19.80834198,11.03893852,6.335587025,4714.749504,3,20169.8994,23.92421722,9.07278347,4,77.42106628
14474,103.9658203,31.82587624,18.8260479,14.22931767,8.078032494,7397.761691,3,2596.670382,30.51502991,13.31830692,5,105.5725403
14475,11.93327045,51.54889679,23.04711533,5.64293623,3.711260796,199.8498499,3,13790.16394,7.619260788,5.396310806,4,48.39152527
14476,93.25704956,32.78874969,23.77399635,7.627177238,3.974591494,3439.775823,1,7928.361686,22.20114517,6.68970871,4,42.61405563
14477,142.8949738,27.0764904,15.60406494,6.55341053,3.92929101,2000.480569,3,2923.184607,17.7144928,6.4721241,4,268.3634033
14478,117.6693115,29.40047264,17.85573578,9.240268707,5.861698627,845.1415822,3,4082.138502,22.93755341,10.1433754,4,259.2156982
14479,189.5654602,23.83952332,16.27943611,9.269999504,5.772621632,3423.182496,3,10941.20882,28.85826874,8.339803696,5,245.8285522
14480,195.5991058,25.17266846,15.71098614,10.99514389,8.003354073,93.95280816,3,14293.85066,30.57008743,9.485030174,5,64.270401
14481,59.85770416,37.28033447,14.44403076,9.737895012,4.365631104,94.7714327,1,14495.57471,29.34548569,6.221274853,5,41.03534698
14482,293.9972839,24.06547737,14.29867458,8.442881584,5.582858562,369.4764892,3,14047.73959,30.33467674,7.307386875,5,66.85813904
14483,103.8335648,27.93990898,17.70658684,6.556879997,3.536316872,4875.677953,3,33873.03848,20.01006126,6.322679043,4,39.16708374
14484,120.6605148,27.55133438,15.90635204,7.450351238,4.188210487,4052.939954,3,18174.8386,20.68750191,5.810192108,4,87.27368927
14485,48.50585556,32.23467255,18.39141464,6.017968178,3.24674964,3636.444888,3,12906.25826,13.21444893,5.494810581,5,183.0127869
14486,236.875946,15.90624714,11.81154442,6.69926405,4.687156677,728.2448578,1,6941.280577,30.16275406,6.865848064,2,14.74356079
14487,22.91031647,27.22532082,10.89313602,8.602219582,4.115041256,728.9708903,3,5340.588814,30.56467247,5.27959013,2,205.657196
14488,325.5001526,22.38002586,15.75034618,7.818930626,4.878763199,1906.846062,3,3968.786771,34.09320831,6.835843086,2,225
14489,74.90144348,28.42403412,18.86815834,10.99975491,6.455750465,7295.568411,1,10262.13561,28.07468987,8.886144638,4,190.6473694
14490,135.853302,36.72891235,21.34096146,11.54107094,6.469868183,3371.485323,1,13401.8179,27.27857018,10.31454659,4,63.80136871
14491,110.3324432,25.83843231,17.80675507,8.052433014,4.691921711,3052.98937,1,10961.62488,29.06182861,6.240161419,4,294.3615723
14492,164.0900269,32.15829468,19.75153542,10.17349529,5.817452431,4189.827467,1,8648.827859,30.26750183,8.839324951,4,265.9504395
14493,130.0805206,49.04697418,27.09913063,9.513623238,4.622671604,1260.700749,1,5848.667972,24.17568779,7.423583508,4,275.5939636
14494,94.82822418,21.10497093,18.40600586,8.079619408,5.890186787,9.624790275,3,4751.035071,26.43360329,8.808665276,4,68.62937927
14495,29.93286324,18.97462845,5.851351738,6.200741291,3.102778435,5481.858238,3,8801.163738,21.03581619,4.227040291,5,206.84729
14496,155.6277008,23.03345108,15.03562164,7.122056484,4.111342907,4567.524794,3,9441.493574,21.10451698,6.281429291,5,210.0049133
14497,47.67843246,29.53035927,17.09489059,4.816447258,2.819783449,604.18735,3,29136.08018,12.78969955,7.687557697,4,234.7275848
14498,92.88652802,23.77541542,13.35176849,5.470498562,3.407392502,4509.552433,3,34165.42136,19.32901001,5.571050167,4,72.80146027
14499,103.827179,60.24690628,22.66093445,8.821697235,4.363445282,4316.423968,3,34256.93911,18.82167435,6.670030594,4,41.09950638
14500,205.0969849,25.47722244,15.80574512,8.16409111,5.225096226,3365.590866,3,15638.08831,27.53583717,10.07077217,4,93.4238739
14501,99.80690765,41.79378891,23.98366547,13.46903706,7.191802025,7450.159933,3,2700.098906,26.6220417,12.48062611,5,108.0237656
14502,149.3056183,28.71169853,22.0872345,8.928180695,6.161150455,7858.271842,1,9687.385552,29.92422485,8.252761841,4,44.75722504
14503,75.64324951,51.56272507,25.1771698,12.5956316,6.970754623,490.8917108,3,14723.37157,21.20360947,12.37827396,4,71.56504822
14504,210.3734741,19.80533218,10.12318611,7.804352283,4.346025944,5011.59716,3,8165.031619,24.64196014,6.28574276,5,211.177948
14505,153.9957428,22.58577156,16.12303734,9.07058239,5.840182304,4756.372979,8,451.6654493,28.30554962,10.83393955,10,114.4439545
14506,84.59991455,49.71894836,27.87099648,13.68739223,7.882261276,2612.84862,3,5839.392821,30.78171349,12.99906731,4,253.3007507
14507,110.2046814,31.48306465,15.56549072,10.88086414,5.94271183,3286.978041,3,6510.266824,26.86547279,10.24123096,4,232.6668091
14508,103.6511002,46.54812622,29.42331505,8.533173561,4.833277225,6562.603542,3,20885.18638,21.17805862,7.690330029,4,36.99526978
14509,109.7839966,23.78095245,15.51607418,7.158664703,4.726220131,6406.511158,3,21429.60615,23.68265343,7.43024683,4,276.5933838
14510,51.2542038,35.68994522,25.33189392,9.478370667,6.417697906,3606.671588,3,24338.8331,22.96384239,9.325704575,4,290.8977661
14511,64.0453186,33.06549454,16.76260376,7.439432621,4.32722044,2737.653941,3,32859.75287,16.24155426,6.392660618,4,114.8648987
14512,65.27841187,31.85533142,17.50843811,9.566390991,5.229954243,872.8751559,3,30779.1234,23.2527523,7.423624516,4,197.5008545
14513,113.2039795,32.46368027,16.85964394,9.888929367,5.465816498,1961.92618,3,28295.84963,24.80326271,8.741832733,2,206.8448944
14514,7.482479572,39.01327896,14.09969807,4.884880543,2.672829628,3662.0158,3,22583.74744,6.83897543,3.836003304,4,133.3167725
14515,109.9350739,27.02514648,15.00830936,6.38698101,4.266653538,4316.909387,3,22809.78262,16.13372993,8.626612663,4,158.1330719
14516,352.9399109,22.41316032,14.47044277,10.24683571,5.933240414,3544.774896,3,1467.526287,32.11276245,9.673108101,10,182.9108276
14517,106.3870239,31.63653183,20.28585625,8.360015869,4.933720589,9702.277553,3,5225.405298,23.57779884,7.690400124,5,79.18612671
14518,105.7053909,30.08161354,17.32203674,8.972642899,5.009595871,9298.606289,3,4730.843626,24.57615471,6.955162525,5,214.8753357
14519,127.646698,26.56162071,13.86054516,7.509538174,6.085432053,1468.475225,3,12608.95744,22.53012848,11.19220066,4,271.041626
14520,27.86855507,33.49154663,21.18576622,9.06388855,4.844017982,4791.942153,3,19250.81799,21.06058884,8.965252876,4,233.4550323
14521,74.45740509,37.57660294,26.13759804,8.668398857,4.804622173,2144.164436,3,32568.18056,24.02346802,8.30168438,4,294.341095
14522,43.28991318,53.7373085,28.93446922,13.99483776,7.199511528,2183.222404,3,32115.84754,25.87815666,9.788575172,4,336.2092285
14523,80.54915619,28.88479042,17.50850105,6.029135704,3.6151793,4547.742817,3,22670.69728,16.61845207,7.499106884,4,236.8420715
14524,107.3865433,32.98794174,20.0225811,6.2636199,3.872087955,4513.193027,3,21936.7841,16.13472557,6.545596123,4,82.7217865
14525,75.20926666,29.94684219,16.34832573,7.160033703,4.29449892,4781.584145,3,20482.90616,21.19836998,5.462537289,4,131.2686005
14526,137.526413,30.21050072,16.99666595,9.595894814,5.491846085,4750.265767,3,10830.03725,22.80763626,8.749128342,2,103.701416
14527,135.5482635,27.15994644,18.3435688,9.661693573,5.357097149,5415.47426,8,16.67856125,23.75076103,10.01002693,5,155.1706543
14528,132.2865143,24.34904861,15.50065994,10.21643543,5.939838886,5939.88554,3,11297.87029,30.99218369,8.519278526,4,169.5634766
14529,91.58143616,32.40871429,20.19390297,11.91618538,6.502241611,773.4862021,3,14879.1365,27.6042614,10.91225529,4,119.8641663
14530,158.0954285,25.84827232,15.2884922,6.980100632,3.838683605,4969.210023,3,22922.98156,22.35103798,6.898709774,4,63.18353271
14531,144.2752991,21.21093559,11.43212318,6.560513496,3.292589664,479.0773367,1,6741.347201,30.48262787,5.265154839,2,42.16653442
14532,16.11128044,22.72680283,14.40613461,5.048190594,3.826674223,7926.184295,3,3200.313922,15.88513851,4.083883286,5,121.6074982
14533,168.4645233,42.40208817,27.49282837,10.30094147,5.994092464,4592.161134,1,9143.469996,30.94993019,9.029379845,4,43.04748917
14534,187.1885834,26.1041317,13.89744473,8.888391495,4.76241684,4330.662423,3,7491.522891,25.01781464,8.090518951,4,231.4939575
14535,31.27342796,24.55443764,11.85950184,8.135986328,3.51737833,4590.629585,3,19057.85369,24.34332085,6.340177059,4,103.4345016
14536,67.63800812,31.5606823,18.69898796,9.875490189,5.221761227,4494.825896,3,18951.0929,22.44981003,7.783723831,4,64.0934906
14537,12.79428768,20.67563057,9.125265121,4.824054241,2.042769909,544.3279206,3,29094.13524,10.44297218,3.586248875,4,239.3493347
14538,6.832459927,51.96698761,22.15322495,4.244208336,2.64663291,560.5135614,9,13573.94378,5.050285816,3.786028624,4,256.2637329
14539,82.6416626,40.90082169,26.64058876,10.08034706,6.304996014,1540.950382,3,31806.14865,25.02689362,8.177703857,4,34.11447144
14540,66.99411774,40.45568848,27.74604797,15.2207489,8.166589737,378.5968994,1,5525.508142,34.49481201,10.40425205,2,174.3929443
14541,119.7609253,27.89880943,14.85680676,11.12236214,6.106712818,1953.623419,3,12220.68173,34.47346497,10.83282852,4,256.9081116
14542,28.48375511,32.59733582,17.83832359,11.29206085,4.734728813,2638.370941,3,5870.609099,21.58536911,7.476554394,4,211.1389771
14543,109.5380096,28.98197174,15.82973671,9.626781464,5.072304249,3886.18921,3,18356.38625,23.80566406,7.699133873,4,63.43494797
14544,120.5008392,35.19417953,22.83125877,9.892289162,5.674553394,4104.534249,3,32553.38143,25.31409073,7.716297626,4,312.1517334
14545,40.76558304,34.02183533,17.62597466,11.60086823,6.468358517,459.6565588,3,30623.90864,25.66729164,8.009488106,4,142.4813385
14546,136.0786591,24.07243538,12.53472328,6.449948311,3.986068964,555.0378625,3,29493.02845,16.75950623,6.722872257,4,270.2220764
14547,92.79260254,29.41046524,18.63869476,7.841799736,4.404318333,76.49636606,3,30351.30757,21.2359066,6.97774744,4,292.6358337
14548,120.4684601,49.16362762,26.84820938,11.70741367,6.230766773,522.6601952,1,29203.09675,26.29970169,9.606949806,4,335.3863525
14549,134.9986725,22.24789429,16.68244743,8.21314621,5.335288525,3745.59575,3,23649.94128,26.16157532,9.317298889,2,73.21735382
14550,71.12966919,31.09492493,16.15800476,6.380755424,3.3539958,5176.337918,3,19692.42002,14.66275787,5.218521118,4,174.2072144
14551,89.55970764,31.58800888,14.2655201,9.92515564,5.149949074,465.7779673,3,7127.775137,27.72608376,7.307798862,2,219.9509888
14552,63.11409378,41.53874207,25.2019558,12.54270744,7.458327293,292.9084613,3,7935.32957,26.31430054,13.05532074,2,285.8430786
14553,129.8925781,35.41333389,22.37430954,9.334417343,5.540201664,1382.822656,2,12972.68262,27.4909668,9.430798531,4,293.5178223
14554,181.0322876,29.39875412,18.81969643,10.44538593,6.078503609,2838.477866,3,11614.78969,29.15444946,9.585412025,4,196.5092621
14555,249.4526062,23.34094429,13.85095406,9.28819561,6.839160919,616.899503,3,13778.25891,30.36240196,8.458343506,5,86.22146606
14556,141.1624451,24.26543045,15.41185474,8.81311512,4.603030205,5460.247005,3,22446.52843,26.62278366,7.255642414,4,141.170166
14557,22.6203537,29.13749504,16.48651695,5.137044907,2.589146376,3067.3857,3,31544.3387,12.42789364,4.228049755,4,161.8302917
14558,104.3256073,33.2767868,17.82231522,8.668204308,5.771279335,1967.443756,3,28701.0656,22.02266121,10.4443655,4,104.5657654
14559,31.1783905,35.05270004,16.13157463,9.071208,5.168474197,59.97835441,3,7810.606629,18.66424561,9.406146049,2,132.0350037
14560,7.808470726,41.29092407,22.87222481,5.290000916,3.224967718,571.5510748,3,13509.958,6.20353508,4.2015872,4,282.4906311
14561,9.171115875,41.62977219,15.52704144,5.549868584,4.832165718,651.1040648,3,13538.04402,6.449343681,3.659082174,4,228.4059753
14562,110.0487366,32.50219727,17.91777229,9.66566658,5.497057438,2481.04086,3,804.3274893,21.26504326,8.012558937,4,194.3493347
14563,68.47173309,25.32398605,14.93975067,6.930469036,4.225203037,2715.142703,3,31218.24132,19.84019279,5.587381363,4,108.2825699
14564,127.2415543,27.22179031,16.50451279,6.701077461,3.609024286,4010.49571,3,32380.45704,16.70827484,5.576974869,4,174.9616394
14565,142.4273682,26.74826431,18.11788559,7.66681385,5.388726711,4661.434615,3,24691.85182,22.76538086,8.405771255,2,77.47026062
14566,17.08810425,41.13405609,19.93307304,3.126603842,2.004149914,282.8162997,3,13835.38419,4.414934158,3.334348202,4,84.47245789
14567,115.2409668,38.02440262,16.84127998,10.04643345,5.445679665,2162.809972,3,1094.9638,22.57497597,8.010187149,4,118.495636
14568,36.44784546,31.6443119,20.71413612,8.086718559,4.56867981,3882.715513,3,33851.10719,19.43887138,6.896081924,4,55.15426636
14569,116.4648285,46.44710159,27.32217979,7.957913876,4.741453648,3972.540145,3,34348.90152,20.68867111,7.28551054,4,36.25383759
14570,51.49059677,35.57249451,19.79770279,6.058677197,3.567800999,3418.046566,3,12879.84809,12.25156212,5.690940857,4,254.7448883
14571,58.25110245,28.81400871,21.95503616,6.410688877,3.660906553,4259.793271,3,11872.25182,16.51827621,7.230295658,4,39.82047272
14572,121.4688721,26.7726593,16.49261093,8.493507385,4.29899168,3511.908117,3,17848.65428,21.43240166,6.778839111,4,190.568573
14573,37.12340927,32.17366028,19.16901588,10.5830822,5.897845745,2997.333513,3,33238.26098,21.83651543,8.318258286,4,185.0180969
14574,14.6837883,39.33876038,16.91592598,9.723665237,4.760929108,3427.104691,3,33581.33784,17.95676422,6.802026272,4,48.78713608
14575,195.9202118,24.22547722,14.8448019,9.216423035,5.572662354,2980.810643,3,16190.49782,31.54939461,8.608448982,4,116.9662018
14576,118.8870316,49.5044632,30.21877861,11.05044842,6.23030138,164.2690105,1,5748.231176,38.7972374,10.27698231,2,337.0054016
14577,174.2814789,18.03236008,10.7785778,6.560407162,4.037439823,1458.118602,3,3801.916927,32.73271179,5.914507866,2,215.436615
14578,120.5488892,33.92425156,17.85025406,12.83963871,9.970326424,7063.048316,8,2354.388815,26.22753716,14.10890484,5,97.02839661
14579,104.3718643,29.96433258,16.84521484,11.32972431,7.349776745,1632.467322,3,15016.89688,32.2917366,9.38122654,4,90.21952057
14580,138.3721771,28.52360344,15.45644474,9.398097992,5.678934097,4025.33241,3,18395.24731,25.71749115,7.448503494,4,120.9030609
14581,143.8803406,27.60226059,17.424263,8.448872566,4.727945805,5684.939445,3,20060.68381,24.59701157,8.002799034,4,237.5288086
14582,12.0236311,34.2887001,17.56382179,3.882942915,2.314093351,3924.449994,3,24020.8314,7.231722355,3.007293701,4,81.42080688
14583,94.65869141,28.79836082,16.55182648,7.831196308,4.073390007,4108.020964,3,34354.75641,22.72288132,6.550193787,4,92.57914734
14584,45.21749115,60.22224045,21.09558296,9.533262253,4.664180279,5155.646746,3,20410.80391,19.56875038,7.658100605,4,54.33667374
14585,92.15111542,27.91828156,15.74041271,7.750702381,4.437421322,5228.127642,3,20308.01595,20.49550247,6.415582657,4,54.46232224
14586,178.069931,23.86701775,20.24174309,8.766154289,5.814838886,212.5142038,1,6367.916305,29.37514877,7.400271416,2,29.86416626
14587,257.1444092,25.51007652,19.11482239,9.829473495,6.401050091,831.6839794,1,6461.32683,38.93266296,9.036873817,2,302.4302063
14588,111.235733,19.35899353,15.02238941,11.12338638,7.905499935,670.5180245,3,4905.602299,35.44987106,9.263444901,2,187.1250153
14589,25.09957886,38.62744522,19.90610123,7.545038223,5.489724159,196.4479009,3,14084.85937,10.63406754,8.149655342,4,142.594635
14590,116.0009842,28.51717949,17.96515846,8.576196671,5.533346176,668.0687993,3,27863.77142,20.39063072,9.057435989,4,150.4034271
14591,75.20237732,26.60768509,18.10746574,8.141450882,5.139837265,2503.959587,3,30964.06111,21.06896973,8.197532654,4,115.559967
14592,110.0553741,23.51235771,17.7922821,9.143449783,6.074475288,222.1534282,1,5513.306607,36.59888077,8.054018974,2,51.16783524
14593,28.00081635,39.01090622,25.33392525,15.89958668,7.397288799,424.5422115,3,5263.855046,25.81237793,12.76149178,2,195.7887115
14594,127.1217041,25.20677185,17.24451447,10.09785748,6.321077347,5607.070413,8,351.0255151,29.92877197,11.79176235,5,235.859314
14595,115.8422394,23.95757675,14.80446243,6.890372276,3.800824642,3611.315282,3,1468.306535,19.74703026,6.740325928,4,129.4724579
14596,154.8985291,26.41057396,16.42783165,8.194676399,5.448095798,3935.280381,3,26599.27229,22.08348656,9.969144821,4,144.3223572
14597,17.48277855,39.57073593,13.55750275,11.01095104,3.037625313,7038.976357,3,10475.87993,17.84189224,7.670713425,4,199.6096802
14598,108.5613861,38.72370529,27.90733528,10.63332367,6.681814671,648.7689789,2,13891.49221,28.80145454,11.50548744,4,335.6744385
14599,134.9956512,26.56876183,16.67566299,8.390769958,4.804703712,4898.625254,3,19147.15229,24.82920837,8.403428078,4,271.4881287
14600,89.81589508,23.39907455,12.29764462,7.398748875,4.160294056,4713.703041,3,23216.16964,19.7179451,6.886782646,4,120.9637604
14601,9.584741592,38.96952057,15.29873466,4.138857365,2.144442081,4095.492383,3,23849.76788,9.066779137,3.010712862,4,97.82696533
14602,27.32399368,40.69103241,21.52950478,11.55076599,4.992290974,3761.498167,3,24195.28879,23.10181427,10.28166771,4,275.6414795
14603,121.7472763,27.7030468,19.80799866,9.568891525,5.408758163,3509.208017,3,24594.36642,25.49780273,8.839195251,4,255.6242981
14604,124.4066162,39.56390381,29.794487,7.478784561,4.508454323,1890.824761,3,26290.38084,22.25726891,6.557534695,4,327.1723633
14605,121.4243393,29.22600174,19.02713966,10.64246178,7.353714943,21.86209206,3,28553.37849,29.12807655,11.39898109,4,58.67130661
14606,49.1179657,31.13179398,17.04877281,10.64396858,4.929744244,3154.761477,3,31617.96664,22.99762535,10.17773628,4,293.663147
14607,90.81316376,28.38669205,18.3016243,7.213387012,4.266169548,3166.076275,3,31587.77811,19.5928688,7.237627506,4,266.7294922
14608,157.5487518,26.19064713,16.37083244,7.103384018,4.928271294,691.7445993,3,30083.27721,18.57146072,7.108359337,4,222.5840302
14609,11.40295982,35.25848007,26.39208221,4.960978508,1.894197702,4196.737597,3,12010.71345,13.48075581,4.005868912,4,34.74990082
14610,145.7550201,30.23035431,17.73549271,10.29267979,5.685965061,607.7559159,3,2629.824637,25.60076714,8.608283997,4,146.9761353
14611,108.7921829,30.79677963,19.9376297,10.55012798,6.344767094,69.05001986,3,3314.634978,24.47768974,11.04809284,4,88.09989166
14612,11.57128334,62.49471283,20.62961578,7.212464333,5.333634853,4023.497743,3,23930.15053,11.23321438,5.83606863,4,45.66610718
14613,92.56881714,34.15901566,26.0900383,9.398908615,5.505205154,4354.39189,3,23669.39028,24.4401741,8.485162735,4,58.04563904
14614,106.0524063,29.23226357,21.53157806,6.821404457,3.871349812,3624.428382,3,34239.55255,20.42861176,7.008099556,4,55.88552856
14615,116.9261703,40.52902603,26.61731529,7.898389816,4.507963657,2920.887404,3,33633.0696,22.90986061,7.125638485,4,51.34019089
14616,126.5537262,40.29880905,26.8889904,10.03598118,6.363502026,308.3665565,3,7671.097297,24.22856712,8.960809708,2,33.06276703
14617,72.45960236,29.71273613,18.59828758,11.36455727,6.396034241,755.8696318,3,15189.77298,30.72493553,10.63304138,4,185.6808929
14618,122.0791321,30.03970337,17.51963615,10.19987869,6.262353897,1711.13756,1,16146.09863,30.8418026,8.50967598,4,291.0979614
14619,95.51361847,30.37378693,16.69001389,8.170596123,4.924630642,1440.042366,3,29955.97508,21.85313797,6.838325024,4,242.3540192
14620,114.6971817,24.6795826,13.78327751,5.238805294,3.271337032,4172.983718,3,32492.21285,16.67674446,4.961396217,4,232.9696045
14621,51.7988205,39.8511467,26.31276894,11.50805664,6.747240067,849.4172476,3,31096.49108,26.31175041,9.247272491,4,40.88180923
14622,68.38446045,34.29432678,17.91965866,8.695475578,4.14185667,4775.52772,3,19067.30021,21.28172112,7.110897541,4,147.6193237
14623,72.08184052,36.74268723,15.68932629,6.976119041,3.627429962,3987.341358,3,17825.9284,17.03992653,5.564009666,4,147.875
14624,86.41305542,31.01056862,18.15884972,8.897987366,4.888720512,8434.186769,3,3815.222115,21.81625175,8.77943325,5,180.1922607
14625,71.95261383,23.82835388,17.19898796,9.904965401,6.840738773,7070.197436,1,10226.43431,31.23146439,9.762408257,4,65.38902283
14626,107.2143173,38.64524078,28.64355469,7.433670521,4.346290112,4350.939873,3,23743.29413,21.97307205,7.284949303,4,308.8533936
14627,94.75150299,49.54159164,25.50980949,8.160865784,4.422112942,5327.550965,3,21362.0355,18.56715584,6.882914066,4,49.63546371
14628,71.44025421,35.74172211,19.83238983,8.965390205,5.415073395,1798.773955,3,9261.28766,17.61039162,8.6516819,2,182.489563
14629,12.80299473,45.66614914,18.88507271,10.69664288,4.294188499,6927.46362,3,10434.57461,13.9016695,6.408522129,4,203.5805359
14630,39.74316406,20.32673645,12.91487694,6.396576405,4.413028717,3686.571574,3,276.2789848,14.42615891,5.007033825,4,90
14631,48.05636597,26.70412064,16.96424675,8.05575943,4.165457249,3125.985043,3,251.6369098,19.45855331,6.486238956,4,192.9946136
14632,17.77646637,48.54074097,16.23865128,7.343335629,3.259002924,3489.526833,3,104.6599444,12.04375362,4.634570122,4,59.34933472
14633,87.21411133,26.76921844,12.31966782,10.2693367,5.360292912,4361.093544,3,7560.553082,27.3302536,7.705546379,4,238.5704346
14634,67.52606201,45.95608521,24.48036385,14.16576672,6.817164421,791.3666731,1,15236.17241,30.94114685,11.00636196,4,304.5726929
14635,13.09560585,49.65011978,24.2712841,7.513270378,3.373038054,4824.908947,3,19250.5441,14.65174389,6.63244009,4,298.3764648
14636,36.77370834,32.05584335,13.27171803,4.554440975,3.419402361,4518.476436,3,23423.00377,10.79319763,3.184942722,4,70.97439575
14637,47.47294235,41.88082504,27.86758614,10.18035221,6.246654034,4363.965519,3,23597.79234,25.02467728,8.962416649,4,316.4648743
14638,63.30162048,25.05800056,19.01563072,7.875599861,4.632926464,15.06031198,3,30960.56617,21.91252708,8.348567009,4,259.3552856
14639,139.8717041,29.4132061,13.15686798,9.060130119,5.380512238,426.3725632,3,29782.052,19.75937843,6.938720226,4,306.8699036
14640,142.7910461,34.7627182,18.82841682,9.695827484,5.682306767,1569.701566,3,15127.50812,19.89525986,7.82179451,5,240.1618042
14641,55.31426239,35.90721512,20.12769127,6.078905582,4.26196146,3733.909167,3,12317.92009,12.64045143,8.946462631,4,93.22759247
14642,139.7092133,36.48127747,25.69682503,7.466779709,4.803387165,3940.471379,3,11882.15762,21.83402824,10.57351208,4,65.47227478
14643,128.4021759,41.15140915,27.98198509,13.31000233,7.644546509,7032.498136,8,2368.439435,31.4408474,14.61771584,5,299.1443481
14644,146.9289856,23.40236282,14.81869125,7.339794159,4.260529041,7952.719539,3,3326.051244,24.3417263,7.92565012,5,70.79167938
14645,115.0948105,28.8002243,16.97457504,6.870163441,4.321566582,4500.584308,3,32728.90648,19.0644207,5.930548191,4,242.9564819
14646,80.2328949,33.54321289,18.5359745,10.43603897,6.535428524,479.7959439,3,31402.00075,23.97561646,9.072825432,4,90
14647,105.0671921,27.06106377,17.34549522,9.41850853,5.445670128,3800.039437,3,19003.89678,26.20684433,9.166343689,4,217.1998138
14648,102.8617935,28.23882484,22.0312767,12.95756435,7.120526791,734.2542918,3,4628.521061,34.58813095,11.88808155,2,183.1766663
14649,69.99915314,39.37733078,18.72317505,8.882515907,5.436639786,9907.213076,3,7459.024432,26.36172295,6.923273087,4,247.905777
14650,115.2367859,27.22987366,18.57710266,9.075404167,5.113421917,2825.093791,1,7332.243423,23.6499958,9.516690254,4,252.7282562
14651,123.0179825,28.64559937,22.98610687,6.567747116,4.350542068,3591.332309,3,1601.377746,19.27334213,6.870863438,4,66.80140686
14652,108.2145386,44.55533981,30.40416908,11.38470936,7.177906513,3026.249952,3,6223.197711,31.28622627,11.0263567,4,21.00257874
14653,158.6979828,29.7874279,17.11594772,8.645249367,5.631354809,1244.760565,3,30157.81517,20.99245453,7.978646278,4,186.3401947
14654,34.98025131,31.02302361,17.67760086,8.524004936,4.426617622,4664.812512,3,19613.74748,17.13287354,9.391864777,4,188.7147217
14655,33.53540421,44.50373077,19.36863136,13.54849434,6.183389187,2641.804259,3,9740.372048,23.91920662,9.820876122,2,204.0632324
14656,81.69706726,57.49750137,27.24972916,15.86226749,7.146825314,351.7645845,1,5168.488828,27.69967651,15.84170818,2,334.5578003
14657,106.6834259,37.34339142,24.43685341,10.79540062,6.309709549,9573.540647,1,6953.582883,29.04586029,9.687158585,4,309.6602783
14658,124.4285431,17.05368423,11.06231689,6.427483559,3.782323837,5184.229663,3,8311.56363,24.69637299,5.216889858,5,211.3725433
14659,91.88491821,28.0669384,15.72931862,8.719509125,5.083637238,1501.396585,3,27027.68681,25.11615753,8.348137856,4,175.5500946
14660,91.42622375,24.82896233,16.47221947,6.924119949,3.985024214,973.834958,3,29461.18092,18.61573792,7.915162086,4,264.4724731
14661,104.1969299,39.71116257,25.51013184,8.627054214,4.699449062,2354.307141,3,33276.78961,20.80143356,7.106123447,4,298.1753235
14662,112.9387665,28.17492294,17.76532745,8.125096321,4.803526402,3397.222964,3,18020.95632,18.99922371,7.291434288,4,104.2810974
14663,240.1021576,20.56806946,14.01339817,8.424043655,5.704232693,3037.677034,3,17082.64586,30.14684486,7.381751537,5,263.4904175
14664,52.11499786,24.0603981,18.59289169,8.100464821,3.619072199,4332.753853,3,11275.63595,22.18462944,6.587530613,4,66.52192688
14665,104.6784744,41.88160706,23.00959015,11.55958652,6.327346325,3193.010225,3,10255.40694,24.70966148,9.347398758,2,71.18811035
14666,135.6058197,29.85504341,18.62501144,8.012191772,4.294258595,5677.344635,3,22238.50191,23.47889137,7.022571087,4,77.28820801
14667,26.93455505,29.94487953,15.42551136,4.724056244,3.133661747,5042.165006,3,22892.92048,13.96864033,3.740082741,4,71.1309967
14668,111.7308884,25.35884285,14.8222456,7.99730444,4.636693954,2414.923797,3,26054.82048,23.13967323,7.212683678,4,145.3048401
14669,103.8483429,25.3695488,15.99436569,7.352289677,4.628292084,1780.621584,3,26732.08902,22.34018135,6.437589169,4,97.58847046
14670,164.0391693,28.07712364,25.86680412,9.237943649,6.149200439,150.322669,1,5766.403374,37.10194778,7.891956329,2,30.1908226
14671,225.9304047,42.77032852,27.62038612,10.00424767,6.04006958,9361.313511,1,8311.829746,29.61005974,9.235322952,4,70.93264008
14672,98.5609436,31.19540596,18.8969574,11.26755524,5.862548828,1627.760716,3,14627.14074,28.41083336,10.28056908,4,170.9325104
14673,73.66060638,33.5373497,18.78948784,8.721828461,4.889442921,3644.85821,3,286.3629115,18.02638817,6.345551014,4,57.65255737
14674,122.3846283,34.87499237,19.79460716,12.12487888,7.652630806,2079.844515,3,5304.031372,30.14513016,12.43899727,4,253.1449432
14675,236.5716248,21.50802803,15.03251457,9.376773834,5.407544613,220.2697379,3,14224.79312,28.66403008,8.289762497,5,86.46770477
14676,93.29924011,28.95619583,18.74482727,12.27979279,8.076272964,487.4852391,1,14947.19263,35.41844177,9.543338776,4,251.8109589
14677,116.4923325,24.22132683,14.42878342,6.770933628,3.604094267,4902.147162,3,33118.83195,17.96348,5.197739124,4,175.7321167
14678,7.230625629,52.14952469,15.56674671,5.436298847,2.377603769,3896.877381,3,12265.53218,8.159718513,4.026611805,4,74.19748688
14679,6.61987257,46.09982681,15.50250053,2.826133013,2.501891375,106.2922712,3,7981.758092,6.500617504,1.785996199,2,183.5763245
14680,157.5282745,20.31702805,15.87297726,8.740185738,5.594465733,983.8118588,3,4147.238822,35.61188126,8.567388535,2,216.2363434
14681,58.33277893,40.37791061,19.53258133,11.28754234,6.709970474,9785.287021,3,6560.969539,22.72655296,8.242795944,4,189.1623535
14682,97.21243286,28.60591888,14.7567234,8.685729027,4.709651947,6434.052019,3,10742.19065,23.2435379,9.460721016,4,214.6241455
14683,263.0223389,29.00251389,18.4916687,11.28237724,6.54813385,2611.562361,3,13594.39124,28.31539345,10.81857109,4,154.0157928
14684,184.939682,19.56009102,10.78423882,8.571282387,5.387557983,798.2672969,3,13605.19924,32.314785,6.917057514,5,59.71507263
14685,40.59055328,34.0075264,19.5292244,6.92033577,4.070028782,4588.204391,3,23358.47686,15.20719719,6.150122166,4,96.47644043
14686,14.66148567,21.25084305,9.679023743,3.771090746,2.013142586,1324.501037,3,29060.03407,13.44698524,2.425644159,4,238.5154266
14687,194.2999725,28.85907745,14.3350544,10.063447,5.594334602,2874.45286,3,15906.64194,32.218647,9.955828667,4,166.3873901
14688,22.91236305,50.61596298,25.04222107,7.454730988,3.331787586,4360.52766,3,11176.19987,17.34247589,6.729444027,2,45
14689,85.12638855,34.48160934,16.87855911,12.00755882,6.195808411,6829.456209,1,10248.4972,26.98039818,10.35061359,4,80.1060791
14690,70.30945587,26.40834808,20.05245399,11.53289413,7.106250763,466.8424476,3,14970.61274,29.81753922,10.42153645,4,134.1117554
14691,75.62206268,36.5785141,23.32279587,8.027309418,4.454562187,563.8321605,3,5492.092362,21.13184738,7.000879765,4,86.68222046
14692,8.126495361,30.60321045,25.35593224,3.838259459,1.85444808,552.1771994,3,29062.36675,8.871299744,4.259209156,4,215.5032806
14693,153.8744659,27.70498085,16.775774,8.787669182,5.501004219,1456.48544,3,30153.63106,24.85689163,8.110146523,4,273.6744995
14694,25.05029488,29.09422112,17.64103508,7.336925983,2.844056606,4478.451481,3,19492.59255,17.98287964,8.099354744,4,172.6942444
14695,291.7471008,32.09410095,27.01715088,8.562005997,6.068396568,37.7453796,1,5354.063852,34.73423386,8.475905418,2,27.09555435
14696,153.0009613,29.01140976,20.22159195,10.61657238,6.81310463,8716.8924,3,8220.594651,31.07028389,10.81096554,4,94.27946472
14697,150.0711365,24.27334785,15.41109467,8.860874176,5.401468754,5511.788436,3,11497.15333,31.16706657,8.0984478,4,222.5834961
14698,166.5386658,29.75546837,17.54067039,10.03498936,6.001497269,5332.333906,3,11077.53624,29.41003227,9.646502495,4,223.6418152
14699,150.2046814,26.91735268,15.73327351,9.806144714,5.743360519,4053.696105,3,11864.82305,31.32034492,7.661139965,4,217.8114624
14700,180.5398102,27.83259201,16.13906097,11.09700966,5.930385113,4560.492309,3,11751.1988,32.17631912,8.383221626,4,132.9440613
14701,41.30483627,53.35689926,22.26915932,13.20005226,6.914143085,1575.40568,1,14448.89267,22.45336151,9.853219032,4,90.56165314
14702,134.5310516,28.31705284,19.03486443,7.417140961,4.483595848,5642.176387,3,22296.10938,22.45825768,7.271229267,4,47.8535347
14703,99.93095398,31.96929741,18.10097122,7.534261227,4.675355911,1292.221824,3,32316.55579,19.26913261,5.973630428,4,142.594635
14704,17.50759888,32.47568893,12.65653419,10.770854,6.650776863,4634.770101,3,19798.64778,20.47859383,7.025024891,4,59.03624344
14705,58.28645706,38.24680328,24.13724709,9.259007454,5.611851692,1637.396394,3,9720.065314,18.78672981,7.620730877,2,45.79354095
14706,31.91410255,42.2891922,19.6268158,7.664861202,4.497404099,199.4916358,3,8102.13469,12.72728252,5.701830387,2,173.7721558
14707,72.58785248,47.95275116,24.70474815,12.43425941,7.212873936,367.1136173,3,8604.710058,21.67831993,12.9548111,2,313.210083
14708,29.25868988,66.94432068,22.98692322,13.11826038,5.469481945,375.7106689,3,8281.998621,21.85441208,8.326140404,2,18.43495178
14709,139.4416809,29.67352676,15.61633015,8.448288918,4.623594761,1886.799763,3,3227.345897,19.81030273,7.546263695,4,182.353302
14710,259.0721741,25.05089188,15.44010258,10.2957592,6.522322655,2501.3324,3,11135.80792,26.4716568,9.070145607,5,140.1634827
14711,50.09069061,38.07562637,21.91337013,10.42170143,7.77188015,335.6900773,3,28826.55379,18.91174889,15.28165722,4,100.3943253
14712,9.343543053,29.99428558,13.8754034,5.20538044,1.970338821,1579.100872,3,28970.96704,11.09713936,3.32798028,4,182.1210938
14713,82.11400604,32.10824585,16.82674599,10.82786083,5.614817142,2644.46977,3,15611.30642,25.94244194,9.199929237,4,127.2781754
14714,97.25428772,31.91290665,17.7112751,9.147192001,5.31233263,3270.113664,3,10682.00221,22.86224174,7.486534595,2,135
14715,122.8663101,30.69569016,20.50275421,9.696917534,5.726924419,1135.892953,3,8609.785292,28.50717926,7.884473324,2,264.6557312
14716,112.8237076,44.2329483,26.74531937,8.220673561,4.592577457,2433.957018,3,7193.605914,20.75763893,6.946185112,4,304.8844604
14717,116.2901535,30.60228539,17.01122856,7.518416882,4.196704388,2093.812287,3,6847.402347,21.24919891,7.347180367,4,275.1944275
14718,117.3484573,30.4983139,16.22813606,7.828312874,4.512531281,3400.244322,3,18297.2367,18.63965607,6.429673672,4,134.5303955
14719,162.9605713,27.77682877,17.08810616,8.361409187,4.685709476,2674.389502,3,14063.84004,22.29759407,8.242724419,5,234.4035034
14720,135.9109802,27.70441246,21.73840904,7.349387646,4.638742924,3879.938163,3,11702.04423,21.656744,7.322541237,4,65.05609131
14721,18.53568268,45.92733765,24.45501328,8.574392319,5.128596783,252.4062301,3,14882.82642,13.31080151,6.195981979,4,281.9093323
14722,87.31381226,31.70639038,21.15869713,10.63229752,6.03604126,780.3669709,3,14054.49992,25.25553703,10.45583916,4,209.1480713
14723,26.06402779,53.24336243,22.76923943,8.401734352,4.696231365,2938.596953,3,7592.382332,15.04926109,7.552989006,4,296.274231
14724,50.70074463,33.0434494,18.45151138,6.524016857,3.506230593,735.6007039,3,4224.264393,14.95831966,6.369412899,4,241.2893677
14725,27.96198845,33.7025032,14.69127464,10.33501911,5.059395313,3175.326827,3,139.4795061,18.53992271,6.147154808,4,76.12246704
14726,21.09143829,39.0426178,20.36676788,7.74762392,4.237436295,2947.988076,3,352.2888767,18.95956612,6.174880505,4,206.5650482
14727,86.82990265,32.3092041,17.35895157,10.42208767,6.453871727,1136.302127,3,4355.323096,21.22812462,11.4737339,4,151.2626343
14728,114.5921249,33.71884155,26.50172806,7.889985085,4.307662487,4847.402421,3,23224.85049,23.66221428,6.531377792,4,310.1294556
14729,128.3182068,33.0220108,24.02882767,8.455750465,5.032063484,5783.901499,3,22251.89574,22.44241905,8.989721298,4,77.68055725
14730,69.52412415,41.36012268,18.67019272,13.32839775,7.520252705,2608.03328,3,13898.39551,23.41577911,11.07742786,5,153.5464172
14731,149.1180573,29.24263954,19.35426521,8.405455589,4.976143837,2205.892101,3,14027.47069,25.04123497,9.744598389,5,257.9885254
14732,94.42050171,25.03274345,20.66730118,6.814350128,4.100550652,4002.427823,3,11717.62843,25.41227341,7.901967525,4,65.80426788
14733,195.5269318,34.97777176,25.02869034,9.56132412,5.944212437,3118.923076,1,11711.32835,31.23908043,8.085927963,4,305.3718262
14734,107.3362045,26.41062737,15.344697,7.867006779,4.858099937,5898.574589,3,22024.14526,25.820858,6.299489498,4,99.07149506
14735,112.2884369,35.71931839,28.03685379,7.737743855,4.684375286,5100.605702,3,22976.44338,23.82201004,6.393135548,4,64.40597534
14736,101.4453354,26.31566429,16.68779755,6.570961952,3.789482355,3099.303311,3,25401.8184,18.51635551,5.42556715,4,71.11391449
14737,130.0747528,42.35886765,28.08729553,7.935189724,4.653847218,4478.341247,3,21015.31803,21.36043358,6.919575214,4,304.7960205
14738,184.6944427,29.26681328,15.25584602,10.81793785,5.852261543,4669.813828,1,10682.39804,30.57772064,9.101147652,4,184.737442
14739,245.0150146,21.27435303,12.15529251,9.095700264,5.803943634,1379.558749,3,13053.96104,31.23362923,8.477938652,5,160.2822266
14740,252.9857635,21.53552055,12.79233074,8.325464249,5.030646324,1894.650411,3,11547.79718,29.0726757,8.100527763,5,235.388855
14741,141.7160034,28.61551285,18.48051643,8.175055504,4.653954506,5858.202233,3,20137.93843,23.4159584,6.586850643,4,322.3737793
14742,16.28466415,52.07156754,19.07694435,15.26434898,6.485849857,4388.951285,1,19598.83222,21.83943176,9.80837059,4,35.03619766
14743,64.76837921,29.93213844,18.37054253,9.923268318,5.479949474,197.8159444,3,5089.872309,23.98046303,8.665630341,4,200.658905
14744,82.78410339,27.88781548,15.92476654,10.93629456,5.982616901,192.3851415,3,4728.22419,29.44789505,8.787343979,4,91.45230865
14745,145.2431183,28.41189384,16.66787148,8.717423439,4.942201138,1652.237495,3,29995.93328,22.67653275,7.213694096,4,256.0716553
14746,79.47857666,25.75148582,14.2907896,6.257571697,3.375273705,5143.13358,3,22925.09739,16.29911995,5.692550659,4,194.2687683
14747,79.63626099,32.02162552,17.43301773,6.512066841,3.708627224,5298.354399,3,22906.85477,14.02981186,5.871244431,4,268.5476685
14748,74.88195038,34.68445206,19.38419533,7.04347229,4.3313694,5072.681986,3,21845.73273,17.16395187,7.09005022,4,86.42366791
14749,131.0057983,29.18945313,17.18637276,6.226128101,3.580174923,5160.037242,3,21217.93354,17.69646835,5.145095348,4,100.5555725
14750,81.13659668,25.42862892,15.13648319,7.49672842,4.411473274,2514.467076,3,15229.23775,19.30068398,5.340724945,4,260.1392212
14751,156.043869,29.59584618,17.23164749,7.900601387,4.505706787,1611.526972,3,15293.41036,20.17133331,7.043990135,5,135
14752,9.491555214,42.04506683,20.29914856,6.305202007,3.991936922,134.2741302,3,8656.414737,8.400630951,6.033112526,2,122.1674042
14753,37.40763855,41.6375885,24.75996017,13.44308662,6.795140743,46.61900169,3,8799.84447,22.43857384,11.09782124,2,294.4439697
14754,200.0350342,49.29930878,31.82772064,9.402192116,6.184294224,330.8344964,1,5763.356369,36.40159225,8.207250595,2,37.63991547
14755,82.62835693,26.24794197,19.86867905,8.942564011,4.80835104,9544.629251,1,6449.503768,30.57044601,6.04616785,4,315.520874
14756,73.47730255,35.07322311,23.76127243,7.52416563,4.306589127,3098.894562,3,7887.68651,18.32056427,6.411210537,4,45
14757,123.3692703,26.97060585,18.49695969,9.123673439,5.563316345,1375.361321,3,6092.91653,25.47881889,8.648148537,4,267.8589172
14758,165.3893433,24.08574677,17.96036148,6.375746727,4.14801693,4090.374414,3,1288.844851,19.2773056,7.244572639,4,70.76932526
14759,80.85350037,28.79973602,18.74373055,10.52978134,5.449114323,9469.634895,3,5847.841927,29.33046722,9.593870163,5,139.9893646
14760,129.5845184,26.89804649,16.50745583,8.924700737,5.232577324,9203.127738,1,6007.858146,30.53212738,7.465392113,5,297.6164856
14761,195.0033417,31.25418663,18.42729187,9.739098549,5.762237549,7774.085937,3,5661.117204,23.96904564,8.898098946,5,135
14762,170.4551239,24.4358902,15.89921284,8.694477081,4.905613422,2703.57592,3,5844.001842,28.87309265,9.217313766,4,231.219223
14763,114.1874466,52.39395523,27.72701836,11.31923866,6.313352108,2359.793729,3,5464.771957,26.45598412,9.700434685,4,276.6463623
14764,85.70700073,23.86760521,16.32005882,5.199146271,2.996441841,6611.559076,3,21374.12478,15.34777546,5.225183964,4,223.8766937
14765,94.03072357,31.6199646,20.97762299,8.462350845,4.701622486,3817.861773,3,19671.72972,23.44232368,6.919593334,4,59.05963135
14766,186.7018585,28.39100838,22.15436935,9.694867134,6.009531975,244.319927,1,4970.286018,33.45174408,9.644583702,2,22.89659119
14767,103.0194855,24.60558128,18.11820793,10.16602993,6.330156326,565.6072139,3,4394.545146,32.34104919,8.582612038,2,227.9556885
14768,65.76234436,29.97062111,16.43992805,10.02785015,4.97945261,8523.281838,3,3954.408061,24.69618034,8.661465645,5,204.3080139
14769,107.4626083,29.96776009,18.20251846,9.309114456,5.255688667,1429.962562,3,3602.367588,21.76331902,8.410951614,4,204.9858093
14770,107.3750229,42.58547974,28.49606514,10.91030216,6.588199615,979.0923344,3,8782.892674,26.05093384,9.895596504,2,36.72410583
14771,256.0867615,20.03564072,14.2206707,8.285863876,5.261578083,965.296596,1,7023.921676,32.77105331,8.097735405,2,82.41619873
14772,194.7792969,26.9149437,13.04687309,7.980077744,4.270164967,7498.328353,3,2889.200082,23.91986084,7.449975967,5,61.90098572
14773,106.368515,27.9125061,18.35551071,10.45929909,6.167376995,8172.068368,1,8834.666064,30.85126877,8.87117672,4,219.2373657
14774,163.7880402,26.73189163,18.75815582,10.65713501,6.145642281,7419.079392,3,9509.77554,32.35219574,10.18184376,4,127.7682266
14775,69.91056061,31.05233765,18.42197037,11.47397137,6.152403355,6051.141722,3,10784.12061,26.56859779,9.928339958,4,199.0595398
14776,181.9892731,38.44671631,27.04004669,8.040996552,4.656960964,4255.792786,3,1013.864346,21.18268585,7.26716423,4,30.33541107
14777,96.86227417,30.76996803,17.97557831,10.89875317,5.829426289,1954.942684,3,1300.17498,27.78605843,8.338807106,4,208.6861572
14778,103.5143051,26.23044777,14.49544621,6.331778049,3.403840303,4892.792635,3,33236.96542,20.96352577,5.560882092,4,235.1246643
14779,200.1306152,28.84701729,16.77216721,9.94106102,6.569423199,2186.109132,3,16273.16731,27.09185219,10.86004162,4,108.4349518
14780,130.0365448,26.44281197,17.14719391,9.59036541,5.66331768,5141.30499,8,159.1172299,25.16974068,9.599333763,5,196.6951447
14781,128.6999969,27.22546577,14.94577503,8.046809196,4.071070194,7460.922376,3,2836.021704,24.9205246,6.478280544,5,105.5545731
14782,183.4410858,48.63794708,29.59170723,9.877860069,5.558429718,868.4574538,2,14403.33897,28.83270645,9.617386818,4,39.64417648
14783,59.86949539,32.62503433,19.02661514,11.10998058,6.599987507,1577.046143,3,13319.0369,24.9877224,10.40387726,4,174.632019
14784,104.1185532,23.83309174,14.57588673,6.427621365,3.626452208,7075.420336,3,20787.90899,18.12329102,6.377110004,4,135
14785,74.75835419,27.2876358,16.53859711,11.48382759,6.873936176,2141.263218,3,30578.34257,28.4112072,10.82323551,4,192.293808
14786,121.2374115,47.82907867,29.27425003,9.125650406,5.80354929,6789.508323,1,9681.447999,26.9810524,7.568128586,4,323.5307617
14787,105.5963821,29.3917408,18.37044716,7.98944521,4.052688599,5240.176496,3,8274.248684,19.34673882,7.599454403,4,235.4803162
14788,98.81655884,26.75452805,15.95219898,7.685455322,4.06900692,3860.640329,3,11444.40136,21.79162979,6.987620831,2,100.0442886
14789,197.4226074,25.979105,16.24300575,9.850292206,5.91679287,5396.622444,8,697.7927349,27.75552177,9.744885445,5,137.1451721
14790,99.00102234,31.02861214,28.84126282,11.41465855,7.590165615,3663.271233,3,6773.626023,31.30745506,10.13301086,4,19.96498489
14791,209.4157104,28.88128471,16.26017952,14.2846241,8.768614769,479.9869558,3,13815.12182,35.92662811,13.00192738,5,148.2079315
14792,153.2210388,28.26335144,19.48724747,11.44916153,6.593180656,1433.485599,3,15885.32178,29.3965416,8.331975937,4,201.0649261
14793,30.08064079,29.82471085,22.19052315,9.530094147,6.407186985,1768.301669,3,30209.69945,20.78597069,13.19939232,4,186.6325073
14794,202.9248962,26.83338356,17.65749359,9.841692924,5.816964626,1718.319644,3,17035.23421,27.14279556,9.357164383,5,206.176651
14795,85.7604599,35.43933487,18.25831032,10.05224228,4.994716644,9102.413836,3,4517.188347,24.37600136,7.931706905,5,165.3026733
14796,87.74761963,30.49903107,19.35402489,8.119519234,4.608263016,2649.541184,3,7459.681616,21.65572166,8.271332741,4,259.3248291
14797,167.2787476,26.86723328,18.56991196,9.227542877,6.011736393,1573.902446,1,15942.58323,29.83790779,8.62092495,4,321.6134644
14798,150.1298981,26.34824181,14.50922203,7.162300587,4.451946259,3268.752353,3,17587.71391,20.07590485,6.213084221,4,122.4711914
14799,77.19316864,24.45752907,15.4524107,7.905262947,4.185470104,1774.56727,3,26761.91972,22.2189045,7.149416924,4,126.8698959
14800,276.0753479,21.26608276,13.84454536,7.824774265,4.824153423,3722.777443,3,1420.795713,30.15640068,8.176693916,10,247.5035248
14801,144.8533478,25.13929176,14.06150055,8.069742203,4.215399742,3286.873021,3,17316.30601,22.11330986,7.207883835,4,183.50354
14802,155.4334259,30.25946808,19.23519516,10.68438911,6.764207363,3013.937058,3,17019.07281,26.65160751,8.87109375,4,94.49462891
14803,60.87826538,43.57242966,29.04835129,8.98604393,6.04080677,3848.77338,3,24204.50171,25.76428032,8.638343811,4,48.25896454
14804,14.91576004,53.98607635,23.14651489,6.085832119,5.492623806,61.9343455,3,9053.06799,8.141919136,8.498669624,2,271.0605469
14805,111.5521698,21.91718864,13.93030834,7.68419075,4.396549225,6110.705273,3,20206.2437,24.0800724,5.942126751,4,209.8058777
14806,115.6178818,26.09605789,19.83411407,7.099871159,5.16672945,4858.060242,3,23470.93417,21.29617882,7.412132263,4,58.55314636
14807,199.1581268,27.01302719,17.72638512,10.10619068,6.169244289,2106.283088,3,13907.53652,27.16888428,11.10430527,5,138.50354
14808,28.33486938,31.10743713,16.55328941,5.291265965,3.262380123,377.5257817,3,9087.19154,11.75133133,5.486867905,2,117.4744339
14809,48.28823853,27.02719879,14.50885963,10.47799683,4.838617325,8462.259391,3,3891.068337,25.72678185,6.748826504,5,184.6354675
14810,148.2715607,26.10520935,16.13437653,10.30485821,6.080867767,3814.785187,3,11532.63371,31.25282097,8.682588577,4,135
14811,92.87810516,38.76992416,27.76260185,9.136782646,5.597406864,772.7061498,3,27719.37848,25.06070709,8.05200386,4,47.93567276
14812,133.1380005,24.28484154,17.45512199,8.864333153,5.287988186,4513.03523,3,24176.9414,27.49600601,8.866656303,2,185.7106018
14813,76.24875641,22.6641407,12.95918655,5.166894913,2.626079321,8073.858959,3,3499.627357,18.16448593,4.967939377,5,91.27146912
14814,9.746692657,43.13801193,17.83943748,7.745686054,3.723545313,482.9202897,3,4518.714637,9.28609848,3.912699223,4,243.4349518
14815,267.1708679,25.92758942,14.23761654,11.36246014,7.789186478,1424.066838,3,12799.88221,33.51485062,10.41721249,5,104.3645782
14816,89.07373047,29.28884697,17.19927216,8.178711891,5.122704029,3227.673023,3,18476.03324,20.02912521,6.218390942,4,92.11198425
14817,262.6544189,21.08886337,14.60371208,10.1231451,6.298505783,1298.581177,3,3629.685656,36.62327194,9.777545929,10,208.2101746
14818,107.1819229,20.91913033,15.15179634,5.898193836,3.528985262,4467.677972,3,33531.06292,17.18928146,4.828472137,4,198.4349518
14819,37.79940414,32.13043213,16.05258942,10.50849152,5.563279629,4985.004993,3,23749.4258,22.57599831,8.338217735,2,100.9247131
14820,55.21445084,30.15194702,17.05920601,8.356491089,3.885851383,5076.571589,3,23468.6378,17.580019,7.70816946,4,246.1777039
14821,157.779953,25.86779404,17.00956726,10.52180576,6.413014412,2217.394194,3,17810.0403,28.08077049,9.996639252,5,266.2597046
14822,134.2301788,30.15982437,19.8122921,9.423373222,5.893282413,8423.574633,1,5836.57269,30.12400436,7.137243271,5,288.4349365
14823,22.33150864,33.53927231,15.22098732,9.03836441,4.76103735,5785.773656,3,10904.76196,19.60679245,5.383639336,4,152.6629639
14824,150.7954102,28.09453392,18.63088608,11.25853729,7.264279842,197.8349164,2,15028.70038,30.24436569,12.38549232,4,280.8138733
14825,166.2558746,46.82273483,26.32874298,11.0960474,6.031923294,2334.818365,1,13038.20214,29.63427353,9.800545692,4,301.5582886
14826,160.3624268,37.43180084,23.77621841,8.923624992,4.511518955,2793.401102,1,12580.56847,26.95750809,8.295255661,4,316.7305603
14827,71.62535858,35.7779274,21.29379463,7.343274117,3.895670176,1228.347478,3,3851.427104,17.96787262,6.300378323,4,302.6192627
14828,109.6236267,26.4388752,15.4394455,7.500938416,4.493665218,2266.741027,3,2899.778484,19.20146942,7.370497704,4,263.1572266
14829,122.9681244,36.88936234,27.91633987,8.365323067,5.145237446,4677.155538,3,23833.31914,23.13526726,7.850981712,4,279.8079834
14830,102.7136002,43.26587296,28.60619926,9.835758209,5.37937212,4191.024922,3,24255.42054,23.48495293,8.083574295,4,45.82781219
14831,68.72118378,28.42302132,20.68644905,10.63154984,6.26567173,1075.567249,3,29532.55623,23.64011955,10.31715775,4,190.0453339
14832,74.88661957,29.96021271,18.61663628,10.64144897,5.730598927,1594.791242,3,1642.422482,26.24260521,8.487957954,4,149.8682861
14833,89.25431824,28.19586754,18.63763237,10.0692606,6.279375076,142.7544676,3,28299.27794,23.96091843,11.52678204,4,88.31869507
14834,71.16601563,28.63559532,18.92089272,10.060215,5.462414265,364.0062247,3,28770.34485,21.41868019,9.53094101,4,252.8358459
14835,37.56082916,35.49066925,27.33805084,8.930650711,4.809378624,1715.27314,3,30109.64712,19.56464577,6.726679325,4,337.0362244
14836,75.05738831,56.11560822,28.59563828,8.642442703,4.721556187,2131.261209,3,30479.51578,21.30715179,7.056262016,4,342.2767639
14837,95.51557922,30.97607231,24.03011131,8.543463707,5.227817059,2545.415445,3,30775.61729,25.23493385,7.794089317,4,28.30075455
14838,65.65028381,26.99098206,17.55158806,7.857430935,4.774256706,3031.480762,3,31318.18822,19.20738602,6.406696796,4,217.5685883
14839,197.2775269,24.56407547,16.2539959,11.57444382,8.334905624,1753.694064,3,17282.50023,30.56687546,11.02559757,5,131.2668457
14840,145.2784576,22.55227852,14.12780094,8.110931396,4.634028435,6966.144391,8,2355.21126,24.91576004,8.233575821,5,108.905365
14841,160.9186096,35.52804565,22.24281883,8.350475311,4.451311111,7268.578038,3,2689.714022,23.0605545,7.477813244,5,60.67544174
14842,28.82823563,28.0975666,8.438864708,4.890707493,2.010514259,8148.290393,3,3580.770259,15.44252777,3.048048496,5,115.8830872
14843,98.00113678,28.95051193,21.71150398,7.933808804,4.742934704,3817.752406,3,24624.71325,23.9213829,7.609549046,4,274.8313599
14844,83.88083649,47.67182922,26.31915474,10.29441071,5.959198475,2865.375128,3,10733.09537,20.70300674,8.240654945,2,82.47735596
14845,64.82970428,32.5028038,20.85490608,13.08349609,8.280180931,228.596829,3,4880.309447,27.01771545,10.78148746,4,82.71019745
14846,59.80412674,34.03219223,19.4823761,9.476510048,5.758821964,619.5349177,3,4522.541969,20.99597359,8.55012989,4,251.3258057
14847,8.476462364,41.36754608,18.96690941,4.622874737,3.852322102,206.6201858,3,3392.249378,5.878678799,2.864215374,4,279.3024902
14848,216.6425781,21.77963638,12.06761932,8.85760498,5.157561302,1278.579534,3,12332.08922,26.32927895,7.874969959,5,175.0926056
14849,118.5512009,29.04307556,17.02539825,8.9998312,5.461390018,4618.671696,3,23152.56105,24.0338192,8.582140923,4,144.7942505
14850,107.8878479,25.26109886,14.1263504,6.527197838,3.263463259,2122.339364,3,15368.6348,19.40947151,5.063745975,4,205.2118225
14851,105.1707153,40.34491348,25.1443615,9.9503479,6.355745792,502.6990637,3,9265.796419,23.59983063,11.43989277,2,270
14852,26.09949112,25.16234589,14.07438183,5.723020077,2.93185997,8175.985413,3,3607.017548,16.89108658,4.24514246,5,78.77819824
14853,159.5828094,23.2786808,14.66890907,9.80525589,6.155400276,5352.859008,1,10010.46473,33.85530853,7.794960022,4,157.0007019
14854,93.05862427,31.53840828,14.56960106,14.15025806,7.701912403,440.1859767,1,14728.07791,36.92490005,9.7612257,4,298.3007507
14855,140.6432648,41.59885788,29.26126671,8.438055992,4.662908077,1786.354592,3,30001.8419,25.70897484,6.95351553,4,37.29979706
14856,70.63536072,29.87612534,20.09321594,12.42715454,7.068197727,2709.8788,3,18722.9185,23.67709351,10.21420097,4,182.9210205
14857,52.05490112,31.90174103,18.33502197,7.437357426,4.163143635,2535.779671,3,18375.03985,17.21492577,6.322676659,4,100.7843018
14858,120.5144196,30.84817696,16.89639664,10.50523758,5.666957855,8610.12692,3,5823.59895,29.95580864,9.13725853,5,192.9946136
14859,111.1630249,46.69928741,29.82121468,10.70840836,6.844120026,4699.115248,3,7693.487359,26.53716469,9.52217865,4,326.2597656
14860,111.3002777,28.12941742,17.86739922,7.158242226,4.850002289,731.0201358,3,30345.02182,21.44518852,6.620063782,4,256.0615234
14861,95.37243652,27.4493103,16.29763603,10.17959023,5.544056892,6129.572388,1,10381.5594,30.39351845,8.271383286,4,58.58679199
14862,136.145813,25.50937653,13.74452496,7.655005455,4.672139168,2289.317077,3,2988.756096,19.94944,7.008213997,4,229.6354675
14863,29.42885017,36.69638824,21.06881714,10.31254482,5.378109455,2175.833063,3,1065.276485,20.9214859,8.434341431,4,178.536087
14864,234.0903931,27.73420334,18.55160713,9.990786552,6.343138218,273.2408721,3,14191.38452,26.36375618,9.742790222,5,113.1985931
14865,87.57084656,48.7596283,28.82860947,8.594417572,5.04324913,1691.509663,3,26811.38922,24.17469788,7.506204605,4,325.2039795
14866,78.12534332,33.90513611,16.44157219,5.87071991,3.491925478,3290.645138,3,12329.45398,12.67271233,7.664252758,4,139.3368225
14867,120.2174225,29.99521065,19.32951736,9.665707588,5.428129196,3484.47486,3,11784.45928,24.84392929,8.70957756,4,84.55966949
14868,52.10458755,37.9431839,19.1335907,7.672239304,4.179805756,1462.240046,3,9930.341786,14.91058731,5.908731461,2,149.4702911
14869,135.2242279,27.2678566,15.44731045,9.823428154,5.466015816,2116.607466,3,7099.634149,26.20624161,8.189786911,4,178.0908508
14870,99.04774475,33.47583771,21.99199677,9.125511169,5.16043663,3058.573549,3,188.5917742,21.93978882,6.679507256,4,46.93058777
14871,189.0135345,24.07838058,15.7941494,6.976947308,4.124106884,3907.002513,3,726.6901971,21.15366936,6.030707836,4,84.15882874
14872,90.52829742,36.18413162,18.42778206,7.777962685,4.434020042,2413.036187,3,26112.5971,20.16117668,6.762212276,4,75.32789612
14873,94.0039978,46.24649811,27.08415413,8.144603729,4.695990086,2173.666288,3,26315.29055,20.63418961,7.169422626,4,283.6044006
14874,39.35126495,26.62948036,16.52077293,6.62167263,4.443468094,1945.430297,3,15763.32241,18.99587059,5.018075943,4,225
14875,23.71325874,48.81390762,22.82736206,9.822811127,5.399932861,393.0820192,3,9289.477565,9.522397995,6.778445244,2,158.1985931
14876,12.91919708,48.17086029,18.87646484,8.362976074,4.463922024,243.7814994,3,9366.388184,9.751823425,5.79519558,2,45
14877,217.3880615,22.42855835,15.8739233,9.9433918,6.831849098,8.07811473,1,5086.917942,37.7820015,9.602231979,2,49.83042145
14878,151.2146149,24.52747154,15.33136368,7.944070339,4.783735752,5852.51177,3,1263.420418,28.58650398,8.247541428,5,236.4934082
14879,203.0988617,27.27806664,19.89977074,8.92915535,5.636220455,6816.861971,3,2249.316471,27.59369087,9.095702171,5,74.74488068
14880,50.3127327,30.34810066,19.60180473,10.07254124,4.863604546,8514.884859,3,3931.691163,20.37431145,7.816019058,5,185.1241302
14881,200.252182,42.56743622,25.96354485,11.35120964,6.88906908,2428.014125,1,13324.94766,30.72931671,9.833534241,4,60.06848907
14882,133.5246887,28.35363197,23.39444733,9.62146759,5.94524622,1716.312862,1,13872.09502,30.74207687,8.182661057,4,32.19573212
14883,30.80189705,37.90353394,22.97547722,12.54344368,6.205591202,1914.741993,3,1320.588044,19.99277115,9.367880821,4,187.4218445
14884,134.5589905,29.14094734,17.28992081,9.573775291,5.267559528,3150.838812,3,6133.453775,24.53957367,8.125006676,4,197.7838898
14885,125.2530289,42.48192215,28.39297867,8.638833046,4.955793858,1167.93047,3,29505.07979,22.88511658,7.05583334,4,308.2281494
14886,185.048996,27.72597694,17.62182808,8.73135376,5.505427361,4502.636091,3,26408.72478,24.15267944,9.167265892,4,259.2490234
14887,176.6543274,25.67599487,16.33692169,9.019518852,5.636173725,2109.699947,3,13733.76174,24.1836834,9.6689291,5,245.1699524
14888,57.41146088,54.22236252,23.08151436,12.0328722,6.814668179,1223.065702,3,9983.782228,17.56756401,9.178257942,2,49.89909363
14889,185.6846161,24.65807343,14.8423481,7.658776283,4.622037411,5555.943318,3,912.4460116,24.40013313,10.34611225,5,231.3401947
14890,207.9956665,26.96772003,15.94609451,9.936090469,6.175995827,5799.836135,3,1175.346593,27.59554482,7.940856457,5,165.2564392
14891,135.5479279,27.88689804,15.9200058,9.221157074,6.432366848,8766.489204,1,5588.498837,28.15542793,7.345876694,5,236.3082733
14892,21.51211929,49.84726334,26.77390289,8.397604942,4.686811447,2202.619853,3,1034.10086,19.7439003,5.874887943,4,34.84573364
14893,132.9031219,43.61114502,27.89380646,11.15026188,5.998450279,943.4188624,3,2237.976516,28.38990211,8.876123428,4,49.03187943
14894,28.54932976,34.32085419,20.15336609,6.072655678,3.357526779,310.1094505,3,3437.589554,12.69397736,6.416055202,4,256.3729858
14895,111.3442993,29.88426399,17.79616547,8.472855568,4.919956207,4647.694633,3,22898.28106,22.30356979,8.466309547,4,271.6846924
14896,16.86809158,18.46929169,12.46319675,2.795107365,1.631943583,8218.555064,3,3642.975857,13.26370239,1.208806753,5,74.93151093
14897,190.5270691,29.70301056,18.63879967,9.383530617,5.38606739,7233.07195,3,5623.22786,27.17756271,8.397761345,5,254.9315186
14898,127.0283661,34.22861481,18.31794167,8.645612717,4.916160107,7918.114706,3,7244.187384,22.2377224,7.792606354,4,234.5057373
14899,138.2209473,30.60235596,16.00122261,11.01193905,5.482436657,5210.449317,1,9911.455147,36.2898941,8.943102837,4,227.2550659
14900,122.2541351,28.13466644,16.78908348,8.80242157,5.350900173,1287.684906,3,4421.201639,23.3719883,8.864954948,4,299.7592468
14901,54.35852432,47.84231949,25.34811592,9.228054047,5.3535676,3305.399212,3,11725.19017,18.3753891,8.175722122,2,267.5061646
14902,54.05887985,36.08855057,25.82576942,12.57407475,7.100418568,1586.856393,3,1640.441886,31.05155945,8.814469337,4,50.41186905
14903,50.6984024,23.20615005,19.08893585,7.02594614,5.921291828,6637.766661,3,20611.86924,21.5625267,5.958339691,4,271.701355
14904,35.46863174,35.19099808,17.75379944,8.036375999,3.620645285,3296.008148,3,31483.73938,14.74692917,7.294493198,4,192.4259338
14905,47.33633041,38.19836044,20.43143463,7.883421898,4.823384762,1093.639437,3,10132.91862,13.30171394,7.101156712,2,160.9743958
14906,38.47804642,36.88115311,23.3088398,13.28759003,8.437148094,383.0203705,3,4555.522305,27.92702484,11.57719994,2,231.9112244
14907,29.79217148,35.44546127,13.9868269,12.92082405,5.352641582,8598.571535,3,4000.956062,23.60006523,7.135842323,5,152.0377655
14908,149.2184448,25.87229347,16.11426544,8.705042839,5.154955864,2725.580414,3,12449.74224,29.41445732,9.034284592,4,244.1430054
14909,194.8410339,41.95700836,28.67282104,7.268903255,4.047071457,3398.481529,3,288.2997113,19.65481377,5.66277647,4,275.9644775
14910,84.02814484,41.13550949,27.790308,9.713177681,5.739004135,2267.035917,3,960.2987685,23.03828239,7.929803371,4,25.09625244
14911,114.8209229,42.99312592,27.71502686,8.238239288,4.666178703,1945.967526,3,1162.979303,21.39259911,6.915569782,4,309.3824158
14912,76.07711029,28.02775764,18.09557915,6.812811852,3.90508461,367.8801395,3,31113.27791,19.75542831,6.121047497,4,243.4349518
14913,125.7950592,28.23750496,17.75662231,9.173075676,5.698807716,2373.454908,3,29221.11885,24.2032299,8.937901497,4,254.7448883
14914,276.6670227,20.54384613,15.0243721,7.735037804,4.263885021,680.2246864,1,5750.884822,31.06004715,7.360517502,2,38.31648254
14915,129.0106812,38.26333237,26.3412056,7.555823326,4.361561298,7823.548101,3,3233.837696,24.41116714,6.943834782,5,46.69400787
14916,110.0377579,46.5395546,28.0970192,7.792210102,3.978319168,3362.985697,3,34141.52913,19.22766304,6.7117033,4,319.4671631
14917,48.1187973,34.70653152,17.3133316,10.85655785,6.310937881,153.7877728,3,31580.43541,23.04158974,7.748425484,4,93.94468689
14918,66.40660858,33.7459259,15.72059345,8.810632706,5.005120754,4931.204669,3,23943.38434,19.79745102,9.207345009,2,92.2457428
14919,36.62458801,35.46132278,18.82170296,10.21885014,6.007638931,4978.429072,3,23644.48298,21.30522156,9.729265213,4,232.2383118
14920,20.61400223,33.76236343,22.36507607,4.655358315,3.106170654,246.7904062,3,9650.445658,7.297236919,4.194297314,2,94.60469055
14921,60.36999893,29.23518181,19.04967499,9.421975136,6.322077274,8781.780054,3,4145.034074,26.29633522,8.902816772,5,209.3806152
14922,127.14151,27.95765495,18.05526352,11.04601288,6.592396259,1695.726685,3,15917.15943,29.78555298,8.810756683,4,197.5712585
14923,74.4879303,26.22765541,16.47472572,8.435631752,5.031363964,5217.360264,3,19220.11612,21.93480492,7.360341072,4,190.4077148
14924,112.8623886,28.17753601,19.28671455,6.802531719,4.174545765,6346.864565,3,20241.99584,20.07573128,5.875526905,4,286.2940674
14925,160.46875,29.78182411,19.66923904,9.586503983,5.697498798,5847.657648,1,10167.2009,30.66542625,8.315489769,4,58.84069824
14926,142.5233765,33.74943924,19.35107422,10.63402462,6.808907986,2135.002857,3,29485.91805,23.837883,10.0906992,4,115.1593018
14927,92.14006805,32.32248306,18.82428741,6.516730785,4.364487171,3019.40479,3,12454.33673,15.41411018,10.06741142,4,95.19442749
14928,138.3267975,28.91050911,15.52693844,8.182829857,4.44218111,3758.297445,3,12158.34162,23.72429085,7.219634056,4,152.2910156
14929,122.7508621,27.1703434,17.77156067,8.57058239,4.670279026,3172.755242,3,25345.65847,25.46164703,8.125299454,4,115.9665833
14930,113.5787659,22.85816193,13.46529675,5.441362381,3.248067617,4245.06575,3,32504.74693,16.37493515,4.985191822,4,194.6326599
14931,89.68119812,24.62716866,16.24969673,6.443470478,3.550056458,3898.580462,3,20383.03342,19.55394173,5.332266331,4,127.7468109
14932,85.35540009,29.12813377,18.41625023,22.27588463,12.87139797,180.4132378,1,4758.602747,38.5486145,16.35969162,2,65.89532471
14933,229.6600037,22.02718353,16.50297356,9.179331779,6.41587019,703.9062296,3,4280.711135,33.31402588,9.723917961,2,242.1027222
14934,153.3373413,32.58722305,17.87452888,12.14885426,6.328871727,3025.84716,3,12215.72234,29.58751106,9.959151268,4,109.2900467
14935,129.3048096,24.48985672,16.0984745,8.325737953,4.906702042,1809.75432,3,4822.589837,22.22503471,7.195439816,4,202.8912964
14936,91.6541214,31.10550117,19.15798187,15.00267029,8.5996418,652.6941366,1,14769.56067,34.01329803,10.80042839,4,228.3664551
14937,69.01443481,34.71864319,18.37851334,14.50694561,8.544452667,1008.450356,3,15071.9793,29.60677147,12.29676914,4,174.5104218
14938,48.83242416,26.28761673,16.11653519,7.287833214,4.310181141,4317.022015,3,32374.54474,17.21432114,5.242598534,4,185.7106018
14939,99.50787354,37.71319962,26.62248802,6.439965248,3.636420965,2526.273972,3,33430.82349,21.32138443,6.171487808,4,48.90049362
14940,174.6942139,25.56910706,15.54248714,6.793911457,3.748880148,3987.741248,3,25802.40281,20.43941689,6.77771616,4,219.0443115
14941,173.2862244,29.76221848,18.74370956,9.325925827,5.550281525,4694.245019,3,24444.77305,25.67433739,8.657795906,2,80.88214111
14942,11.14743423,38.75499344,16.07846832,8.664554596,4.537231445,370.4090453,3,4559.243945,14.51741123,5.008862495,2,286.9795227
14943,19.75036621,47.60672379,16.08409691,14.86454105,6.321760178,250.7167219,3,4678.312499,23.06226349,8.752352715,2,245.9734955
14944,322.6712952,22.48485756,16.87462807,7.786947727,5.317953587,3535.526763,3,1397.810856,32.44511032,8.374867439,10,266.4482727
14945,143.7697601,29.85754013,18.50787354,9.233608246,5.035253525,8027.723757,3,6999.589489,24.78297997,7.968207359,4,101.5052032
14946,107.9140167,34.2816658,17.36248016,8.880949974,4.743643284,7775.240205,3,6477.53261,22.6112709,6.921158314,4,110.2726898
14947,22.83063889,27.10853767,11.80789471,7.798061371,3.329495907,3427.511314,3,31626.84801,17.84776115,5.173463345,4,174.1304016
14948,145.1757965,25.57739067,16.41400146,6.456826687,3.712274313,2517.21059,3,33891.87569,17.86600876,5.792078972,4,186.6821289
14949,65.35150146,28.19162178,17.25527573,7.460558414,4.150427341,3253.553665,3,19576.40304,18.31291199,5.347719669,4,137.3329468
14950,25.88790512,43.28045273,10.37240028,9.26406765,4.586326599,2922.576425,3,19163.80936,16.36020279,5.892980099,4,91.51486969
14951,13.33007717,32.38547516,17.88822365,4.060949802,2.367947578,2897.850708,3,12806.67902,6.436598301,2.957089901,4,139.3175507
14952,69.66539001,42.06236649,21.70729446,7.887112617,5.035093784,1287.720875,3,10385.95365,14.29950237,7.060924053,2,64.2118454
14953,88.0109024,27.40489388,17.81280136,9.366436005,6.267199039,294.4097919,3,14729.42062,22.59337616,12.80269337,4,105.6422424
14954,132.9313965,36.57524109,28.17748642,10.85800266,7.223690987,273.8047585,1,14147.81304,32.62081528,10.10546589,4,60.36689758
14955,141.086731,34.15591049,19.42301178,10.05901718,5.606525421,1943.520609,1,15986.70553,30.80310249,7.548060894,4,299.5213623
14956,52.78430176,27.71040916,18.21722221,7.283288956,4.233267784,3848.805741,3,31963.28548,18.03759003,6.515186787,4,217.1168518
14957,64.09453583,28.21959496,19.4068718,7.443453789,4.464351177,4062.7471,3,33757.24132,18.8619194,7.377787113,4,301.4500732
14958,53.41689682,53.74929428,28.72997284,8.334579468,5.290037632,2831.13725,3,19376.16063,23.84316444,7.58941412,4,24.23555756
14959,80.03417969,32.29308319,16.6641655,9.417744637,5.903662682,8907.529319,3,4595.929324,26.77612877,8.247953415,5,242.4879913
14960,110.5717545,24.96964264,18.37405205,9.821949959,5.788992405,8598.988646,1,5000.198082,30.11858749,9.336758614,5,75.81570435
14961,105.7245712,28.5106678,16.82227135,9.491996765,5.263873577,3538.418501,3,8451.401064,24.2549839,7.896422386,4,148.3487244
14962,151.4811554,21.21979523,13.89927101,8.203741074,5.131251335,4212.144208,3,7168.564815,27.04279137,7.203315258,4,211.5185394
14963,137.8826904,40.90473938,17.86400795,11.00567436,5.741325855,3123.304189,3,16683.57696,22.18233681,7.567045212,4,202.7200623
14964,40.71658325,29.98699379,17.90302658,9.833455086,5.302940845,3937.133021,3,17994.08824,20.92630005,7.027106762,4,114.2539215
14965,121.1883621,38.88232803,27.00423622,8.319950104,4.921853542,3257.344097,3,25237.57883,24.58842278,6.631706715,4,36.54497147
14966,119.4013977,37.32045746,28.55212402,8.246353149,4.408397675,2714.473485,3,25720.15221,23.41521072,7.20715189,4,321.0090027
14967,148.9830322,34.5904541,19.2276783,10.86005974,5.68732214,1450.122814,3,16609.28725,24.98675156,9.833892822,4,200.0952301
14968,99.21746063,31.23917007,16.55431557,12.1871376,6.492723942,7709.592418,3,8868.528029,33.03937912,9.623310089,4,152.5256958
14969,166.1123962,36.92521286,26.57817268,8.976057053,4.864832878,7345.568108,1,8601.191514,32.78801727,6.623229027,4,45.53353119
14970,153.1959381,28.28709221,18.06145096,12.8226223,6.700000286,4876.239586,1,9603.341953,34.23488998,10.3900404,4,176.4696198
14971,126.6610413,27.81183434,15.07473755,9.103282928,4.979687691,3875.206443,3,8799.275812,26.67832375,7.249095917,4,223.5460205
14972,85.50382233,29.01910782,16.73413086,9.535898209,5.834089279,138.0843109,3,3004.599049,22.7468605,10.1270237,4,74.1161499
14973,66.69345856,28.99073792,18.78570747,8.964467049,5.134642124,4697.594913,3,18707.26058,22.63520241,7.665348053,4,234.8193054
14974,19.97915649,31.42266655,23.03334427,10.79938984,6.48403883,4169.28278,3,18190.59913,16.43885994,9.44952774,4,259.2827148
14975,134.5976715,35.38574219,17.95967865,9.758109093,5.125423908,1510.081651,3,30149.73335,21.86956406,8.065110207,4,142.7746887
14976,141.2212219,31.42305183,17.80539703,13.59240437,8.874956131,41.4532845,1,4973.991352,39.03339386,12.32297039,2,81.16809082
14977,107.5617676,30.68251801,17.08459282,10.78266621,5.919145107,2630.628392,3,12517.91343,27.59110451,8.946051598,4,203.1985931
14978,103.6670914,37.46826553,18.90226173,14.97152901,8.322313309,2154.061851,3,12757.3346,29.75522804,12.37701607,4,128.7459717
14979,71.18925476,29.86213303,20.0158329,6.923146725,3.676337957,605.8052857,3,3666.547097,16.27610779,6.5357728,4,251.5650482
14980,158.237915,29.72207642,17.86725426,8.103157043,4.821721077,1403.285274,3,27030.07455,20.72743988,8.295202255,4,117.8510132
14981,101.1393509,30.69117355,19.55006027,8.826846123,5.321086884,4675.695316,3,23520.01785,22.59151649,8.078373909,4,268.069397
14982,140.0966034,31.45158958,22.10380363,9.340718269,5.892460823,8031.291932,1,7938.185079,29.80694389,8.499178886,4,69.11927795
14983,60.53939438,54.33094025,29.95408058,12.65836239,6.627112865,7576.145772,1,8750.894225,30.22682381,9.156843185,4,341.952179
14984,157.9401093,32.23721313,26.11284065,8.800955772,5.38285017,7581.107548,1,8244.483569,32.08165741,6.887804508,4,321.4715271
14985,59.95080948,59.90580368,23.21607971,11.24513721,6.048623562,4649.945107,1,18548.68459,23.7964077,7.806904793,4,335.185791
14986,134.8509674,33.24759674,25.68670273,7.442568779,3.958707094,2004.769209,3,30198.4782,23.61771011,5.93675375,4,304.9506531
14987,109.6002884,40.47816467,23.79269409,9.153396606,4.968671799,1273.660373,3,32535.37194,21.44162178,7.546064854,4,60.94539642
14988,268.5380249,21.44483185,13.66809273,7.351706982,4.762482166,1807.730892,3,7863.045019,34.17964172,7.016804695,2,120.9637604
14989,145.5431976,32.22580338,18.97362328,8.984423637,5.244124413,1896.12925,3,6969.399689,24.88565826,8.519993782,4,280.6499634
14990,88.22847748,32.5650177,17.69695663,10.31997108,5.267702103,355.9199212,3,5463.201272,21.76709175,8.089709282,4,148.5218353
14991,54.4718399,38.5420723,20.06605911,13.77959251,9.182406425,3403.868738,3,11703.33825,24.02866173,14.02275658,4,100.491478
14992,65.32427216,38.40290451,17.63275337,10.80333042,6.144359589,2482.677964,3,10929.82286,20.80987549,8.862811089,2,160.9182281
14993,120.7581329,29.8562088,18.16821098,10.41987801,6.422981262,885.6255499,3,9425.305516,22.09521294,8.040618896,2,164.8071136
14994,71.98745728,29.27520561,18.32404327,9.464959145,4.8780303,4352.819943,3,1205.268034,25.11812401,7.411934376,10,187.1250153
14995,98.72916412,37.76383209,25.59905052,10.80066204,7.178091049,4690.693508,8,228.5784858,24.2490387,12.91671085,10,281.219574
14996,173.4023132,21.98789406,13.08944321,7.249011517,4.465666771,4443.144721,3,7311.751368,22.48779488,6.491002083,4,225
14997,111.5531235,27.36685562,17.22224998,9.438680649,5.98657608,4133.465079,3,8794.054004,26.32317543,8.799401283,4,71.15058899
14998,254.0116425,31.10545158,17.27958679,15.79053116,9.272055626,613.2692104,3,13077.05751,38.4553833,14.54969692,5,118.8448486
14999,67.62243652,28.92549706,15.24946499,11.31001949,6.311232567,5468.159382,3,19370.61828,29.87292862,9.925403595,4,287.5512085
15000,99.21170807,25.59060669,15.54558182,7.640200138,4.014766216,6079.061689,3,19911.32912,22.25273323,6.292608261,4,321.7098389
15001,24.68663788,63.84276581,23.17655182,11.07785225,5.581341743,3192.309793,3,31342.02407,22.16248322,8.923274994,4,16.63519669
15002,122.60923,30.00705528,17.01737595,7.9370327,4.781376839,1277.351198,3,32725.62565,20.78463745,6.649011135,4,171.1694641
15003,108.7533569,33.9440155,17.37727547,8.185726166,5.032224178,2762.469226,3,11290.90411,19.6675396,8.711399078,2,72.86134338
15004,130.3880005,33.40699387,25.00959969,13.21899319,7.08394289,1888.269697,1,7556.643185,39.56435776,10.87631226,2,323.4475098
15005,250.2970734,20.97974777,15.56164932,9.285252571,6.149329662,3317.247464,3,2027.165337,32.79779816,7.742280006,10,201.5713043
15006,50.84950638,26.10452652,18.98818016,7.428838253,4.761146069,8465.465006,3,3836.572398,22.66835976,6.722389698,5,42.2056427
15007,241.7075195,49.93751526,29.4588604,10.50700951,6.477747917,7517.262829,1,2823.775343,27.84314537,9.418845177,5,46.57035446
15008,152.060318,30.92688751,17.62210846,12.15506363,6.60092783,4794.501706,1,9603.782068,34.82979584,10.10005379,4,285.1644592
15009,111.4079056,41.35466003,27.52471352,7.625589848,4.343489647,2720.022906,3,30670.74697,21.51317787,7.96804285,4,291.8734741
15010,81.41094208,34.77713776,22.53768921,15.07501888,8.388208389,1898.769553,3,3133.31997,39.35693741,12.35262871,10,193.8596039
15011,119.0528259,26.33324051,16.34339905,10.06635666,5.869299412,4195.218516,3,9121.343783,28.59132957,8.944355011,4,136.5911407
15012,176.8968048,30.73761177,18.27474403,9.475805283,6.09015274,1740.712456,3,3743.05842,20.83949471,8.457553864,4,175.9143829
15013,101.7182007,27.78466225,16.17111588,10.81720448,6.72306776,4463.022549,3,18266.24519,25.43066406,9.066573143,4,263.8786011
15014,66.30290985,28.84724426,17.34772301,7.017703056,4.123176575,3898.720142,3,17768.4674,16.7832756,5.929755688,4,131.9296265
15015,107.8620834,32.73604202,17.07357407,9.949673653,5.232315063,1084.967754,3,30585.52575,24.31953239,7.960364342,4,179.3097229
15016,130.9264984,36.64582443,22.83636856,8.062320709,4.313998222,3698.075701,3,20503.15819,22.58289909,6.151506424,4,38.73651123
15017,175.2755432,34.71480179,27.34465027,7.892058849,4.625246048,3136.41598,3,20680.84282,22.26014137,7.220483303,4,50.44033051
15018,76.90598297,25.73785973,14.74668598,6.242218018,3.704937935,1872.026031,3,15412.85658,22.4136734,5.549640179,5,241.1027985
15019,164.9385071,41.59012985,26.32420731,10.23656368,6.597458363,1774.002881,1,3409.971671,35.63798904,8.289941788,10,310.1148071
15020,184.7046509,36.82313156,28.7524128,9.834943771,6.551971436,2885.428148,1,2610.19495,34.17999268,8.831920624,10,311.8636475
15021,53.29594421,19.50261497,9.484424591,6.190237522,3.787242413,4037.642575,3,1496.668873,25.75849533,5.056137085,10,232.1250153
15022,56.50891876,47.82019424,28.29556274,13.39255238,5.742668629,562.0778079,1,14526.82571,30.50960541,9.854454041,4,17.5255661
15023,130.1353607,24.61055565,14.63112736,6.448516369,3.553180456,5892.437104,3,19560.35032,23.30328178,5.717499733,4,265.8179932
15024,141.9438782,47.56613922,27.11767769,10.89768791,5.63875103,5585.507467,3,19177.60588,26.90665054,8.79462719,4,322.5762939
15025,175.5818634,29.23083496,16.49968147,8.850832939,5.013976097,6555.27152,3,19180.68876,23.26169395,8.039825439,4,138.5322876
15026,159.7029724,21.03347969,14.90369511,7.743021965,5.043711185,4289.56858,3,24709.71193,27.40903473,7.694636822,2,69.44395447
15027,108.7385178,26.13356972,16.79227066,6.381362438,4.081839085,2814.209122,3,12458.20481,17.26404381,9.266169548,4,81.80136108
15028,176.8623962,34.82606888,17.91811371,8.606506348,6.179217339,1893.894259,3,13650.16189,18.58045387,12.33607197,4,154.440033
15029,96.00937653,33.38112259,17.70445251,9.899281502,5.131142616,695.183503,3,9540.309092,23.60301018,9.555335999,2,224.2747803
15030,111.3929062,37.58633423,22.3521843,10.05537224,6.174426079,731.89921,3,9804.314525,25.22167015,10.29696369,2,275.3893127
15031,116.9608994,33.86603165,19.35415077,9.58540535,5.150138378,737.2959814,3,9773.885754,21.03912354,6.717167854,2,129.1439819
15032,233.7436371,25.86102486,19.54008675,9.045294762,5.487201691,1859.651423,1,7094.626701,35.549263,8.218364716,2,287.684021
15033,202.6971436,28.19195175,18.24316406,8.160614014,4.823072433,7362.334942,3,2723.92551,26.25608063,7.496122837,5,76.21839905
15034,80.59701538,24.24095535,19.45169258,7.557625294,4.613273621,8211.645341,3,3797.651952,24.3698616,7.86232996,5,58.82898331
15035,102.8512115,26.29641533,16.72242165,9.482761383,5.804442406,8341.176718,1,4340.704858,29.43972206,8.005042076,5,217.7766571
15036,162.4393768,26.1347332,15.86455154,11.35143375,6.775923729,4679.883573,3,11268.79637,32.18099594,10.23617554,4,178.1169739
15037,98.08358765,35.88857269,18.4115715,10.25310421,5.682411194,1214.541121,3,16758.06308,23.37353134,8.748217583,5,121.218399
15038,66.62390137,26.35759163,15.52461147,6.245233536,3.83477664,1051.884495,3,16108.84393,16.41460991,6.616557121,4,250.9743958
15039,76.9681015,37.11674118,13.83936977,13.69181633,7.363715172,31.70131503,3,4960.096967,37.22696686,10.06970692,2,91.27303314
15040,157.1678619,60.8674202,22.30451393,18.68751144,9.914628029,1035.76107,1,3894.752682,37.02958679,15.21698666,10,291.5014343
15041,138.28479,44.90973282,28.11084557,10.50680542,6.557540894,4452.341506,1,10617.22504,30.19501686,9.725781441,4,80.32545471
15042,229.1799164,49.28180313,28.74941444,9.833381653,5.65814209,5683.400353,1,9246.077113,28.6983242,8.395726204,4,303.3406982
15043,115.1949081,27.17342758,15.16940594,9.9602108,5.741667747,679.986013,3,2435.51379,27.83615112,8.232883453,4,119.7448807
15044,167.6467438,28.86047554,18.35058784,11.36006641,6.723939896,106.7187289,1,13678.52559,35.20845795,11.18408012,5,297.5701294
15045,82.40675354,32.98165512,18.39172363,9.631622314,5.158305168,247.4180093,3,31855.73132,24.24598503,8.233325958,4,52.94347
15046,45.68241882,28.22519112,19.9213295,6.218523502,3.806553602,304.0339894,3,31347.15814,17.07924271,6.579627514,4,225
15047,55.34038925,31.53428078,21.56571388,9.193318367,5.427623749,1057.496808,3,16437.1682,21.00369835,7.903482914,4,114.1455383
15048,180.7953186,31.8464756,17.09143639,11.90309906,6.371368885,5068.797322,1,10629.20182,33.77228165,10.11241627,4,261.8699036
15049,98.8629837,24.95799637,13.19210339,7.161030293,4.117451191,3295.954574,3,8269.493939,19.90829849,5.557357788,4,214.6951599
15050,48.07439041,28.85956192,18.02264214,7.57738018,4.130515099,762.5806832,3,4486.711074,16.20544815,5.617849827,4,161.9101868
15051,55.75725937,31.62738419,19.659235,9.728900909,5.825903416,884.413604,3,4441.4742,23.12342072,7.953840733,4,295.7302246
15052,122.5520172,33.21901321,26.29246521,8.411531448,4.896489143,907.4890748,1,14349.18315,29.03799248,6.391338348,4,54.63647079
15053,117.1628723,47.73706055,29.84422302,9.263698578,5.611404896,3450.858065,3,31464.55909,25.47633362,8.208729744,4,53.4282074
15054,72.17715454,45.31918335,25.21744156,7.168311596,4.212269306,2314.835273,3,12707.53078,12.71237469,6.665056229,4,90
15055,86.42593384,29.50959587,18.86498833,5.914976597,3.727077484,2457.269249,3,12650.05844,14.86850548,6.29847908,4,82.47618103
15056,275.2302246,22.47294617,13.61892223,10.13373566,5.6504035,1095.265972,3,6037.180491,37.06220627,9.473948479,2,116.0915451
15057,105.7137756,34.86949921,22.76443863,7.304974079,4.196342945,1989.253314,3,3364.144531,19.3180542,6.596122742,4,304.3621216
15058,142.7727203,52.4287796,23.59503365,14.16948318,7.501298428,652.3366248,3,2417.906959,29.4572773,11.2850771,4,33.69006729
15059,42.62880707,50.16570663,24.45092392,16.12553406,8.360966682,1074.400442,1,14948.23785,29.66305733,10.88576984,4,335.3803711
15060,2.374102592,55.06339645,17.23431778,2.491191864,1.292627811,60.28543234,3,9932.350146,2.980423212,1.527318954,2,240.9453888
15061,296.2872009,29.4799881,24.65901184,8.688108444,5.311553478,1466.874061,1,6395.246555,31.62396812,7.829508781,2,71.56504822
15062,123.7218475,30.77935791,19.98750305,9.038358688,5.599306583,7661.699518,1,5009.992257,27.30983162,7.518354893,5,255.0685883
15063,134.8919525,34.48834991,22.9813118,9.951119423,5.840865612,2250.01223,1,13438.17849,30.68496895,9.568711281,4,266.4777222
15064,110.3506927,27.68919563,17.2464962,10.2033453,6.230957985,2973.478248,3,13006.54781,31.27592087,8.637216568,4,133.7811279
15065,89.48282623,30.13913727,18.151474,11.21232033,6.143841267,5510.165081,3,10602.78221,31.07362747,8.785047531,4,162.1936035
15066,85.08746338,35.4502449,15.50971985,8.739548683,4.342242241,4102.643547,3,9039.274321,20.41746521,6.575975895,4,156.3339844
15067,232.5306244,26.56146622,15.7850666,12.8008852,7.790875912,486.8953481,3,12371.16701,36.78955841,12.03311634,5,157.5430603
15068,91.56639862,41.60993195,26.72576141,10.53917599,6.356550694,1634.850577,1,15280.96206,28.28120422,8.179069519,4,295.5150757
15069,77.15602875,38.44021606,28.09080887,7.196114063,4.413762569,4548.362232,3,32453.06583,17.87495995,7.883033752,4,322.8153076
15070,119.6736984,24.09638405,16.42295647,5.846570492,3.613170862,4408.365075,3,33201.52896,18.68343925,6.362897396,4,279.3674622
15071,81.77218628,28.38241959,20.5913105,9.195492744,5.158872128,2399.757267,3,19016.5926,19.99308205,8.125952721,4,42.89675522
15072,105.7980957,28.44946861,17.63625908,10.65072918,6.236373901,7876.84538,1,4631.567445,29.65484047,9.358496666,5,111.3368607
15073,92.93144989,30.16623306,17.99946785,10.62381935,6.344651699,1836.928499,3,12997.04152,30.54536819,8.749581337,4,233.6606445
15074,120.4516907,26.45029259,15.77172184,12.42262936,6.88269949,926.88091,3,14033.60097,31.94138336,10.06396484,4,150.9454041
15075,135.5782166,40.32909775,24.64915848,12.69847965,7.594531059,1035.549893,3,13636.58137,32.67158127,10.43504715,4,60.90278625
15076,149.2360992,32.1820755,18.5010376,10.04438114,5.524873734,3089.339492,3,16395.036,25.7304039,8.111204147,4,111.6822891
15077,31.8787384,35.75119019,20.66422653,9.957093239,5.757275581,23.56124348,3,28288.76783,18.37815285,9.276338577,4,118.2173538
15078,145.9088593,28.86188698,17.1221714,10.19789505,5.872248173,746.2692866,3,28978.16858,26.92063522,8.82989502,4,263.65979
15079,12.59607697,32.41472626,16.14339256,5.418706894,1.786448479,4592.654568,3,32561.44006,12.73268414,3.470403671,4,319.2891541
15080,27.49117088,30.13253403,18.70837975,6.850038052,4.248622894,1836.856779,3,10895.82149,17.0678463,5.166872978,2,167.9694061
15081,202.8786163,25.93200111,16.08505821,10.24696922,6.256146908,377.1522006,2,14457.93532,31.74925804,10.12133408,4,272.6025696
15082,86.90410614,33.39921951,16.81805038,9.303218842,5.204736233,1521.793596,3,6646.100236,21.41367531,9.260222435,4,198.2644348
15083,116.9015884,38.29104614,23.76292801,9.374225616,5.230987072,2375.530218,3,755.163959,21.53166199,7.879328728,4,60.58815002
15084,158.4896851,28.33646011,17.71855736,10.62977695,6.679057121,2852.980565,3,15908.6208,30.42842484,9.247134209,4,233.6242371
15085,144.9222717,27.70126534,16.60170746,7.499513626,4.469435692,4022.241654,3,26280.95829,21.59131813,8.454999924,4,139.9344177
15086,122.5645905,31.42370033,18.05217552,8.84074688,5.157621861,3815.762179,3,23097.49485,21.51153946,9.141992569,4,147.6006622
15087,104.1068573,32.63955688,20.94784164,8.332889557,4.840088367,515.0839682,3,5699.921431,24.82249641,7.006509304,4,44.16358185
15088,68.34094238,28.50341988,20.89891243,6.539823055,4.762649536,4329.343453,3,32233.39905,19.91319656,7.538784027,4,315
15089,20.50046349,30.51283264,16.75300407,3.600146055,2.990677118,172.3729554,3,10210.31366,5.352970123,3.766040325,2,90
15090,122.627861,23.27216721,17.4096489,8.742219925,4.928557873,4149.512904,3,1174.173471,30.99206352,8.5554533,10,309.9766846
15091,143.030014,38.84194183,28.48605728,8.932373047,5.287767887,7012.567073,1,8805.924513,29.87460136,7.987640381,4,311.149353
15092,265.8438721,26.59836769,17.7651844,9.637909889,5.70100975,6299.10104,3,8986.983264,30.0614357,8.45806694,4,104.2026596
15093,109.8884964,27.64599037,18.88308144,11.30521488,6.718710899,297.4344446,3,13753.00005,28.70381165,11.39113712,4,80.16643524
15094,26.84916687,45.32749176,17.88911247,11.63076973,6.958819866,420.8589438,3,4864.11066,18.60580444,9.10755825,4,239.0776978
15095,53.10492325,39.95066833,22.83400726,12.53417969,6.200026035,3050.713207,3,5951.407724,25.61449242,8.744778633,4,319.8304138
15096,150.911026,31.15568542,17.30979156,10.42982578,5.61692524,2505.188092,3,15687.63205,26.54370689,7.673602581,4,132.6784668
15097,178.9686279,40.3034668,26.02377319,9.057823181,5.351415157,1177.965936,3,27172.87741,22.86292648,7.570937634,4,50.86829758
15098,128.8358459,29.6543045,15.92557716,11.0463829,6.58071804,1498.193877,3,18128.52866,27.66270256,10.60564137,5,220.9858246
15099,228.2902527,18.85541153,12.56402969,7.725548744,4.953474998,2274.360284,3,8345.593688,36.69383621,7.812812805,2,116.0457687
15100,207.7617188,24.63611221,16.17907333,11.05569744,6.426215649,2562.606501,1,8423.871595,36.68003845,9.633957863,2,91.0169754
15101,92.70777893,36.61612701,26.9010849,10.51202965,5.819363594,1074.805928,1,14662.32768,31.52390289,7.963279724,4,314.5005493
15102,112.2101517,34.59737778,19.19326019,10.5654192,6.101297379,1762.366707,3,15590.78667,31.24697685,7.745440006,4,247.8077393
15103,97.57151031,33.40319824,17.5961628,8.105379105,4.405958652,3386.463531,3,27091.85335,18.12046242,7.635126591,4,115.3959122
15104,118.7869644,35.31060791,23.07000542,8.324371338,4.888928413,3454.214265,3,22830.5412,20.81284142,7.721158504,4,261.1387634
15105,40.2567482,34.06055832,17.86772728,6.198378563,3.952587843,979.3046101,3,10577.60051,12.58875561,5.473533154,2,160.0658569
15106,119.4302444,27.17260933,17.79753685,10.64643764,6.19196558,3234.190178,3,11791.3554,28.28751564,10.26118183,4,188.4322205
15107,91.76042175,26.28434372,16.0996418,7.968698502,4.296041012,2847.981389,3,2644.45422,19.88354683,7.425384998,4,183.1798401
15108,142.9432526,32.99018478,25.0970726,7.826883793,4.354849339,5426.821367,3,22681.76796,22.60944557,7.227974892,4,301.315033
15109,210.0604401,28.77534676,17.24663734,8.540567398,5.361327648,3603.094159,3,7725.396618,23.36679268,9.012825966,4,97.81529236
15110,97.81035614,25.95554352,17.8162117,7.622308731,4.760685444,2432.339323,3,30525.84869,25.11951447,6.699500561,4,90
15111,16.9010849,47.25336838,19.94757462,7.859340668,3.956941366,1884.470387,3,11084.9083,15.11932278,5.908833504,2,58.73011398
15112,128.3566437,27.72953033,15.96823883,10.37029648,5.514256954,1810.366182,3,14230.74998,28.088974,8.993842125,4,198.9117737
15113,20.87969208,41.37546158,16.85607719,9.107909203,4.079102993,3704.111684,3,9354.679798,17.68835449,5.966858387,4,107.4471893
15114,60.25535202,38.53348541,15.30349541,11.39217758,5.962731838,4493.213547,3,24322.91709,21.49866295,8.100865364,2,153.5681152
15115,113.9912186,27.16295433,15.84548187,10.3623724,5.539538383,4033.120582,3,23916.52892,29.02605438,8.681489944,4,239.9295654
15116,114.4297333,35.27816391,17.75152016,9.959436417,5.474196911,2674.497142,3,11542.78025,23.64545441,9.044708252,2,138.2704926
15117,201.0173187,22.6086235,12.9841795,8.85068512,5.065637112,2453.52535,3,8469.042692,39.22713089,8.831751823,2,65.26403046
15118,152.8034058,34.09790802,25.31315041,10.59980297,6.550846577,3269.746414,1,11264.44951,31.99643326,9.608892441,4,46.08092499
15119,131.732193,31.12270737,17.69792747,10.99517632,6.204062462,4944.108278,1,9858.829109,30.23094177,8.418827057,4,165.2991333
15120,125.1970215,27.86704445,15.07137108,9.556440353,5.195701122,3427.806551,3,9714.28657,25.21898079,7.984844208,4,176.757019
15121,190.3653412,34.75747681,17.99035645,11.16275692,7.262487411,1402.264256,3,13950.91383,26.34669113,16.69275665,5,234.462326
15122,84.80841064,26.10533142,16.3260746,7.617304802,4.292399406,2560.621038,3,12623.83112,16.41369247,6.847327709,4,84.09385681
15123,155.3343964,33.96371078,16.09337807,12.94914532,6.596683025,1581.319243,3,14512.59091,30.6063633,10.04021549,4,137.4787445
15124,151.2664337,28.88180542,16.64483643,10.26672554,6.142183304,4132.556965,1,11397.03871,31.08987999,9.123806,4,239.9420166
15125,130.273056,28.53450394,19.55093384,10.30068684,6.562306404,3419.33405,3,9231.33772,27.15394592,8.690565109,4,38.65980911
15126,95.1390152,46.31978607,17.57971573,9.895913124,5.00180912,703.405182,3,10164.08899,24.27252197,7.097213268,2,118.8556595
15127,84.55358887,24.66014862,15.40963173,10.04720402,5.452087402,7694.600608,1,4169.494737,26.71948242,8.158823967,5,208.9676514
15128,182.8838806,27.41526413,17.32001114,10.3558836,6.224042892,886.9779152,3,14331.82123,32.41600418,10.51189804,4,207.6954346
15129,166.3703766,48.22288895,27.07991982,11.19263744,6.49758625,1731.51101,3,4631.923178,26.64575386,9.456914902,4,319.0856323
15130,132.0206451,29.04669189,17.58046722,8.319749832,4.641514778,3249.175068,3,6047.32406,22.61303139,6.959798813,4,268.2979736
15131,29.77150345,32.77922058,19.78417587,7.974886894,4.519872665,3993.729125,3,17566.72989,15.97986412,6.200417042,4,176.3411865
15132,152.0132294,25.30932236,15.67036247,8.013850212,4.405521393,5221.073276,3,18713.03733,25.38383102,6.582962513,4,243.824707
15133,116.7977524,23.91967201,15.31143284,8.197178841,4.734642506,4361.791657,1,17716.51744,27.9264431,6.996248245,4,291.1813354
15134,151.0071564,26.05185699,15.09734249,6.092167854,3.358644485,3573.068915,3,20811.68274,18.52392006,4.868513584,4,75.18838501
15135,87.2443161,31.36531258,16.68789864,8.767039299,4.265685081,1955.012851,3,11768.35012,22.53814697,7.419420719,2,84.80557251
15136,76.50653839,37.16320801,18.59122658,8.993284225,4.738595009,841.4157971,3,10473.63144,19.74546051,8.237121582,2,124.1861267
15137,239.1355133,26.689785,14.97646713,9.586627007,5.353430748,4451.685039,3,206.7817358,31.16852379,7.869343281,10,188.1300964
15138,188.5065613,43.88830185,28.39318848,10.65560818,6.529754162,6874.897623,8,2289.002468,27.06159973,9.220031738,5,326.0484619
15139,194.3848724,26.85156822,15.81803703,9.453433037,5.555597782,7544.193885,3,3059.008769,29.65925598,8.457493782,5,92.09649658
15140,37.92796326,42.56613159,24.15382004,9.016875267,4.322471142,4510.726615,1,11701.95646,20.64535332,7.622324944,4,320.1173096
15141,103.2309341,28.01412392,18.571661,10.66943645,6.117071152,5154.958756,3,10971.7041,28.88505745,8.806875229,4,211.7934723
15142,93.49058533,45.82167816,28.0074482,9.870157242,5.67476368,4973.610637,1,11454.97486,27.74539185,7.630006313,4,284.2017212
15143,80.13995361,32.28608322,16.40677452,9.122462273,4.991178036,1092.268807,3,4315.798865,19.99284554,6.966713428,4,209.4758911
15144,86.52219391,26.15207291,17.51314545,10.01757526,5.540537357,60.0829534,3,2973.019204,24.41988564,7.889451027,4,74.5114975
15145,9.711397171,46.05861282,13.17313671,4.946029663,1.828563571,333.4114328,3,3335.800091,6.121795654,2.457998037,4,253.4416504
15146,143.5559692,37.35029221,26.1349144,9.757496834,5.639535904,2914.538779,3,5675.031851,26.42405891,9.47362709,4,218.6598053
15147,105.5041504,21.78993988,15.52837563,8.452455521,4.920964718,940.7594937,3,17925.57775,24.72606277,11.43860722,5,165.4933472
15148,143.1244659,36.07982635,25.34620285,9.320955276,5.29761982,2668.240357,3,11907.48663,23.05218124,8.647660255,2,62.1027298
15149,62.52870178,37.1086235,25.83909416,6.611984253,5.628083706,304.0423749,3,10216.36048,16.23178673,13.24102402,2,266.1672974
15150,249.7095947,26.75984383,15.17279053,11.21706104,6.140868664,3328.98197,3,1943.387865,36.2522049,8.969417572,10,166.239212
15151,213.6536255,24.89664078,15.79175854,10.2694006,6.210436821,3317.110355,3,1393.349936,31.80313301,7.949679375,10,111.4845428
15152,197.9239655,22.97971725,14.16383934,8.294109344,4.922447205,4052.029091,3,598.2001784,31.64226723,6.746099472,10,123.8155212
15153,113.9504929,25.06823158,15.37236118,9.93868351,5.647698402,2342.239578,3,10308.38861,25.25636101,8.283621788,4,181.0824585
15154,202.2709198,28.80325699,16.75476265,16.30003166,9.162521362,446.8163308,3,12833.51335,43.22805023,14.85446358,5,130.6222229
15155,87.21743774,44.36125565,25.88154793,15.35075665,8.042066574,19.12061359,1,12992.67508,41.97642517,12.68817902,5,303.6773987
15156,134.6472626,29.17576408,19.21034813,7.643563747,4.838212967,1994.594737,3,19365.07588,17.2093544,7.626430511,4,65.34410095
15157,77.6598053,45.12668228,18.14737701,13.0959177,6.266840935,1687.052847,3,14565.14154,26.06196213,10.66325283,5,163.5513916
15158,38.99710083,49.95375061,24.73138428,8.164011955,5.262149334,932.3072641,3,10799.49436,14.3019495,7.751387596,2,49.76364136
15159,87.07215881,26.61369896,14.39333153,7.871587753,5.483325958,1358.822752,3,6553.95124,23.49210358,7.836680889,4,250.3277283
15160,108.2212372,46.13255692,28.65854836,8.78119278,5.085593224,4090.790082,3,6867.040833,22.32178497,8.37163353,4,219.9909668
15161,58.11040878,27.36323929,17.02845001,7.852610111,5.044742584,159.9702324,3,5131.349213,24.74943352,7.196685791,4,80.16480255
15162,118.261795,30.0134182,15.93538475,9.728603363,4.966797829,486.94828,3,5778.382189,25.57261276,7.928408623,4,127.5162964
15163,119.1359634,28.27750969,16.54507256,7.840922356,4.627271175,827.8252037,3,3740.544308,18.66066742,7.277812004,4,263.65979
15164,163.7145233,23.24728966,16.32237625,8.072343826,4.771745205,3566.456584,3,24653.11339,27.78731918,8.196704865,4,75.96376038
15165,277.2023315,43.15353775,30.28218269,10.24396515,6.000090599,2211.550954,1,7522.748211,35.22677994,8.468895912,2,24.42169571
15166,163.598465,28.41443062,17.72959137,10.39141846,5.811918736,2425.646045,1,7944.01402,36.2052269,8.653679848,2,306.4610596
15167,171.710434,24.99347687,20.99821091,7.472961426,4.913199425,7246.691415,1,3541.95643,29.43348122,8.434018135,5,47.97373199
15168,124.8314438,29.06982231,16.48729515,10.3641777,5.034582615,2983.069842,3,13390.22128,26.56012726,8.514292717,4,145.3510895
15169,106.0895309,33.33374023,19.87463379,11.85800457,7.518727303,69.65317938,3,2896.040085,22.55040741,11.56431198,4,93.76403809
15170,158.145752,27.11801529,16.08088875,9.23098278,5.558630943,1220.001525,3,1789.774776,24.34215736,8.18618679,4,134.131958
15171,75.26340485,23.4286747,16.12314034,6.648656845,3.959490061,3647.197083,3,24699.85898,19.10061646,6.6058321,4,229.0879211
15172,16.25418091,45.42996216,16.16638756,7.260984898,3.557024479,122.0647786,3,31552.10872,12.74286366,5.581718922,4,104.9816284
15173,21.43439484,28.8357048,16.72760201,8.640315056,4.434331894,324.9368412,3,31343.01962,14.75671673,5.88989687,4,214.4795532
15174,134.5727692,29.86293602,15.75302505,12.77050781,6.799071789,5575.245688,1,10433.5698,35.83330917,9.946020126,4,295.4891968
15175,202.1568451,22.18879128,13.48642731,8.501261711,4.620774269,2785.978775,3,8577.586947,24.81074715,7.666112423,4,211.9208679
15176,71.26397705,30.27868843,21.95737839,9.797177315,4.247122765,3889.135051,3,31822.02337,26.12816429,7.879345894,4,46.58991241
15177,62.80018234,25.67214203,16.49957275,9.00975132,4.749314785,334.613744,3,32015.5026,22.76361465,7.21812439,4,148.1027832
15178,72.92417145,28.96537781,16.5902977,7.986793518,4.341521263,465.8887563,3,15828.67807,18.85379791,9.305332184,5,172.0730743
15179,99.41542816,29.22766113,16.58417511,9.111053467,4.890200138,7363.454909,3,6141.667349,25.73000145,6.860231876,4,185.4584351
15180,137.6966553,24.62642097,17.99230957,11.19249535,6.885696888,2483.798603,3,13971.52907,31.34615326,10.68842888,4,196.2602081
15181,149.3899994,32.76633453,18.74554825,11.43061543,5.933167934,615.9825752,1,13751.59111,31.91631699,9.434131622,4,244.3277893
15182,149.9572601,27.51154709,16.3184433,8.154854774,4.741840839,5379.965091,3,22784.79782,21.94937897,7.644441128,4,230.2544861
15183,108.9294281,49.9665184,29.74726868,6.64538908,3.889547348,3864.146716,3,31359.89221,17.02598,5.659936428,4,258.3663635
15184,87.4753418,27.69150162,19.5346756,7.594967365,4.738706589,4634.965812,3,32248.44402,20.79912758,7.588933945,4,271.1691284
15185,42.24814224,39.55938339,25.6584549,7.042685986,5.998955727,230.3296103,3,10720.6942,14.84284878,11.5914278,2,286.5278015
15186,29.24653816,28.37772179,21.62086296,9.210947037,4.769193172,274.343241,3,5067.028437,17.79456329,7.818638802,4,92.52611542
15187,57.7724762,34.40628052,22.54164886,11.8616848,7.513066292,585.8881785,3,4803.143828,24.18815994,9.48252964,4,243.2302856
15188,123.2361679,29.99411392,15.16221809,8.28791523,4.182058811,809.2595965,3,27477.20999,22.29771423,7.833954811,4,126.5966339
15189,67.15175629,25.19389153,14.44507027,8.504094124,5.813006401,694.4065859,3,15466.03968,23.73691559,8.896493912,5,133.210083
15190,169.8586884,25.96891212,15.59877872,8.980513573,5.66381216,1228.71269,3,14812.37841,25.88167,8.681969643,5,232.2738037
15191,114.7985992,29.23678207,18.26430893,11.86112404,6.988147736,858.1167748,3,12999.19757,29.94884682,10.74540043,4,196.3895416
15192,81.57473755,28.70701218,17.48277283,8.987351418,5.337108612,3104.594282,3,8140.306042,25.6874733,7.374038696,4,178.8065186
15193,126.7832947,29.18195724,17.61852837,11.06691265,6.290798664,2266.830972,3,15258.91707,28.65796471,9.213015556,4,216.3420105
15194,18.90224648,30.58077049,19.49708939,7.499614239,4.088664532,132.308386,3,28067.77689,13.19857883,5.429302216,4,107.1393127
15195,137.2265167,26.39665222,16.43852997,7.248774529,4.379058361,1153.285723,3,29273.7693,28.02529144,7.237101555,4,267.7974243
15196,50.34742737,52.18486404,25.89701843,12.26524639,6.549476147,1635.467052,3,11583.74653,20.18231964,8.848534584,2,319.7636414
15197,103.5970001,27.7413044,14.92292023,9.304791451,4.75151825,4800.835243,1,9759.800844,28.91032791,7.243751049,4,253.9556885
15198,138.4144897,26.93873596,16.44375801,7.406620502,4.354085922,6115.671195,3,22097.88263,21.47330284,6.883835316,4,106.7826462
15199,144.2294464,26.40766907,15.74993515,7.084602833,4.1198349,1379.670244,3,26788.47345,19.88306808,6.084039211,4,148.5704346
15200,108.1959229,31.73085022,20.96504211,9.468224525,5.27682066,602.345311,3,28733.77099,26.34103584,6.64520359,4,323.2463379
15201,72.58558655,32.87335968,22.88239098,7.353016376,4.222594261,3592.017804,3,31284.88475,20.96584511,7.125710487,4,54.63928223
15202,82.81855011,44.58743286,27.78775597,9.60200119,5.990689278,522.5986011,3,32191.47645,25.4635582,9.295073509,4,311.3665161
15203,127.6838913,37.71600723,25.95125961,9.509037971,5.708557129,4433.617271,1,12032.63922,29.81829643,7.644030571,4,311.1120911
15204,48.19189072,26.79158592,14.96229553,9.23978138,4.816595078,2056.931421,3,7227.039023,20.07289696,7.024519444,4,210.6418152
15205,102.3721848,24.73995972,13.37438202,7.012814999,4.326696873,3082.520519,3,2440.58278,19.22610283,6.693617344,4,248.4530487
15206,154.809845,22.78879166,14.96839905,8.144682884,5.054060459,1999.274158,1,14691.44068,26.82587242,7.335011482,4,84.57940674
15207,118.2671738,27.64890862,19.76620483,7.674285889,4.083856583,2993.441016,3,25482.61636,22.55646133,5.831731796,4,70.92440033
15208,91.92362213,28.99436951,19.55159187,12.37631989,8.748301506,5816.791008,1,10777.26266,33.90616226,11.50997734,4,246.1988068
15209,20.67308235,42.62297821,24.15435791,12.0574007,5.953411579,323.7716503,3,5068.583767,16.89069557,8.8005476,4,85.43092346
15210,89.11710358,46.3655777,30.53186798,6.580638409,4.054596424,4867.287501,3,32721.92569,16.85473061,6.71787405,4,28.49145699
15211,73.88600159,28.9222374,16.87803078,8.001329422,4.885066509,967.6188216,3,30692.51946,20.97283363,7.215745926,4,264.6390381
15212,86.96953583,33.68235016,19.84758377,8.719313622,5.155589104,1404.702797,3,30191.2132,18.37575722,7.364499569,4,238.6491547
15213,45.8106842,39.64762115,18.94930649,7.148995399,3.783246279,996.4137363,3,11304.68816,13.62919044,5.574166298,2,149.0362396
15214,109.5050125,28.10595322,19.54443932,7.52153635,4.658762455,6796.801789,3,21455.30124,21.21586609,8.601734161,4,235.1246643
15215,23.64506912,38.83960724,22.84122086,11.46329021,6.212670326,142.1571033,3,31524.00492,18.64622116,11.05681038,4,36.41312408
15216,26.91116142,33.21102905,18.89746284,4.44620657,3.069978476,343.9382455,3,10819.44702,6.64914465,4.206842422,2,97.12501526
15217,100.9109039,36.42449951,24.29620361,7.042937756,3.921921968,2204.239448,3,7477.323609,20.13775253,6.800767422,4,295.2531738
15218,126.9170914,42.47570419,27.4169178,14.202775,7.139541149,67.87154588,1,12476.47931,36.45358276,13.39384842,5,315.361084
15219,72.16622925,25.94374657,14.94149399,5.539321899,3.383334398,4093.753773,3,24294.75897,15.04950047,5.330604076,4,124.4389877
15220,133.4860992,28.89227104,15.89974689,8.768728256,4.98451376,906.269988,3,27330.23401,26.03783035,7.556260109,4,67.93962097
15221,179.7635345,24.54096222,15.72754955,7.585196972,4.130225182,940.3133432,3,28896.01078,22.61181641,7.201507092,4,210.9637451
15222,118.3202896,38.42027664,24.01655197,10.00699806,5.552324295,302.2930631,3,31944.18881,24.252985,8.986140251,4,75.42578125
15223,88.85321045,27.35170364,15.63407898,9.755764961,5.027907848,709.0594459,3,10036.52377,28.55929184,6.586817741,2,172.2664032
15224,93.6815567,27.00389862,17.96215248,11.74348068,6.789873123,5473.192632,3,10455.85295,33.18416595,9.347239494,4,197.9044495
15225,112.1046677,37.01714706,24.05968094,10.32499504,5.896172523,520.6050656,3,5885.704304,25.40303802,7.923551559,4,30.75476265
15226,180.936676,29.13941002,20.50582314,10.16971779,6.886555195,2464.589699,3,9718.968827,29.55673981,8.906671524,4,60.55457306
15227,94.95615387,29.90925026,18.09217072,10.82223797,7.020539284,3730.241276,3,16804.40971,24.64958572,8.952923775,4,123.6012421
15228,162.9002228,25.89204216,15.31888676,8.662727356,5.285036564,4368.262347,1,17215.14572,30.46486473,7.896243572,4,282.9279175
15229,157.1585083,40.07313156,27.09671593,9.32525444,5.595228672,5212.616228,1,18453.76782,28.45534134,7.495054722,4,326.1444092
15230,102.7895889,33.07535172,18.67273521,7.780828476,4.215275764,1438.107589,3,32978.44733,21.40107727,6.935108185,4,66.6609726
15231,58.56843567,26.24105072,17.76577759,8.255290031,4.868612766,469.3517052,3,31176.25927,18.49873543,7.857372761,4,235.6196594
15232,120.1813965,21.72535515,14.48379803,6.401563644,3.764070749,3420.213129,3,25692.53527,21.5833416,6.800280094,4,201.4801788
15233,84.0579071,30.44538689,16.76864815,11.4864769,5.818823814,976.4459487,3,18225.3808,24.37830925,9.970353127,5,197.6464233
15234,67.98095703,31.95458031,16.26750374,9.731764793,6.336662769,985.68193,3,10263.57128,22.36935043,10.47956276,2,221.5930786
15235,226.3526306,19.89339066,13.51199913,7.432844639,4.678455353,1424.434567,1,3895.512698,32.49194336,7.989697456,10,260.0594482
15236,94.06580353,28.16451645,15.01513958,9.566999435,4.968977451,3251.289543,3,12851.33471,31.00946236,7.36260128,4,217.1083069
15237,102.4480438,22.37958527,15.73982239,9.377747536,5.997781277,3575.677278,3,12579.38354,28.27319145,7.431412697,4,171.7235107
15238,103.4104233,29.56880951,20.12383842,7.236862183,4.288966179,3129.866102,3,8312.331746,20.33572388,6.52833271,4,305.2175903
15239,18.37929344,20.26886177,9.158889771,4.346024513,1.981187582,1796.405793,3,7021.888159,16.19564056,2.750323296,4,281.3099365
15240,58.79114151,26.98511887,18.6246109,7.156106949,4.498283863,1233.216564,3,6585.653547,18.40745544,7.213738441,4,266.331604
15241,253.1049194,22.38696098,12.4231987,9.97787571,5.703579903,1076.681693,3,11881.17237,30.0833416,8.437807083,5,147.5288086
15242,155.493042,44.88775635,27.32678223,11.18309593,6.226082802,778.4970796,1,13609.93524,30.93740463,9.006813049,4,318.5812073
15243,63.89186478,31.68977547,19.21927452,7.446834564,4.834637165,408.3099665,3,16376.99117,14.59811497,6.262074947,4,183.76651
15244,73.08486176,27.54152489,20.61561203,14.33369064,7.383383274,417.3904887,3,10415.58883,34.64238739,9.185731888,2,163.4429321
15245,106.0560532,33.08915329,20.43658257,10.68544674,6.543837547,3635.196397,1,13047.28796,29.94155121,8.903299332,4,307.2982178
15246,147.7117767,27.07138252,17.00201797,8.814394951,4.502426624,4687.62329,1,12157.26831,28.29835701,8.216192245,4,267.9360046
15247,51.52128601,32.17821884,18.74554443,10.67107201,6.008512974,3930.560194,3,8988.278581,25.87568474,9.241260529,4,167.8557129
15248,149.9268341,27.36875343,18.86146736,7.42650032,4.684442043,2935.698208,3,34354.73969,20.79485512,8.246480942,4,74.05460358
15249,33.97715378,53.69507217,28.2030735,8.713887215,5.144999504,3779.349512,2,12661.21051,22.22253036,6.674206734,4,45
15250,82.35887146,39.42444229,26.4520359,7.442646503,4.003257751,7297.313382,3,20942.65109,18.70801735,6.92937088,4,323.651001
15251,59.69944763,32.71402359,18.24912643,11.59618092,6.336640835,97.36845073,3,28260.23722,25.96623421,12.58978748,4,265.1008911
15252,104.4462051,24.54957962,16.01988029,8.368955612,5.151784897,211.0524993,3,28220.25697,22.13464546,8.811430931,4,258.8894653
15253,80.58291626,28.60061646,17.01515579,7.271380424,4.289443016,1614.808208,3,29298.9282,19.03168106,5.578704834,4,136.2665405
15254,90.22736359,33.38235855,19.19466209,7.72332716,5.185117722,1383.813278,3,13581.84201,16.17118645,11.76033211,4,223.1175842
15255,35.92018509,32.76776123,19.13374519,12.07465744,5.341431618,2062.550735,3,12348.61816,24.0972805,8.477689743,4,145.0993805
15256,102.9128952,41.3754425,27.6638279,10.87273979,7.508272648,2222.613374,1,11920.05379,32.38848877,10.95984554,4,70.22099304
15257,103.4397507,26.88573456,16.84041786,8.375584602,4.849020004,2501.96793,3,464.4472425,22.89644814,7.402749538,4,184.2891541
15258,148.1326752,28.63333511,18.19859695,8.403217316,4.665323734,1764.413759,3,19708.06689,21.29293633,7.097467422,4,45
15259,205.2177429,22.33619308,16.97555923,8.832551003,5.937859535,159.8717445,1,5088.058907,32.91833496,9.139937401,2,46.68550491
15260,138.1878052,30.23342133,17.67294884,9.041984558,5.206713676,123.5040509,3,5711.083834,24.45586967,8.774273872,4,94.32089233
15261,62.26499939,32.45661163,19.0166111,12.75735378,7.092320919,606.9268276,3,5030.969801,25.54372787,9.79492569,4,256.8274536
15262,71.6867218,36.98303223,20.91256142,9.199300766,4.832210064,1072.382911,3,4389.430153,20.72588539,7.500759602,4,285.5594482
15263,135.2935028,28.94956398,17.16683769,6.634841919,4.109164238,1662.057851,3,3866.17191,16.10019493,5.596844196,4,253.810791
15264,158.4480133,35.94684219,19.22698784,12.56180859,6.778038025,889.3898072,3,13443.82789,28.96081543,10.72332096,4,248.1356964
15265,240.7617035,16.46942139,11.49489307,8.500434875,5.764019966,615.9852452,3,5695.610151,32.09266663,7.519748211,2,107.7647858
15266,160.611145,19.41214371,12.52888584,8.376612663,4.767129421,1389.164346,1,4006.400717,28.74862289,7.653051376,10,273.3456421
15267,161.5297241,26.08576393,18.91398621,9.003472328,5.085909843,5508.618524,8,939.3133811,31.14494514,7.256904602,5,213.8490906
15268,87.79747772,31.50322342,16.44768715,9.10652256,5.410410404,1430.641111,3,33112.62353,21.9283905,7.487664223,4,132.7300415
15269,116.4535904,26.19348526,17.60840988,8.836662292,5.350000381,2477.022796,3,12356.69315,22.74919891,8.793416023,4,112.1616516
15270,212.0930176,24.71908569,18.1571064,9.423282623,6.189925671,433.1298744,1,4828.509191,34.80148315,9.142436028,2,283.0562134
15271,68.99565125,23.48875427,9.125243187,6.109802723,2.909841537,501.2543094,3,4672.625829,30.85836983,5.156766415,2,268.2211914
15272,95.19488525,28.44406319,19.18467522,12.9201889,7.218121052,4594.538971,3,9655.267161,30.0222683,10.95406437,4,154.4861298
15273,97.26589203,29.18049049,18.3208847,8.528717995,4.676953316,886.5467414,3,17257.38456,20.7259922,7.946604252,5,178.1504669
15274,81.01759338,25.44980812,16.20760345,9.321360588,6.060709476,2946.775925,1,8654.223757,27.84199524,9.977649689,2,103.0036316
15275,101.4496765,23.59440804,19.24651527,8.551599503,4.59039259,3000.136054,1,8519.487226,34.65378952,7.773693562,2,320.4864807
15276,348.1130066,18.64479256,11.63889122,7.635396481,4.859233379,839.9988692,3,4617.951031,33.03937149,8.291960716,10,231.0090027
15277,84.41304016,29.17354202,15.88196278,6.576965809,3.478709459,4366.532927,3,24030.19566,15.8135767,5.696424961,4,163.9264221
15278,154.1238403,27.8088398,16.15349388,6.957200527,3.866078615,2267.832543,3,25769.42207,19.06353378,7.008004189,4,155.1244507
15279,144.4771881,23.89070892,13.45924282,6.745322227,4.020451069,1563.548353,3,26428.81332,20.95605278,7.11631918,4,91.64192963
15280,103.7468109,27.77791977,16.81193733,9.215414047,5.624373436,486.4465344,3,27532.19724,22.48283577,8.725559235,4,91.3805542
15281,14.17400265,42.38890457,20.09892464,5.4177351,2.967030764,1736.142499,3,19515.42114,11.00948048,4.475845337,4,133.9630585
15282,19.09679794,28.16096687,12.4451561,5.4298172,2.380472422,1478.094377,3,19294.95627,11.63595486,3.52172327,4,101.3099365
15283,33.21434784,34.85360336,18.18378067,9.775681496,5.390160084,419.6705749,3,16992.05801,20.8032589,8.23296833,5,164.0545959
15284,220.4063568,33.33782959,26.29304314,9.861740112,6.116404057,3141.058661,1,8304.764582,33.49165726,8.487412453,2,322.2445068
15285,113.6200638,29.06943893,17.3800087,8.676734924,5.075431347,6486.725916,3,7245.919779,24.55207253,8.039357185,4,251.8869324
15286,76.28013611,33.1023407,22.72833824,6.903589725,3.752038717,3662.565128,3,8896.981733,16.872715,5.981248379,4,293.9258728
15287,180.6382904,27.83088303,15.56816196,7.351448536,4.221125126,1651.817961,3,4455.63523,21.65131378,6.182237148,4,241.0867004
15288,97.06788635,20.0651989,13.16991901,6.077690125,3.291852474,4589.070152,3,23772.42766,21.87386322,5.783160686,4,92.77916718
15289,162.9440613,24.21069336,15.65292549,7.489815712,4.259133339,2518.456921,3,21435.15591,18.12449837,6.475192547,4,171.4692383
15290,111.8784256,33.27368546,19.05696297,10.82114506,6.081790447,6658.050446,3,7025.969349,24.49378014,9.11670208,4,130.0655823
15291,36.51432419,28.24532509,13.64217377,4.811485767,2.681440592,359.7746894,3,16689.98537,11.4350605,3.346003294,5,220.4999847
15292,182.9382324,26.10268593,14.94702435,8.83158493,5.457775116,2825.880904,1,8082.039719,36.93196869,6.765748978,2,269.2926636
15293,157.0186768,21.51373672,16.08744431,7.057933331,4.605605125,6470.40749,1,3697.129356,26.53704262,8.231790543,5,55.98065186
15294,108.3658142,29.28954697,18.42342377,10.69440174,6.428524494,6769.491611,1,4478.565408,27.71385956,8.599514961,5,231.5024872
15295,166.1004333,37.82578659,29.04435349,10.27273464,5.638199806,4535.59548,1,12460.38138,29.58810043,9.22994709,4,272.6837769
15296,136.4928589,28.28178596,18.37049484,13.19486523,8.830093384,560.2673247,3,11613.6395,31.968647,11.40751457,5,105.0684891
15297,164.7545319,24.86829185,14.00156593,6.891524792,4.141874313,1779.414033,3,20541.53066,16.55259323,6.697113514,2,116.9395294
15298,39.25052643,45.6885376,27.87686729,13.85082722,8.575146675,481.2259195,1,18173.98989,27.6635685,12.84643841,5,289.6068726
15299,188.3118286,27.40603447,23.63225937,7.997458935,5.35513258,4048.105121,1,9313.754995,33.08477402,7.471845627,2,303.6900635
15300,157.875946,21.4655323,13.72148037,9.668061256,6.11009407,2669.447244,3,2836.96824,33.05005264,8.206204414,10,144.7617798
15301,232.0126801,21.94665146,16.0231266,9.356357574,5.901306152,1714.023763,3,3866.125323,30.41209984,8.267789841,10,194.8586121
15302,81.00647736,23.09587288,17.86982918,8.875008583,5.36312294,6269.854367,8,1554.081873,23.13815308,9.612321854,5,192.3807678
15303,112.4791183,30.56096268,18.84930801,8.897709846,5.189210415,2742.04666,3,205.0618541,22.55540085,7.831497192,4,88.15238953
15304,150.5085754,33.54487991,22.62466431,8.802913666,5.347084999,1016.062411,3,1910.479083,24.5650444,8.711489677,4,42.39042664
15305,35.8281517,24.01421547,17.41187668,10.24171162,4.735099792,412.4404346,3,3276.388943,19.7565155,7.924044609,4,251.8365784
15306,100.2171555,25.95674896,18.30161095,5.337198257,2.969483614,3094.953266,3,34280.51986,14.23967743,4.390437126,4,151.1116791
15307,60.82290649,34.43480301,16.72171021,9.839494705,5.435207844,752.0468598,3,18557.88054,20.57539749,9.477514267,4,54.32517242
15308,43.23080444,50.89545441,25.23735428,12.47288799,7.999751091,136.4103047,3,17032.10831,20.58927727,14.56300354,5,53.28323746
15309,115.5484467,25.48735046,15.24093533,7.464582443,4.024346352,2351.089176,3,12591.07011,25.04948997,9.478809357,4,75.90079498
15310,55.68444061,49.12376785,21.00960922,8.995293617,5.915041447,748.0232311,3,11520.43679,13.86598778,8.355712891,2,59.11740112
15311,93.99412537,29.23756027,19.57296562,6.981826782,4.10063839,5755.323888,8,1005.530105,21.34839821,7.930224419,5,74.37338257
15312,283.7460022,25.18668556,16.02759552,9.891485214,5.932468414,4509.110933,3,9596.591132,30.59861374,9.741603851,4,153.9110718
15313,89.65364838,26.01269722,16.67815018,7.940986633,4.550787449,3497.372306,3,2092.023699,20.69324303,6.60261488,4,225
15314,93.25294495,34.83732986,18.73171234,9.151075363,5.124789715,1184.10629,3,30420.52311,20.80509186,7.613375664,4,140.4037933
15315,16.28005028,25.50387764,14.50250721,6.315957069,2.73987031,372.8321218,3,17196.8756,15.0949831,3.856326818,5,204.2277527
15316,65.11604309,28.25798416,17.43483543,7.261316776,4.256186962,614.7462391,3,15365.7283,17.43415642,8.477237701,5,221.9335175
15317,82.61871338,29.74056625,17.32657242,9.183691025,4.941105366,4720.354084,3,121.5491929,26.5867939,6.941169739,5,174.8055725
15318,152.8307495,39.87365723,26.6192131,9.864368439,5.938997269,5166.03162,3,577.6293918,28.64242172,8.328464508,5,324.6121216
15319,164.0616913,32.13845444,17.29995918,13.46696377,7.625976563,1499.715933,3,14714.98774,31.17099571,12.80427837,4,172.5685883
15320,52.54143906,33.85631561,16.12197495,10.0108757,5.07412672,2758.764943,3,2858.32864,19.88938904,7.543935299,4,225.7639008
15321,183.7273254,27.48406792,15.56762314,9.36544323,5.866558552,5732.80644,3,18060.6035,27.33977699,9.164935112,4,250.8870239
15322,169.950531,25.17452621,15.86840534,7.891869068,4.272594452,5371.510847,3,17896.97475,21.1205864,6.392819881,4,180.594696
15323,84.0994339,27.02823639,16.23572159,6.671158791,3.664829969,1885.753247,3,29544.64764,18.20439529,5.89778614,4,225.7742157
15324,96.6282196,40.76488876,28.46904564,9.589539528,5.93496418,229.5840533,1,17913.73621,25.84354591,9.861268997,5,26.56505203
15325,155.0797882,40.29468918,27.244627,9.794109344,5.844443321,602.8309654,3,18019.11477,22.64248848,9.216741562,5,69.30805969
15326,126.4780197,30.60336685,18.2828598,9.737894058,5.635766506,7894.846045,3,6727.35195,26.00437927,7.696487427,4,214.8244934
15327,210.7991638,26.39900589,18.09993744,11.14226055,7.245091915,866.630468,2,13125.10002,30.29103661,11.38425159,4,296.5650635
15328,104.253746,43.44686508,26.558918,8.217082977,4.611763954,5402.688895,1,11390.78872,23.74464989,6.97901535,4,40.5153923
15329,107.2982712,48.8527298,28.90417671,11.54278946,7.728611946,5339.342976,1,10667.9344,34.81958771,9.392754555,4,320.1944275
15330,85.40085602,28.37169647,19.13357925,10.21216202,5.540776253,4961.088743,3,10082.53734,32.73191833,8.391355515,4,218.2529144
15331,41.80406952,41.20903015,21.04224777,8.679355621,4.771873474,164.7006781,3,3031.222951,15.23854446,11.63990116,4,88.49256134
15332,25.58835983,42.45659637,25.50070572,8.368923187,6.154314518,194.3151801,3,12064.16072,11.23073673,8.580592155,2,295.9743958
15333,59.38527298,31.81920815,19.59895706,8.297094345,4.939878464,484.4187103,3,10710.49318,18.13176346,11.25048733,2,171.2392426
15334,30.67622757,51.98920059,25.65130234,9.900951385,6.837477207,177.815812,3,10989.85647,14.82294559,8.175681114,2,323.4381104
15335,173.0096588,45.71544647,27.64592934,9.711649895,5.197358608,932.1097448,3,11590.42883,14.76784229,7.236356735,2,45
15336,104.1465683,31.18821335,20.7430172,14.41504097,8.872620583,865.4270355,3,11230.68369,35.03603745,13.0025425,5,216.3020325
15337,109.233902,29.93698502,18.95969009,13.50699234,8.349431038,948.4965432,1,10927.19402,30.61494827,11.29238701,5,72.4509964
15338,65.21694946,34.55678177,26.24132156,6.836545944,3.898500681,4178.857695,3,31791.71272,19.91707993,5.34854269,4,33.27117157
15339,122.4807739,29.04335785,17.08963394,7.802240849,5.026143074,747.9192536,3,19402.77858,20.30254745,9.693685532,4,122.4711914
15340,108.8069077,27.01211357,15.65063763,9.248169899,5.369819641,3515.736857,3,6236.551313,23.18802834,8.424250603,4,166.3286896
15341,155.2657318,34.65377045,19.08249283,14.60279179,8.582940102,47.77779498,1,12099.57668,35.94445419,17.30558395,5,263.7289429
15342,118.76091,28.03518486,15.93115234,6.592680454,3.675577164,4824.523516,3,23255.72367,19.54514503,5.801846981,4,117.6459732
15343,94.02602386,26.69539833,16.0629921,7.785224915,4.513780117,2326.367335,3,29901.32332,20.9707737,6.959082603,4,191.5751953
15344,71.36483765,26.82556915,21.67552948,5.382488251,2.698888779,4246.495378,3,31520.24757,16.70083427,4.808936119,4,39.09386063
15345,77.10231018,47.48517609,28.95220375,10.26490021,5.859607697,32.67550585,3,17409.36605,23.58439445,8.822475433,5,309.4006653
15346,22.9863739,65.19836426,18.48116684,9.034729958,3.915789127,63.29670262,3,16980.98653,16.22112274,10.55988598,5,28.97970581
15347,155.5602417,30.23797607,18.56342506,5.845393658,3.47787118,2253.194461,3,12685.00788,17.91740417,9.587451935,4,100.491478
15348,212.1187134,27.6024704,18.50993729,6.900472641,4.113556385,1713.259845,3,13048.327,20.22273064,9.494842529,4,71.56504822
15349,91.90161133,38.6680336,23.31938171,11.44423103,7.22446394,810.1542758,3,12614.69473,23.46284676,12.40857792,4,85.71114349
15350,129.8938751,48.34750366,27.74819374,13.10602188,7.269791126,1785.469683,1,14333.50211,36.44693756,10.93340111,4,327.639679
15351,155.4904938,29.72247696,18.44172096,11.6519804,7.024670124,276.9859188,3,2552.504453,28.26711845,11.28980255,4,86.02326965
15352,30.15499878,30.89356232,18.41633606,7.479045391,3.962444305,256.1874493,3,3063.971808,15.88962078,7.041920662,4,248.3852234
15353,121.6970825,29.05510712,13.88724709,8.272098541,3.758812666,4541.42544,3,23450.88557,20.24191666,6.13525486,4,181.7357025
15354,76.74117279,27.05219269,15.01197338,6.470814705,4.046281815,2905.008504,3,30389.21993,17.70658302,7.799667358,4,204.3701172
15355,118.4006348,28.64277649,20.93110466,9.436574936,5.698212147,370.2630043,3,18494.37376,25.77959061,8.846359253,5,281.4787598
15356,153.0808411,34.32326889,26.27795792,8.683334351,5.088857174,420.7558357,3,16543.07612,23.55108643,11.82172871,5,35.91951752
15357,71.27085876,38.69587326,19.77141953,9.557178497,5.74394846,996.637481,3,12522.82113,16.91263962,7.748299122,2,189.7824097
15358,110.1176147,29.90249634,18.1503067,10.66670227,6.150713921,591.6166587,3,14896.65386,25.13242722,9.935637474,5,189.2354126
15359,75.91342926,37.5733757,18.75570297,6.972898006,4.467811584,578.0633985,3,12046.87101,12.99852085,7.471896648,2,108.4349518
15360,78.36321259,27.88578224,19.21503448,12.72751808,8.495705605,220.1917879,3,13114.06335,28.90489197,13.49402428,4,114.1335144
15361,206.0139618,36.93296051,25.11575699,8.868318558,5.550067902,5403.076097,1,11537.60451,22.9181385,8.222326279,4,62.5255661
15362,40.34370422,27.4337368,13.04305458,7.28167057,3.987261295,2579.285625,3,3010.487101,22.81227684,7.508199215,4,224.3179321
15363,71.72212982,24.83539963,16.51310921,5.272977352,3.228055,5069.006479,3,32341.58948,15.54649925,4.562129021,4,281.5391235
15364,122.5695877,21.24099731,13.81511688,5.186742306,3.019277573,3385.998413,3,33971.26157,16.22990417,4.599758148,4,84.09385681
15365,181.035141,25.23923683,16.9335022,8.26811409,5.187794209,2346.282354,3,25758.29874,22.84467506,7.618563652,4,215.8244019
15366,171.4969177,27.6079731,15.34384155,7.968204498,4.323679924,1487.989172,3,20145.08538,18.48913002,7.061033249,2,162.404068
15367,46.4861908,38.248909,18.59105873,4.563098431,2.762235641,1402.818934,3,13629.42081,8.224951744,4.025002956,4,126.8698959
15368,206.5669556,24.73097801,13.23652554,8.309131622,4.845178604,1582.853572,3,4005.526825,27.62817574,6.730192184,10,268.8824463
15369,189.7203674,39.85348892,26.80463028,9.443187714,5.695922852,7188.867452,1,2844.119779,29.98609543,8.30838871,5,45
15370,74.03163147,36.10800934,20.40854454,8.481814384,4.615339756,6979.917675,3,5854.612399,20.8806324,8.122314453,5,87.27368927
15371,48.4882164,29.15681839,17.40111923,8.295399666,4.27822876,2516.311379,3,34192.71457,18.40963173,6.085939884,4,169.8072815
15372,201.4308167,23.87615204,16.77289772,10.52811718,6.225924492,6496.180866,3,2565.69494,30.51945686,9.406531334,5,173.3130798
15373,113.0971832,47.72042465,29.61908913,11.58731842,7.046257019,221.6362923,3,16755.96853,25.29668427,10.62969971,5,29.4758873
15374,43.87002945,43.06401443,18.43733025,9.266870499,4.954411983,660.3309638,3,10959.06702,16.68418121,7.386925697,2,145.0079803
15375,283.3481445,19.25873947,12.27284431,7.788060665,5.180683136,2465.699578,3,7393.944188,27.19164467,7.30371809,2,141.9529572
15376,58.44313049,31.50090027,18.16744041,8.099078178,4.784657955,7027.977298,1,6354.493615,25.35474014,7.601606846,4,210.6430359
15377,82.19669342,23.51866531,14.46470165,8.808754921,5.351344109,6710.707334,1,6028.243344,28.80790329,7.671947956,4,62.1027298
15378,56.89584732,27.56647301,21.02054214,10.20067787,6.754881859,4936.218407,1,10326.79358,34.37108994,7.454048634,4,31.11533356
15379,48.46463394,47.12407684,27.92146492,8.68287468,4.534664631,1499.097595,3,6860.69226,18.92947388,7.749685287,4,36.63411331
15380,97.85048676,31.72564507,18.52585983,8.530898094,4.60650444,1840.571561,3,3791.23447,18.10774803,7.303375721,4,175.7295685
15381,115.1361618,28.8379631,17.78015137,7.969098568,4.133370876,2184.359679,3,3744.347131,20.47629738,6.363317966,4,289.019104
15382,81.10102081,37.85187912,20.35571671,9.347248077,4.757052898,3369.399386,3,2287.206066,21.63577843,8.145464897,4,279.1888428
15383,89.82845306,30.7344532,20.67041206,9.088464737,5.35403204,87.16409444,3,19100.58876,18.51365662,8.513587952,5,295.5296936
15384,194.6164703,24.62450218,17.01039886,8.091959953,4.857923985,3687.462601,3,991.6154044,32.07051849,6.818724632,10,217.0106812
15385,164.6110687,30.52929878,18.23521805,9.97468853,6.981134892,1398.858698,3,12012.77226,23.03667831,14.19409752,4,159.9804077
15386,65.70106506,51.45388031,25.81423569,12.90281677,7.505935192,827.0595374,2,13846.93555,28.91370773,11.27782536,4,315.6365967
15387,127.0948715,37.50498199,26.32896042,10.83125687,6.416050434,4568.636739,1,10376.65905,33.19087982,8.860920906,4,29.26799393
15388,65.54223633,38.8514328,24.14769554,9.091549873,5.473103523,4176.275728,3,9480.13727,21.76214027,9.250109673,4,303.6900635
15389,127.0427322,49.4067688,27.04903603,11.91627121,7.573036194,828.7826789,1,13123.03278,29.1243782,10.62570572,5,304.1144714
15390,124.7658539,26.83298683,14.23301315,10.34119225,5.4321208,2601.993119,3,24988.36725,24.87482262,9.035512924,4,182.0601196
15391,126.0605392,32.88252258,18.18715858,10.24475098,5.79942894,3443.648322,3,23866.6197,25.45900345,8.689190865,4,232.5946503
15392,129.4342194,23.95297813,14.45653915,7.85939455,4.936317921,4508.507666,3,66.38824673,33.10493469,5.859392643,10,291.2504883
15393,103.4130859,26.16963005,15.53727627,8.149403572,4.820799828,2854.124151,3,8548.547747,23.73064423,7.374207497,4,215.2870483
15394,109.8315353,27.87432289,14.62254524,7.615100861,4.177947998,3243.121301,3,285.1039958,20.33018875,6.325549603,4,137.6025696
15395,44.1594696,18.49422836,11.61562538,4.400977612,2.948708057,3366.050369,3,30743.04291,16.82653999,3.215688467,4,237.0947571
15396,102.918869,37.29689789,25.63947105,8.950242043,5.062494755,1214.180948,3,32872.16101,23.56202126,8.480675697,4,314.0119629
15397,94.29164124,26.97634888,17.34702492,8.492646217,5.039050579,1761.299705,3,28542.31145,23.20523834,8.394774437,4,250.4633484
15398,125.9931335,40.326828,19.76840973,9.939073563,5.624456406,1819.087816,3,28083.78635,19.35504723,8.484580994,4,128.3865356
15399,163.0998688,32.14142609,25.07479095,7.400151253,4.737462997,1569.149875,3,18218.02428,21.40265083,8.646201134,5,42.66269302
15400,182.291687,29.35611916,21.84993553,7.610405445,4.814592361,1642.809118,3,17764.62784,23.65394402,9.481436729,5,270
15401,272.8640747,33.31219101,27.17530632,9.825043678,5.929387569,1991.345258,1,13247.48612,33.8429718,9.018857002,4,39.18898392
15402,279.259491,24.88408852,16.91629028,9.053588867,5.442473412,2517.124617,1,13758.82397,35.03871918,7.533945084,4,271.5154114
15403,194.3634949,47.09469223,30.63758278,10.8944931,6.677021503,2615.096726,1,14335.30239,35.76822281,9.276964188,4,26.44667244
15404,89.2321701,27.19610023,15.2668047,8.154558182,5.124526501,3696.012386,3,2098.191409,20.6324749,7.579591274,4,230.7105865
15405,218.4967804,33.44519806,20.71439362,8.951854706,5.627714634,1620.028062,3,4381.662131,21.04107094,7.826659679,4,301.2930298
15406,128.8375702,20.17605591,14.16719913,5.177094936,3.104823112,3534.214731,3,33750.56123,19.89569664,4.874491692,4,97.02351379
15407,88.50306702,33.49420929,17.65565109,8.038284302,4.121439934,3599.517517,3,26803.53977,18.55095673,7.516453266,4,209.744873
15408,199.4283295,24.53444481,18.72151566,9.235841751,6.075965405,3528.943337,1,13939.53749,32.89296341,8.10591507,4,45.98571777
15409,100.2664261,24.66277504,14.21808624,8.78354454,4.919398308,1988.152109,3,7505.835734,24.44285011,7.192610741,4,201.5014343
15410,187.8184662,24.54674721,14.61513519,6.972272396,4.361937523,7390.953592,3,19470.30543,22.75435829,6.87664032,4,273.0127869
15411,205.8099976,26.32818985,15.41523075,8.650222778,4.809406281,8118.260614,3,20015.57102,24.52710724,7.650700569,4,172.7467957
15412,78.66175842,22.01311874,19.57722282,7.624326229,4.945251942,4962.135062,3,32155.5558,20.06163788,7.903704166,4,325.968689
15413,115.0290909,33.23727036,24.29289627,6.72806406,4.329172611,3588.407719,3,33659.23136,17.87084579,6.359029293,4,54.46232224
15414,40.91373444,37.57017899,20.16095352,11.92241669,6.23720789,4037.34025,3,562.0488683,25.14746094,8.905918121,10,162.4989929
15415,226.1261292,22.58584785,13.88291168,7.32937479,4.532726288,4299.14091,3,268.7750254,33.35896301,6.184469223,10,294.1209717
15416,202.2085876,32.91493225,20.60859299,11.56034374,7.30820179,1416.568418,3,11468.73234,27.8214817,14.07635498,4,72.492836
15417,50.89727783,45.72297287,28.83762169,7.949682713,4.098248005,2757.821397,3,2974.122468,20.44886589,6.305768013,4,334.6809082
15418,109.9897461,27.17126656,16.23348808,9.301996231,5.201384068,1266.778011,3,1537.960053,22.83971405,8.054908752,4,191.7072449
15419,153.4037018,22.76675415,15.5014143,8.228025436,5.192203999,2109.579177,3,13563.95194,23.71284866,8.425154686,4,106.7826462
15420,115.7397537,29.99466705,17.80456352,8.790788651,5.300773621,1702.864554,3,26610.44471,21.49173164,7.03131628,4,233.8067932
15421,105.8121414,28.8630085,17.43595314,8.248474121,4.823952675,1966.340042,3,27137.50117,21.05947685,7.014135361,4,239.3227234
15422,35.09686661,35.90758896,20.40083122,13.01059628,6.154082775,425.0715751,3,15448.02586,22.28753853,10.39173985,5,222.0891571
15423,91.52680969,25.84121323,16.457901,9.607066154,5.695311546,609.5633296,3,15172.08424,27.61431694,8.575313568,5,208.3007507
15424,165.5730286,23.24853134,16.69079971,8.70630455,5.691625118,4201.22814,3,13061.81069,30.77280235,7.807981491,4,245.8336182
15425,127.2054138,27.60319328,15.92848206,8.85815239,4.669324875,399.0953833,3,6368.398616,25.16669273,7.511935711,4,212.1419067
15426,89.51237488,35.33117676,25.79061699,7.153071404,4.197110653,112.8947695,3,16102.2212,16.45751953,6.979682922,5,31.60750198
15427,236.0901642,19.86755753,13.76365757,8.703383446,5.604279041,1299.59562,3,6516.167553,30.78252983,8.150663376,2,117.3091125
15428,126.1510925,26.21641541,15.14139175,8.878603935,5.494763851,545.232504,3,6701.833755,23.88293076,7.720815659,4,106.8583984
15429,197.2466431,23.10774803,15.1679287,9.741580963,6.595124722,1419.043408,3,10157.56111,28.3161869,8.811933517,4,167.9622498
15430,28.47735786,42.18924332,17.81250191,9.601380348,4.459368229,2257.014817,3,33938.90112,16.57917023,6.563230515,4,122.0053864
15431,44.30901718,42.87200928,27.36396217,10.67142391,3.769146681,2114.144541,3,33786.42072,24.17470741,6.728848457,4,33.312603
15432,103.0914307,28.70848656,19.63950729,11.18778229,6.519878864,2820.77298,3,24652.88958,31.71392059,10.36300278,4,70.75047302
15433,129.398056,28.30146408,16.18200493,8.537797928,4.808310986,963.0813348,3,28727.63539,24.45546341,7.400819302,4,293.8123779
15434,6.741998672,52.71742249,17.35526085,10.03763199,6.10073328,1820.583555,3,33491.82779,11.61615944,4.489473343,4,122.2200165
15435,105.7221451,28.49905586,19.21515656,9.972333908,5.966162205,1647.058543,3,28954.29539,25.96690941,9.599967957,4,94.92061615
15436,171.4441833,31.68689346,16.9115448,8.533289909,5.119646072,2350.127078,3,21740.58986,19.63876152,7.396333218,4,103.8610306
15437,19.83183861,46.84714508,19.49744415,6.025211811,4.159666061,241.4099704,3,11167.35173,7.94832468,3.99180913,2,265.6012878
15438,136.5550995,33.08204651,21.31005096,9.461031914,5.534549713,1003.672193,3,11795.7767,16.31475639,8.971726418,2,262.1644897
15439,261.583313,24.4017067,15.08173847,10.88037777,6.436882019,1434.267457,3,3902.161012,34.35421371,10.03813171,10,138.8282623
15440,16.05447197,35.38257217,25.36056328,11.73549938,6.707046032,39.41365188,3,27789.2333,16.07440376,10.36662865,4,249.8396301
15441,81.81273651,25.95991325,16.7352314,7.338590622,4.647819996,2750.088863,3,34435.8422,22.95021057,5.515844822,4,46.52752686
15442,89.65208435,40.88122177,27.7416954,7.406701565,3.966346025,1983.584827,3,33630.48809,19.22738075,6.602344513,4,314.1177673
15443,101.5739059,35.60171127,20.67623138,12.91311073,6.859528065,1657.319169,3,28368.84467,24.35071564,9.889950752,4,114.7751389
15444,155.3665314,25.73567581,13.92971325,10.15860939,6.01074028,2771.246942,3,2625.979996,35.32634735,7.328090668,10,196.4403687
15445,26.99222755,31.05235481,14.62162971,9.507323265,5.563052177,6835.582748,3,6299.787395,23.60132599,9.506605148,4,163.6078491
15446,106.775322,27.14006996,15.20363331,6.217666149,4.334775448,1478.899787,3,7398.24677,19.47397232,6.384818077,4,267.7688293
15447,127.4739532,24.11213303,14.56750107,6.989275455,3.805915356,1105.418312,3,3867.361021,20.0524292,7.173184395,4,256.4249268
15448,150.2938843,24.79592514,16.12133598,6.229078293,3.691946983,3483.327248,3,33780.83125,19.82135773,5.832946301,4,96.28733826
15449,75.28213501,36.6733284,25.85871696,8.982639313,4.336292267,2058.259384,3,33724.02033,24.24673843,7.784127235,4,23.78687668
15450,94.02488708,29.81418419,13.94169044,6.778931618,3.390512466,1490.152548,3,21216.36676,14.64109993,5.05102396,2,152.5813293
15451,74.3766098,41.444561,22.9509964,7.319496155,5.038396835,217.3724753,3,11935.53585,14.74601555,9.626686096,2,293.7495117
15452,11.21160126,28.8507328,12.31642818,4.506567478,2.150060892,125.0409126,3,11229.17651,8.540334702,2.912723303,2,254.4334412
15453,126.3622437,29.11550903,15.76505661,10.88447285,5.956904411,904.9050586,3,12743.20218,26.30310631,10.06407452,4,208.9326935
15454,128.2875366,31.82084084,21.16075325,9.467636108,5.886673927,264.6982081,3,27163.39191,27.39781761,7.714876175,4,74.63838196
15455,124.1745682,24.78155708,16.71614075,9.490921974,6.099765301,539.690544,3,27962.67203,28.41892815,9.286476135,4,251.0295868
15456,82.25759125,30.95429802,17.04870987,8.446910858,4.963861465,622.4123693,3,30985.2253,19.25572968,8.201954842,4,226.1354218
15457,95.23623657,34.72702408,20.21273422,9.213053703,5.729964256,1450.584614,3,26385.33617,19.97794533,9.276391983,4,125.9806824
15458,187.4949188,24.26367378,16.90843391,7.126720905,5.266621113,470.1507383,3,16389.77245,21.33520889,11.98558235,5,48.02878189
15459,37.31938171,37.20915985,19.13749313,7.715954304,4.807754517,595.2908926,3,11992.68421,14.45195484,7.617125511,2,118.3186188
15460,67.50787354,32.74868011,20.40902328,9.934434891,6.172940731,4166.909305,3,9731.407951,25.62409592,8.679751396,4,224.5787201
15461,55.92924118,33.49386597,20.37219048,11.90633774,7.028111458,3645.208782,3,9438.205584,25.54846001,9.439714432,4,217.4959106
15462,156.3422241,36.53248596,21.83612251,9.512537003,6.244083881,1191.967705,3,3939.51275,20.45398712,8.924777031,4,294.1516113
15463,135.2307281,28.51401711,16.62274551,10.86441135,6.357903481,534.267263,3,3270.073889,26.34757996,10.06840134,4,251.8278809
15464,96.3528595,22.60695839,15.66438961,5.373601913,3.20204711,4253.292127,3,23762.07261,16.30710983,5.661383629,4,120.1049805
15465,12.21679211,33.84402847,21.61097717,5.901769638,2.097108364,298.8083047,3,27449.3775,15.58772659,4.264024258,4,129.8112793
15466,52.39993668,55.9167366,22.884552,13.44594002,7.232808113,214.5775514,3,27467.84902,25.67747307,9.966897011,4,33.67707443
15467,20.09276009,35.48014069,23.04545403,6.249614716,3.380942345,4547.345037,3,32762.63204,13.39163876,4.549503803,4,308.4180603
15468,76.93856812,21.24612045,14.63382626,4.494956493,3.054411888,5087.374239,3,32141.34489,12.90286255,4.574243546,4,133.9390869
15469,103.7561722,34.46299362,19.42186737,9.533582687,5.100094795,1866.51239,3,27925.56027,18.4335537,7.37404108,4,237.2647705
15470,35.09069061,43.77032471,13.64272404,17.33389854,7.994795799,2328.661893,3,2912.640048,32.56009674,14.38902473,10,161.7828979
15471,125.2757797,25.08535957,18.15592957,10.5976305,6.470818043,3464.791848,3,1148.506672,34.70287704,9.587350845,10,141.9634705
15472,95.1713028,26.18626022,17.27598572,9.276819229,5.657586098,6429.87009,1,6508.34746,25.40899849,7.295871258,4,234.7066498
15473,194.7863922,28.07184792,21.17125893,9.591640472,6.064274311,4827.952218,1,11122.09946,29.33047867,8.502919197,4,282.9259949
15474,133.975708,25.40610123,13.78852367,10.04330254,7.364844322,3912.469496,3,956.0994899,24.65440559,9.265242577,4,93.01278687
15475,127.9489059,31.74044037,15.60643959,8.011124611,4.416645527,2294.440588,3,21924.75804,17.95936584,5.873779297,4,158.6865845
15476,100.3202286,26.66184807,20.88325882,7.867866516,5.122745037,439.6082694,1,18131.88202,26.47496986,7.397024155,5,52.0188446
15477,183.8353729,24.82099533,16.8387413,8.252966881,5.430142879,3746.812915,1,821.8196388,32.81843567,7.065438271,10,297.6459961
15478,33.89280701,19.30278969,13.21330833,3.790225983,2.529303074,2134.783751,3,4874.695331,18.79775047,3.412843704,4,272.1210938
15479,197.836731,23.90415764,13.92614746,8.117524147,5.136455059,1595.851234,3,4315.687573,21.54746056,7.601069927,4,202.2515869
15480,104.6570663,44.14819717,29.73497772,10.96179485,6.15835762,776.4652777,3,26728.93149,29.03335571,8.811729431,4,312.2474976
15481,104.7039871,31.88378334,19.31132126,8.856336594,5.223241329,1420.661294,3,27687.94245,18.88213539,8.770451546,4,111.9487
15482,72.18418121,40.9848671,27.44374657,13.92575073,8.423472404,135.8758706,3,5550.481607,32.59772873,13.21284294,2,71.56504822
15483,122.3082199,23.24272156,13.53703022,6.193984509,4.177261353,1903.052249,3,4608.461268,17.70987129,6.740540981,4,256.2789917
15484,102.3331375,24.45949936,16.05717278,6.78155899,4.093287468,3521.063422,3,24302.48592,23.07383156,7.187759399,4,271.3971863
15485,87.03123474,20.08253098,14.02288914,4.550183773,3.020381451,3483.037311,3,30740.14751,14.93069172,4.394780159,4,267.6140747
15486,290.8692932,20.39530182,13.37419415,8.10695076,5.296086788,494.9856273,3,5094.006643,31.3293438,8.217587471,10,223.2192993
15487,255.9371643,20.45515823,13.00956821,6.404398441,4.592823505,745.0111643,3,4714.574553,31.09594727,6.165700436,10,249.8803711
15488,222.4009247,24.79665565,14.17600918,9.248714447,5.675575733,3008.646721,3,1943.312424,35.21150589,7.810386658,10,256.1887817
15489,24.87217903,33.22179794,12.84671497,6.938333988,2.634895086,2553.674153,3,317.6897728,16.90054512,6.130978584,4,114.0755005
15490,82.70998383,39.95832062,27.86904335,8.729856491,4.864666462,2467.108757,3,352.6952304,21.92843056,8.859201431,4,35.58030701
15491,165.1982269,47.27199936,26.8764267,7.573517323,4.156849861,2792.181795,3,28.14992454,18.03686333,6.446812153,4,55.89718628
15492,125.294487,26.91080666,17.68488121,7.691627979,4.32538414,2410.114509,3,25353.70018,23.88040543,7.267365932,4,70.70995331
15493,91.46157074,40.76685715,29.41040611,5.892148972,3.877672434,3005.819699,3,30244.91127,14.93062782,5.866183281,4,330.9454041
15494,63.96338654,22.19280624,13.9145546,3.828263044,2.376776457,4773.248792,3,32484.41312,12.10670853,4.023738384,4,244.440033
15495,35.62068176,48.66040802,24.40583992,12.99539375,7.084965229,247.0220194,3,15552.36379,23.22886467,10.14497757,5,62.82314682
15496,115.857605,25.97195053,17.6307373,9.468220711,5.309335709,6216.600522,1,5865.151253,27.09256172,8.685715675,4,84.12246704
15497,127.4809799,26.04461861,19.52128601,9.697417259,6.696050167,276.3769173,3,2472.791558,27.79601669,11.20523357,4,82.69477844
15498,114.2769699,25.87923431,14.59069443,6.652742386,4.003717899,3784.499332,3,6678.962771,19.22953224,5.618821144,4,233.2594452
15499,165.0662079,27.54915619,17.79947281,12.7732954,7.553900719,2691.353771,3,14329.52938,32.65419388,13.26025295,4,150.7079468
15500,114.3261642,27.14049911,16.78855324,8.277347565,4.774248123,1082.920862,3,28443.48401,21.35055351,7.260656834,4,169.6951599
15501,60.909935,60.64500809,25.09771347,9.417190552,5.084115505,3598.407557,1,9623.97518,22.48767853,6.497024059,4,23.45902252
15502,63.75110245,38.09867859,20.25358963,18.23971748,10.44739151,208.612398,3,11519.67085,34.02458191,13.23286819,5,121.1608963
15503,100.9216232,26.3359127,13.85389328,5.695226669,3.011941433,1479.14195,3,21047.19518,15.1557045,4.822569847,2,183.6411438
15504,93.84365082,33.78814697,22.42861557,8.260047913,5.034907341,5479.390458,3,5027.096242,23.1724987,7.381204128,5,70.34617615
15505,66.95572662,44.20976257,26.15366936,7.420866489,4.215154171,3529.000811,3,2438.027926,16.00070572,7.019621849,4,296.2357788
15506,143.3574829,29.60960388,16.07665634,10.09522057,5.919737816,3901.736429,3,1021.285682,24.0832653,9.550772667,4,109.440033
15507,149.1542816,40.98475647,27.57886124,8.71588707,4.879929543,3690.521676,3,881.033526,22.366539,7.846905708,4,55.92280579
15508,114.0891953,33.00093079,23.28033447,9.566102982,5.012632847,191.2812989,1,11710.24608,31.28032684,9.996848106,5,309.9207153
15509,20.78356934,45.97027588,21.51221657,6.418339729,3.30869627,3853.080675,3,16279.55533,16.03726387,6.57988739,4,219.6685181
15510,79.58849335,28.9654007,18.06235886,7.849992275,4.536940575,1084.544153,3,26561.85017,20.65556335,8.62417984,4,104.1842957
15511,14.60410881,19.67108727,14.9995718,4.829964638,3.129062653,6193.107502,3,1624.698412,11.4124918,4.380424976,5,83.99099731
15512,121.4361877,27.59785843,18.26833725,9.425339699,5.628861904,5236.201727,8,569.8714359,24.69185829,11.24835014,10,90.52563477
15513,119.6379242,46.25378036,27.33422661,9.744919777,5.513273239,5293.372929,3,811.8790992,20.98426056,9.254725456,10,318.2245178
15514,11.84905052,47.71661377,22.98587608,12.04170036,6.281371593,4010.528619,3,16234.38964,15.84082317,9.310389519,4,174.6854553
15515,131.3570099,38.61966324,28.15582848,6.83126688,3.992998838,3291.18848,3,34017.21765,18.56460381,5.821826458,4,38.96881866
15516,298.62146,21.30124474,14.4555397,8.606908798,5.488106251,1549.129443,1,3314.153265,35.27722931,8.083130836,10,262.4053345
15517,208.9300232,26.21573448,16.91294289,11.13486767,6.65746069,2248.651903,1,2350.543173,31.88267136,9.155936241,10,118.6861496
15518,94.00254059,26.46124268,15.99422741,7.829654217,4.143746376,3544.644982,3,6677.764275,22.53463936,6.650942326,4,288.7998657
15519,74.59107971,43.66943741,22.84919167,7.520246983,4.327033997,394.8050177,3,15738.82271,14.27961063,6.688253403,5,275.2918701
15520,279.1489258,21.32207489,13.62283707,7.778689384,5.273663044,2819.435892,3,7868.832982,27.74245644,7.995411396,2,85.69553375
15521,176.1739044,14.50062752,9.962869644,7.590219021,5.151861668,3746.68554,3,8675.056107,28.45809746,6.484276772,2,173.3993683
15522,184.2910309,22.05199623,14.81135941,9.796647072,5.76091671,4259.595061,3,358.1952536,33.3672905,8.061200142,10,177.7533875
15523,169.2931671,23.92661285,15.34125423,10.52243614,6.366948128,4845.003631,3,17173.44365,28.19231606,9.692036629,4,216.6035767
15524,76.42553711,27.77937889,20.44565201,10.70292282,6.840053558,24.64437341,3,31583.14265,25.13084602,11.7756319,4,59.71507263
15525,95.10439301,29.06977654,18.8500824,9.053754807,4.635299683,1292.680823,3,29368.0531,21.34576035,7.370446205,4,225
15526,81.20734406,27.88112068,13.32977772,6.467440605,3.676676512,1824.433226,3,7542.567079,17.94091225,5.797252178,4,255.9637604
15527,39.45318985,35.55562973,24.36043549,11.34134769,6.009722233,3210.754925,3,15296.98845,20.19668579,12.86119175,4,181.1592255
15528,104.8636475,28.31896591,19.30215073,12.01215649,6.108573437,3496.968131,3,15905.09208,28.04052162,10.44192791,4,180
15529,89.06970978,32.53977585,26.73262215,9.467451096,5.928255081,3782.591092,1,15711.83923,30.60869026,9.44878006,4,333.1178894
15530,88.42286682,29.65841675,19.59851837,8.227899551,4.669829369,2245.738141,3,29563.21995,22.70936203,8.423579216,4,308.1646729
15531,154.5733032,21.88974762,13.24458504,9.076077461,5.338934422,5123.690754,3,12505.87447,27.61304855,7.97340107,4,211.3730164
15532,179.7615204,31.96041107,16.34695625,12.19824886,7.314128876,1216.14125,3,10016.42902,31.14824677,9.760142326,4,79.2318573
15533,121.4823456,41.1628952,29.66032028,9.083786964,5.569540977,4219.237023,1,15982.5689,30.8641243,8.077274323,4,48.24084473
15534,64.13567352,42.35477066,28.68596458,6.202767849,3.562207222,4393.060292,3,31597.6838,15.31795025,5.846112251,4,45.44758606
15535,107.3273392,25.55916977,16.36166191,8.341331482,4.669095039,1168.76428,3,32782.25541,22.14183998,6.695456028,4,191.0825806
15536,133.3929749,30.45166588,17.20017815,7.558647633,4.035933971,2406.510909,3,22172.12309,18.44704628,5.193603039,4,116.5650482
15537,173.1738892,37.7393837,26.70336533,8.640144348,4.966223717,874.3817252,3,16703.8714,23.22608757,11.71642208,5,44.10482788
15538,156.8007813,21.14973831,14.21917057,9.116892815,5.657536507,4842.513434,8,114.8733895,33.52140808,7.338433743,10,215.8111572
15539,18.34795761,27.94725418,18.31854057,10.52887917,3.521844387,3044.083077,3,14993.18957,19.5781765,10.01469135,4,143.7880859
15540,116.3358841,29.94516182,16.28553963,8.369407654,5.038359642,552.8989622,3,32168.53714,22.68096352,7.256895065,4,134.2094269
15541,72.99346161,19.4625473,16.19773674,7.666273117,4.656454563,431.931318,3,11044.15025,27.92824173,7.912967682,5,105.3935318
15542,104.7741089,37.68139648,26.226408,10.13842773,6.498488426,3557.455091,1,15301.89379,26.25747681,11.95050621,4,332.215332
15543,45.7008934,32.06742859,24.37297058,7.983141422,4.827309608,252.4504894,3,15959.8461,18.85335922,6.879850388,5,60.59281158
15544,39.36406326,36.39264297,15.90018559,8.303804398,4.195035934,369.0588133,3,14841.84872,15.00192738,6.059535503,5,172.4505768
15545,203.5054474,24.53046799,15.73791599,11.01484394,6.886344433,722.1034981,3,14276.95356,31.35915375,13.36583138,4,204.8328857
15546,91.70323944,18.34126472,9.792159081,5.30716753,2.877873659,311.9678987,3,5237.980906,33.18896866,6.265122414,2,254.1159058
15547,119.5806427,35.99803925,25.83903313,6.167257786,3.766923189,2137.066255,3,8554.211736,17.6896534,5.319979668,4,315
15548,131.9324951,36.280056,26.67627716,7.61487484,4.327352047,2934.858035,3,9745.163082,22.76564026,6.452824593,4,38.87683487
15549,21.22771645,23.76984215,16.5574646,5.377026081,2.592798233,3194.012681,3,9252.380181,19.53152275,3.502953291,4,289.440033
15550,227.7890015,27.52573395,16.10290527,7.549587727,4.294435024,1731.044058,3,4758.201314,18.86042213,5.747176647,4,233.7717896
15551,139.8964386,27.09150696,18.64727592,7.227624416,4.241176128,1514.799488,3,24226.71414,20.94796371,7.492975235,4,246.2505035
15552,104.5606766,24.88953018,15.06992626,7.005549431,4.333572865,2318.297713,3,22423.445,18.51566124,5.50230217,4,128.8571625
15553,25.40201378,36.97431183,16.32698631,12.29784679,6.703151703,142.6142739,3,11311.24681,30.48759079,5.753376961,5,241.6992493
15554,146.8391266,25.94510841,23.50704575,10.24048805,6.369644165,1009.929908,1,6488.097716,35.40501022,9.843418121,2,315.7538452
15555,162.6478729,23.79247284,20.75986862,9.103679657,6.041376114,552.5289535,3,6124.918183,32.79868698,9.01985836,2,76.26373291
15556,142.1421661,21.38312531,15.80945396,9.910730362,6.792982578,5665.069512,3,3671.652353,31.45884132,9.847229004,5,83.77416992
15557,199.9807739,25.11597824,16.54297638,11.12799168,6.330889225,1190.198693,3,9818.432328,32.06135941,9.885638237,4,162.7224426
15558,103.364563,38.12870789,26.54011154,8.894152641,4.846725464,1127.206491,3,12427.12003,23.97755241,7.288845062,4,293.7495117
15559,73.1180191,25.50250053,19.46527481,6.170728207,2.91322732,2231.181547,3,33885.47928,22.00681877,4.932954311,4,44.22578049
15560,101.8340302,33.81689453,17.01178741,9.617424965,5.419421673,2450.845363,3,25195.1707,21.32842636,7.542469501,4,106.504364
15561,125.0574646,26.8566761,20.5175705,5.771935463,3.260461807,2477.795915,3,9303.264977,20.04211998,5.15084362,4,290.9401245
15562,67.4719162,29.13191795,20.42645645,10.81293297,5.878330231,357.4086938,3,10902.78398,27.29677582,12.00833035,4,149.9230957
15563,10.66679955,66.02643585,17.83499527,9.365758896,4.353470802,3201.762535,3,15026.70646,13.0660038,5.481441975,4,317.7749023
15564,104.5168762,32.91247177,22.8372345,15.81302929,8.728052139,3217.896642,1,14355.91639,37.53552246,14.89271927,4,284.7295532
15565,78.28236389,37.31342316,19.17305565,12.45846844,7.522342205,1220.192871,3,29569.70791,21.66800117,11.00287914,4,117.0057983
15566,35.73904419,37.23403549,17.85842323,13.64134979,8.873504639,2480.831498,3,24694.70231,33.09774017,9.526788712,4,122.0673904
15567,121.9431152,27.51008987,14.16495705,7.267086983,4.030228138,493.3769268,3,7017.655546,21.40836906,6.410932541,4,184.0282593
15568,129.8811798,29.31100082,21.03603363,10.8676033,6.270870209,66.38774587,1,11068.47931,33.04830933,9.015367508,4,326.0785828
15569,18.98212242,34.97668457,18.00117683,11.85485458,4.793698788,24.31177154,1,11341.16294,21.03499794,10.15227222,5,273.3134155
15570,104.2904739,23.40566254,16.19945717,5.914177895,3.537842989,4102.478868,3,31029.11673,18.00343323,5.723171711,4,270
15571,120.2335892,34.17074966,18.91920471,9.277706146,5.238610268,1547.398043,3,33165.73163,22.03738213,7.927405834,4,86.45111084
15572,154.3254852,21.66722488,16.25606728,8.271517754,5.883555412,2744.17299,1,1823.444376,34.25473022,6.738142967,10,262.4436646
15573,30.95469666,41.87913132,28.21704292,7.611551762,3.217135191,3315.7314,3,14964.78245,19.80981827,5.709233761,4,287.3739014
15574,19.56474304,35.79165268,23.46568298,6.61436224,3.925699234,15.22419799,5,12222.52302,9.032144547,6.182182789,4,131.49646
15575,216.1073608,21.58504868,13.51244736,8.850274086,5.503592968,773.4792744,2,12453.23141,28.54745483,8.148745537,4,298.8724365
15576,92.24848175,24.20430183,14.22518253,7.764555931,4.380916119,2971.495649,3,3309.513027,18.74289322,6.787219048,4,195.361618
15577,148.7193909,39.9230957,25.58657265,12.06794071,6.36383152,583.8751358,1,11242.33692,34.55287552,10.35796833,4,40.04674149
15578,134.3798828,23.83248711,14.75757027,5.348164082,3.274525404,3869.037583,3,30909.82038,16.21025085,5.431437492,4,154.1790161
15579,30.72346497,33.75224686,23.86590195,10.04737568,5.697202206,2536.467234,3,24590.19921,27.03141975,7.900064468,4,274.127594
15580,332.7484436,24.76523781,14.04919147,10.42625809,6.369939804,1234.52502,3,3397.860056,38.20417786,8.212790489,10,179.1448975
15581,122.9856491,28.41651344,16.07357025,7.725364208,5.337501049,3614.134675,3,2793.557603,18.05191422,7.302621841,4,200.1805725
15582,92.93779755,29.25462341,18.70336914,8.550945282,5.008040428,1655.942614,3,25253.46149,19.75744057,8.940489769,4,270
15583,88.55147552,40.37064743,27.55215454,12.21541023,7.665482521,3.607178063,3,15312.89165,28.71214294,11.98127747,5,31.36504555
15584,104.1705856,32.38154984,17.93937492,6.773303509,4.455645084,721.3860626,3,7305.961686,16.15572548,7.866958618,4,102.0626755
15585,62.16431046,32.17956543,25.40541267,6.744153976,3.613286495,1588.886452,3,7814.521138,16.87448692,5.417116165,4,324.8193054
15586,107.6939545,27.4302578,16.57461929,7.662652016,4.597021103,1794.23927,3,25713.83875,26.1557827,8.309659958,4,101.7739716
15587,115.1629791,43.04180145,27.29608727,13.58941746,8.382523537,45.70121527,1,14929.72302,34.97503662,12.88291645,5,42.55583954
15588,33.35041046,39.70100784,19.64996147,11.51475239,4.850333214,941.3930334,3,5229.517336,19.86193085,9.964411736,4,180.7449188
15589,17.63998222,41.2674675,21.38715553,11.73836803,6.915902138,1286.405246,3,4880.774329,13.52846241,6.884510994,4,208.5231171
15590,109.5911102,26.52892494,18.74157906,6.597345829,4.063220978,2992.338946,3,222.2949823,19.79600906,6.129565716,4,68.13450623
15591,126.4223557,31.13803482,23.56373978,9.802807808,6.569274426,804.6675365,1,11545.8528,33.15576172,9.304204941,4,277.4313965
15592,101.7106323,44.63538361,27.05343056,11.07441044,6.003114223,3654.34456,1,14579.92889,28.37781715,9.907592773,4,63.50364685
15593,127.7767792,27.77098274,18.00035667,9.630396843,6.050648689,1352.77716,3,28640.15672,26.81904793,10.3523016,4,291.4091797
15594,86.72119141,30.343853,18.63027573,8.671577454,4.82591486,1523.92746,3,25617.47644,19.4290638,7.911856174,4,135
15595,144.092041,17.46361351,12.106637,7.554039955,4.713285923,4064.47955,3,8993.045736,24.51756287,6.437214851,2,147.5933228
15596,159.9592285,26.75717545,12.57519341,6.559741497,4.09214735,4371.158807,3,280.6468029,33.85619736,5.293414116,10,235.3486786
15597,99.09111023,26.15224266,18.63441658,10.79912472,7.163327694,328.7612513,3,6016.125383,29.33453941,10.30704117,4,121.593689
15598,16.71825409,47.57043839,19.24149704,6.283729553,4.066232204,733.0803364,3,5458.4044,11.44289112,7.790462494,4,251.8234558
15599,34.14345551,25.07883072,12.35697746,10.69592762,5.324676514,484.4619287,3,10631.81284,27.18811035,8.318976402,4,173.485321
15600,158.151123,34.82189178,22.89495087,10.52030754,6.262938499,4369.176816,3,15441.25668,29.49900436,8.995018005,4,260.466217
15601,97.10210419,24.60083389,12.50054455,6.078729153,3.456336021,3486.791345,3,24167.19194,21.54724884,5.158297062,4,235.7509613
15602,171.0739288,27.26224327,18.5469799,5.198716164,3.469823122,534.0317965,3,13345.46491,16.74927521,8.986802101,2,88.83086395
15603,172.1459808,28.71434212,21.16487503,9.459591866,5.76763916,3797.641546,1,10583.75083,30.9556427,8.005554199,4,58.72161484
15604,36.51326752,40.05242157,20.09972382,12.69867039,7.901030064,1087.644887,3,5172.337803,26.40896416,8.520575523,4,306.5288696
15605,188.7698212,24.07860565,15.73300076,7.078954697,4.468549728,7820.879412,3,20122.42586,23.16211891,6.635670185,4,280.5501099
15606,32.61815643,37.7390213,21.77909279,10.58039665,6.150455952,26.27291015,3,31617.31617,18.12135506,12.22489548,4,153.657074
15607,27.82773399,31.49850464,21.90826035,8.42138195,4.861733437,403.8520621,3,31177.54607,14.55069542,7.667163372,4,205.3461761
15608,89.73563385,15.78080368,12.93211937,7.714953423,5.957984924,1265.703583,3,13449.86178,32.28115082,7.436078072,2,80.17817688
15609,213.3032684,25.94382095,16.34976387,9.909473419,5.960713387,2997.536409,3,1602.384737,32.52737427,8.445407867,10,186.6798859
15610,167.7075043,32.6448555,22.59914207,9.634760857,6.009391308,6075.604602,3,2182.981488,29.74687767,8.790042877,5,48.75788116
15611,183.3065338,37.75770187,24.2178688,9.69426918,5.305796623,3319.539298,1,10095.27718,26.07593918,9.398228645,4,296.5650635
15612,110.3056412,41.02673721,27.91416931,8.871021271,4.852170467,3932.222246,1,14804.45637,28.54536819,9.116954803,4,321.1428223
15613,126.3707352,27.58686829,15.24277401,7.779356956,4.533649921,6769.808819,3,20978.83516,24.24455833,6.37092495,4,183.5093384
15614,88.75979614,38.44535446,26.42612648,6.653281212,3.831504822,558.4868344,3,15566.7504,17.49854469,9.169139862,5,46.54815674
15615,50.31467819,33.73336029,16.2980938,15.97098541,6.656972885,752.4901885,3,14197.65294,35.55220795,11.57962608,4,214.6951599
15616,281.3876038,35.20573807,24.83422279,9.481657028,5.686746597,4432.737576,1,9231.177648,29.23854828,8.804494858,4,53.26638031
15617,163.7030182,27.1384201,16.06528282,9.640236855,5.579614639,4246.635063,3,8903.234789,31.41065979,8.58716774,4,90
15618,31.66576576,50.289814,27.21204948,12.48921967,7.681722641,1335.002466,3,4930.635218,25.95228386,8.200062752,4,41.18592453
15619,113.8432236,23.21985435,14.47549629,7.300695419,4.373300076,6500.420028,3,21291.6763,23.97577477,6.277352333,4,132.8759918
15620,77.14248657,29.12445831,17.0656929,9.263944626,5.100701809,4736.336355,3,23028.98439,22.06063461,6.949291229,4,169.9920197
15621,112.4414368,27.8253479,16.83923721,8.065865517,4.502459526,2278.132397,3,25185.33692,21.35297775,6.11726141,4,187.2060547
15622,91.75366211,28.40793037,17.12527847,6.473619938,3.804796934,1842.161269,3,22586.70003,16.2478714,4.999058247,4,83.86894226
15623,22.01940536,35.05450439,17.77182961,11.84407806,6.08119154,14.05332143,3,19852.68785,20.13444328,9.900635719,5,313.1524048
15624,25.20434952,35.19638062,15.76819134,9.764243126,5.743255138,1108.866698,3,13821.59412,13.26402092,6.690210819,4,70.34617615
15625,213.2050323,23.9703598,16.12906647,10.45155621,7.641075611,509.0729776,3,14421.28664,37.55688858,11.59618759,4,234.090271
15626,133.6557922,39.80936432,27.23366165,10.59929752,5.939580441,1090.979948,3,12020.18724,24.01675606,10.91542721,2,30.19164848
15627,140.8491211,29.79428482,16.21644783,9.202596664,5.302013397,5406.462541,3,1305.307414,22.73526192,9.842948914,5,122.4711914
15628,120.0830154,23.54676628,17.286026,9.248565674,5.69263649,5047.037459,1,3249.594383,26.72237587,7.572880268,5,112.3801346
15629,124.0244141,27.50974655,15.99350643,10.69480133,5.911242485,3904.275074,3,9288.975448,28.89548111,8.977695465,4,177.510437
15630,98.26472473,31.65863037,22.42149544,10.09649563,5.598802567,833.0056767,3,5840.516068,25.59979439,8.793128967,4,302.7352295
15631,131.7262268,39.60886383,27.64640999,8.870828629,4.969595432,1752.82735,3,5344.318785,23.08308029,7.883221626,4,39.37620544
15632,179.9224243,33.46230316,23.92344475,10.51691723,6.162905216,170.3284662,1,10588.11525,33.19566727,8.998393059,4,301.3830566
15633,94.02237701,28.96982956,22.99390984,8.503633499,5.995806694,4686.146038,3,16469.95915,26.35250664,7.784763336,4,41.72685623
15634,44.14197159,36.4522171,20.3057251,12.2113142,6.789132595,5360.509724,3,16966.8347,21.10524559,10.44137955,4,212.1643982
15635,60.4566803,29.23204613,18.71990776,8.299233437,5.175971985,4225.960262,3,23431.1307,22.62288284,7.658278942,4,305.5376587
15636,182.7521515,22.16895866,13.09817696,7.107623577,4.619470119,1731.600474,3,28944.34028,21.53056526,7.161840916,4,209.0545959
15637,118.831665,26.46110725,16.09596443,7.041573048,4.277327538,728.7216918,3,20801.3609,18.10932541,8.01041317,2,132.5104523
15638,40.25296783,34.08207703,16.07707596,6.650844574,4.211312294,102.5955184,3,19913.06757,14.4544611,4.944017887,5,279.9298706
15639,110.0185471,56.40058899,24.85423851,8.469959259,4.153467178,526.5451002,3,18725.01026,18.29208565,6.093247414,5,43.40885925
15640,13.08680344,38.1468544,23.45419502,3.521160603,2.632727861,155.4879457,3,13040.84155,6.111216068,4.98003006,2,98.13010406
15641,160.3721466,27.31034279,17.03988075,8.435314178,4.864744663,2079.125011,3,4894.170945,23.85018539,7.74296236,4,264.2894287
15642,73.0785141,30.89385986,14.50024605,8.588806152,4.009281635,3552.195063,3,6585.492914,20.96931458,6.375629902,4,204.1866455
15643,64.29093933,31.10382462,18.07966995,10.38377953,6.281113148,490.0257477,3,10248.61482,23.98623848,10.70159626,4,153.8954926
15644,76.05021667,45.38619995,28.61393547,10.32494736,5.792266846,5432.118018,1,16725.51647,28.74720955,7.447623253,4,30.15164757
15645,134.6310272,31.52458763,17.5986557,8.454082489,4.716433525,1978.14337,3,24173.90183,19.56419182,7.581307411,4,154.1379547
15646,74.94628143,37.68238831,25.93947411,9.93317318,5.915629864,123.2791128,3,20628.49346,19.54909897,10.72093391,2,307.8378906
15647,136.4516602,26.45906258,16.11829758,7.326665878,4.550991535,902.7897917,3,19172.59517,18.8692379,6.65640831,5,273.4682312
15648,148.0733185,27.08041763,20.39248848,7.322677135,4.761524677,812.9142925,3,16700.56337,21.85903358,10.91970634,5,65.79411316
15649,249.1726532,27.16699409,15.78249741,7.76469183,5.152556896,856.8932732,3,13829.71087,23.65289497,10.04634571,2,90
15650,120.1753006,27.13986969,16.45082092,10.29660606,5.793809891,4847.527576,3,8389.778789,32.19215393,8.142572403,4,203.85466
15651,123.9843445,25.75914764,16.65600586,10.48964024,5.92974329,2137.61582,3,10656.08071,29.06991577,11.85713482,4,191.0937195
15652,90.75410461,27.14953804,16.60305405,7.684485912,4.588614941,2278.493007,3,4078.160808,17.96030235,7.182474136,4,241.0908203
15653,90.72676849,31.36061478,16.95802689,9.235975266,4.805076122,644.8526996,3,32250.90462,24.81917381,7.512802124,4,54.09027863
15654,52.16411591,27.36180496,16.74833107,6.161224842,3.482368231,785.5460158,3,30776.38848,14.99713516,7.109244823,4,204.8293457
15655,136.1087646,28.83856583,17.17953873,11.42568302,6.121735096,5693.009592,3,2290.14281,32.76901245,10.92928505,5,143.6340942
15656,75.5429306,25.05172729,17.06011772,10.22135639,6.230581284,5462.762108,1,3036.031225,32.77888107,8.158346176,5,214.0193481
15657,102.8484039,28.41601563,19.67835617,10.38766003,6.87698555,5416.546792,1,3992.855211,31.70755386,9.68824482,5,258.7885132
15658,120.4597931,29.45959854,18.04429626,9.833483696,5.67403841,5260.743777,1,4302.767821,28.19374275,8.224525452,5,236.028595
15659,89.54620361,34.86248398,15.94686508,8.862998009,4.053367138,5684.614522,1,12107.99623,26.34632111,8.806191444,4,270
15660,161.6052399,24.47997475,14.56609917,8.622318268,5.493483543,6166.54644,3,17781.48755,25.6146698,8.033299446,4,225
15661,115.2597809,27.53281593,17.21255684,6.846701145,3.852449894,2716.49574,3,24755.25916,20.42407608,6.059135437,4,78.69006348
15662,99.59436035,29.394701,16.00427818,8.208498001,4.903520584,2156.321958,3,33770.73692,20.0993309,6.384706974,4,178.0637512
15663,43.79792404,37.49803925,17.96358109,6.712535858,3.883980751,172.967829,3,13105.1248,14.20523357,7.654922962,2,161.5650482
15664,28.38346481,30.32823181,23.38402939,7.46159029,4.44094038,398.0496132,3,12969.40248,14.19504929,6.719648838,2,278.3438721
15665,123.6175079,27.67827988,17.11141205,11.54678154,6.251807213,2283.571704,3,5344.555683,28.61871719,9.400179863,4,149.0362396
15666,90.07380676,24.43474007,15.43339729,7.601807117,4.398934841,2631.601459,3,34254.27546,20.14793587,5.971603394,4,187.6668091
15667,71.50995636,28.63305283,16.5815773,9.549246788,6.230500698,686.6708175,3,32278.03029,27.00165558,8.235230446,4,116.5650482
15668,51.60979462,52.24681473,26.2894001,8.658088684,4.525643826,67.1415111,3,31647.52555,15.96775246,6.288444519,4,324.1252441
15669,25.02930641,36.2324028,25.83678436,8.410616875,5.373749733,214.7321399,3,31364.29893,18.55591202,8.865420341,4,28.81079483
15670,116.0463257,29.59199524,16.37963867,9.315391541,5.086884499,1704.822864,3,1060.942181,23.04035378,6.995372772,4,58.3669281
15671,172.130722,35.14291,27.60620308,10.01159096,5.159018993,5710.229512,1,16003.21972,29.68931198,9.211304665,4,306.1702576
15672,116.3322678,22.06814384,13.96807861,6.07631588,3.396999121,3089.071531,3,30163.06083,17.73803711,5.768821716,4,149.9314117
15673,196.3858948,31.21182823,18.14297485,8.652436256,5.420002937,1768.396991,3,17535.24798,22.06011391,9.930150986,5,89.66881561
15674,211.0846863,45.9442749,27.37135315,8.129612923,4.837920189,1927.351813,3,17032.94751,17.52051544,7.456990242,5,311.4511108
15675,143.9522247,26.24434662,18.48237228,8.322136879,6.518795967,4880.607209,8,55.84975376,32.83768082,6.86537981,10,279.3770752
15676,59.27454376,34.83852768,19.51561546,10.47385406,6.246635914,5357.679959,1,2739.710981,29.13441849,9.112397194,5,74.15692139
15677,168.011322,30.45759773,15.48823071,12.7141161,8.120150566,5667.692673,1,12187.20187,26.29688835,11.4637804,4,255.1668701
15678,122.6713638,34.03983688,27.48525047,10.02252293,5.878022671,2119.815753,3,4580.074963,28.51510429,8.552114487,4,22.96855927
15679,124.5689087,37.10848999,26.73419571,8.326723099,5.165249825,3596.885002,3,3317.483405,23.91731071,9.322392464,4,261.8699036
15680,176.119751,31.09230614,18.11923981,15.27168083,8.984389305,1213.759611,3,9602.716142,37.02311707,15.09629059,4,95.90614319
15681,79.72261047,31.488554,21.06707764,7.113826752,3.92367506,3534.003616,3,24044.91221,19.70709419,5.656277657,4,315.3182983
15682,98.82717133,29.82662201,16.12122536,7.657653809,4.992958546,2865.026404,3,34489.2235,20.30759048,6.730574131,4,116.5650482
15683,112.2614975,28.4689045,17.07399559,7.926910877,4.59995985,2376.92676,3,33990.36084,23.57331085,6.81353569,4,101.9260406
15684,104.9046021,34.64918518,24.65888214,8.878767967,5.37800312,98.52725662,3,31383.46723,22.69913673,9.163298607,4,43.56790543
15685,34.50500107,25.29059982,11.139184,11.8788414,4.352220535,456.7537723,3,14487.99634,29.15283012,7.097564697,4,201.9606323
15686,171.5269318,20.28554344,12.97312832,8.255810738,4.82346487,3571.145294,3,8652.531719,26.86925125,6.767485619,2,180.7957153
15687,98.08206177,26.69044495,15.20720005,7.534331322,4.243812084,681.6741787,3,7605.815095,19.63577461,6.867131233,4,162.8972778
15688,133.1107178,29.36291313,18.78166008,8.375296593,5.068296432,5191.784083,3,15840.52189,27.60894203,7.790215492,4,69.19954681
15689,166.5045013,44.71138382,27.55807495,8.695105553,5.645566463,1801.60799,3,17368.74339,22.73514748,9.615161896,5,298.539978
15690,120.2673187,18.00409126,12.72695923,6.810351372,4.800792217,4350.812574,3,9300.181013,24.97270966,6.226677418,2,122.828537
15691,115.9624405,25.19492149,14.62518215,7.987953663,4.697910309,5725.329201,1,6851.931419,28.70569992,6.634502888,4,229.6462402
15692,113.3091354,28.05410767,16.73830223,12.07289219,6.29185915,3177.397877,3,9744.317981,29.99224091,11.16273594,4,147.8985443
15693,108.880661,22.22091675,16.008255,8.019694328,5.480508327,271.4295169,2,11937.47031,24.75481606,9.39179039,4,276.170166
15694,69.24495697,23.27315521,13.54728031,7.127590179,4.024918556,4536.216388,3,1755.1017,20.2076664,7.422682285,4,157.619873
15695,114.7186432,23.51670647,17.04648972,9.15950489,5.678293705,3130.499281,3,7288.415943,24.85795021,7.43305254,4,156.6444397
15696,91.60749054,24.28973961,16.60767174,8.287762642,6.009434223,4112.775367,3,582.2668014,32.79949188,7.96494627,10,196.9573669
15697,179.1161194,26.0147934,17.65808105,8.37098217,5.042134762,4581.26951,3,295.5323224,32.67109299,8.144602776,10,273.1934509
15698,99.00900269,27.10045624,16.64687729,9.188591003,5.565608501,5884.462674,3,5480.754191,23.82377625,7.445721149,5,181.468811
15699,69.15060425,33.70955276,18.663517,11.16712284,6.395153522,5503.859805,1,5994.136912,25.34844208,9.22584343,4,240.6775513
15700,176.7339325,24.12825012,15.44445515,10.18096352,6.196325302,5478.717798,1,7451.305268,30.52411842,8.394163132,4,161.7645416
15701,85.62186432,26.13926506,20.6978302,9.33765316,5.933582783,2140.558584,3,10208.24755,29.44437027,9.7856493,4,34.99201965
15702,21.86706161,51.27820587,11.17885494,9.781709671,5.025961399,4612.237082,4,13239.75539,16.67009926,4.976410866,4,281.4057312
15703,88.44409943,55.03466797,26.4393959,9.50534153,5.280448437,1479.881689,3,1231.637918,19.62778854,8.144028664,4,48.94518661
15704,66.40399933,28.99235916,20.0127964,9.590089798,5.125742912,530.6847406,3,2182.408535,21.99928093,7.300592899,4,201.6938629
15705,118.7693176,27.11886978,15.11660957,11.69804287,6.44586134,2273.991028,3,13865.88571,30.86691475,10.54890823,4,192.2647705
15706,55.92448044,30.66135979,17.91357422,7.16716671,3.860219479,837.3922748,3,19465.28183,14.91413689,8.535714149,5,284.999939
15707,113.3296432,33.66088104,17.94777489,7.530479908,5.324789524,771.5637766,3,12377.07635,19.9318924,11.0057106,2,252.5813904
15708,234.5509033,36.47424316,24.18235588,10.87480354,6.041661263,5659.76135,1,12417.98191,28.70428658,9.88048172,4,315.5906372
15709,117.8055115,28.9670639,15.1443119,9.384290695,5.3842659,2003.714808,3,736.841349,23.99619293,7.624210358,4,101.3099365
15710,34.51088333,32.52867126,12.61362934,7.0739007,3.724613667,1250.329744,3,1484.996371,15.6787281,5.372732162,4,104.070488
15711,143.3361969,28.09007454,18.91608047,8.722429276,5.214977264,1493.70913,3,23714.78422,24.01441956,8.629687309,4,92.56376648
15712,22.35564995,29.50199699,15.88016033,9.201023102,5.701046944,8.978362443,3,20077.26555,15.24234486,8.501198769,5,314.9214172
15713,67.337677,59.34936142,24.09872437,8.543280602,5.238506794,673.9331097,3,20405.10517,14.21946621,6.144750118,5,268.4518433
15714,144.1951141,38.17998505,28.39969826,7.127841473,3.979629278,1366.779853,3,19544.84626,18.88820648,6.752366066,5,284.3605347
15715,161.9412842,23.14467049,17.33961487,6.49319315,3.969681263,1396.244772,3,19285.4742,20.53880882,8.004009247,5,262.9764709
15716,60.77087402,40.9483223,21.9352684,6.962409973,4.343423843,438.6357247,3,13218.81746,13.12649345,7.455258369,2,280.7843018
15717,92.36576843,44.65510178,21.1493454,8.868805885,5.914673328,690.7503057,3,12625.90888,17.76622009,8.899461746,2,295.5438538
15718,91.48001099,26.47466469,17.73970032,11.08687878,6.707055092,3536.525927,3,1125.007495,32.41449738,8.986157417,10,176.7379761
15719,146.8913116,28.36804008,15.93498516,8.439045906,4.486968517,4038.477638,1,770.354379,32.03284836,6.3312397,10,315.4620361
15720,182.3546753,20.54496765,14.57611752,8.938149452,5.680591583,5127.365253,3,8023.601006,30.96106339,8.030891418,4,96.86643219
15721,225.6767273,28.49032402,17.98676491,10.90741348,5.228730679,3976.894947,1,13996.22391,31.598423,8.992433548,4,59.47029495
15722,131.4204559,27.49627304,17.04219246,10.32359695,5.972768307,590.4183375,3,3282.87083,25.53969574,10.15672779,4,262.4053345
15723,94.19493103,29.03302383,20.00942039,6.015619755,3.451334715,3715.175483,3,23780.70259,16.71105003,6.747973442,4,259.399353
15724,83.15435791,41.3433342,27.04545975,8.894141197,5.307751656,1600.64786,3,25855.42164,24.74584961,7.523850918,4,30.37469673
15725,123.0281601,27.77857208,14.28630161,10.51166153,5.366939068,664.5631273,3,26700.90222,28.03277016,7.490046501,4,144.8335571
15726,34.43008041,37.00461197,17.79060936,8.254354477,3.855521441,1227.120357,3,21742.94034,19.75164795,5.635560513,2,146.9761353
15727,255.6759644,18.61493111,12.41049767,8.95122242,5.271733761,980.6306356,3,4573.497839,30.87473679,7.876599312,10,187.7306061
15728,203.3108215,34.20046997,23.3807888,10.19096947,6.240393162,5019.780788,3,978.8811508,27.51874733,10.48502159,10,37.23483276
15729,74.06073761,49.18356323,27.85116196,11.14877892,7.869627953,5372.926856,1,2269.691335,31.20834732,8.82888031,5,28.30108452
15730,66.15039063,27.1543293,14.78229046,7.036003113,4.085903168,4175.415627,3,1413.998696,17.2024765,6.922405243,4,182.526123
15731,78.95924377,26.46595192,13.98773003,9.879448891,5.323431969,3824.984459,3,1070.635486,23.17806816,8.939575195,4,223.029007
15732,67.68656158,31.7417202,19.85887337,9.129070282,5.604327679,114.3973075,3,2588.894257,22.62765121,9.300984383,4,82.26124573
15733,135.4175873,31.33959961,17.79500389,9.46243763,5.321819305,3137.729702,3,7009.89287,26.47980881,9.213512421,4,79.88847351
15734,146.0894012,27.67227554,16.68481255,10.30545902,5.913193226,2688.155766,3,5998.544458,26.58748245,8.386500359,4,274.0856323
15735,149.6650696,23.81319618,15.21766186,12.68970299,7.995258331,857.8709304,3,9574.53637,34.91748047,12.83004379,4,121.4894333
15736,126.7268524,32.70135498,16.99432182,11.1832571,5.597842216,1648.768059,1,11756.42736,27.90451813,9.520710945,4,100.8564148
15737,111.2564697,47.6238327,28.86610794,8.071492195,4.558205128,4148.482804,3,23355.42623,21.746912,7.451646805,4,41.20129395
15738,44.84243011,39.7179451,18.8825779,7.452700138,4.892724514,394.0174128,3,13529.88847,13.94741917,7.290987492,2,114.7174377
15739,34.1788063,28.15182495,13.15028954,7.218928337,2.766156912,665.3869937,3,3368.900464,15.17276096,4.873051643,4,261.5778198
15740,85.44706726,33.93244934,18.09919357,8.701576233,4.982866287,813.8503047,3,29994.24614,16.49780846,8.360274315,4,187.2296295
15741,82.22192383,53.5021286,27.29176903,7.84471035,4.616947651,1283.617861,3,20239.88623,15.13304043,7.7964921,5,49.08561707
15742,179.8003082,21.63822937,13.92658329,9.358178139,5.495681286,3258.480219,3,8544.661366,29.3549118,8.070119858,2,170.012207
15743,135.0114441,25.27449226,13.97359085,7.994851589,4.167028427,5187.736587,1,7057.992485,25.95842552,6.859359741,4,117.5166931
15744,32.52512741,39.09150696,19.7213459,8.539196014,5.969836712,342.9448888,3,11616.17899,11.75069141,7.862593651,4,121.4768372
15745,160.0892029,29.34976578,16.99853325,10.1506691,5.623192787,2346.225781,3,13125.4894,25.76261139,8.399062157,4,130.7108459
15746,145.9073334,34.54987717,17.71657944,7.323097706,4.741381168,1531.792451,3,12850.37222,10.19163322,4.925340652,2,197.6812439
15747,190.2521515,36.41525269,26.69674683,10.01962471,6.272953987,4235.743451,8,456.9987414,27.86985588,11.87953758,10,106.9275131
15748,87.18107605,27.36581802,17.35132599,10.43902111,7.808880806,4706.753366,1,3447.552443,34.09494781,9.771109581,5,238.7994843
15749,40.47512817,35.39737701,25.71582222,5.266480923,2.851935625,1578.095019,3,1142.423975,13.84158993,3.559962988,4,21.57130432
15750,39.66396332,39.67424393,18.15274239,14.39213276,7.201619625,4963.917375,3,22669.70047,26.09994698,11.63659573,4,169.3302155
15751,127.568512,28.91349411,20.50576401,7.379507065,4.183598518,4646.064245,3,22886.58433,24.39982414,7.032820702,4,293.77771
15752,113.825058,32.04101181,17.97231674,12.53364182,6.267879963,716.0280419,3,26615.06808,28.26089859,9.741529465,4,45.62275696
15753,155.1387939,24.4205246,15.57675838,7.211302757,4.664679527,1655.199085,3,28796.60027,22.302248,7.606571674,4,289.1129761
15754,82.25480652,34.00443649,19.55810738,15.58112812,8.802740097,4836.104447,1,2953.568208,31.44938469,12.28228092,5,210.8873291
15755,55.78975677,33.19070435,19.00937271,10.62722778,5.660406113,5213.725106,1,5951.353407,23.06443596,7.901503086,4,123.1975708
15756,95.88765717,33.63211441,21.05298233,8.857213974,4.610051632,5490.974581,1,6711.903517,20.78321838,7.446442127,4,289.975708
15757,101.6250992,31.96604729,17.24118423,11.00562668,6.41586113,1172.504089,3,10940.66291,25.18662071,13.80860615,4,162.924118
15758,98.67370605,22.70662117,17.59590149,8.899888039,5.881142616,154.350985,3,27180.43484,29.66213989,7.451254368,4,116.0457687
15759,30.21525192,37.02044296,20.20987129,10.67638493,7.30509758,1204.735011,3,22020.79003,18.17681122,9.298604965,2,45.75384903
15760,46.86726379,29.6376667,16.40197945,8.498299599,5.106443882,981.8944728,3,21812.4079,19.47990227,7.958001614,2,68.46349335
15761,1.639021277,63.20460892,19.29758072,1.293340683,0.501400411,375.7099185,3,13353.63383,1.751269221,0.611549199,2,45
15762,25.85368919,32.65415192,23.82644653,9.511822701,5.451964378,547.9823753,3,13459.56496,13.7786541,8.032576561,2,296.5650635
15763,142.269516,18.52557182,12.63827419,6.22063303,3.637570858,4614.767394,3,9543.132467,25.77630043,5.407502651,2,81.30449677
15764,174.6519775,18.83319473,12.7835865,9.459867477,6.33127737,2580.679175,3,7969.243173,29.39840698,9.71852684,2,127.3331909
15765,98.47790527,29.92943954,21.67872238,10.24407768,6.729095459,369.0637269,3,5973.920576,31.70937157,10.34675789,2,55.25682068
15766,86.8119278,26.5533905,15.15666389,9.320982933,5.627691746,45.66398977,3,5545.404117,27.44763184,9.299295425,10,229.6563873
15767,178.7379761,31.14653587,16.90913773,10.13572884,5.079846859,5114.89178,3,2133.780117,29.80945206,7.436511993,5,99.22856903
15768,213.5384521,26.43699265,19.02454185,8.47623539,5.014936924,4889.033335,1,1937.342272,31.47307396,7.05208683,5,28.06082153
15769,139.2612152,25.62628555,19.93151665,10.24460602,6.600827217,4932.610755,1,3982.208287,32.80816269,9.230734825,5,315.6437378
15770,149.5192261,41.09765625,26.79254723,11.18418121,6.658548832,1012.629731,1,10644.1235,29.76927567,12.92491627,4,39.71434021
15771,115.8812561,24.33927345,16.74529457,6.978841305,4.226458549,261.2342519,3,11744.8324,20.3752079,9.75548172,4,270
15772,141.8650055,26.84894371,19.50898743,11.38142681,7.706045628,3264.449454,1,13730.09125,32.86758041,11.35002899,4,304.8295288
15773,138.8788605,22.71953583,16.27754402,9.901798248,5.948261261,1811.013135,3,12126.16261,27.05521011,8.202687263,4,191.3819122
15774,49.8273201,31.48687935,17.5406723,7.651953697,4.246030331,1611.035431,3,18895.22052,22.60057068,5.757122993,5,304.315094
15775,148.0323334,46.72618866,30.70113564,10.05356312,6.330904961,2750.455555,1,9639.931246,32.72622299,9.312644958,4,290.8208923
15776,143.407196,30.20492554,16.73768425,8.945226669,4.788468361,1152.357309,3,26155.05793,24.19571304,7.053815365,4,147.0305939
15777,98.60262299,30.44495583,19.32038689,11.00631905,6.769609928,451.734003,3,27698.43239,26.40551758,10.85422993,4,240.2080383
15778,164.504837,40.68821335,29.40762901,9.417577744,5.917692184,3140.795288,1,8964.685809,31.74572182,8.349093437,4,299.1920776
15779,232.1875763,23.24198341,15.38582611,8.642148018,4.697046757,1447.618772,1,12408.54245,29.43072319,7.680765152,4,268.6815186
15780,46.98630524,33.55860901,20.42226219,9.729218483,4.691113949,4658.831726,1,13361.51791,27.509758,6.355597973,4,274.0444946
15781,129.3701019,25.35028267,14.51326847,9.127086639,5.106359959,490.9399595,3,3395.862043,23.75151253,8.306633949,4,193.5426483
15782,173.4510803,29.10082626,15.34451771,7.969960213,4.288625717,1437.910035,3,4393.1157,20.807127,6.94983387,4,179.1185913
15783,84.92163849,22.10155296,12.06908512,6.748345375,3.623574734,776.1266751,3,3731.42073,17.99714279,6.195748806,4,203.6001892
15784,180.2978516,25.87436867,14.61997604,14.44560337,8.393170357,320.1775963,3,14620.41719,42.47313309,11.12899017,4,206.3654175
15785,181.8204346,23.64288139,19.54866791,9.596432686,6.003614426,1277.775152,3,6866.163813,30.90231133,8.975316048,2,91.77880096
15786,101.0769043,25.35834694,13.93475533,11.36629677,5.777486801,4189.80841,3,8479.141347,30.69632149,9.275465012,4,159.4076691
15787,85.67884064,32.14593506,15.10777187,7.924555779,4.1857934,3106.238237,3,3380.942013,18.33112717,7.453356266,4,245.5560455
15788,108.0907211,25.46626282,15.65327263,7.117064476,3.890474796,3464.047664,3,33897.93016,20.70409393,6.027674198,4,150.7672729
15789,54.69570541,41.22600555,24.2541008,8.457454681,4.531427383,429.2799385,3,32005.82235,18.29371452,6.704931736,4,311.0548096
15790,42.40645981,27.26917648,17.16098404,7.452943325,3.685763359,594.6856672,3,30452.05611,15.96811485,7.016448498,4,203.1985931
15791,32.19870377,35.63082886,17.64214897,6.68159914,3.868557453,545.6571747,3,21505.05162,14.26815224,4.612297535,2,170.5376892
15792,21.66307831,37.85219193,9.124465942,5.109087467,2.687180281,3972.99962,1,9037.473736,19.57374001,3.431478262,2,115.9065094
15793,89.52732086,27.67799568,17.44643211,10.72761154,6.394298077,3769.052688,3,8899.788544,28.72689438,8.992705345,4,118.7167358
15794,99.98403168,27.35366821,16.97328758,7.035857677,4.169656754,7050.508655,3,20703.20212,21.85858345,6.884681702,4,114.04422
15795,75.30949402,26.66656113,17.04796791,7.186662197,4.423852444,6174.54473,3,21523.13458,20.89185524,5.998416424,4,235.7509613
15796,55.81416321,34.87885666,20.91352272,11.77183628,7.289062977,27.64985065,3,27290.38173,26.79160309,10.26764774,4,48.46822739
15797,61.08976746,20.34237671,12.76037025,4.740266323,2.919749737,4832.23551,3,32481.02873,14.309618,4.499757767,4,204.6993561
15798,142.5852966,27.92421341,16.62971115,7.367420197,3.978619576,3840.213132,3,33539.37768,20.86876106,6.661739826,4,74.63311768
15799,107.1663055,24.28478813,16.06480408,8.679087639,4.883658886,3693.320913,1,1050.194277,33.87443924,6.28038311,10,302.8467407
15800,188.0858612,27.29300308,13.31658173,7.381187916,4.582244396,3692.496135,3,1112.294151,33.40850449,5.961030483,10,272.1037903
15801,136.4645386,31.72126579,18.29269028,10.7825222,6.174654961,5081.537952,1,13281.34941,31.77516747,8.804788589,4,294.8468933
15802,46.78334045,33.78502655,16.4497757,9.375892639,4.833621502,501.7259326,3,6384.131501,23.65193176,10.07321262,4,270.3536682
15803,100.3420868,25.30022049,12.88439178,8.402906418,4.727948666,2600.525331,3,134.3486237,24.07247925,7.445339203,4,91.02597046
15804,106.5148621,24.67677879,16.25512314,9.31518364,5.911877632,1123.064857,3,8771.05983,24.22687912,8.985650063,4,217.631958
15805,83.45669556,30.69802475,16.42511177,8.056349754,4.739289284,1839.797497,3,33441.6273,20.32827759,6.414968967,4,152.309906
15806,168.0775909,33.21839142,26.46686172,8.76666832,6.261778355,3508.502634,1,1343.959937,34.09192657,6.871155739,10,317.2575378
15807,176.0354462,25.50075722,16.18143654,9.721666336,6.967113018,2723.717973,1,1982.682699,35.92887878,8.031077385,10,312.6323547
15808,64.20481873,50.58870697,22.27394104,12.36574364,5.317517757,4410.091641,1,13832.28337,28.65679932,9.38737011,4,29.89042664
15809,73.9624939,27.95163918,15.19551086,7.482514381,4.407381535,4732.826773,3,2001.429415,18.3866272,6.281256199,4,112.8905487
15810,80.61704254,24.823843,14.95701599,9.954803467,5.765120029,2418.874094,3,7873.454707,25.78522682,9.597556114,4,143.1300964
15811,182.2394714,19.99916649,14.18714809,8.35163784,4.809532166,5130.460535,3,10058.8454,29.27196884,6.947097778,2,169.9156189
15812,67.28448486,31.42382813,17.43959999,11.84873009,6.905173302,5192.057068,1,5604.050535,28.30297852,8.873270988,4,72.58306122
15813,187.4980011,34.57636261,25.79948997,8.85840416,5.355473518,1908.070726,1,9821.084565,32.01114273,9.304285049,4,37.99464417
15814,95.23526764,26.86512756,17.00030518,7.186534882,4.445395947,644.6936067,3,7848.98363,19.64956474,7.041028976,4,68.96248627
15815,44.59687424,33.88780594,17.79822922,6.545066357,3.188387632,1639.179269,3,1085.012142,14.80815697,4.368989944,4,38.82128906
15816,85.82133484,30.28546906,17.93938446,9.792225838,5.905847073,5770.006231,3,21807.68547,26.4255085,7.449760437,4,137.3106384
15817,28.21861076,34.83623123,17.57159615,12.27906609,6.387205124,969.1014485,3,32550.94374,22.48668289,8.356101036,4,152.4793243
15818,151.0417328,31.36746979,22.28072739,12.96524048,8.091788292,125.5684329,3,15063.16111,36.04970169,13.28073025,5,55.3486824
15819,89.22603607,35.39580154,24.58335876,8.948960304,5.131228447,611.9100223,3,15576.03998,20.54849243,7.810058117,5,281.9761353
15820,181.4886475,28.28053856,15.06325626,7.051851749,4.447121143,637.1741528,3,13563.19338,21.8629055,9.712253571,2,136.9555054
15821,99.52482605,21.57525253,15.19399261,7.398690224,5.27782774,4130.549469,3,9242.161096,27.71393204,5.736917496,2,74.63838196
15822,36.95063782,32.13072205,16.43981361,8.244548798,5.024153709,2130.740646,3,7961.587987,17.17230034,6.431745529,4,49.52926636
15823,146.0886993,30.81152153,18.76072311,9.28181076,5.755053997,1570.530672,1,8114.170995,27.19730377,8.770155907,4,61.13284302
15824,52.60591125,29.6135807,20.32385445,11.28948593,6.142428875,391.6278868,3,9821.564166,22.97768784,9.564538956,4,298.495636
15825,116.5840988,30.732687,20.47843933,15.92439842,9.622443199,627.6020217,3,9214.700952,36.75148773,14.15302563,4,97.22431946
15826,142.0089569,27.93072128,15.6833334,8.706504822,4.531189442,8199.881172,3,19526.73779,23.73361969,7.440955162,4,180
15827,127.7341766,24.13408089,14.38302326,5.653596878,3.26129055,2332.804348,3,29376.51039,17.73442459,4.84829092,4,148.4486084
15828,56.0859375,31.7469902,20.6978035,10.78444481,6.30361414,1471.187139,3,33056.49011,26.74939346,9.365222931,4,140.0131226
15829,118.4687119,33.1116333,20.92991066,8.457255363,4.924944401,1615.342131,3,33048.5935,23.23790741,7.089910507,4,69.14553833
15830,51.45401001,30.93689537,16.23191261,9.306230545,5.055118561,588.7042698,3,29590.34258,17.94180298,8.92975235,4,180.5787354
15831,119.5761032,27.41745567,16.94660759,8.433501244,4.855802059,1479.801466,3,23373.74367,23.28243637,7.464977264,4,213.9450836
15832,77.47515106,29.41305923,18.1270256,7.906774521,4.51431942,859.710657,3,23154.27458,21.17400551,6.567599297,4,98.90171814
15833,103.2737961,27.01966858,16.99431038,8.348186493,5.107182503,590.0429459,3,22306.11552,20.75917244,8.210656166,2,131.5317688
15834,47.53549576,27.05350113,15.88355541,7.232590675,4.349653721,568.2082972,3,21679.63265,20.71225166,5.558967113,2,84.67086792
15835,28.11242485,49.24464798,24.71404457,6.11308527,3.939572811,588.5325887,3,13783.56772,9.156568527,5.553672791,2,296.4826355
15836,172.5634003,23.82316208,20.96727943,8.506793022,5.257742882,2275.294302,1,7845.602338,29.93943596,8.455184937,2,317.2311707
15837,83.7473526,31.46879578,19.5236187,9.233636856,6.186287403,5044.845246,1,6028.928469,25.3612957,9.25720787,4,270.7440796
15838,123.5911255,30.99270248,18.73873901,10.62218475,5.88520813,4891.225848,1,6154.884402,24.2507782,9.592378616,4,179.4093323
15839,83.43778992,18.8498497,12.41142082,8.344642639,5.261309624,2243.213454,1,9783.627642,34.65859222,6.719412327,4,29.57270622
15840,45.77215576,33.78759384,19.71800232,12.62726307,6.606820107,225.2907819,3,11386.11202,20.78749084,10.12781525,4,94.33826447
15841,95.40435791,29.75712013,18.77030182,10.65334415,6.105639458,252.367725,3,11004.82848,25.68638992,12.52313328,4,100.6196594
15842,179.1447296,22.74386597,15.47503757,9.446861267,5.221225739,3809.566936,1,13889.73188,32.31119919,7.107901096,4,107.0056763
15843,154.5062561,23.33689117,14.1632328,7.042032242,4.106103897,2795.693423,3,72.51521453,20.5657196,7.127188206,4,90
15844,120.6616058,32.07128143,18.08079529,10.16435623,5.775865555,3847.922586,3,1128.845214,23.42061234,8.61700058,4,199.2263489
15845,143.5646973,33.59686661,15.42445278,8.485641479,4.393298626,2833.418573,3,7121.132659,25.25064278,9.238140106,4,98.69550323
15846,235.476944,26.08315468,15.97559547,10.43799591,7.263194561,270.7817425,3,9773.474309,29.12053299,11.51109982,4,260.6553345
15847,198.7295227,22.35511017,15.86981869,7.360469341,4.769818306,403.5122162,1,10366.15708,25.68872833,6.644093037,4,280.5873413
15848,107.7591095,33.84228897,25.2314415,9.430631638,5.908206463,5955.059171,1,16937.9859,29.03025627,7.998759747,4,31.73352051
15849,72.50289154,32.06453705,26.49256897,8.982074738,5.567559719,1491.043753,3,33064.23186,24.53542709,7.562429428,4,329.5617065
15850,32.77497482,58.33429718,26.80969048,11.44161129,6.129503727,1064.263446,3,32641.15048,22.68596649,8.716082573,4,345.192688
15851,172.4298706,27.40831757,16.85324478,9.847146988,6.245718002,4509.194644,1,3732.148064,32.16282272,9.096346855,5,235.4914703
15852,21.60688782,14.89205551,6.818962097,3.769120693,1.760184765,161.2226858,3,11489.6888,12.89802933,3.53032136,4,279.4623413
15853,122.7449951,30.52636147,16.60744476,8.085473061,4.611258984,1289.238159,3,8714.372558,20.45459747,6.989906311,4,187.7920837
15854,100.2634506,29.02375221,18.67461777,8.142642021,5.190181732,1054.653357,3,32270.02307,22.92103577,7.537417412,4,258.1456909
15855,127.5768967,40.60193253,24.67786789,8.015433311,4.79007864,175.9659337,3,31344.65122,20.80488586,10.13728714,4,53.97262573
15856,159.0607605,24.96395683,14.8430109,10.64783478,6.921316624,423.4265589,3,14235.27895,32.30610657,11.25901222,2,131.1859283
15857,104.4880753,28.37081146,17.278265,10.83770752,6.129495144,4969.691358,1,5001.857579,26.27173424,7.65781498,5,157.662735
15858,121.345932,25.43235016,16.64873886,9.670465469,6.521232605,6775.797097,3,17815.86251,24.7001915,8.596295357,4,212.4711914
15859,111.660553,31.84720993,20.39347267,9.925131798,5.735501289,885.4567944,3,22902.26773,23.15363884,8.106186867,4,200.8067932
15860,285.5440063,25.07775688,16.04097176,8.502652168,5.798176289,951.9200165,3,11610.92067,25.7015152,9.909165382,4,275.7626343
15861,66.79836273,28.38360786,16.74311638,10.60843086,6.071774483,204.5451154,3,6919.952688,27.99570274,8.686814308,4,133.7939453
15862,35.24462891,56.3965416,21.13345528,8.755431175,5.122585297,6512.008237,3,17261.64269,21.45023918,7.632492065,4,304.2711182
15863,48.30911636,36.76337051,28.132164,11.55080318,6.749011993,6749.987211,3,17439.63772,26.59127808,9.745650291,4,37.66994476
15864,149.6265106,30.57027435,20.28412628,8.796051979,5.056384563,720.7212916,3,31538.42669,24.56244659,8.355057716,4,60.05216599
15865,104.1525955,53.28931046,26.56685257,8.032643318,4.81068182,77.66390503,3,30603.34031,18.49555206,9.494992256,4,33.43986893
15866,120.5102386,46.70143127,27.5666256,7.525698662,3.967738152,1149.565055,3,6398.332236,18.74228859,5.822501183,4,304.7651978
15867,108.0593643,24.75485611,15.37929153,11.3719902,6.83331871,293.2329542,3,3088.378527,29.5452919,10.62188339,4,262.0644531
15868,126.7580948,29.24954033,16.74238968,10.94612122,5.908705235,1641.942275,3,11391.75623,29.10141754,8.273099899,4,195.8960876
15869,36.07320786,25.25404549,12.28857899,8.563947678,4.809380054,335.7802324,3,21350.88331,16.0538578,5.417198181,2,126.2538376
15870,4.553326607,45.38821793,23.33428955,6.240564346,5.260167599,39.1318162,3,21352.65615,4.428026676,3.305684328,2,255.9637604
15871,36.70458984,49.84814835,27.72880936,7.995545864,4.81877327,461.2838895,3,13989.77026,15.65937519,8.658911705,2,320.5754395
15872,140.0467377,21.74943352,14.74330616,8.880572319,5.17234993,4370.450938,3,9543.584925,30.65133095,6.897160053,2,136.1233063
15873,174.3150635,24.24112511,13.80904102,8.915937424,5.483036518,5072.418608,3,7772.727403,31.34527016,7.344408512,4,132.1376038
15874,26.7011013,37.51386642,17.10639,7.084771633,3.427776575,85.84483246,3,2601.297787,15.01673222,5.763442993,4,140.7106018
15875,43.06430817,32.34179306,18.83963203,8.361248016,5.454078197,194.7979228,3,2597.252042,17.65878105,11.06551647,4,96.39950562
15876,79.67662811,54.7515831,25.8601284,10.21289921,5.54634428,8.416339228,3,30178.73317,18.27449799,9.389959335,4,69.44395447
15877,136.7123108,41.34473038,26.48271179,14.80618668,8.578899384,212.392521,1,15150.69485,36.70306015,14.6858778,4,33.25001526
15878,120.9106827,31.36213112,22.51444244,7.469146252,4.181132317,513.4823085,3,14731.05689,20.88201523,8.044650078,2,62.21607208
15879,165.8855896,29.07585716,18.39528847,12.71387386,8.460220337,57.72436296,3,5233.964524,36.04806137,12.44995213,10,183.402771
15880,104.794342,26.93194008,14.80351257,8.248396873,4.513931751,3579.722488,3,871.6959226,21.4883709,6.728586674,4,162.1811218
15881,52.22720337,27.83361816,15.26960564,8.747014999,3.870343447,6313.086861,3,17125.40487,23.52484703,7.157115459,4,103.7431641
15882,53.73852921,31.70425034,18.06488419,8.176740646,4.223194599,694.9559748,3,29088.84796,16.16097641,6.848496437,4,203.8951721
15883,76.60592651,47.02628326,26.48320961,8.792293549,5.313430786,860.3775779,3,15790.90407,19.62676811,9.838648796,5,283.8950195
15884,144.5654755,38.29124069,20.92917824,9.060919762,5.27521801,1678.424573,3,13005.3536,15.45083618,8.898085594,2,256.3216248
15885,81.82001495,24.96572113,17.55163383,9.890227318,6.705040932,325.6256979,3,5736.599328,28.69059753,9.41534996,10,243.5940247
15886,174.4328003,43.51371765,25.99084663,10.77360916,6.313169003,4321.968852,8,572.5383478,31.22803879,8.963508606,10,325.0825195
15887,295.6760254,23.98433876,15.93821621,9.734646797,5.905261517,3366.953594,3,1462.010139,33.55280304,7.901274204,10,165.2391357
15888,73.76254272,43.75636673,24.89385223,12.53639603,7.259909153,4530.164884,1,13799.12872,28.06631851,10.61664581,4,84.95755005
15889,125.9244003,32.58300781,19.18148422,9.683087349,5.227073669,1251.624064,3,5962.607813,28.50833893,8.290127754,4,260.6347656
15890,125.0028839,39.70521545,24.97219086,8.268269539,4.663387775,2629.294214,3,7135.14514,24.25177383,8.018268585,4,47.87681961
15891,122.7194595,29.63910103,17.03944206,9.507385254,5.295712948,4329.549751,3,14446.46971,26.60975075,8.5143013,4,216.7976379
15892,135.0102844,41.87771606,27.37818336,9.156005859,5.372977257,4387.711047,1,15078.59335,28.40262985,7.686036587,4,286.776947
15893,141.9248047,24.4852562,14.19802284,7.921674728,5.243296623,8044.807227,3,19614.34357,24.29023552,7.052649498,4,258.7203979
15894,86.49253845,26.08428192,15.06066036,10.60864162,6.825443268,623.9248334,3,15556.26298,29.10972595,9.384667397,5,124.5792847
15895,173.9107056,24.22208595,15.90662384,9.172328949,5.00305748,4608.728914,3,688.5213185,25.93351555,9.98004818,10,110.8901443
15896,178.771759,26.15224838,15.65464211,10.46491814,6.423704624,4294.512849,1,3830.146524,31.48487091,8.587368965,5,188.4033813
15897,38.40102386,30.32502365,14.25726795,7.137635708,3.212023258,4128.299999,3,1392.331108,16.24423218,4.394509792,4,225
15898,85.65493011,38.39761734,22.26160812,12.02847195,7.011385918,919.0330757,3,1787.019826,25.68134499,9.551212311,4,61.55707169
15899,134.5697327,30.73172951,16.72180557,8.936173439,5.584484577,1166.765283,3,1518.281105,22.73174477,8.891205788,4,101.6737061
15900,27.48421478,58.82202911,20.7490406,11.45588112,7.355527878,84.12910087,3,2595.08532,19.03361702,11.10033894,4,39.15311432
15901,46.51662064,31.54327965,14.79520702,8.231032372,4.205262184,185.1560586,1,9842.477088,24.69555092,5.155028343,4,310.6676636
15902,58.52603531,24.67929077,17.36026382,5.09764719,3.137017965,4962.907607,3,32390.43707,12.91090393,3.709578991,4,292.619873
15903,47.20067215,31.82471466,18.46863747,10.90589237,6.266253471,70.55767109,3,30037.94038,21.9570179,9.573578835,4,83.29016113
15904,65.11527252,38.60026932,24.37892532,8.652476311,7.449774265,203.1605924,3,29533.76779,18.61813545,14.42727661,4,45.53545761
15905,117.3674698,31.83330917,18.29430962,8.261833191,4.741933346,1578.27872,3,26933.25309,19.27596092,7.402447701,4,123.4630127
15906,3.363291264,55.83387375,23.36977959,3.029198408,1.439316988,16.07696312,3,21292.69298,3.569066763,2.214189768,2,310.7578125
15907,130.239624,34.88941574,17.81098557,9.234759331,5.779167175,2199.782473,3,13578.16989,8.634262085,2.8691535,2,256.806427
15908,136.8107758,35.54453278,25.87977791,9.099460602,6.436010361,4404.466269,1,7897.373695,30.03979683,9.055196762,4,19.69862366
15909,189.1396484,40.68132019,29.54786873,9.291880608,5.577946186,3820.104639,1,8018.643872,30.39269638,9.568205833,4,319.9877014
15910,135.0190887,22.89590645,16.73028755,7.780239582,5.193865776,4226.571253,3,7948.435026,29.51906204,7.927560329,4,39.59621048
15911,109.6702728,34.08750916,21.09417725,9.881493568,5.580684185,4671.656784,1,4740.906476,25.1718502,7.574861526,5,50.60896301
15912,39.63288116,44.09633636,16.41437912,16.70422363,7.230931282,4699.816989,1,5522.785661,26.46693039,11.41842365,4,227.632431
15913,13.33448887,28.27785873,10.52097988,6.433205605,0.977275729,4398.686247,3,1653.800711,14.28173351,3.077610731,4,148.2905426
15914,170.8468323,28.63051033,17.54090118,13.04533195,9.609422684,1478.796053,3,11005.38724,32.86541748,12.34267044,4,109.9255829
15915,183.565567,32.62056351,22.82271767,8.446066856,5.320881844,6379.25652,3,16094.87635,27.99671745,7.244539261,4,82.10423279
15916,195.0144653,26.42851639,18.34067917,6.402244091,3.93693471,1777.180568,3,19532.04946,18.34796715,7.431324482,5,271.7993164
15917,154.3131866,35.80703354,20.07601547,10.91481781,6.022507668,3683.906237,1,13398.59186,31.12746429,8.856077194,4,45
15918,145.0883179,28.46389008,15.10861492,7.035140038,4.104050159,2322.337269,3,5781.327461,20.74882889,6.577337265,4,244.9831085
15919,182.5286865,36.03110123,28.35573006,9.384446144,5.681520939,6658.256093,1,16354.02622,31.22618484,8.887032509,4,315.509552
15920,197.9619446,38.17715836,22.18589592,8.914401054,5.629532814,2270.787591,3,13859.112,11.61354923,6.306328773,2,275.3609619
15921,143.0692291,34.64865494,27.509552,10.4332695,5.88137579,1126.286001,1,6730.486605,32.2828064,10.03977299,2,309.0938721
15922,178.3958435,21.39905357,16.55706596,9.301018715,6.345189095,932.7008948,3,6427.686629,30.74601555,9.689174652,2,64.3484726
15923,145.6965485,31.51847267,18.49999046,11.28275394,7.337586403,1967.293547,1,2708.437358,34.36811447,9.689844131,10,242.3823853
15924,211.1089478,25.65578842,15.34284496,8.915742874,5.38932085,4554.141427,1,2364.219998,29.46543694,7.876624107,5,70.52593231
15925,133.9766541,23.24476051,15.62284565,10.13061333,5.866391182,2385.514492,3,12556.25308,28.90405083,8.673165321,4,153.4349518
15926,62.75726318,26.41961098,16.9784317,7.463903427,4.324847698,6429.06303,3,21123.91864,21.95479012,5.878133297,4,233.6175537
15927,166.0881042,44.67037582,27.63676071,9.43245697,6.082841396,1560.816056,3,25665.59384,26.86226845,9.385848999,4,58.24052048
15928,39.10332108,28.82060432,15.42846012,8.732926369,4.233681679,2620.540559,3,34216.8082,21.15867424,6.039525032,4,159.8636932
15929,72.34770966,35.40237427,19.97205162,7.669266701,4.389783382,932.4474782,3,25424.5302,14.58833504,7.009646893,4,162.960022
15930,17.33207703,33.49528503,18.09692955,6.164331436,3.553409815,4259.201633,3,3137.047214,14.21512222,4.325728893,5,82.96101379
15931,45.23508072,29.52284622,14.16292095,7.904865265,4.058185101,4455.021883,3,1717.621014,18.64710045,5.759955883,4,110.4964981
15932,117.5932083,29.54692459,16.36181641,7.891470432,4.3878932,4725.196665,3,2383.658939,19.52000999,7.154677391,4,145.4374695
15933,161.934906,28.58830261,14.76904011,8.400744438,4.443261623,2078.933561,3,5555.371838,21.55257988,5.903840542,4,298.4651489
15934,134.7173615,29.67277718,17.12704659,9.353262901,5.014633656,7275.452945,3,20264.35495,24.14103127,7.753992081,4,162.2485352
15935,81.00947571,29.38771629,14.76993752,7.861109734,4.55822134,6780.758665,3,20798.09796,23.26003647,5.793020725,4,107.6761093
15936,31.17984009,49.1369133,16.05634499,12.34902,7.345191956,282.2865195,3,27477.23845,22.40690994,9.422842979,4,257.79953
15937,124.6390533,22.58789063,14.34851456,6.617911339,3.600128651,4066.884635,3,33327.06205,20.80505562,5.457642555,4,140.3558197
15938,77.83301544,37.68138504,24.82103539,7.425680161,3.960377216,1860.534828,3,33420.8069,20.10700035,6.539966583,4,298.8724365
15939,110.8224487,37.54820251,20.43184662,9.52001667,5.155949116,1618.543885,3,28311.11604,18.76823807,7.402767658,4,237.6333618
15940,112.7091293,23.53738213,18.72791862,8.420022011,5.587036133,1067.734596,3,20953.51901,24.44587135,8.463276863,2,242.2414551
15941,159.2551117,30.44421005,17.40764236,6.80603981,4.61916399,1516.083975,3,13624.93097,9.769963264,5.914886475,2,260.7144165
15942,61.88959885,33.3742485,16.73842812,9.601167679,5.480667114,1657.327537,3,13064.73497,20.88457108,6.494681358,2,222.0868225
15943,127.122551,30.77202415,18.43892288,9.32528019,5.322877884,3551.22629,1,8974.569241,29.63099861,8.237070084,2,48.01278687
15944,140.3726807,39.80550385,28.44825745,10.42644405,5.678219318,4706.431635,1,7590.960099,33.22694397,9.045975685,4,28.19130707
15945,112.620285,36.8620224,27.28149033,8.635584831,5.026647091,4370.331342,1,6883.315737,26.17598724,8.340111732,4,297.8972778
15946,207.965744,25.59277344,17.07394028,9.5822258,5.797127247,3961.852728,1,13109.15671,34.99722672,7.986113548,4,88.62747192
15947,230.2658386,39.20491409,29.21073341,11.02082539,6.172616482,4398.366458,1,13124.52452,34.31783295,10.19079399,4,322.6287842
15948,95.63388824,30.57757759,18.29426956,10.70605659,6.149939537,5101.175224,1,13589.303,30.86140633,8.820118904,4,231.4698181
15949,204.1459198,31.13947678,25.77259064,8.433734894,5.452589989,8492.422784,3,16785.48912,22.71513176,8.997961044,4,288.0343018
15950,26.57602501,32.46305466,19.85644913,5.712761402,3.728345633,478.6809125,3,28909.74958,9.361109734,5.733165741,4,177.8789063
15951,221.148056,25.19841957,14.63338757,9.273833275,5.408033371,1478.129336,1,3127.213944,36.61811447,7.402157784,10,237.8334961
15952,77.68002319,43.76016617,27.25523758,13.47541332,7.31487608,912.5795442,3,1935.174128,24.9479351,10.44344902,4,305.0183411
15953,96.43201447,37.61874008,17.82663155,9.829174995,6.450761318,794.7591476,3,4141.604423,19.43353081,11.39910793,4,162.84758
15954,147.3649139,27.8407917,16.56557274,7.251418591,4.638139248,1230.055448,3,4681.497054,20.55923462,6.700714588,4,269.1696777
15955,121.6735764,24.8284874,18.90865517,8.536162376,5.328188896,3004.350343,1,12662.00926,29.20424652,8.575914383,4,317.3158264
15956,147.7158966,51.88237381,28.99256897,10.55639267,7.630348682,3596.283194,1,13134.39742,27.59204102,12.46175289,4,75.17352295
15957,47.44449615,27.66691589,18.5386982,9.035969734,5.586252213,7555.365601,3,18111.65319,23.16563606,6.472550869,4,215.5855865
15958,24.75222015,62.79586792,22.71751976,12.10336971,5.576967716,2014.362798,3,33596.39222,20.5211544,9.021716118,4,24.67686462
15959,111.207222,41.70535278,26.11080933,7.981876373,5.017625809,440.2762037,3,21941.76663,19.32387543,8.833701134,2,311.6726074
15960,253.541687,26.6848011,17.20166969,10.24423504,6.441806793,1300.26647,1,12096.83797,29.34521866,8.446774483,4,293.5231934
15961,138.2117767,28.72870255,17.14238167,9.95554924,5.626224518,5686.443138,3,12777.65416,26.08820152,8.383524895,4,196.588913
15962,157.1818237,28.41239929,17.16913033,9.730186462,5.976418018,4011.434385,1,11409.08066,29.36199188,7.89407444,4,202.7334137
15963,217.4237823,23.92747498,12.85744572,7.013079643,4.119698048,1486.086869,3,5271.543997,21.36346626,6.698223591,4,239.5742188
15964,109.0690918,34.40141678,19.95776176,14.63319778,8.553728104,3540.332693,3,13566.19248,34.97544479,13.36462212,4,218.8572388
15965,108.3314896,27.80786324,13.83405972,7.647194386,3.964653492,2903.628917,3,24510.51382,23.63762665,6.474451065,4,134.2559357
15966,50.31860733,29.72403526,17.40794182,8.378050804,4.042069912,3015.19864,3,34423.22476,20.18305397,5.876071453,4,163.4742126
15967,21.38059235,37.51886368,16.68769836,7.881710529,3.714332581,2355.94585,3,33944.5365,16.94553375,5.488582611,4,128.516922
15968,42.00116348,35.43173981,22.81295013,7.014212132,3.947510004,2177.14623,3,33754.95423,15.93971157,5.538160324,4,324.6073608
15969,261.3083496,22.51489067,16.3596096,10.06247234,6.545159817,589.7456551,3,3980.113855,37.87672424,11.41285038,10,250.317749
15970,114.4794312,27.50164223,16.37169838,12.95163727,6.705649376,1533.118288,1,3071.957391,34.57591248,11.08721447,10,89.32383728
15971,56.90465164,35.61730194,16.43310547,13.14695549,6.56916666,4627.733473,1,5361.51342,25.61221695,10.3131237,4,106.9908218
15972,129.8342438,35.15584564,18.25409126,13.45102501,7.887416363,429.4592002,3,10561.67375,28.99114799,13.82546997,4,120.9637604
15973,169.4234619,30.87032127,16.27216148,12.29146385,7.828549385,5368.509239,1,12606.04936,30.62651443,10.46019459,4,291.7139282
15974,113.2866364,27.67051697,15.81025314,7.098709106,3.867274046,2963.643899,3,24390.62088,19.89416695,7.171909332,4,52.27947617
15975,26.31148338,38.62374878,19.68798065,9.267012596,4.730247498,55.69713091,3,27255.47507,17.31707191,6.684306145,4,96.3401947
15976,41.28445053,45.36844254,15.60612106,5.286334038,3.120479107,1042.764734,3,13729.58672,8.850441933,4.288990021,2,221.6335449
15977,105.6258392,37.64043045,28.61737061,10.00998211,5.966027737,7310.151844,1,17624.14289,31.49848938,9.284359932,4,26.84051132
15978,102.101738,26.41213417,16.28079987,6.749557495,4.719585419,5205.281955,3,31766.1968,19.17357254,8.333193779,4,253.0091705
15979,25.35790253,30.82240105,16.10392189,6.675881863,2.942399502,3452.47921,3,33982.73796,14.91972637,4.251116753,4,116.175293
15980,31.45528412,32.39703751,21.05536079,8.966460228,4.647693157,3099.99098,3,34358.0115,19.61462402,6.444429398,4,34.29105377
15981,47.25031662,30.62753868,18.21195602,5.7596488,3.852148294,344.4557978,3,27213.30582,11.72440243,7.737699509,4,180
15982,103.2957001,32.94075394,21.47619438,8.444872856,5.12502718,4532.308243,1,6082.3364,26.65448761,7.871174812,4,291.9987183
15983,90.41285706,29.17416191,15.91852188,9.166849136,5.031095982,3302.065927,3,601.2045799,21.89888,7.216216564,4,204.880249
15984,108.7906418,25.77744484,16.29784775,9.634845734,6.111746788,118.1189446,3,27010.4773,30.93166351,8.391010284,4,73.42121124
15985,47.64072418,31.78952217,16.59767532,6.41090107,3.635082006,1123.088519,3,16070.72359,13.53740501,5.629208088,5,146.0486298
15986,253.1504364,21.78632736,14.12516212,8.361461639,4.68705368,2533.610555,3,2260.7918,34.71981049,6.632229805,10,228.1221313
15987,125.7281799,26.9248333,15.97007084,8.072554588,4.527636051,4630.93308,3,6760.138884,22.90410233,7.088132858,4,70.84367371
15988,161.3159485,21.08544731,13.13408947,8.972392082,5.439771175,2569.613253,3,8703.870829,29.7890625,9.141217232,4,127.015274
15989,204.9204102,27.54902267,16.56848907,12.20931244,6.782771587,1044.378274,3,10032.13768,34.88755417,9.244151115,4,129.4140625
15990,251.3178101,25.25337791,15.83979988,11.14260769,6.644393921,2333.066519,3,11984.32285,34.23831177,9.534894943,4,183.6042023
15991,88.50254059,44.76252747,26.19469261,8.723725319,4.854523659,2391.005075,3,306.7367103,21.05528831,8.309934616,4,42.29362106
15992,143.1104736,21.34996796,14.48297405,9.560461044,5.886325359,585.9486818,1,10326.87841,34.1863327,7.834524155,4,317.7445679
15993,81.07184601,25.64266586,17.24773216,7.633580208,4.591424942,4406.489084,3,31003.01451,21.13511086,7.14577961,4,98.3347702
15994,97.44501495,35.17868042,25.38043976,6.86669445,3.805621386,3104.791999,3,34377.02763,21.84848976,6.697747707,4,42.66269302
15995,99.4602356,33.32297897,24.19589615,7.676176071,3.883488894,2808.460082,3,34373.22354,21.95781898,6.964712143,4,316.041626
15996,121.5262909,61.00344849,26.17111206,8.831648827,4.827047348,2159.091999,3,33714.27526,20.66681099,7.661254406,4,38.95590973
15997,34.18214798,35.75617981,20.06136131,5.487187862,4.58984375,343.422835,3,27696.11467,9.048804283,7.459980965,4,165.068573
15998,164.0478668,34.89063644,24.5453167,7.336381912,4.227989197,864.2996594,3,14979.92697,20.03058624,8.2924757,2,67.87366486
15999,206.7156067,19.881073,13.85010815,8.273953438,5.335271835,5577.30947,3,10511.87359,27.16160393,5.934838772,2,89.49297333
16000,233.5688171,25.54690933,15.11681461,8.517179489,4.740749359,4390.656599,3,1407.197712,26.95029068,7.614682198,10,107.8018723
16001,102.8502197,26.30924034,16.12697411,11.05470848,5.970687389,3945.174663,1,3242.130784,31.89980125,11.16775322,5,239.8653564
16002,100.4089813,28.80427361,16.87306786,8.799654961,5.163713455,8309.176299,3,18613.89242,25.15008736,7.465416908,4,229.6177826
16003,86.61384583,24.44521904,15.05604649,5.901452065,3.539012432,4475.848043,3,22927.45694,18.14619446,6.153075218,4,221.5317688
16004,114.4296341,27.8099308,16.10256767,7.526358604,3.922282934,1669.711304,3,28688.9489,19.73531151,6.922958374,4,170.1341858
16005,154.3834229,49.74055481,27.89789581,12.38101578,7.434610844,144.3231494,1,14773.04277,31.77511406,11.85006142,2,329.5977173
16006,202.7408142,17.12018394,11.59735775,7.254277706,4.544238567,6375.842394,8,11355.93954,29.71508789,6.183263302,2,110.4475555
16007,218.899231,26.36218262,16.58775711,11.51690483,7.513885021,364.2988998,3,4391.977475,37.43014526,11.5892086,10,188.9226685
16008,78.72518921,28.94477081,15.44487667,7.045752525,3.747559786,4172.853604,3,2634.89202,20.91586113,7.254648209,5,96.56269836
16009,89.21484375,28.60961151,15.65048218,9.964185715,6.700568199,3920.536181,1,2892.973675,26.84064674,9.345446587,5,78.99645996
16010,129.5482635,28.92092133,19.73803329,8.288598061,4.796606064,5211.896969,3,22295.4164,25.13155937,8.019414902,4,291.5014343
16011,71.46955109,33.47019958,17.8306179,5.677564621,4.479091167,695.0270148,3,28325.24563,10.81715775,6.511003494,4,171.8699036
16012,134.3626404,33.8030777,18.59799385,15.61983681,8.074476242,485.6773945,3,15442.19937,40.35654068,14.49101734,4,106.7680817
16013,28.24586678,35.68309021,17.47303391,5.116780758,3.265434027,400.1646745,3,13892.62975,8.668628693,4.759006023,2,249.3874359
16014,55.6625061,35.47901917,17.00882339,13.64514256,6.600225925,4421.236403,1,5466.823507,28.70592117,10.25076485,4,223.8308563
16015,125.1594696,38.31196213,24.0135479,11.23268318,6.80013752,347.0493556,2,10625.65976,29.220541,10.3300848,4,290.8533325
16016,123.9822769,25.26335526,15.55780792,9.963060379,6.074625492,695.2513892,3,7074.159679,25.41681099,8.850208282,4,276.2504883
16017,67.75728607,32.17234802,23.23404312,11.13045597,6.23448801,547.4086261,3,6735.237531,25.84960938,9.410543442,4,297.1810913
16018,210.612381,25.42241859,14.60395145,8.011991501,4.569602966,1348.180772,3,5039.863102,20.83732033,6.82446909,4,198.9143982
16019,139.0422516,30.18184662,17.16636658,9.311828613,5.162755489,7818.668119,3,19735.77867,24.0322361,7.233450413,4,210.7499695
16020,104.6166229,31.72385216,16.82030869,8.474729538,4.432337284,1215.992179,3,28154.20591,23.19920731,6.436764717,4,171.7304993
16021,96.1786499,25.55542946,13.6502409,6.518648624,3.535862207,2501.184821,3,29514.86178,20.26437378,5.748017311,4,213.0675964
16022,59.84667969,61.21453476,25.06095314,8.189470291,4.294487953,3489.112004,3,33968.70259,20.81070137,6.641843796,4,102.1714554
16023,120.8796387,41.32518768,28.12102509,7.374149799,4.313482285,2509.290597,3,34057.05834,20.25764275,6.664233208,4,315
16024,33.03836823,34.99191666,22.11973953,5.936570168,4.463464737,208.9917713,3,29305.7873,13.63417149,10.00013638,4,45
16025,27.00247002,32.64378357,19.69672394,8.295763016,4.223298073,508.1441944,3,28984.91561,13.11633873,7.171720505,4,199.2838135
16026,75.04927063,38.02693176,21.01620674,8.902485847,5.275903702,661.6465204,3,14638.60828,15.94375229,7.93530941,2,78.987854
16027,38.45389175,48.08056259,18.0333004,3.659484148,2.025790215,467.0328948,3,13940.0219,6.709703445,2.557329893,2,271.8475952
16028,170.6086731,25.14431953,17.68707275,9.239749908,6.091566086,3965.995872,1,3769.87319,33.27209854,8.890524864,5,270.9934692
16029,147.7332458,26.66054726,17.85864067,8.907449722,5.359772682,4096.140372,3,4414.084607,26.95178413,7.924647808,5,89.5151062
16030,192.3433838,30.41362381,23.50903702,9.946426392,5.964597702,1131.249646,1,11148.93114,32.87746429,8.582335472,4,315.4441528
16031,35.88183212,28.6821804,15.42906952,6.155800343,3.297468424,4215.7808,3,1493.489827,19.60687447,4.504292965,4,222.2297821
16032,123.7181854,29.27742195,16.97584343,6.41164732,3.426831484,4346.756482,3,33049.68195,19.47013283,6.166177273,4,71.07535553
16033,159.5356293,19.06885338,11.6825819,6.473574638,4.569333553,2421.863462,3,19520.17743,23.36176109,7.362475395,5,278.2479858
16034,206.5261078,23.13707542,20.70907784,8.440349579,5.476748466,3648.81275,1,9227.550029,32.0818367,7.63238287,2,315.6193848
16035,149.2740631,48.296772,28.49380493,9.866106033,5.696988583,3910.32845,1,4563.215139,27.53077698,8.56606102,5,61.99845505
16036,54.06032181,24.63392067,22.31267929,8.632333755,7.66727972,42.26023605,3,2871.804967,20.75254822,15.26644897,4,215.7274017
16037,119.0489655,26.23811531,14.80041122,8.562660217,4.789367199,900.9811198,3,27968.9692,23.34001732,7.773007393,4,194.8492737
16038,102.3085709,28.6646347,20.31980705,10.28154087,7.037279129,377.0969604,3,27485.90533,30.47425079,9.83278656,4,250.5116272
16039,128.9525604,47.1070137,29.67420578,8.192784309,4.613455772,4256.041736,3,33220.46783,21.85097504,7.37250185,4,329.2208862
16040,201.9671478,19.59233665,15.05058479,6.957287788,4.687498093,5482.612356,3,10569.67984,27.14267921,5.810514927,2,108.4349518
16041,145.1873474,46.37256241,30.48503304,10.01467228,6.414769173,4438.50491,1,9762.267221,31.60588264,8.847727776,2,39.99390411
16042,100.0558319,32.50238419,19.63555527,12.88433552,7.407598495,55.51426396,3,4539.949786,36.83557129,13.50944996,10,69.05735016
16043,100.9816742,29.38215256,17.83802986,9.959344864,6.394845486,35.91550511,3,7705.288289,25.72941971,8.778162003,4,108.6826859
16044,28.21298027,44.22428513,6.397040844,8.056134224,4.282285213,4031.42587,1,2290.936265,23.30976677,4.46746397,10,90.60308838
16045,218.0804901,41.89956284,27.25135612,8.272414207,4.750968456,3697.489026,1,2100.352455,27.98332024,7.495196819,10,36.23374176
16046,170.6473083,25.94292259,15.09124565,11.23547554,7.215615273,1982.859847,3,9115.897781,31.01341057,13.68876362,4,181.6018219
16047,179.0493011,29.24581718,16.08233261,12.80647564,7.158304691,1079.157817,3,9353.833028,32.52827454,11.80494118,4,171.5256348
16048,81.53938293,25.48301888,16.98933029,8.615522385,5.62181139,318.8525894,3,3466.176893,18.75447655,9.120060921,4,185.1944275
16049,195.2905121,23.99278831,14.39037704,8.495714188,4.855174541,2006.918498,3,6027.352491,25.15491104,7.730788708,4,163.6861572
16050,138.8366394,38.7178154,26.09562874,8.384373665,5.12147522,8071.974449,1,17835.01562,29.39821053,7.135015011,4,48.17332458
16051,143.0910034,41.86545563,27.35371208,8.06172657,4.728593826,886.0520184,3,29681.30084,20.79103851,7.201571465,4,292.7824097
16052,57.62461853,33.41829681,18.89597893,7.550029278,4.561835766,381.3782087,3,26609.61436,15.2965374,7.499852657,4,186.503418
16053,239.0597992,24.61401176,13.55946159,9.073043823,4.909637928,4184.072765,3,1412.550541,28.22069359,7.679261684,10,56.76828766
16054,115.3222961,31.25560379,21.68568039,8.39972496,4.608667374,1004.548691,3,2013.951457,22.57078743,7.352059364,4,36.86989594
16055,12.95945549,30.46904564,19.61966896,6.021086693,4.602995396,283.8253549,3,2636.180871,9.293813705,5.865731716,4,73.39025879
16056,157.8167114,31.17016602,18.54452324,9.622042656,5.455864429,1214.131677,3,8133.359143,26.09350586,9.962208748,4,145.3048401
16057,107.0200806,29.16193771,20.06828117,11.627635,6.68378973,2202.944086,3,11611.6635,26.76068306,11.16950703,4,152.2623901
16058,47.30287933,37.0013504,19.33418655,11.03879261,7.947132587,2505.391874,3,12160.85825,22.23169899,8.972204208,4,168.0949402
16059,174.8297272,29.98043251,21.67477417,10.84003353,5.937876701,3419.850055,1,12438.26032,32.78223801,9.833256721,4,302.9612732
16060,150.2118988,34.10288239,18.38900375,8.875379562,4.877894878,4764.37633,1,14550.91407,24.02599144,7.750707626,4,300.000061
16061,116.1749954,24.43265152,13.37978363,5.560111046,3.228271723,3177.689387,3,24010.73107,15.81004715,6.168427467,4,197.7004242
16062,103.1062088,32.89803696,20.12129974,7.169327736,4.147132874,4692.349529,3,32751.58659,20.01439285,8.766469955,4,74.2752533
16063,233.3709869,34.05067825,27.83737183,10.31336498,6.770280361,876.9165593,1,6056.808304,33.21718216,9.904903412,10,311.4048767
16064,80.19795227,39.2927475,25.54398918,10.68155384,6.338829994,391.1155617,3,2714.924978,22.85109138,10.26958179,4,36.86989594
16065,215.6049805,24.64929962,14.54311657,9.066539764,5.242383003,1697.622845,3,7520.842089,25.16538239,7.887022018,4,148.5730743
16066,97.64591217,41.95211792,29.14767647,8.200564384,5.178024292,2889.993645,1,12091.52547,28.60979271,6.543548584,4,328.8551025
16067,74.6088562,33.69412231,19.42472839,10.90054798,5.719365597,6279.72268,3,21245.84614,25.10471344,8.405586243,4,160.0168915
16068,81.85980225,28.55048943,17.64489746,8.418845177,4.830605507,5533.349222,3,21932.53147,23.1985321,7.173508644,4,232.2682495
16069,97.46483612,36.28344345,26.74442101,8.972063065,5.034685135,5764.006179,3,21627.77595,24.00833702,8.423794746,4,55.66978455
16070,69.02683258,33.66632843,19.88427925,7.200444698,4.299015999,719.2415018,3,25874.59099,13.20594788,7.081382751,4,181.0809326
16071,81.11548615,46.2204628,27.98993301,8.187304497,4.653690815,2236.989666,3,20245.45447,20.63401985,7.672414303,5,301.4012756
16072,7.328193665,46.20985413,24.89667702,4.583069801,2.218455553,1834.193822,3,19983.13045,8.259188652,2.284122229,5,322.853302
16073,12.7431469,19.24360466,8.701582909,7.319919109,4.778844357,1986.276581,3,20002.8556,16.47797203,5.322006226,5,345.2794189
16074,66.24827576,26.69269943,19.00492477,5.665319443,3.326800823,1622.230048,3,16575.99881,14.80036736,5.301100731,5,51.81689072
16075,32.72934341,20.7135582,10.62175179,9.208992004,5.154333115,759.4569481,3,6077.056649,27.15335083,5.952291489,10,53.50775909
16076,209.7675934,39.80410385,27.2202034,10.27010822,6.346895218,3851.977288,3,1087.060595,30.23976707,10.45969105,10,57.36213303
16077,242.0885468,44.64749908,28.16711235,10.58611107,5.888477802,3377.356236,8,1083.517876,29.19914627,10.58872223,10,32.87515259
16078,161.3142853,34.1067543,22.92431259,9.484646797,6.530996323,5011.542249,3,2604.776575,25.66648293,9.406225204,4,55.92559814
16079,13.8846817,52.27441406,21.34284019,9.640677452,4.949784279,15.60771511,3,27497.94893,11.19735432,6.256372452,4,24.27238464
16080,49.54046249,58.82471085,28.74740982,13.47818947,6.431286335,72.13766813,3,27293.34061,24.29536629,11.43515587,4,314.4838867
16081,129.0440979,34.32417679,25.80422401,6.577778816,3.605162859,1927.347854,3,16860.17979,17.57369614,6.704066753,5,51.34019089
16082,109.8438721,22.68451118,12.39044857,5.371121883,2.979893923,3407.41843,3,30447.27421,18.65477943,4.68887043,4,217.7549438
16083,53.7428627,29.08067513,14.57099056,7.706128597,3.844845057,2759.299278,3,29645.74868,17.44360733,6.052693367,4,158.7158051
16084,13.30204487,40.95441055,22.67243958,14.70655251,8.102770805,241.8188371,3,29097.79186,14.52175331,11.89147949,4,35.75917816
16085,4.103461742,44.85346603,17.38862991,3.172452688,1.779510498,279.5002058,3,28000.19962,3.49485302,2.502374172,4,209.0545959
16086,42.56839752,39.092453,26.61397171,11.83072853,8.38025856,187.1305169,3,27454.16842,24.32781219,12.40385437,4,293.9624939
16087,74.45092773,32.57580185,19.23759079,7.196192741,4.155622482,2697.685359,3,18178.49296,14.05058575,5.500930786,5,292.4794312
16088,194.4216309,23.06958389,17.48283005,8.750304222,5.44569397,4132.61909,3,9641.54305,29.65842628,8.013256073,2,107.1329956
16089,202.4955597,26.51021385,16.8688221,11.972332,6.881160259,712.1627207,3,4003.109121,33.61069107,10.95627308,10,154.2039795
16090,80.63802338,30.31869888,19.34558487,10.50479221,7.511034012,1427.803422,3,3284.794641,30.28491402,8.637671471,10,120.8157043
16091,194.6859131,28.20027924,15.0922575,8.52309227,4.623679161,1008.370143,3,11327.41008,28.35418892,7.941599369,4,256.6074829
16092,202.483017,28.16906166,17.61738586,9.276770592,5.151913166,2607.803069,3,5276.15288,24.69779015,8.333936691,4,204.1791077
16093,127.2796326,26.91271019,15.58128452,8.773358345,4.850364685,2006.085283,3,719.3465785,26.02557564,8.054214478,4,133.3864594
16094,21.86337852,46.01647186,18.81740952,9.367552757,4.520374775,4188.302564,1,13829.50434,17.10223961,6.016501427,4,248.9624939
16095,92.97568512,44.50299072,26.80074883,11.24865532,6.664574146,207.8947636,3,28890.82655,26.93801117,9.389736176,4,63.81188965
16096,181.5140991,38.36632538,28.80623055,12.70405388,8.620138168,525.3629659,1,5342.429218,37.30678177,12.36263561,10,67.64311218
16097,220.3965454,26.09122086,15.49265003,9.477807045,5.929328918,2557.167768,1,2320.956634,34.9447937,7.879081249,10,286.6992493
16098,152.9720612,26.7473259,12.95569706,12.5343523,6.54756546,990.7831609,3,9869.287367,35.98316193,9.825443268,4,54.3720932
16099,189.4593353,35.47154236,26.72836113,9.50475502,6.329972267,4881.634572,1,13707.51868,35.58781052,8.630720139,4,31.4011097
16100,153.1430206,25.39735031,15.75891495,7.122945786,4.209690571,1677.405394,3,9364.216927,20.33857346,7.320700645,4,66.58396912
16101,192.2016296,24.56508446,14.12986946,7.6004076,4.852288723,1838.19385,3,6193.311089,22.56074715,7.926290035,4,228.4200439
16102,145.9046631,34.79712677,20.76714897,8.071235657,4.440944195,1314.734544,3,31329.23562,22.99402809,7.288887501,4,79.7150116
16103,135.8030548,39.2058754,26.0771389,10.27039528,5.504200935,783.3801216,3,29907.43616,24.80764771,8.117758751,4,57.35771561
16104,45.85766983,65.38705444,21.4519825,11.62530041,5.937842846,76.82010855,3,27948.12861,22.06085968,8.068885803,4,37.09546661
16105,123.497139,28.8441391,17.12178612,12.83028793,8.075996399,1740.432342,1,3039.279182,37.51781464,9.231501579,10,251.7522888
16106,178.4589539,21.83992958,13.76809788,9.800772667,5.653730869,2418.843987,3,2440.517748,32.67325211,8.272420883,10,135
16107,61.27943802,25.67914772,17.13485527,10.46610832,7.564900398,4239.775082,1,5201.951098,33.11317825,9.550151825,4,88.65957642
16108,82.99359894,28.08412933,19.05109215,9.999228477,5.647181511,5720.455498,1,13324.18056,29.14967155,8.754700661,4,248.1249237
16109,126.7303314,48.83740997,27.5596714,8.722455025,4.59171772,1372.809964,3,6105.494908,25.27799797,7.391129017,4,323.8783569
16110,120.7721863,29.04591751,15.86595058,9.669057846,5.474356174,2713.061517,3,25.63957578,25.22620964,8.773851395,4,176.6335449
16111,51.09897614,38.79264832,25.39481163,8.299647331,5.230705738,54.91925831,3,29875.69469,19.02513123,8.042925835,4,259.980957
16112,149.0332642,22.00665855,11.07833958,7.578084469,4.565202713,2646.024747,3,19619.72125,22.76444054,6.372465134,5,293.4287109
16113,117.6093979,22.40102196,16.22563362,6.232262135,4.067184925,3103.482768,3,18876.64265,21.73883057,7.838968277,5,85.60129547
16114,15.00666904,43.28219986,19.46026421,3.198606491,1.876088381,33.46780331,3,14335.47749,5.157077789,2.379992962,2,261.8699036
16115,236.0779572,23.1601162,20.47161674,9.096045494,6.308283329,3112.856101,3,8713.434661,31.5086956,9.115128517,2,89.39691162
16116,62.98907089,25.31770897,15.97897243,6.57064867,3.903944492,1035.35008,3,6389.007702,23.0198555,5.172009945,2,60.25511932
16117,73.72971344,60.87665939,25.43957329,11.14202881,6.214941978,1004.435572,1,6274.786858,35.04492569,8.434063911,10,332.8778381
16118,153.3802795,22.95269775,16.16905975,8.630770683,5.536948681,3621.063697,1,5265.769003,33.58986664,8.625148773,4,242.4179688
16119,161.4697571,30.68881416,17.22452736,14.10896683,8.318105698,532.2420766,3,9879.160925,33.31454468,12.01248932,4,96.60723114
16120,59.61127472,31.85544205,17.79354286,13.1019249,8.642930984,201.6588481,3,8907.691929,28.64048386,14.74176025,4,267.8760071
16121,98.50190735,30.93631935,18.16965866,10.47728252,6.162050247,146.2910177,3,10204.09057,27.63812447,10.81277943,4,260.909729
16122,127.5062637,20.7057457,12.9162159,6.806270123,3.651241541,4584.38066,3,2775.015359,24.03816032,7.765990734,4,58.43103027
16123,15.68702698,27.6720047,9.10633564,5.635807991,3.029320002,515.1944196,3,2408.204789,19.96379471,3.342450857,4,11.00354004
16124,108.217598,23.11449242,12.77824593,6.174668789,3.203976631,3193.85712,3,29950.88172,21.95173836,5.563450336,4,296.8781433
16125,194.8847351,29.17388344,19.21377563,7.295443535,4.525648117,2660.231218,3,31833.2706,20.06138992,8.636964798,4,69.03223419
16126,230.4682007,32.69628143,24.32658005,7.211880207,4.480865479,2627.813592,3,31372.01562,20.62587929,7.32653141,4,297.8972778
16127,49.96079254,25.27057266,18.7386055,7.512299538,4.422418594,436.9721925,3,26237.59466,16.93021584,7.222055912,4,180
16128,114.2090759,51.87887955,29.23178291,9.044831276,5.700365543,5274.708839,1,10552.39867,31.01844025,7.915934086,2,29.05460358
16129,293.1356812,40.19939423,31.67143631,8.087416649,5.756661415,3358.208401,1,8942.346658,30.63649559,7.01515913,2,333.4349365
16130,167.9194183,21.61702347,14.04852676,8.835902214,5.199455738,3538.101812,1,4660.116806,30.38305473,7.363052368,4,86.24144745
16131,172.0881958,22.54897881,12.61499882,7.379083633,4.375191689,659.3082616,3,9695.35059,23.43021393,6.84962368,4,224.1815491
16132,52.92182159,33.75629044,25.51031113,13.38112831,7.904148579,4044.922553,1,13575.58054,32.33364105,11.87654877,4,72.59729767
16133,98.84487915,30.72097778,21.20415878,7.131170273,4.342383385,4119.864987,3,13055.67321,18.08597946,6.997503757,4,71.56504822
16134,128.8963776,31.9536171,18.12976837,8.989638329,5.147350788,5020.020266,1,14375.23536,23.6987133,7.593919277,4,308.829834
16135,166.7095795,34.99623108,18.72371292,9.917808533,6.14782095,5126.541283,3,14734.0191,25.71225548,8.437513351,4,250.9059601
16136,28.29662323,41.48553085,20.45084381,7.853270531,3.917137623,184.3474143,3,27601.84625,14.07730484,6.783809185,4,80.02104187
16137,183.1303406,25.36551476,20.60201073,8.657399178,5.093400478,2658.149365,1,8215.311556,30.64133835,7.008059502,2,60.80251312
16138,278.6968079,23.97577858,14.76297092,7.734604836,4.920755863,3126.537972,3,1312.133188,35.33401489,6.272620678,10,255.1290436
16139,192.4163818,32.98936081,26.17373085,10.16095161,5.967139244,6891.32295,8,12196.46357,30.28714752,8.858551979,2,328.6576538
16140,129.5879974,25.97238922,15.8736372,10.78744888,6.691341877,3747.177242,8,604.2472317,30.94124222,10.68729115,10,90.6095047
16141,137.6150055,26.81519508,16.2025528,9.955739021,5.70954752,5104.536239,1,12508.66133,29.90429688,8.771557808,4,205.6836548
16142,38.85645294,45.90991592,20.42139435,17.66875458,7.680109501,426.6736024,3,8743.938148,32.59220886,13.05106926,4,137.7263184
16143,34.78679657,25.80041122,17.83040237,8.217416763,2.884952068,6516.634244,3,20982.12439,21.02761078,8.863395691,4,277.1492004
16144,54.15576935,29.55126572,17.13180923,10.1281004,5.68800211,6263.35072,1,21231.31635,28.94081688,7.186382771,4,321.6642151
16145,76.30705261,25.46289253,17.45402908,7.948589325,5.162577629,2935.952551,3,34514.97447,23.33826256,6.652209282,4,90
16146,131.0107574,43.25139236,28.5776577,8.487212181,4.572319984,715.3670225,3,31288.68293,21.00983429,7.480950832,4,317.4199829
16147,114.4907608,43.70287323,29.29177094,8.086766243,4.984285831,3144.355016,3,18660.58071,22.28252411,8.07975769,5,56.88865662
16148,194.4511871,22.09264565,12.33506012,8.691048622,5.881707668,3351.966453,1,2360.168648,34.16558456,6.949376106,10,88.88655853
16149,27.99058914,34.34778976,18.97834969,8.794769287,4.605799675,313.912218,3,26406.17264,15.85989189,9.801478386,4,220.0302582
16150,128.1435699,21.62576866,14.2860899,6.547522068,4.106147766,3486.349012,3,19828.86676,20.30638695,8.004088402,5,197.9279175
16151,226.6545563,25.22913933,16.8576088,10.02253151,6.737647057,3210.785939,1,3045.962888,31.51795006,9.414260864,5,270
16152,168.5195465,24.90750885,16.24085426,9.385466576,5.360804558,3506.20145,3,5628.822452,29.76148415,7.132796764,4,149.8760376
16153,91.58583069,20.01596451,11.46611118,6.303304195,3.462432861,1753.193246,3,28704.28291,19.06651688,5.327051163,4,208.678894
16154,133.594574,27.70685959,16.63394547,8.128522873,4.872513294,3967.892478,3,33543.36238,24.57344246,7.644583225,4,103.7362671
16155,34.92991638,35.48947906,23.04309082,9.944820404,6.32241869,114.3162016,3,22898.19173,20.77681923,8.685739517,4,159.801651
16156,216.2890472,25.47538185,20.06374359,8.619898796,6.092255116,1867.750672,1,7241.363326,32.2195282,7.6842103,2,46.5343399
16157,137.8961639,31.68191528,17.61262512,9.691778183,5.039489269,4913.788515,3,3192.406136,24.45391083,7.331240177,4,187.8831482
16158,92.11653137,29.36304283,19.74620438,8.281398773,5.37250185,6260.027818,3,21185.01165,25.99691772,6.477388382,4,270.7497253
16159,175.7051086,47.31836319,30.87058449,8.591959,5.462399006,1715.459382,1,6906.99239,29.49337006,7.341285229,2,319.6741638
16160,92.543396,32.31057739,21.24384117,8.222914696,4.747466564,7132.690611,3,20340.42259,23.41484833,6.544302464,4,310.9143677
16161,73.92599487,38.70859909,24.28129578,8.273324013,4.415364742,322.3198689,3,27150.3736,17.9814682,7.662864685,4,51.4610672
16162,174.6253204,36.74753952,24.25370026,9.870565414,5.6980896,3521.652815,1,11178.81297,31.37234497,8.23606205,4,306.4391174
16163,168.429184,24.13212776,16.28615189,12.45384026,8.573764801,1767.534997,3,10703.65296,35.33520889,13.78317833,4,143.7657166
16164,55.7009964,28.09210396,20.02531433,8.276879311,4.829171658,2047.872366,3,28893.1008,20.7465477,6.955563068,4,165.3950958
16165,38.34965134,30.21236801,19.25878525,9.103860855,4.830735207,2481.185089,3,29331.37583,22.19007111,8.851682663,4,194.8379517
16166,96.83148956,34.94474411,18.90471458,7.781809807,4.323092461,481.5005749,3,28472.51728,19.08832169,6.138720512,4,72.65293884
16167,78.34677887,46.20354462,23.75893211,10.37876606,5.685776234,676.0169645,3,28375.35828,18.0496273,7.820208549,4,68.33404541
16168,27.77363586,35.63278961,22.69987297,5.774389744,3.327460289,22.92195692,3,26723.60013,12.48926735,7.640678883,4,34.08020401
16169,129.7078552,33.86569214,24.94219208,7.935099125,5.193240643,551.0794018,1,22935.4925,24.91951752,7.929740906,4,315
16170,114.6613235,21.88006401,14.89379597,5.957277298,3.632518291,1892.545453,3,16835.00753,18.92280197,5.95156908,5,57.03059769
16171,176.5296021,21.7921257,12.89336586,8.472637177,5.432114124,1765.267372,1,3062.406759,37.45990372,5.809610844,10,253.4689178
16172,191.7158661,26.75310707,17.05391693,8.096162796,4.805373669,6689.594121,3,15256.46305,24.54764366,7.499728203,4,256.8659668
16173,41.52716446,32.39810562,23.76554108,7.705000401,4.458790302,724.0009281,3,27874.23501,17.84704399,5.935142517,4,60.52701569
16174,45.57270432,32.97385406,25.23575401,13.22703171,7.94603157,669.4248078,3,27604.3682,26.32249832,11.36489773,4,256.4863586
16175,64.0956955,31.28882408,21.3795948,5.61563921,2.981379509,2535.334937,3,19928.35879,22.6609745,5.593196392,5,282.8477173
16176,89.27962494,30.38384819,18.68323135,6.529272556,3.518883228,3444.717823,3,20264.11248,16.81946373,5.832818508,5,81.30449677
16177,197.2179108,28.70459557,22.86996269,7.296738625,3.978771925,1998.014661,3,17302.50033,21.63530159,9.174031258,5,52.12501526
16178,181.3943634,37.02408981,24.50584412,10.55307674,6.143604755,6957.07844,8,11987.09919,24.26038361,4.154538155,2,35.53173065
16179,215.4205627,31.51848984,27.51116943,7.792640209,4.839004993,2672.435493,1,8118.241483,27.4195652,7.108346939,2,306.0273743
16180,213.9460602,25.16011047,15.21500397,9.806793213,5.105015278,2017.00872,1,2928.329081,36.92868805,8.119874001,10,261.8699036
16181,162.72435,27.08926392,17.58578491,9.378757477,5.648579121,3008.402223,1,6730.592552,28.20271111,9.520897865,4,237.4602356
16182,85.59918976,29.66629791,19.18655586,6.250621319,3.481225252,4689.199796,3,22655.8427,16.64856529,6.045434952,4,321.2479858
16183,62.67320633,23.99770355,17.59994507,6.797575474,4.285675049,258.0087237,3,23734.97293,17.50934601,9.828201294,4,190.5218658
16184,57.90634155,17.33294296,13.3402462,8.926459312,5.110737801,1290.600791,1,6593.819954,34.45942307,7.860597134,2,11.45875549
16185,194.1242065,24.87102699,16.02729797,8.531915665,5.067929745,2848.902022,1,6178.994196,26.1489296,8.521486282,4,93.70054626
16186,143.7793732,25.07645226,17.391119,9.049751282,5.525971413,3086.801099,1,5638.524529,30.18899536,8.81993103,4,272.2905884
16187,42.85673523,26.21461868,16.39369965,9.215776443,5.2159338,3443.693914,3,763.9536622,24.8091774,7.637942314,4,201.425293
16188,102.1363907,27.81095886,17.74254227,8.558241844,5.105264187,8358.580044,3,19202.53062,24.0701561,7.526413918,4,201.8014069
16189,137.678772,27.29012489,16.73249817,9.086286545,5.575102329,316.5714052,3,26705.04167,27.91612244,7.801895618,4,92.26817322
16190,126.2216187,25.22750092,16.01341438,8.261086464,5.058337688,1028.82843,3,26035.22196,23.72683525,7.233417511,4,176.5421906
16191,106.9288177,39.79512405,27.63904572,7.858222485,4.464626312,3624.274652,3,33998.53009,22.44818687,7.173693657,4,299.7251892
16192,116.8227539,33.13695526,22.32964516,9.457549095,5.774928093,3819.673284,3,33750.99893,24.78577805,8.19099617,4,66.30450439
16193,126.990921,32.9080162,21.21396255,12.47138119,7.812356949,515.6876979,1,15433.50411,38.96534348,10.29863358,4,307.7468262
16194,249.315979,19.34112358,11.31832504,9.415480614,5.804008484,3058.482551,8,682.3088115,34.10103607,6.951934814,10,169.1123505
16195,255.6621246,22.84389687,11.94593239,9.555617332,6.185805321,2964.707426,3,362.1261713,34.99014664,7.297675133,10,187.3057556
16196,230.7384186,21.84101295,14.4973793,8.114697456,4.297689915,2784.132029,3,8201.774446,29.11399269,7.789000034,4,119.957901
16197,94.0276413,35.94018173,24.17885017,9.333413124,5.675909519,4464.600457,3,1777.2978,23.81856537,7.866865635,4,57.87607574
16198,53.16551971,31.8839817,18.53960991,9.415160179,5.250670433,3750.54199,3,1071.104633,26.89941406,7.217127323,4,56.73932648
16199,208.8031769,42.08306122,27.99534798,9.325763702,5.278880596,1569.031612,3,2092.736389,25.24442863,8.064248085,4,305.5376587
16200,29.51125908,28.39274979,17.8792305,6.664829254,3.957033873,188.0488936,3,3598.928841,13.42297649,8.150652885,4,237.6498566
16201,58.32966614,47.88630676,27.82587814,8.875268936,5.087061405,2506.748774,3,29275.82615,24.67342949,6.885034561,4,332.3540344
16202,75.73523712,32.05682373,17.02690506,8.720365524,6.367143631,1402.958533,3,16338.51861,18.13552284,10.2403717,5,109.9164047
16203,113.6208267,29.05933762,18.7513752,9.309569359,6.561359406,5374.141559,1,13733.24563,34.53707504,7.042093754,4,49.87927246
16204,27.23070908,55.65648651,28.06793976,14.34882259,6.742277622,5803.038554,1,13441.28119,32.24184418,7.76159811,4,31.09222031
16205,46.87841034,30.06527519,20.2311821,9.087479591,4.691032887,5826.058744,1,13291.91987,27.29418945,7.842736244,4,234.6887817
16206,139.2221527,33.37576294,16.86600304,12.07394314,6.884109497,1293.132888,3,7923.574945,28.5756855,9.69659996,4,66.29188538
16207,43.10518265,39.31863785,22.43522263,14.51670361,8.826678276,370.5664352,3,8643.4832,28.38461304,10.67659092,4,292.0679016
16208,16.56585312,43.89027786,18.96899605,14.14702892,5.640367508,514.2348969,3,8509.420538,20.19000816,8.677667618,4,101.499649
16209,139.7676849,28.80194092,20.67692375,16.16741943,9.287747383,1146.554462,3,9809.705227,35.39311981,16.13508415,4,167.6609192
16210,145.0275879,31.25115395,22.63500214,9.349271774,6.90724802,2820.090963,1,11730.97295,30.69817924,8.513673782,4,310.872406
16211,91.75746918,55.86790848,28.82305527,9.114019394,5.810821533,8938.077244,1,18431.37842,28.03527641,7.896997452,4,26.39350891
16212,101.404686,31.68367767,17.83071518,6.586212635,3.568116903,2151.13393,3,24984.62361,19.21174812,7.95503664,4,70.82099152
16213,99.97913361,25.71450043,15.11213684,7.608319759,4.151734829,1921.290673,3,25241.11477,22.27662849,6.690394402,4,140.9315186
16214,81.75293732,25.70465469,16.61554909,7.842865944,4.290619373,935.447192,3,27963.45942,25.17684937,6.685299873,4,272.6225586
16215,36.56357193,31.55045891,21.3663311,9.110973358,5.522240162,144.9199134,3,23417.40361,19.94171524,8.591531754,4,135
16216,102.5340805,40.91738892,24.34230232,8.78502655,6.016689777,1761.94683,3,16701.8446,18.14850807,10.53679848,5,82.23483276
16217,95.6759491,32.91100311,20.14551544,13.52845478,7.620691776,1419.771749,3,16345.94599,33.38832855,14.21726704,5,74.74488068
16218,125.850174,27.77642632,18.4805603,10.65533733,6.867118359,1343.729078,3,16062.3683,29.80097008,12.40450668,4,260.9723816
16219,251.1899872,29.96673012,20.29571724,10.88689709,6.5962286,748.3777178,1,4143.837191,36.81666946,9.671169281,10,307.3190308
16220,173.4226227,29.20186996,20.62203598,10.10359097,5.98996067,5072.530454,1,12948.34023,32.30799484,8.509641647,4,85.97173309
16221,66.33812714,46.35894775,27.44535065,6.825086117,3.740240574,5202.711699,3,22096.66626,15.37524891,6.545209408,4,40.84035873
16222,94.29309082,28.13544273,17.33440399,9.189328194,5.640853882,438.8385164,3,27393.55857,22.20959854,7.800192356,4,247.7509766
16223,89.05019379,27.72497368,17.23538208,9.424408913,5.210859299,2208.203829,3,28954.77369,28.71245384,6.941493034,4,306.8583984
16224,14.87779808,52.18515778,22.73499298,5.753822327,3.887634039,81.28742722,3,26543.42085,9.493174553,5.258212566,4,33.3106308
16225,53.6925354,43.3016777,27.20768738,8.883350372,5.281748295,33.95459361,3,26406.66005,19.77431488,9.204961777,4,33.95906067
16226,118.6352844,37.03009033,30.44208717,7.080768585,3.869254589,867.0475465,1,22555.82843,21.93840408,6.34528923,2,22.06790161
16227,104.9593887,26.74036407,16.07399368,7.801190376,4.413383484,103.1366302,3,8900.190871,19.15907097,7.718362331,4,231.3908997
16228,169.072052,28.10695648,17.4615078,6.643564224,4.959035873,435.895452,3,9127.557216,17.87346077,8.852081299,4,225
16229,24.89047813,41.64126205,18.30368805,4.963690758,2.459109545,658.3358264,3,14253.45182,8.039790154,3.632315636,2,206.0296021
16230,238.3926544,19.82049561,14.65438843,8.833451271,6.591176033,1894.831926,3,6618.056072,29.85396194,10.46819115,10,120.4889374
16231,145.3927155,27.1469059,16.47330856,10.86211491,6.61396122,1038.947535,3,10450.96912,30.52057838,10.91040516,4,203.5056458
16232,105.5534592,49.20849228,29.34721184,10.90204144,6.786269665,2092.25692,3,891.2005657,28.22517776,8.974884987,4,312.1375732
16233,124.2029419,45.00937271,26.41474915,9.401992798,5.097128868,1807.655075,3,1390.699853,20.94301033,8.007496834,4,282.4773865
16234,51.92922211,25.72318268,15.19410324,6.433922291,3.176505327,671.4346874,3,8310.646829,22.94190979,6.354755878,4,121.7236023
16235,41.14481354,38.46337509,22.31730843,8.66690731,5.036468983,4545.550167,3,13783.87918,15.66934776,7.179313183,4,260.2886353
16236,142.7154083,33.57165146,28.02328491,8.1177845,5.04357338,9033.415979,3,17835.62938,25.46416473,7.220552444,4,324.3535461
16237,99.13747406,45.36698914,29.38919258,7.562870502,4.099969387,2811.292128,3,29409.56398,22.22831917,6.214015007,4,43.61964417
16238,167.5701752,38.38209915,23.94873619,8.296272278,5.029630661,1363.166291,3,15424.04834,19.68045235,8.841237068,2,78.53929138
16239,47.38710022,41.31855011,22.81888199,5.927279949,4.629999161,189.6835155,3,15164.72538,10.603508,7.197088718,2,63.43494797
16240,120.296196,32.19646454,17.95218658,7.316801548,4.371378422,1552.820803,3,14622.15481,12.04514694,6.350127697,2,164.1974792
16241,127.4612732,45.69140244,28.41643906,10.1835413,6.457867622,5275.647882,1,12897.35688,29.42249298,9.010437012,4,304.5756226
16242,107.3978729,42.98066711,28.63953018,7.433729172,4.263499737,631.471718,3,27145.54686,20.60433006,8.44591713,4,328.46521
16243,110.3638992,20.45022011,15.60265636,7.435806274,4.440228939,543.673234,3,24459.39785,20.74539757,8.860326767,4,183.0127869
16244,90.15894318,30.97023201,24.02324486,8.380524635,4.795975685,1053.424655,3,21457.74733,23.20422554,6.08863163,2,35.23822403
16245,120.5748901,20.20817375,16.39825821,7.730051041,4.978630543,2011.802433,3,20908.46727,27.43838692,7.139348984,5,241.5873413
16246,260.1030579,25.11478043,12.79591179,9.555040359,5.758215904,2336.598663,3,1368.815144,32.72724533,7.369928837,10,199.046814
16247,209.2155609,29.46666527,18.61608887,8.95836544,5.279818535,3979.171353,1,11785.31823,30.19897079,7.515356064,4,268.0579834
16248,113.8935547,27.54625702,17.13735962,8.708848953,5.30378294,4742.378259,3,3429.217832,24.91600609,7.344772816,4,85.3645401
16249,84.70135498,54.34488678,24.94237328,10.33934593,5.319548607,1025.694723,3,2121.262384,23.75069618,8.006601334,4,315
16250,43.01267242,26.60719681,9.881322861,5.202994347,2.781096697,304.1821684,3,9247.451731,17.72953415,4.43153286,4,266.3477783
16251,79.91796875,26.8664856,19.84199524,8.764192581,4.80418539,5077.812739,3,14105.5127,25.29851341,8.043943405,4,230.4839478
16252,153.021225,48.16869736,29.50352097,8.332594872,5.316532612,1977.293151,3,22219.98062,19.3764019,8.74450779,2,65.0952301
16253,94.79772186,24.89529991,14.23195362,8.559484482,4.460078716,3834.321116,3,19578.51228,23.84778595,8.72195816,5,160.0769348
16254,122.0068893,36.03929138,18.9841938,7.876754761,4.553133488,1591.604682,3,14849.40889,12.81896782,6.27727747,2,264.6826172
16255,207.4610138,28.57132912,17.38517761,7.594518185,4.901429653,1995.147382,3,14931.40621,6.067736149,1.733323097,2,227.3859406
16256,157.9522705,21.21536827,15.49379826,8.777921677,4.807779789,4987.754137,3,10474.43575,29.10339165,7.624630928,2,137.5171814
16257,209.7083893,43.29321671,31.49195671,8.787185669,5.458007813,1973.609374,1,7252.949592,31.42797279,8.1721735,2,331.8583984
16258,150.9295502,29.20582199,18.91466713,13.97973824,9.22237587,4.558659774,1,4657.960629,36.45039749,12.00332165,10,270
16259,146.72052,27.05360413,18.73119545,13.21663189,7.961534023,623.3852591,3,5273.959925,36.51716614,13.13754082,10,85.16772461
16260,186.6859131,28.66173553,18.87583351,9.123041153,5.412456512,1724.786845,3,1753.541014,25.33969498,8.441304207,4,80.79615784
16261,107.1122513,42.95137787,26.79605484,8.123894691,4.535910606,567.1243286,1,26490.09385,24.65106583,7.420300484,4,292.0112915
16262,119.5734177,42.12068939,28.84597588,8.21621418,5.364126205,297.850155,1,24986.8601,21.03138161,9.494227409,4,37.25965881
16263,65.61058807,34.19126129,16.73850632,8.608933449,4.583583832,952.4273292,3,15107.8656,18.23908997,6.641592979,2,130.4260864
16264,141.552597,19.14159203,14.93242168,7.685042381,4.668025494,5565.12744,3,10985.50801,28.36702919,5.769052982,2,124.4792175
16265,214.3034515,27.15448761,21.48057365,8.648200989,5.067984581,2689.489312,1,7793.671614,30.11605644,8.923213959,4,42.51044846
16266,151.1832275,47.90740204,29.18356705,11.02919292,5.713891506,5552.898662,1,13201.51996,33.15507507,8.333770752,4,322.2948303
16267,249.3868256,33.23316193,20.06016731,9.489700317,5.352737904,5206.438376,1,13018.84049,27.09442329,9.555194855,4,285.0013123
16268,147.1094055,42.41714478,27.3338356,10.39544392,6.121412277,5947.959156,1,13155.51428,30.11564636,7.745311737,4,53.03678894
16269,35.87625885,29.46532249,18.52181053,5.925136089,3.051245689,5288.311126,3,2600.485039,13.23124599,4.34068203,4,253.6104584
16270,33.1983223,31.27110481,22.01906586,13.49498463,6.319859028,361.8871761,3,8556.88774,25.63009453,12.61623001,4,218.5340729
16271,104.1700974,30.53859138,20.04752922,7.162660599,4.16964674,3334.516485,3,29930.31423,22.37701988,7.163911819,4,282.4259644
16272,56.33986664,39.22765732,20.55713654,7.05749321,4.447216988,754.617634,3,14693.99886,12.77666283,7.437770367,2,236.3099365
16273,159.8923645,55.39990997,27.45151329,9.293684959,5.030903339,3259.74511,1,12182.48847,31.81884193,7.030984402,4,59.6763916
16274,13.40702248,49.52615356,24.53426361,10.64186573,4.780549526,4590.668352,3,13541.8776,16.93747711,8.250094414,4,105.8333893
16275,132.6892395,25.44222069,14.46105099,7.269113541,4.162521839,3882.41064,3,23353.28189,20.94270897,7.59891367,4,110.7255554
16276,119.8684235,45.3119545,28.81191254,8.447443008,5.222141743,255.9252747,1,25808.81342,23.80937767,9.352903366,4,61.99988556
16277,268.7614136,23.42816544,15.75513363,9.365115166,6.142905235,2744.294065,1,11764.23693,35.18482971,8.091853142,4,291.2796021
16278,109.7120972,34.36416626,20.49773788,10.93771648,6.493937016,4647.817851,3,1936.799636,23.74905014,8.967565536,4,95.19442749
16279,61.93149567,29.44099236,22.10070229,10.99514008,6.696730137,3186.979829,3,491.1035428,24.65885353,9.687495232,4,176.9872131
16280,77.78408051,44.20126343,24.46300125,13.74529457,7.381224155,3471.867768,3,754.4557045,26.48845863,10.41681004,4,27.20401001
16281,38.59228134,25.54939461,19.99303246,8.047088623,4.911705494,113.2715007,3,3285.093755,18.23739433,8.481894493,4,79.50852203
16282,108.1473007,42.46121979,29.98606682,9.951043129,5.923688889,8854.740506,1,18665.74906,30.63943481,8.120092392,4,23.62937927
16283,153.8335571,26.88625526,22.37887192,7.49492836,4.561710358,8616.184452,3,18013.61767,24.13129044,8.869846344,4,310.7411499
16284,131.3516388,53.19678497,27.38205528,9.210992813,4.951092243,697.7342458,1,27055.2645,22.99721146,8.328025818,4,51.20032883
16285,118.2796249,21.08573914,14.55123234,7.606510162,4.388526917,2651.122015,3,20821.93132,26.71342468,7.273377895,5,223.8065033
16286,198.422348,24.12042427,12.97720337,9.706865311,5.994469166,2838.159345,3,2946.274792,32.53463745,7.999820709,5,207.1891785
16287,173.7542877,29.25421333,20.38222694,9.356987,5.589366913,2656.240619,1,3834.151942,29.93742943,9.144871712,5,66.53759003
16288,133.9823914,24.95786285,15.35208321,6.448901653,3.659978867,521.6099016,3,4151.012478,16.85473061,7.98414278,4,212.409317
16289,13.73435974,26.58553886,16.81016731,6.125708103,3.10703969,506.1847391,3,8381.361349,13.63318825,2.89013505,4,92.22589874
16290,74.18434906,34.44458771,22.27821159,8.641605377,5.108870983,658.2894887,3,27264.65733,22.88554955,7.473533154,4,69.82054138
16291,253.7895966,22.83884811,13.17731667,9.635582924,5.486084461,2954.509093,3,1516.369379,35.14591599,7.435022831,10,119.1047363
16292,186.2227478,24.34588432,13.91353035,8.758126259,5.252464294,2985.934469,3,4116.392642,28.63949203,7.678715706,5,147.2157135
16293,64.24939728,33.96171188,19.63610077,13.65594006,8.126507759,216.1378858,3,9824.902283,27.90908051,12.80086899,4,256.5654907
16294,186.112381,31.00521278,20.48753548,8.052820206,4.491913795,2153.764292,3,5861.785457,22.13717842,7.101336479,4,297.2842102
16295,64.56819916,26.81397629,17.10834503,7.982217312,3.990361214,5388.468217,3,2807.86021,21.1736908,7.038200378,4,110.3231354
16296,143.9933167,36.75000763,25.83859062,10.54461384,6.576134682,568.4169945,3,3097.5268,24.31347466,10.68342209,4,47.16107941
16297,86.80914307,24.64478302,16.4659996,5.762757778,3.465872765,4313.381947,3,12733.22376,17.6998558,4.623553753,4,80.15670776
16298,92.32537079,48.2175827,28.15837479,7.86873579,4.666493893,4648.447365,3,12728.75877,20.17413712,8.229808807,4,276.3744507
16299,79.86669159,47.44934082,28.26429558,12.10969162,7.022444248,5046.489547,1,13828.02952,30.66614723,9.473855019,4,20.21626282
16300,102.5465622,31.99620819,23.80674362,8.174136162,5.053889751,4966.033828,1,13139.1222,26.34967422,7.278637886,4,47.48955154
16301,231.9043579,19.73046494,12.16150284,6.571879387,4.418468475,2622.777028,3,361.6613094,34.38995361,5.228399277,10,244.8721771
16302,174.62323,29.18704987,16.23276711,9.651324272,5.361946583,1543.611379,3,7355.550426,27.87402916,9.854686737,4,71.09542847
16303,25.3660984,40.87731171,18.35526657,7.106981754,6.763772964,421.3727595,3,8326.00413,10.70049953,10.51702118,4,135
16304,89.07063293,30.3340168,19.28170013,10.85515213,7.971428871,2333.002866,1,11013.93372,28.27076721,11.08995724,4,318.1369324
16305,83.50083923,43.20193481,26.11863518,8.359789848,5.119991779,205.3261728,3,24224.59841,19.38283539,9.499533653,2,35.31121445
16306,68.57792664,35.56276703,25.67877197,6.803723335,3.867737055,1277.047514,3,22347.91579,18.14689064,6.83429718,2,262.9469604
16307,205.909256,18.86297798,12.05358696,8.720178604,5.575651169,2505.322333,3,1384.860554,34.591362,6.702851772,10,173.0727844
16308,121.8919601,28.58603477,15.95398521,7.852276325,4.408119202,4379.227409,3,22794.01694,20.68817902,7.996630192,4,150.592804
16309,63.79780579,26.34139633,16.44257164,7.843899727,4.138642311,1701.647208,3,28534.3707,19.10684013,6.563649654,4,190.8321075
16310,128.1712189,48.39234543,29.67933464,8.461649895,4.184138298,2010.925173,3,28532.47339,23.26575089,7.217833042,4,42.13759613
16311,73.90432739,30.98540306,25.22553635,10.34294891,6.0029006,131.9038255,1,23344.50662,28.03424263,9.056185722,4,328.9978638
16312,156.2436371,21.96946144,15.79653358,6.706513882,4.374704838,889.0354152,3,23663.25871,20.84079933,8.482580185,4,259.1596985
16313,114.803299,27.1593399,19.29408264,7.391989231,4.266294479,1689.668718,3,22252.93404,22.38216782,7.903003693,2,58.76787567
16314,79.69448853,30.16306114,19.7766037,11.12827492,5.897854805,73.79991137,3,9502.83144,27.46536827,11.96024704,4,88.42292023
16315,90.22258759,30.32069016,23.21470261,9.745695114,5.546719551,2960.533209,3,115.1007774,26.37541771,8.258219719,4,32.15229416
16316,63.86165619,26.49316406,19.86980629,5.487668991,3.155916452,4935.0711,3,22379.17741,16.97169685,5.994185448,4,267.3574524
16317,10.49588394,32.5506134,11.77423286,3.729118347,1.772137523,4552.563661,3,22719.48646,9.981647491,2.790078878,4,216.1433105
16318,36.4978714,37.20940781,30.32673645,9.507335663,6.372720242,2337.996994,3,33809.77855,26.06993675,8.193431854,4,13.92834473
16319,67.8469162,24.25025368,13.68034554,6.518834114,3.690476656,3835.189438,3,19521.148,20.45703316,5.797862053,5,225.954834
16320,58.36677933,48.47939301,26.1871357,7.814999104,3.981906652,3220.222136,3,18915.98159,17.46086121,6.38131094,5,306.1193237
16321,147.620285,25.15931129,14.97273064,8.077295303,5.086620808,897.2263946,3,5107.451118,21.26642799,10.10546207,4,206.9657135
16322,54.28553391,45.67329407,29.03783798,10.36676598,6.225588799,8228.571261,3,19261.30089,28.83543396,8.446867943,4,25.11483765
16323,116.7715988,31.62358665,16.63288879,8.627779007,4.232333183,2426.573301,3,10223.9573,22.3571434,7.233386517,4,149.867157
16324,27.97923088,25.93114853,22.80744743,10.7768631,6.738549232,1781.213709,3,10443.29004,23.8025074,9.893768311,4,163.1949768
16325,128.8541412,39.78814697,26.3137455,8.088758469,4.732819557,8088.22198,3,19295.30941,24.8022213,8.149770737,4,52.02839661
16326,203.183136,33.86748886,25.04860497,9.748929977,6.441000462,1181.887099,3,8749.726764,31.7373848,8.963486671,4,36.41677094
16327,318.3180542,26.18502045,17.44940186,10.27719402,6.396337986,3557.483591,3,11705.51019,30.93758392,9.870697975,4,222.6939392
16328,128.5681152,37.08965683,21.88211632,13.47274971,7.820408821,3932.319758,3,1109.141284,28.87648964,12.05747795,4,91.55875397
16329,94.85422516,34.72233963,21.39837265,9.069895744,4.971724987,2976.249496,3,1.357604651,21.37795258,8.062756538,4,70.27346802
16330,146.5231781,32.02413559,27.69765663,10.63247967,7.097873688,2607.330218,1,10835.41568,32.37311172,10.22265816,4,38.3106842
16331,127.433815,38.39650726,26.9474659,9.200639725,5.173965454,6061.642133,3,13804.4186,26.16349983,7.616693974,4,57.03059769
16332,93.42256927,46.93067932,30.35087585,8.397679329,5.350264072,6484.233189,3,20939.08688,24.46035194,7.574734211,4,125.1341934
16333,110.3523636,28.08329582,16.04385376,7.838659286,4.443835258,3060.426958,3,34356.346,22.15442276,7.501675606,4,138.4473877
16334,27.815485,50.81272507,24.84667397,6.798321247,3.793310165,1936.794184,1,21354.8985,15.87730885,5.237133026,5,75.46554565
16335,181.0326996,25.09030724,17.41163826,8.542474747,5.214560509,3177.248817,1,11548.74295,27.47170448,8.545953751,4,240.2125854
16336,203.1870575,38.83840179,27.51777458,8.79534626,5.434475899,6869.86802,3,14909.99079,24.71711731,8.630699158,4,90
16337,131.4887695,24.43585968,17.03106689,7.391243935,4.196288109,8623.571102,3,17597.70857,25.5376606,6.75407362,4,68.52302551
16338,30.50893211,29.05397415,15.96052742,6.348399639,3.569102764,999.5812213,3,28019.61068,19.34434319,3.965180635,4,119.3577576
16339,152.9010468,39.55653,29.00317383,7.527823925,3.936070681,2704.980031,3,22400.80081,19.66332436,9.061852455,2,49.77719879
16340,103.357872,34.4640007,23.24377441,11.44727612,6.140851021,4998.968834,1,10550.33469,32.45367432,8.865459442,2,25.9065094
16341,184.6666718,24.03977203,13.32887363,9.064141273,5.349330425,2820.591351,1,3075.108833,33.46364975,7.311087132,5,257.2796631
16342,53.83595657,24.97404099,13.21287346,8.59006691,4.809636593,1806.09533,3,6696.189019,23.89124107,5.853826046,4,222.3103638
16343,179.6650848,26.15163994,14.93544388,7.672734737,4.783316135,664.6263035,3,6950.680029,19.66381454,9.451922417,4,138.2704926
16344,109.2947464,33.77404785,21.00396919,8.195847511,4.793321609,1147.39533,3,25753.3347,23.35044098,7.629710674,4,51.81053162
16345,69.01016998,38.33019257,23.49882317,5.976777554,3.302224874,2201.500939,3,24839.58387,14.56988907,5.656016827,4,78.69006348
16346,59.82199097,28.65063095,20.99160957,11.75256443,6.87980938,1636.338623,1,28374.75942,28.97047234,8.129647255,4,321.5569458
16347,105.971962,31.04321671,19.09563255,8.57161808,5.130975723,1490.035505,3,28174.01828,24.69942093,7.330430984,4,297.4287415
16348,76.56919098,33.82174301,17.18829918,7.390271664,3.680947065,1064.031147,3,28840.34273,15.65604401,6.27820158,4,112.1663437
16349,63.12010956,28.63607788,22.24748993,8.487360954,5.176318169,1158.228565,3,27784.10966,23.73497391,8.997252464,4,260.073761
16350,163.8707733,23.55217934,18.07740211,7.672701359,4.706841469,6799.002388,8,12012.94217,24.41863823,3.733748198,2,19.0363884
16351,164.7164459,22.48820686,12.13026714,8.852359772,6.228512764,2679.869078,3,2170.026271,31.0664444,7.658531189,10,180.7639008
16352,141.3143463,26.59113693,14.45432377,7.717962742,4.268692017,963.0914196,3,6754.938068,18.82253456,5.804694176,4,180.5616455
16353,128.3984528,40.81529236,27.4820385,13.77345657,8.964788437,1403.853741,1,9780.852298,32.38055038,13.2535429,4,331.0587769
16354,101.8588715,27.37283325,16.81856155,9.539899826,5.16921854,7272.943863,3,20124.07681,24.39957428,7.827362061,4,228.1231537
16355,127.5814438,26.7745266,19.49175835,7.076776981,4.673949242,2385.833444,3,28910.39126,23.05208588,6.612112999,4,287.7648315
16356,73.02143097,26.24350357,14.13568211,5.326230049,2.903244019,5434.74593,3,31784.82361,15.18656158,6.660050392,4,215.2175903
16357,133.5869446,44.43518066,27.25560188,8.053208351,4.13506937,2699.190721,3,34253.55075,21.35850716,5.87144804,4,37.53636932
16358,58.85404205,36.25051117,24.82208061,8.885692596,4.998949528,1509.712082,3,28161.78477,17.38617325,7.238097191,4,58.14308167
16359,127.0621872,25.163311,15.7965517,7.162300587,4.100183487,3811.569338,3,19377.5241,20.47872734,6.472417355,5,233.3457642
16360,135.1580963,24.64585304,16.07492447,7.61815834,4.374943733,1928.14766,3,16180.71455,24.42619324,8.612172127,2,80.21759033
16361,209.5648804,26.52880859,17.89073944,9.486145973,5.892115116,3613.493158,3,1136.607078,30.7734642,9.092238426,10,90.8971405
16362,156.0517578,29.10220718,18.55733871,8.271431923,4.921307564,2325.118567,3,5908.837516,21.87056732,7.132215977,4,282.8231201
16363,123.2899323,29.49737167,18.67931938,9.281838417,4.87549448,3819.201144,3,4378.031822,24.51262856,8.129845619,4,130.5778503
16364,77.78665924,33.38308716,16.45908546,9.183329582,4.742835045,2045.6178,3,25040.6206,21.21707535,8.284273148,4,120.0685806
16365,53.5718689,25.87384033,18.8641777,7.670189381,5.026278019,631.4655457,3,27487.83285,19.94956779,6.78707695,4,199.3845215
16366,104.7173615,32.96499634,20.02405167,6.906319141,3.986093521,2225.889015,3,32368.35286,20.42662621,6.726697445,4,257.1405029
16367,121.3353348,52.49336624,28.04947281,8.609649658,4.93144846,1230.482588,3,9248.205484,20.59475327,7.374565125,4,52.72397614
16368,99.65558624,29.87392426,15.97449589,9.540757179,5.458790779,1422.887784,3,9314.550128,21.80500984,8.291422844,4,120.0964508
16369,39.45439529,30.70746803,18.27129173,11.04492855,5.768897057,98.24042247,3,7999.190928,20.67916489,8.426129341,4,172.0977173
16370,46.78337479,55.51708603,23.07331085,10.29034615,6.568707943,141.7254687,3,8100.134554,17.40788269,8.49241066,4,35.07375336
16371,60.3124733,28.20504951,18.55928421,9.369896889,5.907341957,304.1737822,3,7670.933924,23.5331974,9.128135681,4,250.9229431
16372,102.6303024,26.47551155,15.79685116,8.218309402,4.882589817,6584.085848,3,20741.60029,21.65444756,7.250497818,4,210.9637451
16373,109.0195465,25.20882607,19.36610985,5.926902294,3.988205194,2399.621046,3,22371.99156,17.93810844,6.364300728,2,54.28485107
16374,27.20103264,24.70012283,20.90691948,8.515167236,4.798277855,3314.583283,3,18557.18998,24.82373428,4.603675365,5,13.33924866
16375,114.7936325,30.67487907,16.98491096,8.853861809,5.15822649,2635.51854,3,17566.99512,24.05192566,11.04086876,5,165.6364746
16376,70.12110901,13.25631428,5.11408186,4.767751694,2.949851036,1425.369877,3,15755.59775,28.91174889,3.482244968,2,104.7035522
16377,282.2596436,22.03600311,15.49309731,8.47045517,4.705803394,5340.685722,3,10901.13839,28.22057343,7.077253342,2,86.90594482
16378,216.0882721,23.03520012,14.68409538,10.31420612,6.206855297,1632.841834,3,3093.94779,33.60965729,8.491930008,10,124.9457474
16379,31.62274933,34.73579788,19.31964302,11.29788208,6.162767887,38.02970922,3,7941.831786,20.42728806,8.890048027,4,93.81407166
16380,131.7812653,29.10773849,14.83266735,9.37536335,5.486511707,1498.952915,3,6350.758667,22.55921364,7.057439327,4,228.6522217
16381,129.3582611,28.33508492,18.01449585,11.92678165,8.256641388,723.5247916,3,7581.385198,31.48008156,11.97513771,4,121.3640747
16382,161.5109558,33.76269531,23.401968,8.520018578,6.43319416,2514.629101,1,10478.6541,22.23719597,11.01384068,4,308.9559021
16383,19.89478302,39.5897522,20.89223099,6.99593544,3.424355268,1076.919665,3,28167.27434,16.74828339,5.76536274,4,85.60326385
16384,14.97756577,56.59021759,21.88705826,8.23340416,4.344595432,1097.452502,3,28010.45904,14.81220055,6.749356747,4,110.7147675
16385,73.21986389,32.8626976,23.01349449,9.216300964,4.929133415,406.5813305,1,26555.26135,26.49082756,7.599177361,4,50.4638443
16386,86.91110992,34.21124268,22.96252441,8.525306702,4.723537922,601.9382777,1,26851.79777,25.93873405,7.00449419,4,312.9982605
16387,182.3589935,56.48993301,26.70372581,12.21165085,7.006966591,1589.849788,1,3395.49378,36.07301331,11.67658329,10,308.4606934
16388,185.2717896,15.38306046,9.398267746,6.27823925,3.910445452,5821.127062,1,11314.84774,33.16666031,4.674235821,2,29.08932877
16389,104.5875626,23.29289818,13.12756538,8.962962151,5.442395687,2590.984693,1,2021.405881,36.91854858,7.492690086,10,81.71664429
16390,88.08105469,27.5094738,17.21268272,8.047210693,4.511112213,1447.718319,3,28771.20122,19.62522507,7.61220789,4,113.5232086
16391,101.720192,18.20751381,12.36974716,9.915496826,5.911007404,6026.838756,3,11421.0788,30.3930397,7.421254158,2,92.79270172
16392,159.2135773,20.46491623,16.18602943,7.578932285,4.520982265,6214.413903,3,11638.81938,32.61751175,5.760373116,2,77.79953003
16393,264.8181458,28.01363564,14.4353447,10.078722,5.74489212,2685.304102,1,1250.258356,34.56666565,7.561470985,10,65.03916931
16394,121.182724,40.74026871,27.37910461,9.739855766,5.989645958,5350.54568,1,13417.61796,29.94157028,9.052681923,4,283.6816406
16395,105.7434769,26.24715996,16.06720734,7.334200382,5.382518291,3942.766828,3,30216.31337,18.52620888,6.230144024,4,131.7292175
16396,110.1725769,27.93451881,15.35038471,5.680389404,3.632971525,5392.464788,3,31663.73855,16.72881508,4.721975327,4,271.3322144
16397,68.37476349,35.84023285,27.68714905,10.3889513,5.853116035,1698.115509,3,28538.47243,24.1971035,9.421668053,4,326.5601196
16398,40.40819168,43.39924622,18.6601181,17.1770668,8.653214455,2554.41848,1,2241.88925,32.21691132,11.73372364,10,232.4314117
16399,108.9520874,23.46954727,13.63172817,8.667449951,5.780835629,2636.935278,3,2569.313522,32.58512115,7.107164383,5,207.7585449
16400,53.16584778,28.94672585,22.89009285,14.35365391,8.020653725,2453.897517,3,2263.92043,33.65047455,10.62357712,10,191.2863007
16401,159.3032837,22.70560837,17.68352509,7.937654018,5.195822239,8983.09376,3,17589.11744,25.63690567,7.464867592,4,98.80679321
16402,23.92009354,42.61925125,21.19850159,9.825756073,6.26595211,160.2192783,3,26959.19389,17.44983673,9.244675636,4,270
16403,101.5813065,36.24674225,26.26260948,9.192851067,5.426314354,662.4656023,1,27377.58887,25.90778732,7.490083218,4,326.6336365
16404,148.5635071,29.60847282,18.00560379,7.525250435,4.292136669,1587.021824,3,28093.68296,25.07667351,7.228588581,4,297.20401
16405,101.4083557,49.27482986,29.17478371,9.086589813,5.049525261,2430.548585,3,32745.67851,23.33630943,7.604659081,4,40.91438293
16406,208.7583008,19.50292397,12.38215637,8.803035736,5.164078712,2208.33696,3,1719.487893,32.48043823,7.114308834,10,167.5458679
16407,312.872467,24.55999947,14.9625988,9.930595398,5.394118309,2572.072303,3,913.2639793,32.670681,7.642736912,10,129.6607666
16408,263.7320251,39.34634399,26.18162537,10.63800812,6.268380165,3194.556787,1,11015.48924,31.51512146,10.03551388,4,294.04422
16409,121.5261993,39.67472839,27.77785683,10.25293827,5.824154854,4518.082661,3,1709.201436,25.47426033,8.281918526,4,306.3843384
16410,84.31584167,24.16829491,16.12654305,8.660886765,4.5671525,544.7531529,3,4468.554508,20.54246902,9.326992989,4,197.5198059
16411,210.9938049,22.82585907,16.47610855,9.61961937,6.149868011,2623.684014,3,3018.163214,31.71043396,7.762020588,5,196.9306183
16412,111.2031555,22.25961113,13.72059917,4.410049915,2.409176826,5591.717571,3,31719.32749,16.81128311,4.768373966,4,241.0908203
16413,145.6832581,35.9237442,26.19399452,7.341183186,4.740983009,4318.869832,3,33229.55704,21.98532867,7.289019108,4,52.12501526
16414,47.0769577,34.67918015,23.68898201,7.021395206,4.256448746,2308.898059,3,33092.15416,20.60593605,7.104689121,4,285.6900024
16415,75.37287903,24.26669121,13.76021194,6.642784119,3.826826811,2423.291054,3,33452.01613,19.42083549,5.479585171,4,119.8232117
16416,177.0167084,26.85758972,14.97183514,11.70247936,6.69848299,3736.014517,3,18691.08805,33.70143509,11.69151211,5,172.082489
16417,79.27877045,30.05381203,17.85866356,9.253883362,5.823498249,2146.252484,3,17104.77142,22.31263351,10.4461832,5,172.2348328
16418,218.5773315,27.51428223,15.54703426,10.82980251,6.711079597,1630.025003,1,2676.210996,36.86122131,9.255800247,10,248.5653992
16419,118.8944321,28.27500725,16.13495636,10.71437645,5.894295216,1828.669119,3,2094.284122,28.60208321,8.514077187,10,123.5282135
16420,150.4974365,26.07752419,16.73978996,12.85555935,7.660508156,518.0013297,3,8843.162483,34.40748978,11.82868195,4,142.6261597
16421,87.56356049,46.15297699,28.09755898,12.87050343,7.771224976,334.9359355,1,9427.598491,33.70420074,10.24856853,4,343.2406616
16422,19.85404587,41.29215622,16.0529232,12.11771202,5.337332249,306.7312197,3,9570.903911,20.645895,7.714757442,4,212.5604401
16423,216.5999756,43.53185272,27.41456985,9.90965271,5.405085564,1435.02857,1,10032.64475,28.78956223,8.929193497,4,304.1144714
16424,129.587616,32.13858032,17.01274681,10.64872646,5.996584892,2645.697552,3,10507.84642,28.62452888,8.968852043,4,69.34108734
16425,35.70559692,28.1813221,15.86028671,8.22381115,4.153359413,65.7319094,3,26757.54059,20.82701683,8.393346786,4,109.0107651
16426,10.6713686,50.8527565,18.05423737,7.985153198,3.64158535,1164.916731,3,28438.8367,10.91757298,4.631946087,4,55.30484772
16427,41.10116959,38.38370895,17.37714005,10.57113457,5.501976967,1492.517373,3,15850.98826,20.2387886,7.203965664,2,188.0367889
16428,51.20381165,37.39541626,18.53155708,8.173983574,4.653616905,852.887775,3,15650.19354,16.24785805,6.279960632,2,139.8990936
16429,178.8520813,30.20197105,20.80594826,9.111228943,5.300212383,1040.380717,1,9528.825323,29.0698204,8.534882545,4,311.10672
16430,139.6585541,35.54621124,22.97933769,10.7427454,6.200233459,2929.269942,3,10919.76307,29.15077591,9.064638138,4,69.98083496
16431,90.13444519,31.62367058,24.83754539,9.546310425,6.157847404,280.5290585,3,8431.226296,26.48310661,10.86308098,4,333.1455688
16432,131.2255249,24.74717522,18.66826439,7.385053635,4.574057102,1210.089049,3,9273.774714,20.82291031,7.706840038,4,280.3048401
16433,210.1106415,24.8004055,20.1908474,7.123922825,4.402916431,7851.07649,3,16351.13616,24.73775482,7.704873085,4,66.34578705
16434,99.34181976,27.46474075,15.52167225,7.553882122,4.427054405,5827.092777,3,21437.65497,21.6644783,6.998196602,4,221.2359619
16435,102.3154602,33.28227234,17.38274193,7.826327324,4.275993347,811.3757405,3,24659.49544,19.90556526,6.587718487,2,91.12373352
16436,53.43963623,50.23950195,25.91015625,10.92747784,5.991974354,757.2639601,3,15838.5873,18.2475853,8.663797379,2,54.54912949
16437,99.40061951,23.02956581,13.6207428,10.22071934,5.678060055,2450.974833,1,1888.964694,40.65328979,7.912034512,10,97.87630463
16438,88.35917664,25.49404526,18.20148087,10.9135952,7.190027714,2618.29524,3,4471.672776,33.03590775,9.951455116,4,98.61564636
16439,102.4890289,28.83346939,17.05457878,12.38155842,7.244419575,2837.308859,1,4860.351417,35.46484375,9.774368286,4,241.0735779
16440,145.6850891,42.46242905,27.23947334,11.05753803,6.467284203,276.777884,3,3655.125127,27.15408516,10.27632141,4,31.17435837
16441,105.8815002,33.05597305,20.1586628,9.048558235,5.075775146,2935.937765,3,17871.05319,22.58285522,11.27165985,5,67.83365631
16442,24.47080421,31.59710121,19.11950111,5.220365047,3.765410423,29.073559,3,15602.17046,8.204640388,5.827178955,2,71.56504822
16443,42.29480743,41.42859268,19.34363174,7.474497795,4.615670681,736.1496599,3,15194.18289,11.88967514,6.65292263,2,233.1300964
16444,197.1912079,44.84550858,28.06710815,9.781997681,5.292896271,4434.222964,1,12302.45421,27.56193733,8.194182396,4,46.1457634
16445,120.700119,43.12792969,27.56638527,9.290834427,5.231114388,2034.782747,3,1151.617443,23.46393776,7.341364384,4,36.11156082
16446,94.39486694,27.88611412,17.7341938,11.12461472,6.318147659,2580.595443,3,533.4364655,25.39957809,10.68811703,4,279.6375427
16447,75.41033173,30.20006752,18.63990974,6.672270775,4.024594784,3496.129903,3,20836.1245,17.65052032,6.500009537,5,272.1641235
16448,148.3052521,24.35403633,15.79100418,10.62671852,6.321028709,4277.381336,3,19567.47558,31.55870056,9.625023842,5,184.6582642
16449,216.8286285,21.06458664,14.17798615,9.097535133,5.730142117,1338.884363,3,3459.976671,28.89285469,7.772740841,10,162.6459656
16450,59.61363983,44.59030914,22.2155323,4.84635067,4.316806793,208.9543385,3,7867.251413,7.461287498,8.019704819,4,293.1986084
16451,96.45405579,25.84945488,14.93349838,9.386639595,5.911375523,298.6331499,3,26397.69593,27.41758728,7.704499722,4,106.2940521
16452,98.24049377,26.97930908,19.13203049,9.33686161,5.920962334,152.9166017,1,26784.00203,29.27815819,9.369921684,4,277.125
16453,75.1508255,23.20813942,16.71162605,7.865061283,5.950932503,4272.59246,3,30574.04426,24.71526527,7.885536194,4,144.1623535
16454,39.19210815,30.28038979,18.18584824,8.607627869,5.605289936,4655.832598,3,30878.05527,24.61960602,6.01872015,4,259.7348633
16455,37.53438187,47.49625397,26.14001656,7.501966,3.683179855,2548.646506,3,21470.82965,14.2352953,5.29091692,5,37.09283829
16456,71.94510651,54.95098877,26.84201622,8.761321068,4.94925499,3583.580845,3,21296.45196,16.94572639,7.419608593,5,33.40782547
16457,93.5191803,29.84510422,18.24847984,10.31846142,5.985913754,51.31580829,3,8167.377799,24.12387848,10.38020611,4,78.36427307
16458,148.0559998,24.59159279,15.48425007,9.08231926,5.270623684,723.4197197,3,7423.557692,25.45724297,8.835645676,4,236.5601349
16459,120.4321594,28.18240738,15.11083698,9.579385757,5.389447689,4169.236948,3,4059.797327,27.21199989,7.665611267,4,225
16460,199.5603027,24.55859947,16.10009003,12.25200367,8.358801842,177.1069075,3,5122.60444,39.27158737,12.14260769,10,239.118927
16461,61.01062393,28.39548111,21.55506897,13.4399662,9.691329956,2322.532351,1,2066.425892,41.6214447,10.9588728,10,31.59412384
16462,168.573822,27.035429,15.02488327,11.2891016,6.540250301,1963.491411,1,1847.132022,38.47261429,8.783304214,10,65.64698792
16463,154.2410126,33.64712906,21.10242081,12.37758732,10.27361488,3883.10751,1,11878.90279,27.09553337,16.36407852,4,250.6635437
16464,78.35783386,31.97924042,19.98750114,7.575591564,3.579973936,1288.274672,3,29060.8604,19.11471367,8.310196877,4,51.42874908
16465,123.5681381,24.11252975,18.19928551,6.807363987,3.790193081,1918.128958,1,7156.392823,31.4318676,5.417504787,2,29.99328041
16466,116.6245422,51.97532272,28.37204742,11.55267143,6.010175228,2208.81572,1,1805.356951,37.30775833,7.234445572,10,19.04122925
16467,110.246582,29.85115051,18.78923798,11.20149422,5.889864445,2198.973673,1,2395.318055,34.81697845,10.19383144,10,231.5198059
16468,224.3294678,21.85829926,13.1369257,9.914707184,5.572726727,1579.378057,3,8021.492905,33.74823761,8.445741653,4,138.2158813
16469,114.2485123,35.1973877,23.99406433,8.466603279,5.049345016,4522.93367,3,22538.91082,22.16326332,7.019366264,4,58.17255402
16470,103.2374649,27.34478378,15.21690941,7.765202522,4.659137249,2949.394069,3,24000.64795,21.2557888,8.030472755,4,211.7917938
16471,153.2722321,23.18357277,13.35823059,9.172128677,4.926912785,2682.5935,3,7219.271554,27.65029526,7.660363197,4,144.926239
16472,112.7854462,42.46524429,27.77018929,11.85469246,5.931574821,3733.781326,3,846.455147,29.57884598,9.335936546,4,317.7427063
16473,117.8610306,26.42089844,14.61163807,7.421236515,4.175564766,1098.21636,3,5842.736654,17.2775898,7.372634411,4,182.664444
16474,103.5227356,24.00322533,15.80962181,5.94195652,3.195942163,3723.564999,3,29828.32589,16.31356049,5.654674053,4,178.4925537
16475,69.51971436,21.98420715,11.02026176,5.341788292,2.857181072,5526.420368,3,32016.30455,19.689291,4.824565887,4,263.2901611
16476,14.64082623,35.71658325,21.27893829,5.207029343,2.780127287,2895.410849,3,21444.88898,10.93372345,4.218420506,5,42.33699799
16477,193.2622528,21.36687088,12.20413494,9.309206963,5.581894875,896.4704248,3,3853.976473,30.28340149,7.410863876,10,106.8937302
16478,202.8916321,26.98531723,20.24016953,9.767941475,6.033601284,1976.739042,1,1103.527719,34.59742737,7.628257751,10,41.84496307
16479,164.8861694,29.0802803,15.95293331,9.71084404,5.418709755,2034.599035,3,6107.359132,24.09664154,8.559140205,4,174.4492798
16480,117.3249664,23.73513412,14.23008156,9.927330971,5.589596272,4380.179995,3,3837.27903,27.62007904,8.546979904,4,182.526123
16481,118.7898331,34.858078,15.71641159,7.808109283,3.916206598,2481.26944,3,24278.71885,19.13003349,5.832678318,4,160.9372406
16482,101.6739807,24.9681263,15.71394253,5.791259766,3.518547058,3521.149731,3,29514.68025,16.46463013,5.622380733,4,95.74246216
16483,54.64799118,44.04398727,17.68445969,20.68907928,10.42715168,2040.55747,3,16906.55143,36.59311295,16.31653214,5,135
16484,61.72948456,37.0108757,21.72188187,8.221190453,5.157034397,2451.271071,3,16963.23899,17.92391777,9.876790047,4,255.7841492
16485,205.8222504,20.35561752,13.29853439,8.979263306,5.267846107,6592.166827,3,12121.99919,30.20685196,7.165603638,2,157.5035248
16486,164.9927063,22.33475494,13.81190205,8.795460701,5.208993435,2008.063556,3,5298.527833,28.93623161,9.784720421,4,109.6284409
16487,100.4148254,29.50179672,19.31643867,9.390140533,5.822005749,2871.062816,3,481.4971881,25.38140106,10.77256012,4,271.9014282
16488,88.14517212,23.92055511,15.36285114,6.186979294,3.625425577,5762.605312,3,31869.04344,16.95295715,6.458921909,4,154.5731201
16489,127.4835968,26.34606552,16.8573761,7.465166092,3.858328342,1952.689162,3,30134.99286,21.54198837,7.285083294,4,110.3128281
16490,129.6108856,32.97222519,21.0442524,10.65910435,6.738342762,4352.46493,3,1178.254917,24.65490723,10.74810219,4,98.42697144
16491,151.3162689,51.49240112,24.48177147,15.91244507,12.9442873,3776.493643,3,11607.48915,28.18647194,18.24738312,4,176.3942413
16492,269.5943909,28.15124893,16.53896332,9.177205086,5.741706371,2452.391766,3,571.3942429,31.41421127,8.411685944,10,55.64921951
16493,122.2214279,44.94095612,28.79234695,8.830433846,5.488554478,307.7749894,3,4053.163124,25.69634247,8.969249725,4,321.8182373
16494,155.1090851,38.86522675,26.44071388,11.01655579,7.998635769,3300.015533,3,10777.57552,28.41736984,13.58051682,4,48.55397797
16495,157.623642,26.08839035,19.2321949,6.960937023,4.156514645,3456.701742,3,33209.54921,20.02908325,8.033898354,4,291.680542
16496,47.57526016,27.37862587,14.92040634,8.003998756,4.517385006,2703.534484,3,33659.86895,16.8489666,5.564312935,4,132.2006683
16497,98.86811066,29.03814888,17.62054062,8.378616333,4.799845219,1350.575118,3,25753.01916,20.92317772,7.297959328,4,162.6459656
16498,68.76193237,28.45885658,17.5281086,5.397352695,3.556162119,2978.176423,3,22136.71895,13.60584545,4.703264713,2,57.80426788
16499,27.49329185,35.26401901,23.21144295,7.407558441,3.664877892,3109.817587,3,21366.86345,16.56715965,6.286565781,5,299.5812683
16500,261.0116882,21.60509491,14.64868927,8.721190453,5.497241974,3257.604692,3,8407.807244,30.28082848,8.314040184,2,145.4914856
16501,201.144516,24.46153831,21.65568733,9.923074722,7.32915926,1617.229076,1,6298.366559,36.99319839,9.51700592,10,297.1946411
16502,252.7642517,22.68625641,16.22263908,10.94731998,7.431951523,1030.425286,3,5950.106546,36.71756363,10.33898544,10,64.39093018
16503,125.1573868,28.77157974,15.25337505,10.19169807,5.426479816,2695.295463,3,10618.41807,26.04760551,8.107216835,4,147.745285
16504,62.87401581,31.03642845,19.19960213,6.566625595,4.039357662,5231.351616,3,21765.6976,15.19922256,7.298071384,4,210.9637451
16505,146.2885284,40.45145416,28.91607285,7.156598568,4.001070499,3640.847765,3,33655.14424,19.16179276,8.268706322,4,33.00310135
16506,165.4234619,26.92910957,15.29789734,13.50367165,7.638738155,3141.349217,3,18071.36709,38.02965927,11.82569981,5,125.4483643
16507,119.0279617,35.30376053,23.97351074,9.533482552,5.576314926,1961.600956,3,16693.74518,23.52313042,10.03506851,2,77.38067627
16508,75.29645538,37.42030334,22.41353607,10.21371746,5.451131821,3294.179115,3,11.83522676,23.5339222,8.381375313,4,45
16509,128.0227509,25.99106216,16.06066132,8.448444366,5.123762608,1331.924039,3,25379.56119,23.48815346,7.35518837,4,137.2258453
16510,97.24223328,27.86931992,16.3516674,8.357049942,5.189208031,2177.94249,3,24445.31677,23.19735909,7.512294292,4,240.5241089
16511,90.00284576,21.71629524,15.24984837,5.120731831,3.155598879,5345.728855,3,32427.17249,15.36431599,5.187703133,4,278.5691528
16512,155.8083801,34.59605789,28.7357769,6.799523354,3.887349129,3178.316414,3,22620.30107,21.02621269,9.053717613,2,36.17606354
16513,88.65129852,29.25977325,18.03376389,8.148513794,5.102409363,4121.75527,3,19646.40393,19.82501602,7.751380444,5,254.6498566
16514,59.3940239,42.71866989,21.1827774,16.67224121,8.55130291,2125.371441,1,16933.18532,34.28424072,11.67353535,5,304.6159668
16515,265.6335144,16.94354057,11.98217106,8.315350533,5.836190224,461.521544,3,4537.227738,35.57766342,8.355758667,10,194.5137787
16516,216.8853912,19.92704964,10.50496387,6.417098999,3.822058916,2774.244412,3,668.5083834,34.5995636,4.638624668,10,220.7636108
16517,93.6122818,30.13437462,18.44117355,10.08668995,6.10359621,2883.995049,3,5342.135682,27.12672043,8.640642166,4,130.7858276
16518,85.06129456,26.63038826,18.31492233,10.09640694,5.607490063,4821.478486,3,3394.466564,27.90315056,7.963766098,4,145.1246643
16519,45.41282272,29.51475906,18.73966599,10.05892086,5.713977814,4636.995658,3,30679.86957,19.97709846,7.978383541,4,266.8778687
16520,66.57046509,30.12163353,18.77562523,7.911755562,4.546302795,1327.506624,3,27560.50433,21.40294838,7.500143528,4,241.0735779
16521,179.2625885,17.6074276,12.43153572,7.771654129,5.479303837,6137.835191,3,11706.00033,31.15646935,6.573135376,2,122.7521362
16522,414.8081665,21.89608192,12.95539761,9.454339981,5.226748943,1302.665228,3,939.6065153,35.90827179,7.73042202,10,156.7407837
16523,139.7298737,34.37005234,20.20461464,13.60029793,7.534627438,59.63208004,1,9044.227248,31.75263596,13.39122391,4,305.7487793
16524,114.5390015,37.66214371,27.90611839,9.878965378,5.626117706,615.3643723,1,9318.911399,28.23420525,9.144197464,4,29.54798889
16525,116.4541626,39.77113342,27.79581261,7.429865837,4.690619946,7930.800786,3,19246.21247,23.86275101,7.921458244,4,312.3053589
16526,40.94145966,54.82714844,27.62923431,7.031119347,3.728274107,7176.679636,3,20097.70371,19.12203979,7.914355755,4,52.5976944
16527,30.15295982,35.90540695,21.67722702,5.434597969,2.671914816,3184.833909,3,21792.39847,11.02890682,3.886147976,5,48.17982864
16528,181.7127991,31.35666847,23.18498802,9.147773743,5.597293377,3289.826698,1,18241.23822,28.28583145,9.915498734,5,312.5633545
16529,50.50832748,42.01129913,19.11511993,9.163449287,4.836797714,909.0553763,3,16166.11997,16.9867878,6.530226231,2,134.2042847
16530,9.11477375,34.79885864,20.14684486,4.70612812,3.299347162,345.582972,3,15701.15593,6.188088894,4.520708561,2,246.1787262
16531,25.61684799,50.29347229,24.12280464,5.920217037,3.602092981,1.863018472,3,16015.67998,9.988643646,5.313441753,2,63.43494797
16532,333.0498962,21.42669106,13.33424759,8.305438042,5.50122118,1391.437583,3,678.9752652,36.43407059,6.629129887,10,200.9168091
16533,143.7451324,27.19967461,15.88885307,9.067809105,5.607573986,995.0650989,3,6485.762913,24.58312607,9.489962578,4,135
16534,111.6087952,41.56678772,29.26128387,10.05680275,5.768787384,1227.993737,3,27773.40605,27.02589607,7.950642586,4,23.83302689
16535,23.95319748,34.00380707,16.85072327,6.6900177,3.911189556,187.0325856,3,15877.96878,14.74254227,5.8848176,2,116.5650482
16536,12.28974628,58.57487869,23.33422089,9.049431801,4.962673664,92.578107,3,15940.53478,12.04103184,7.244927883,2,319.2891541
16537,150.8943787,27.13861656,17.98211098,10.93544769,6.295229435,2101.651243,3,4125.769672,30.721838,9.725230217,4,116.5650482
16538,46.49087906,34.85099411,16.13183022,8.183831215,3.312003851,5030.15801,3,31095.32911,18.06287003,6.082118511,4,315
16539,113.0503082,22.85822296,13.27623558,5.913654804,3.424220324,5340.372467,3,31260.80295,17.42855072,5.581988335,4,226.789917
16540,106.0214005,54.52807236,26.83436394,8.200217247,4.786519527,1673.571774,3,27836.83753,21.10363197,8.201768875,4,310.5328369
16541,172.0104828,33.88281631,27.29725456,9.618367195,6.126530647,2739.14347,3,17701.28235,31.1478157,9.246462822,5,30.83311462
16542,194.2802124,32.75866699,21.15967751,11.1490612,6.495742798,3345.945428,3,18249.91388,28.18573952,11.17289448,5,90.50702667
16543,186.3197021,21.69848633,15.44583988,7.82245636,5.233253956,4563.02932,1,10151.0215,33.05190277,6.817974091,2,297.938385
16544,167.5156555,25.10889816,16.59173965,8.934073448,5.724509716,2244.009354,1,2911.66664,32.36094666,8.351896286,5,285.6967163
16545,160.4487762,24.38148689,14.59641171,9.393145561,5.384880543,2055.068647,1,3566.114107,28.20966148,8.003930092,5,133.1643066
16546,77.88613892,36.60439301,24.86964989,7.512490749,4.16983223,5271.50527,3,2933.368769,20.96215439,7.513669014,4,312.3383789
16547,184.0779572,28.57781982,18.87343216,8.352129936,4.733568192,7071.697333,3,14207.37244,20.13775063,8.643910408,4,220.9787903
16548,68.63246918,26.97887421,16.77386284,7.334132671,3.952907801,4019.275255,3,33758.15465,18.12784004,7.716266632,4,149.2122498
16549,93.07915497,29.64343071,24.50112152,8.441625595,5.354964256,2513.004285,3,29360.62668,25.31626511,8.098409653,4,302.0619507
16550,133.8480225,47.57609177,28.18637657,8.274679184,5.235406876,2358.244689,3,30217.13987,20.07900047,7.811956406,4,26.56505203
16551,177.5783234,16.85562134,11.05276871,8.335950851,5.394125462,5652.31073,3,11223.73411,29.0526886,7.402369976,2,118.1785889
16552,205.2050629,30.76329613,27.05706406,8.076448441,5.128373146,5482.528945,1,11083.67059,31.04373932,6.31731081,2,31.4520607
16553,113.1463013,25.55091286,15.51801777,11.22773933,5.854619026,1894.869233,3,1533.040195,35.22610092,8.51282692,10,161.84729
16554,275.7086487,21.67011261,13.26257801,7.958315372,4.24338913,1906.585561,1,1069.269187,34.12004471,6.825522423,10,263.0952148
16555,384.8482361,21.61969376,13.25416946,9.439267159,5.291110992,1599.319922,3,111.9497915,33.23104477,7.484240055,10,171.0273743
16556,38.48440552,29.13387299,16.63474655,9.122003555,5.173701763,6676.682598,3,20572.79245,21.06983185,7.507751465,4,220.4610901
16557,122.9487915,30.2400341,18.68057442,10.46644497,5.203692436,766.1081137,3,27220.11279,26.79327011,7.660485268,4,224.3969116
16558,84.67610168,59.67287064,24.22559929,10.98834515,5.556852818,3433.218553,3,34467.99541,23.37029457,8.33795929,4,36.44621277
16559,26.75506401,62.45304871,24.77496719,10.5941267,5.186239243,2778.474825,3,33576.3991,19.02420044,10.11551285,4,330.1095581
16560,41.6505127,31.73563766,21.96034241,9.677091599,4.930482864,3052.826852,3,33803.02796,24.40363884,7.769898891,4,295.0962524
16561,65.97888184,30.25284767,20.39017105,6.719049931,4.079053879,4503.528602,3,20586.14279,16.63632965,5.947476387,5,76.83244324
16562,55.69508743,29.00577164,18.49004173,10.30749798,6.103025436,4599.706601,3,20168.40255,23.29908371,9.157636642,5,229.5170898
16563,265.7326965,29.75499535,18.15822029,12.86100483,7.649176121,1023.619768,3,1397.736602,35.97465134,11.97095871,10,100.326767
16564,173.0547791,28.56164742,16.85787201,10.93665028,6.267720699,5573.848365,1,12239.77929,29.2856884,10.19997978,4,186.7775726
16565,101.5582428,34.15014648,17.51960182,8.805387497,4.717141151,5879.513059,3,21344.3394,21.84581947,8.578522682,4,294.5518494
16566,170.7436218,42.73317719,28.4779644,8.120207787,4.491479874,2880.274962,3,29200.37592,20.12920952,8.623148918,4,305.6616211
16567,45.90694046,40.93994904,25.28788376,10.26629734,6.506568432,3325.861181,3,21560.96257,23.12487411,9.030442238,5,295.6651917
16568,35.35088348,55.67801666,23.06149292,6.08984375,3.963262081,2866.52243,3,17438.52975,10.30714798,5.642427921,5,59.03624344
16569,68.70281982,39.84974289,23.33105087,14.87937927,7.686661243,2752.488417,3,17491.05389,29.31731224,13.53476143,5,278.8356018
16570,185.7913361,20.89679909,12.91248703,8.690724373,5.116625786,6923.863491,3,12462.57267,28.93951607,5.535371304,2,81.31364441
16571,228.0957642,24.84436226,16.91346169,10.6139307,6.590674877,1229.59207,1,1935.36556,38.14373779,9.696208954,10,246.6395874
16572,220.9832001,24.55898857,14.67956257,8.763360023,5.179193974,1993.200607,1,4626.170151,31.31149101,9.601920128,4,255.6689301
16573,122.235405,45.69813538,29.47829819,9.688885689,5.245656013,2211.661459,1,10219.36389,24.88784027,9.40764904,4,30.71890259
16574,114.4050064,32.91335678,19.61714172,8.197790146,4.498276234,1620.313254,3,27232.0424,19.6883812,7.540318012,4,93.63034058
16575,144.6389008,23.10644722,15.87767887,6.152482033,3.647955179,2095.943173,3,16580.35661,21.40711403,8.083189011,2,73.9509964
16576,116.308609,23.30459976,13.21882629,9.56848526,5.068530083,2772.054777,3,6960.941326,26.13366127,7.695011616,4,100.1530838
16577,133.2772827,30.02984238,17.79621315,7.52541399,5.493167877,238.4638993,3,7971.00632,20.06834221,11.01004601,4,266.1859131
16578,61.29137421,28.94914436,21.47047806,7.066698074,5.599747658,28.04205843,3,7323.201277,15.75712299,7.523222446,4,282.0947571
16579,139.4163818,38.83592224,29.21440315,8.515237808,4.773492336,1364.459921,3,31055.11751,25.12580109,8.303887367,4,320.4403381
16580,164.6437531,21.77916145,14.77269936,6.737350941,3.998655558,1587.467356,3,23683.75108,21.18147278,8.243442535,2,245.7722473
16581,239.74086,28.88128471,22.94289207,7.970334053,5.140509129,5216.596671,3,10781.19468,31.22362709,8.35016346,2,273.1603394
16582,259.9046021,20.15352249,11.56247902,8.477523804,4.839950085,1383.963361,3,297.0862176,35.05052948,6.593825817,10,148.8286438
16583,193.1252747,24.10121346,15.90913773,9.529240608,6.120638371,122.903339,3,8353.031753,29.99994659,10.80394363,4,274.2363892
16584,107.1805725,28.88010597,15.60267925,12.29458332,7.387996197,3084.610002,3,5137.173027,27.86517143,9.709496498,4,234.5337677
16585,102.7256775,33.46751404,23.26908684,9.291966438,5.16298151,864.8611601,3,8595.72706,28.30267715,8.263174057,4,58.46718597
16586,63.13154984,45.01828384,28.26730156,10.50538349,5.595616341,1603.084198,3,24350.52361,25.29830742,8.416258812,2,41.30840683
16587,40.05242538,36.47119904,18.51771164,4.5145154,3.367243528,737.6381808,3,15784.02203,6.442713737,4.989997864,2,240.0684814
16588,175.0161438,26.79146957,19.03733635,8.633325577,5.221353054,877.5245758,3,7855.83843,25.51244164,10.36026669,4,77.45547485
16589,123.3784714,43.85865402,27.37182045,8.292171478,4.722977161,6385.906856,3,20824.12578,21.07889938,8.632480621,4,234.2980957
16590,117.6224899,26.80931282,14.90698338,7.106644154,4.358652592,2830.048877,3,28728.0436,19.2902832,7.460823059,4,145.8971863
16591,49.36130524,31.61363029,21.19036484,9.380163193,5.552387714,1573.561525,3,24672.23219,22.19155693,8.511407852,2,294.7946777
16592,68.18256378,44.17127228,22.97327232,8.749791145,5.536487579,1169.881907,3,16623.24202,18.87647438,6.859878063,2,56.57600403
16593,120.6401291,20.30023193,13.7360239,8.336681366,5.044737339,2628.049966,3,6832.260096,25.79632187,6.89775753,4,118.8378754
16594,112.7497025,27.5684967,15.59786224,7.346966267,4.574014664,2571.814925,3,28320.1208,18.25868607,6.825383663,4,196.8050232
16595,125.7649612,31.3862133,23.1485405,7.491982937,4.199499607,2645.310032,3,29098.96717,21.81171417,6.761890411,4,74.12604523
16596,41.03647995,44.35070419,23.67062378,6.784172058,3.544946432,765.7238154,3,16886.80941,14.86177826,4.86995697,2,66.41946411
16597,115.9190598,31.56502533,18.34784508,7.998691082,4.617845535,2401.432291,3,28186.35985,19.09376907,7.454653263,4,127.1168594
16598,159.4147797,24.11717987,16.63651657,7.671661377,4.316501617,2155.251101,3,23424.9276,23.28560448,6.96399498,4,255.2564392
16599,36.86273956,42.69265747,23.1837101,8.00975132,5.019365788,510.686622,3,16814.71535,12.47327232,6.912368298,2,256.5558777
16600,117.7139282,20.81786919,12.30291939,8.560751915,4.844131947,1993.539348,3,7477.869274,30.71887779,7.825398445,4,131.2550201
16601,161.551239,36.56120682,25.63330841,10.16803551,5.39703989,1335.669744,3,7801.873648,30.60812378,9.964946747,4,28.10626984
16602,29.44598007,35.05386353,5.768675804,7.278999805,3.519935846,3895.886944,3,34074.4203,12.89304638,3.808495998,4,83.99099731
16603,103.0901489,26.0234642,20.89494896,6.401770115,3.635784626,4349.111004,3,33646.524,18.63967705,6.111097336,4,32.69806671
16604,46.49618912,36.48165894,21.41521072,10.44124031,6.002493858,3136.395073,3,33985.37137,26.14795685,8.792267799,4,87.70938873
16605,158.622345,36.49007797,29.35542679,6.855949879,4.127522945,3621.794947,3,22893.4193,24.69679832,9.262768745,2,46.94303131
16606,150.2428589,33.24640656,23.79241371,8.154319763,5.046532154,4352.016032,3,22586.62321,19.93643188,9.244945526,5,139.0856171
16607,224.6226044,26.10234451,14.6630888,10.97603798,6.039202213,975.4245887,1,2436.242297,32.08100891,10.51453781,10,123.8099289
16608,225.366806,31.73604774,20.47144318,9.048977852,5.509832382,2509.964687,3,1453.962411,21.91110039,9.076043129,4,106.362793
16609,128.5131378,26.77108574,20.46112633,7.800696373,4.681301594,7263.343503,3,19108.59669,22.60080719,7.610066414,4,78.45330811
16610,89.633255,26.05353355,15.31596947,7.458276272,3.782082796,6043.293358,3,21091.12665,21.7013607,6.804297447,4,231.7098389
16611,187.8377838,32.53686523,17.49957466,8.498589516,4.870610714,1276.660275,3,27244.16364,20.9527874,6.738871574,4,190.0079803
16612,56.61870575,32.03369522,17.73929787,5.267017365,3.314201355,4361.465021,3,33429.94074,12.20173454,4.003296852,4,66.80140686
16613,49.56498718,32.41924667,18.80454636,9.440547943,7.235430241,1430.750442,3,24872.19696,20.36972427,8.246367455,2,92.33730316
16614,28.47786903,42.11303329,18.76096725,6.06029892,3.478664398,1.205057298,3,16186.84423,10.32212639,5.281491756,2,74.96762085
16615,326.8757935,19.45812798,11.97757053,9.861949921,6.00970602,1170.163409,3,500.9587904,36.01272202,8.184030533,10,178.1867981
16616,172.2315063,26.55725861,17.17541695,11.64226723,6.411404133,4436.513067,1,11438.21583,32.84653473,10.4534893,4,142.2597656
16617,155.8731079,24.84251595,16.00484657,10.53302002,6.776473045,4775.991092,1,11661.54087,34.52254486,10.77575397,4,214.1650848
16618,174.4291534,40.32573318,27.72715759,8.26180172,5.822924614,6708.828465,3,13638.9222,19.36507607,10.57444572,4,290.2248535
16619,86.17293549,27.30053711,14.37398148,8.899149895,4.982552052,428.222645,3,26130.57218,28.21875572,6.781367302,4,124.5868378
16620,93.02384949,47.7180481,29.1329422,8.24546814,4.761864185,3827.780583,3,34525.41391,20.11041069,7.641620159,4,334.366333
16621,44.20594788,41.49510956,20.10183144,7.054040432,3.824096203,4478.178463,3,21279.42492,13.45810986,5.939555645,5,159.6235657
16622,135.2017365,46.30943298,28.23881531,11.08051395,6.635858536,4280.702265,3,19212.2194,28.58878708,9.960407257,5,101.075119
16623,136.3245087,28.1092968,19.67970276,10.08106041,5.811261654,3870.760858,3,18820.46622,31.08959389,9.610118866,5,295.5739746
16624,234.4445953,19.12415123,12.79085732,6.944527149,4.462021351,304.617643,3,4606.435192,33.87560272,6.522363186,10,240.916275
16625,45.49497604,27.24784851,12.23354912,11.06600475,4.378144264,1561.204843,1,1885.660903,29.85511971,7.091570377,10,163.6104584
16626,316.1298523,23.35826492,15.40204906,11.47787857,7.582051754,559.2638766,3,849.1372708,37.88589478,9.868531227,10,179.4212646
16627,129.2493439,45.78506088,27.52891159,9.003991127,4.65808773,4542.288469,3,3649.680286,23.08383942,7.136090279,4,58.57043457
16628,92.19606018,26.29201508,17.57604027,10.0546236,6.215969563,318.3189109,3,3802.308297,28.90837288,7.935294151,4,125.1341934
16629,48.19599152,27.8402729,19.11711502,12.36735821,8.392765045,4268.653782,3,30108.87768,21.07637596,9.830771446,4,112.4873657
16630,96.70319366,25.75516319,16.00584221,4.827794075,3.223085642,4786.464038,3,30545.02595,16.27936554,4.177251816,4,266.284729
16631,86.46466827,24.25035477,14.82636356,6.937283039,3.994160414,5468.802583,3,31239.37378,20.1439743,5.896479607,4,307.875
16632,59.77740097,28.32330894,19.47935867,9.952145576,4.949875355,3555.282795,3,34461.25848,24.63590431,8.801580429,4,130.567337
16633,110.4275131,32.84600067,25.76394463,6.743510246,3.832491159,4134.44657,3,34477.54262,19.18728256,6.687422752,4,36.83752441
16634,136.7588959,25.54838753,15.57760906,7.264722824,4.549332142,2421.071434,3,6639.676646,20.67551613,8.335321426,4,75.65066528
16635,147.3973083,31.05488396,23.5901165,8.517131805,4.522603512,2353.011346,3,6623.40013,24.49451637,8.026515007,4,41.48208618
16636,184.9510956,23.34311295,15.03611279,7.311027527,4.28160429,2383.286796,3,9795.86547,21.79759789,6.570650101,4,254.7448883
16637,22.10281563,29.15520287,21.00910187,10.21623421,4.664578915,95.53665448,3,26299.75258,17.82249069,10.91516399,4,266.3785095
16638,129.9980316,32.50892258,18.52505112,9.234710693,5.482438564,782.9618457,1,27035.87908,26.36270142,7.688027382,4,295.3811035
16639,209.147995,27.99763107,15.34529114,9.511362076,6.007689476,1663.525466,1,3416.05239,31.53550148,9.59515667,5,74.62374878
16640,70.25080109,25.60459137,11.49401474,9.417945862,4.819018841,2051.897012,3,7244.729611,27.50434303,8.550850868,4,41.13454056
16641,163.5532532,24.09462357,17.58227348,7.999114513,4.692538738,6353.853619,3,14341.58976,24.93898201,7.874045849,4,293.9624939
16642,40.54175568,25.76546097,19.47280121,6.24673748,3.459683895,4614.109496,3,33214.2491,17.14806557,5.842125416,4,44.16358185
16643,130.7086487,31.81933022,24.37674332,6.50118494,4.167006016,4218.481147,3,34245.4727,16.70884514,7.621974468,4,280.3048401
16644,105.3565979,39.37482452,19.96596909,9.024620056,5.113287926,1643.277572,3,17493.86581,17.64910698,7.099260807,2,78.80992889
16645,303.4177551,24.46841049,13.7499752,9.243347168,5.890079975,1232.080646,1,1648.36969,36.3028717,8.078543663,10,239.5424194
16646,233.0975189,30.55943871,17.00647354,11.48846531,5.924675465,1042.143723,3,2828.466145,30.1779747,10.11128616,5,195.3332825
16647,23.61877251,30.66901207,12.2592659,3.631115675,2.092460632,613.5517327,3,5127.505995,9.876895905,2.888966084,4,172.1847076
16648,146.0435638,29.51489067,18.46978569,9.197519302,5.856594086,620.2486381,3,25419.10624,28.5502224,8.271535873,4,81.55094147
16649,64.74411011,29.4948616,20.55371284,5.432393551,2.86649704,3462.35128,3,22503.51681,17.5061245,5.985636711,5,45
16650,121.2308121,34.88911438,18.25506973,6.838032722,4.814222813,1630.237139,3,15345.86868,5.736212254,1.795073509,2,259.6951599
16651,95.61306763,30.57713509,26.19505501,10.07554436,5.974477291,5478.458786,1,11068.69776,30.93828583,10.23503017,2,328.2825317
16652,202.0296783,23.46443176,25.26231956,8.486782074,5.598807812,6331.321239,1,11925.546,32.44333267,7.690642834,2,334.9140015
16653,107.8697357,42.46646881,24.30441666,10.66423702,6.063672543,3310.124681,3,4887.339897,25.94606209,8.217336655,4,305.7889709
16654,82.14810944,41.07273102,27.44482803,9.692281723,5.839853764,4329.036146,3,3875.814398,26.21268463,9.48324585,4,338.0254822
16655,93.49573517,30.16230583,17.99965858,9.755728722,5.716853142,4091.444482,3,4109.091572,26.38664818,8.381669044,4,275.5180054
16656,91.62091064,29.49610519,17.55041695,10.50695705,5.607185841,3358.888318,3,4855.713609,27.36979866,8.997517586,4,159.5815735
16657,137.2156982,46.12278748,28.39798355,8.585350037,4.959300041,4101.165965,3,512.067075,21.84771156,9.103237152,4,271.2188721
16658,96.39816284,33.64223099,23.68454361,10.29174614,5.991986275,2994.058819,3,663.5312952,26.46360779,9.314843178,4,251.5650482
16659,170.1338043,28.7327137,21.30278778,10.35449982,7.662174702,3626.80536,1,11129.57125,27.6142807,11.73077202,4,310.0302734
16660,67.35327911,35.59804916,26.25984764,6.650293827,3.765835524,4371.721122,3,11499.81653,18.59188652,6.781044483,4,58.21556854
16661,133.1411743,23.52490425,17.41502571,7.941777706,5.70253706,8237.881851,3,18652.01216,23.55070114,7.749258518,4,98.26717377
16662,18.54481125,34.28671265,14.99844456,9.250543594,5.134699345,2333.877133,3,16917.6338,12.31541348,5.836951733,2,108.4349518
16663,244.181015,24.22629166,20.70034409,8.637190819,5.119530201,7143.590661,3,12440.41132,28.40984535,9.089407921,2,74.74488068
16664,116.6035385,26.91132927,16.21125793,9.519648552,5.269134998,421.410835,3,7864.322297,24.88716125,9.1171875,4,307.3417358
16665,138.2228241,36.28819275,26.43463898,9.670816422,5.959441662,1768.453761,1,8376.666514,30.90356636,8.793998718,4,55.17551041
16666,116.6999588,28.41388702,19.30930138,9.909146309,6.384097099,338.4651238,3,26285.20726,28.15314293,9.031283379,4,258.3885193
16667,34.443367,39.83760834,22.83952904,5.948846817,3.747580051,149.3225698,3,16772.61919,11.15260696,5.414861202,2,69.53772736
16668,207.4295197,30.61545181,16.42734337,9.794522285,5.380106926,1774.619869,3,9941.739187,23.83101845,8.685625076,4,142.6960449
16669,139.6605682,25.21047401,16.4584446,7.801892281,4.788078308,5361.153892,3,2817.531675,24.07273102,7.782987118,4,104.5344543
16670,149.9086151,41.62849426,26.66475296,10.34188843,6.197307587,4131.296662,3,820.0578809,25.24610901,10.55881977,4,313.5118713
16671,113.2971725,28.80638695,18.30995178,9.701648712,6.068645,4183.349079,3,709.1801577,25.50287819,9.196835518,4,64.78540039
16672,36.07479095,35.78210068,18.69589043,11.22297001,5.759901047,3132.983722,3,323.6484894,24.84909439,8.195340157,4,231.2710724
16673,81.57807159,22.05268097,13.76013279,6.110908508,3.122327089,896.148765,3,5544.175729,16.92735672,6.542878151,4,199.2456512
16674,177.9731293,37.41646576,26.70886612,9.81812191,5.976647854,2579.930183,1,9442.505463,26.46095657,8.9004879,4,313.7680054
16675,99.96403503,27.69120407,15.81664371,8.09113884,4.114015579,3582.929238,3,23230.86361,24.22940636,6.802325726,4,64.35043335
16676,235.785614,24.9309864,16.35511398,11.25324631,7.621787071,120.6294609,3,4924.412092,38.21678925,11.20967674,10,204.3279724
16677,171.4030304,27.24893761,15.36130428,11.44280148,6.450728893,3787.895467,1,10900.02529,34.88531113,10.42340279,4,158.366272
16678,169.7458954,38.33923721,25.23319626,11.30592918,6.572574139,91.52827528,3,4467.797535,28.16035843,12.21149826,4,52.16553497
16679,27.76273346,27.19651222,15.44490242,5.840589523,2.857973576,5036.556004,3,20555.85619,13.43425274,3.70283699,5,85.40270996
16680,247.2917328,24.62719727,14.48350239,11.12111759,7.091010094,746.7376966,1,3336.857776,38.111763,9.412172318,10,258.25
16681,160.1181793,34.8241539,17.11927605,10.46150303,5.450704098,1362.145999,3,8964.1471,26.50797462,9.438796997,4,222.4673157
16682,174.1925201,26.4966526,17.35649109,10.92501259,6.413986206,1742.523749,3,9326.429532,30.60600281,10.90957165,4,173.3248444
16683,68.52815247,45.68996429,26.78522491,7.993155956,5.083671093,4679.756011,3,12685.96817,18.06824112,5.989060879,4,301.184967
16684,93.32971191,31.363657,16.53699303,8.203162193,4.316322327,2716.948942,3,23964.40473,22.91889191,7.083518028,4,199.8851624
16685,118.0000381,24.71172333,16.7965107,7.159160137,3.935874462,1242.890307,3,25252.50908,23.67670059,5.806779861,4,46.54815674
16686,22.65579224,45.35380554,22.98825455,9.252794266,4.934042931,5113.264248,3,20545.08814,17.86744881,7.509715557,5,295.2328491
16687,137.4782867,38.18958664,28.05402946,9.041012764,5.57027626,5035.494767,3,20196.41799,26.76719284,8.492974281,5,59.68221664
16688,196.0016327,21.75896454,15.44952774,10.77877712,6.560176373,2609.108894,3,10158.17472,34.86584854,8.945601463,4,204.8056641
16689,31.77381516,45.35699844,26.26728439,11.77915955,4.903720856,3325.356875,3,133.7311267,24.45628166,6.517915726,4,27.72977448
16690,60.88944244,31.60629654,25.04022789,9.174037933,4.652228832,3551.34408,3,44.3087003,25.44797897,7.095496655,4,56.46953201
16691,98.53296661,31.70869255,16.69028854,7.299786091,5.334406853,844.4767951,3,5879.734524,16.60942268,11.32660866,4,212.0053864
16692,127.3580246,26.40224266,17.10107422,9.671173096,5.860105515,814.3017469,3,7920.051335,24.30115318,9.114686012,4,287.2116089
16693,61.40848541,38.4062767,20.30717468,11.14584827,5.712357998,1862.787325,3,25259.12071,22.52867699,9.246747971,2,65.59679413
16694,23.92827606,27.46738625,14.95063686,7.015215397,3.238432407,2142.931367,3,16973.73309,21.02074814,4.60791111,2,120.4655457
16695,59.21871567,44.92851257,18.0918045,8.257106781,4.959795475,1155.379918,3,17428.68148,13.73067856,6.780005932,2,172.35466
16696,309.1096802,23.54351616,18.14187241,8.579734802,5.860376835,3705.219676,1,8793.77645,30.69861221,8.513130188,2,43.99460602
16697,58.13406372,29.51636314,18.21870804,11.20786476,6.494039536,815.8366587,3,3293.300323,27.95180702,8.531846046,4,152.9082947
16698,34.91520309,57.35640717,26.2977829,11.90488052,5.089240551,865.7191981,3,3358.971812,23.29230118,10.11681843,4,324.8335571
16699,50.82366943,34.22043228,21.30038834,10.42162514,6.117684841,1830.8652,3,26656.95926,24.05978775,7.529014111,4,95.46174622
16700,93.77333832,49.35474777,27.82104111,9.137592316,5.591639042,1854.717306,3,25889.45077,23.71768951,7.31651926,4,37.52844238
16701,80.94133759,34.31058502,21.15051842,8.30332756,4.955461502,1968.613912,3,24752.77481,20.3850975,8.270866394,2,272.0825806
16702,196.4638977,22.06343269,16.24862289,6.301059723,3.817572594,2763.037342,3,23849.82676,21.75841904,6.70541048,2,265.446228
16703,11.95561123,42.52721024,18.84423447,8.482226372,3.783828974,5080.733506,3,20551.96928,13.81861782,4.711866379,5,77.00538635
16704,103.4964294,27.37383461,19.44908142,7.345668316,3.893014193,4834.656798,3,3358.763367,27.30425835,6.089275837,4,295.3959045
16705,8.96182251,56.3326149,20.98988342,11.43716812,6.125823021,338.5719303,3,5105.374911,12.02527618,9.134887695,4,30.51997185
16706,177.7340546,39.3598671,28.15195465,9.694886208,5.365336418,530.1773138,3,4383.650288,26.16695786,7.73500824,4,48.19765472
16707,108.8040466,21.76493835,14.66248417,6.259619236,4.193338394,4782.579153,3,33416.50172,18.35035515,5.848346233,4,84.47245789
16708,54.30173111,28.67040825,17.79521751,7.593025208,4.201516628,4011.443539,3,34330.68294,21.38019753,6.173666954,4,117.7341919
16709,217.963089,32.28499222,24.56476784,7.651706219,4.335739136,2792.987485,3,24229.79747,19.41637993,7.40747261,2,212.8220367
16710,208.7533264,29.94516373,18.8607769,9.603820801,5.851530075,6089.924548,1,12383.90125,28.92612267,9.592830658,4,297.2902832
16711,141.7118835,27.38724136,16.68921471,9.106250763,5.158825874,303.2261903,3,4511.650536,27.71694756,8.706879616,4,60.85192871
16712,133.3559875,46.90424728,28.67435455,9.854734421,5.048605442,6509.890023,3,20352.1742,25.14551163,7.804573536,4,71.24134827
16713,133.8144379,31.88130188,23.11709404,7.742950916,4.838497162,7023.982316,3,19411.31621,22.70055771,8.138892174,4,296.84729
16714,128.0672913,29.23874474,16.44531631,8.222139359,4.043832302,3930.039344,3,22726.25178,24.1123333,6.852591991,4,128.1572266
16715,60.14137268,31.2233181,22.120224,6.445108891,3.763601542,1789.045834,3,28108.39449,19.26953888,7.211758137,4,295.7486572
16716,68.0869751,31.8020401,25.19425201,8.754379272,6.119926453,1987.354768,1,28391.576,24.81616783,8.198935509,4,46.37039566
16717,230.3584747,28.55080032,24.08790588,9.352144241,5.80496645,6898.737812,8,12408.83433,28.7817173,10.99722767,2,284.2546387
16718,152.4053802,30.73179436,17.91317368,13.46623802,7.668281555,456.1544321,3,3951.234499,36.91918945,11.47175884,10,112.5795746
16719,194.0605316,18.23019981,9.979039192,8.003493309,4.751078606,2716.843419,3,10048.24801,34.94901276,6.788209438,4,216.2060242
16720,50.55929947,23.20872116,17.4696331,6.619208813,3.651388168,715.5708554,3,7517.824889,19.61833382,7.921144485,4,244.0256042
16721,62.18962097,39.44047928,24.88275909,10.16611576,5.976397038,3385.892464,3,272.0696657,25.11190033,9.288248062,4,271.3971863
16722,135.4619751,27.51865005,17.1829567,9.921563148,5.726758003,568.1823434,3,7531.425276,26.77425957,9.639615059,4,304.9920044
16723,47.61999512,28.28574944,18.09627342,4.99023819,3.328249693,4631.306478,3,12006.56363,10.09837914,3.883169889,4,284.0362549
16724,104.0581894,21.07386971,13.03503704,4.763406277,2.429542065,5180.684347,3,30791.59781,19.27065468,4.290749073,4,245.9244995
16725,122.5881119,27.73955727,18.63724899,8.410453796,5.571147919,2968.59729,3,29169.40619,22.95330811,8.461103439,4,73.32322693
16726,198.6881714,20.18078613,14.4181385,7.532757759,4.365413666,4672.10105,3,10026.19009,28.046978,8.049237251,2,129.8677063
16727,123.541481,24.75357246,16.58917427,10.91569042,6.179454327,1095.541108,3,8709.888234,32.61161041,9.595393181,4,126.3718719
16728,235.5118713,44.14573669,27.21476746,10.2674818,6.002225876,2138.738842,3,10378.39343,25.24622345,9.145367622,4,44.06081009
16729,145.4333344,31.50634766,22.54543495,10.11589336,6.265062809,1003.744932,3,3621.250414,28.16140747,8.227007866,4,291.8013916
16730,121.6881714,27.92498398,20.38846207,7.816698074,4.762571812,6123.920058,3,20367.53357,25.41308403,6.837468624,4,73.81079102
16731,102.0398483,29.63576317,22.11328697,7.616505623,4.23151207,5620.457466,3,20799.37319,23.18404198,7.267250061,4,292.815979
16732,69.80767059,35.32952881,16.59059334,10.07790184,5.774360657,2992.860543,3,23458.55392,25.82290649,6.855128288,4,63.60649109
16733,97.46971893,36.92086792,24.53977966,7.173865795,4.244245052,4396.717177,3,34533.99447,18.95652771,6.693654537,4,303.0238647
16734,103.7984695,45.6462059,28.76737785,7.34237957,4.202922821,3020.139667,3,28903.51663,19.11478233,7.271600246,4,56.43368149
16735,154.6605225,22.83026123,16.62914658,9.206119537,5.837894917,6909.595109,3,12480.5495,30.79494667,7.381526947,2,112.0679016
16736,365.1038208,20.57280159,11.87242794,10.2048893,5.901244164,907.2200888,3,1590.902232,35.86761856,7.752079964,10,190.4137421
16737,219.7778015,42.31257248,28.40819931,9.401327133,5.616231441,2666.236643,3,1443.606923,25.69363976,9.473155022,4,288.1455688
16738,12.25867939,35.90868759,19.11947632,3.181506872,2.297380447,295.8454941,3,6653.248701,5.145329952,3.062812567,4,135
16739,101.8070068,21.80430603,13.53483963,9.552532196,5.622088909,161.0631506,1,7006.140488,25.9779892,10.8244524,4,277.3532104
16740,37.32972336,55.71952438,23.45808792,7.805025101,3.211727142,4112.586186,3,34382.8672,20.74444389,4.977826118,4,20.48647308
16741,95.20272064,32.83517456,21.98216438,6.866403103,3.915392876,2535.347572,3,28374.94678,22.09406471,6.274668217,4,288.4349365
16742,59.56698227,49.61559296,26.50596619,8.078542709,4.452091217,4925.933965,3,21521.21173,15.0210371,6.249253273,5,72.74003601
16743,231.3278198,23.00632286,14.94536686,12.48459911,8.304632187,51.36576154,3,4619.614413,39.17308807,12.2840147,10,174.4910583
16744,222.6192017,23.92864037,14.283988,9.873319626,6.272995472,975.2391947,3,4777.989935,29.27044678,9.607288361,4,110.1227417
16745,234.3123169,21.07070923,15.57011414,7.857749939,5.211333752,1040.095728,3,5267.906514,30.00786591,9.1966362,4,254.0546112
16746,215.693985,21.75013351,14.11848927,9.719033241,5.702198029,1661.386445,3,6862.361148,31.88274765,8.734848022,4,135.6740417
16747,144.3907318,30.60741997,16.90720367,9.38647747,5.186077595,1669.152846,3,6538.979413,23.85195351,7.874219894,4,168.4031677
16748,137.7970428,22.3265152,11.62781811,7.223252773,4.132741451,2239.19885,3,23664.55165,24.51797867,7.00741148,2,279.4623413
16749,53.43498993,34.78204727,21.40823555,9.610945702,5.62754631,5473.910128,3,21129.70861,21.1777916,9.713983536,5,82.86290741
16750,196.7073669,24.69193649,16.887043,10.24439716,6.433454037,2826.871669,3,9849.035953,33.85935593,10.05483627,4,208.0348206
16751,26.28418159,24.75652313,13.64840698,5.300533295,2.138431072,4891.842835,3,12907.42979,18.54337883,3.346121073,4,293.3691101
16752,24.18403816,25.69705963,16.4883213,11.6861124,7.114516258,360.3718331,3,7873.716105,21.38034821,12.20384502,4,97.93185425
16753,36.78141403,19.08764267,10.14899158,8.480904579,4.010177135,2983.927685,3,10371.79205,20.03058243,7.402114391,4,298.5415955
16754,39.37718582,29.52331352,16.91527939,5.43509388,2.853027105,4627.874333,3,30170.24715,16.96370316,4.324133873,4,265.4188232
16755,115.0103226,30.66012573,20.62647057,9.302564621,6.231350899,5503.527289,3,20788.31751,26.5569706,7.892295361,5,273.4460449
16756,124.9240646,29.28572273,17.42711639,10.47352028,5.958041191,4619.122191,3,12761.08324,29.73309708,8.834803581,4,190.0975037
16757,95.03716278,31.02069283,22.28971481,6.01819706,3.742396832,5516.234142,3,12427.52428,13.55041027,5.815847874,4,308.1572266
16758,24.70031548,20.94887352,8.826083183,2.653356791,1.307539582,4951.511351,3,12131.24369,8.542384148,1.746754885,4,280.0079956
16759,131.1112366,23.00331497,13.5141449,5.084260464,2.807195902,5952.581317,3,12884.64251,12.78166294,5.02539444,4,294.9403076
16760,117.5922318,26.72325516,17.16518211,6.701786995,3.563219786,3190.708158,3,28952.21068,19.07777405,7.181405067,4,219.3849945
16761,102.4127655,27.67865562,18.79489136,6.231033802,3.69396162,5079.510476,3,30424.48896,19.22082329,5.279071331,4,274.6106567
16762,156.2747345,45.64697647,27.10928535,8.547852516,4.444365025,1936.482927,3,27291.01523,20.05731773,7.79806757,4,64.65382385
16763,81.37606812,24.42736244,18.04922295,10.38987827,6.15625906,451.0464828,3,5404.654337,29.8089447,10.13273144,10,210.1735229
16764,159.1633759,25.28660011,13.38767719,9.82356739,5.217338562,4155.701122,1,11067.13288,32.48656845,8.077949524,4,225
16765,42.83285141,31.46159935,16.84990692,13.42298698,5.886446476,206.3572919,3,8024.850968,24.17664146,10.77615166,4,115.2405319
16766,141.1671143,26.94665909,16.87266731,6.551584721,3.972694635,931.9862056,3,7291.427996,19.18498039,7.42632103,4,270
16767,29.31660271,35.95461655,17.64593697,3.266355991,2.981935501,549.1961876,3,5970.263691,6.575914383,6.611954689,4,198.4349518
16768,107.7131729,22.74473953,14.51274109,5.911170006,3.198746443,5307.714811,3,30789.56266,19.55493546,4.850064278,4,295.7099609
16769,109.9111176,34.72130966,27.66921234,6.816923141,4.18009758,5129.083428,3,33448.73185,19.07201958,7.068296909,4,44.10482788
16770,84.49093628,56.6420517,25.50241661,10.50884247,5.549587727,2405.119478,3,25936.62416,22.35466766,7.446138859,4,56.49656296
16771,47.18153763,28.74574661,17.97261429,8.818701744,4.694474697,2293.761412,3,25407.95063,21.98739815,7.492134094,4,71.56504822
16772,182.9363251,28.45431328,14.05644703,10.08614635,5.470809937,1129.550461,3,2729.170068,26.77338028,7.369427681,5,129.2315369
16773,146.208847,27.23032761,15.72698498,11.39289379,6.453378201,5482.727809,3,12623.16401,30.37396049,9.099411964,4,190.8925171
16774,143.6632385,39.56381226,24.12933159,9.429491997,5.298289299,1665.76894,3,3012.908347,23.48729134,7.733355999,4,293.7260742
16775,119.9293365,50.37041092,28.83763885,10.1588726,4.80635643,1120.600732,3,3424.832836,26.87666893,7.993483543,4,32.09422302
16776,160.0084686,28.98833656,17.43043709,8.696369171,5.406884193,1272.790392,3,27027.08421,25.88036919,8.197540283,4,288.2039185
16777,99.49108124,30.51582336,18.70372772,8.507340431,4.865583897,2302.801124,3,26069.28237,23.25209045,6.809240341,4,106.2940521
16778,280.1114807,24.17469788,15.60199165,12.67208862,8.147555351,377.5331918,3,3142.651351,41.56905746,12.31110287,10,184.7485352
16779,284.8114319,32.36507416,20.86829567,14.17340946,7.97937727,398.8543512,3,1690.23252,38.39697266,12.828228,10,189.4367981
16780,209.9616089,25.98845291,14.62178993,9.175019264,5.358739853,773.9745811,3,4217.150144,28.3970356,9.645213127,4,204.1209717
16781,148.2967987,32.34955978,20.73399544,9.070178986,5.262229919,1889.632517,3,6301.862722,25.03300285,7.581830025,4,297.9430542
16782,143.6684113,23.66338348,13.12892532,7.276731014,4.185130119,964.1396498,3,7615.235035,22.02173996,7.349953651,4,261.8699036
16783,88.3274231,26.63907433,16.7016201,9.297811508,5.239294529,3776.413603,3,29292.54881,25.61523819,8.557191849,4,150.4926605
16784,56.5234375,29.07796097,18.4984436,4.934592247,2.664579153,4594.928542,3,33926.9304,17.29516983,3.457766056,4,41.3857193
16785,206.2077484,26.12672997,16.84432411,9.955487251,6.294771671,925.2504472,3,3184.837279,30.04960823,9.672169685,5,116.2586594
16786,207.2145081,22.67033958,14.58501339,8.716738701,5.964562893,967.810667,3,3646.653198,31.71538353,8.178202629,4,250.6017609
16787,226.3811646,27.81869125,13.55884075,10.55485344,5.897816181,2161.501248,3,5593.299606,29.01161575,8.963000298,4,165.9637451
16788,105.3195343,28.0930233,15.25890636,7.475002766,4.354031086,2244.921699,3,27635.84057,17.88453102,7.062236309,4,204.6467743
16789,42.73022461,36.32608414,19.085392,10.12042999,5.693129063,4183.922102,3,29747.28678,20.77280617,8.637374878,4,131.4552307
16790,174.5256195,23.17714691,16.77313614,9.247210503,6.986321926,3284.427624,1,8021.994794,31.35993385,8.26337719,2,58.07357025
16791,91.54437256,33.72033691,20.70404816,10.5126524,6.350917339,170.8694171,3,5175.768528,25.82754707,13.41571808,4,53.12552643
16792,7.391393185,33.98716736,15.28701496,2.184098721,1.624183655,353.7693396,3,6477.983493,3.375126839,1.837682128,4,164.744873
16793,11.58011341,42.34726715,18.85103416,2.689000368,2.216996431,436.1480618,3,6220.308177,3.649686337,2.441665649,4,148.3148804
16794,132.2366791,29.02204704,16.77380371,9.197855949,5.436640739,1190.720456,3,24617.04734,24.25341034,7.998397827,4,192.9946136
16795,107.6179962,27.13050461,17.31768036,6.888739109,4.054729939,2196.877751,3,27379.94718,21.67111015,6.213123322,4,87.8238678
16796,55.26718903,32.00564575,22.55690384,7.740852833,3.995274067,2056.885137,1,26493.07783,22.28590202,6.792963028,4,294.6095581
16797,221.0858917,23.35227013,18.20158768,9.728848457,7.208631039,2341.373345,3,7191.744869,34.58003998,9.496337891,10,231.8924255
16798,190.4103851,39.09759521,16.50154686,14.76182556,7.489807606,739.8288258,3,2506.946083,34.26593399,11.89613724,10,176.666153
16799,94.00439453,39.30096054,26.7442646,5.970035076,3.359836817,4819.882739,3,34188.57439,15.12306118,7.306332111,4,58.34670258
16800,96.50769806,44.37506485,26.30829811,8.297133446,4.501344204,2681.429143,3,27253.01284,21.32823563,7.222724438,4,44.22323608
16801,29.78767586,33.71310806,26.49135017,15.75253487,7.825996876,706.5074476,1,5675.039441,29.92813492,10.23414612,10,22.97272491
16802,114.891922,35.3058548,19.14299965,9.914910316,5.450479031,2901.667198,3,23304.1494,26.78219795,7.901434898,4,84.75774384
16803,68.86199951,26.42486954,17.46166992,9.274677277,5.236339092,2171.294877,3,23988.93018,24.4947052,7.644967079,4,214.3803406
16804,91.45770264,35.86385727,24.61038399,10.1848278,5.3917346,3924.582991,3,4269.386159,25.6699028,8.618742943,4,49.47489548
16805,24.48416901,33.74197769,10.80783939,5.149554253,4.940956116,346.5071173,3,5501.599722,9.195545197,9.213309288,4,74.17767334
16806,75.86459351,28.7714901,20.36334419,11.16841316,6.47651577,2303.583519,3,25058.17656,25.40058899,9.958127975,2,257.9278564
16807,81.44792938,30.40479469,18.97299767,8.658829689,5.401601791,2962.963096,3,25085.15901,21.49342918,8.32083416,4,233.2030029
16808,26.83344841,48.26626587,20.34114265,7.515843868,3.968735456,3370.598191,3,17954.86104,12.04697227,6.491137028,5,222.6320648
16809,87.4779892,35.32835007,20.40008354,8.608232498,4.81175375,2775.663032,3,17574.88438,17.68484306,8.740343094,4,126.2538376
16810,243.6607971,21.88321114,17.30614471,7.576321125,4.905846119,1687.262868,1,6693.824483,36.41033936,6.765317917,10,47.65091705
16811,323.840332,40.83082199,30.59858322,9.803936005,5.83800602,1719.079606,1,6578.660692,34.79561996,9.364092827,10,308.2538452
16812,338.0479736,20.02101326,10.74750042,9.093509674,5.235983849,1224.949843,3,258.9971843,34.1205368,7.151205063,10,135
16813,196.940918,35.95101166,24.63927078,8.476523399,4.945561886,741.0819236,3,4422.621215,23.44872665,7.646286964,4,60.84750366
16814,146.7734528,40.43318558,26.23542976,9.895744324,6.22798872,3960.425253,3,22542.42682,26.83673286,8.481431007,4,63.94650269
16815,98.26616669,31.7455349,20.23537636,11.54454994,6.436182499,4403.738522,1,10975.1463,32.90364838,10.90558338,4,142.1250153
16816,37.51441956,44.34127808,26.51290321,13.57513428,7.910061836,4747.771898,1,11223.62726,30.64043617,11.78576946,4,218.8558807
16817,119.9512482,31.36260414,17.54228401,10.45358658,6.126835346,948.3082004,3,9176.811686,22.68283844,8.673148155,4,110.2726898
16818,120.6128159,49.90520477,26.8855896,9.010068893,4.956292629,954.0208617,3,9174.240987,18.75199127,7.495961666,4,42.70938873
16819,69.32342529,41.75675964,28.60339165,6.943580627,3.887897253,4837.698661,3,29955.76955,17.23488617,6.349807739,4,294.1455383
16820,119.778595,26.0292263,17.43421745,7.535390854,4.588933945,2521.19932,3,29911.5386,23.72024918,7.279969692,4,93.05870056
16821,106.6622543,32.70493698,20.02603149,12.79547024,7.924501896,4125.392869,3,19060.16866,28.93277931,9.623566628,5,77.96994019
16822,135.1615906,26.33460617,18.42140579,12.71354675,7.276464939,3997.002598,3,8872.467611,35.52661133,11.09235954,2,177.4156799
16823,105.630188,30.61078644,17.77051353,9.822366714,5.874047279,568.769462,3,7641.665119,20.42181587,9.051655769,4,255.2564392
16824,82.60910034,26.4384594,21.47708893,9.403166771,5.81253624,4190.818049,1,29488.13357,28.10986519,8.856928825,4,315
16825,75.9043045,39.45159912,28.50045395,7.163154125,3.929093599,3352.89497,3,30226.98564,20.28499794,6.34158659,4,325.7131348
16826,167.6593933,22.56425858,21.84580803,8.313970566,5.798068047,6796.48978,1,12388.5213,32.89781952,6.815603733,2,335.2825623
16827,107.8886261,23.92336845,18.20752525,9.83692646,6.125914097,7289.954008,3,12859.78522,29.7045269,9.801568985,2,141.4495392
16828,121.8451157,27.52744865,18.99431419,10.40754128,6.278154373,4762.026269,1,10889.56425,27.79575539,8.308731079,4,300.9637451
16829,101.1471252,32.88116837,25.53638458,8.596718788,5.224611759,7449.444779,3,17719.68612,25.14457893,8.949612617,4,103.7066116
16830,120.9443359,29.1932888,21.78855133,7.239094257,4.668604374,6840.177269,3,17896.79232,22.66735649,9.768752098,4,77.13725281
16831,101.8534851,53.82210541,29.99250221,8.041969299,4.766042709,3675.979064,3,30123.89683,19.87653351,6.227367878,4,340.9243774
16832,70.46243286,42.33686829,25.75183868,7.012196064,4.141935349,2665.930531,3,26813.31757,17.14083099,6.11908865,4,313.2897949
16833,191.4475403,23.09607315,16.52761459,9.245640755,6.434782982,2192.258974,1,7137.544104,36.65371704,8.020404816,10,254.9315186
16834,292.1355286,26.55653191,14.42239285,10.02647495,5.478611946,1876.914699,3,6288.084395,30.23916054,9.469159126,4,136.3946228
16835,67.02438354,32.74055862,20.67682457,14.37441063,8.379067421,4168.250988,3,10648.85653,31.41751862,11.05488014,4,204.3743591
16836,14.29506969,67.29927826,17.62189865,14.50849533,5.722313404,4708.767816,1,11113.63384,23.57982445,9.534405708,4,64.0934906
16837,84.7773056,20.32507324,15.21882343,6.917406559,3.601126194,8037.122025,3,16476.68444,22.17979622,7.616203308,4,121.7837067
16838,88.00569916,43.53593063,26.10463333,8.664569855,4.671376228,5381.602131,3,21427.18501,21.53114319,7.22791481,4,309.5308838
16839,137.3912048,31.71166992,16.98848152,9.51236248,5.359714031,4031.987096,3,22197.34307,25.34841537,7.379167557,4,162.108429
16840,159.2645569,27.97525597,16.77821922,8.628376961,4.930065632,4177.408228,3,21925.45496,25.53198624,7.574965,4,87.43193817
16841,158.256546,25.65777206,20.98751259,8.678050041,5.090089321,8377.233884,3,11559.95739,27.49785805,9.405960083,4,71.25865936
16842,163.600769,29.10059166,19.00546074,7.020678997,3.745937586,3131.716887,3,30932.89497,20.30490303,5.606505394,4,50.08289337
16843,79.35286713,48.01844788,27.04597473,11.18058491,5.809584618,3183.582249,3,491.788274,23.92958832,8.461541176,4,42.82525635
16844,113.947258,29.24302864,15.63004303,11.33358955,8.276954651,364.3768027,3,4744.678431,27.56196976,12.42931461,4,90.18972015
16845,4.085784435,41.64998245,18.9112606,2.052307129,1.050318837,316.7782381,3,6390.768911,2.436287165,1.517512441,4,122.3269119
16846,76.75629425,25.4032402,12.38640213,9.133964539,6.306713104,119.4253839,1,6718.108787,28.25951958,10.93498325,4,295.7347412
16847,136.4204865,28.34316254,17.05007553,9.551969528,5.486536026,897.6907656,3,7340.874735,27.09630775,7.742071629,4,308.65979
16848,53.4473114,43.96689606,29.25357819,9.746606827,4.926728249,3674.225975,3,18307.89035,20.65980339,8.678474426,5,26.08767128
16849,98.37848663,36.28853989,22.22845078,12.10452557,6.32014513,3746.039307,3,18490.11867,31.30051994,10.9172821,5,306.538147
16850,34.22294617,30.8742485,15.31402302,10.60186577,3.978519201,2020.396684,3,9286.946627,25.08864212,10.52728367,4,218.6598053
16851,143.4289856,40.70079041,28.30820274,10.07477379,6.50161314,5668.997758,1,11163.75596,30.75928688,8.175697327,4,295.7932129
16852,160.6362762,28.34733582,18.47617531,10.08676147,5.907092094,5901.853895,3,11823.35347,30.16652679,9.256164551,4,210.1455231
16853,134.1365662,25.93593216,14.84063911,9.260574341,6.193235397,292.8053913,3,6689.804017,23.83341599,8.93773365,4,280.6196594
16854,187.7734222,26.45242119,16.16160774,9.349996567,5.448879719,3171.173178,3,8887.082667,25.98482704,8.041256905,4,163.8711243
16855,18.28182411,47.65056229,24.83162117,6.48427248,3.918433428,7827.238263,3,16780.72981,11.39737225,6.476687431,4,61.78264618
16856,26.68149757,46.54579163,29.44818497,6.872251511,3.663976192,3156.126145,3,31426.03268,18.62880325,5.24915266,4,40.60809326
16857,120.2918091,34.28688812,24.66903687,8.249792099,4.588027,5394.019581,3,20329.94641,23.75087547,6.625675678,5,57.9526329
16858,61.21944427,33.47856522,19.46522713,8.458598137,4.804178715,4915.822327,3,19848.80609,18.97482681,10.1841135,5,101.3099365
16859,70.64718628,56.77215958,23.07268333,8.573500633,5.296483517,5062.601344,3,20001.3041,16.50086594,10.06171131,5,135
16860,144.1100159,40.7825737,26.53978539,8.231534958,4.747104645,5443.330959,3,20403.87725,20.0316124,7.657954693,5,272.7927246
16861,117.0364685,27.30090714,16.87879372,11.51321125,5.756278992,778.5279857,3,7410.414775,29.63638496,11.49457073,4,141.8748169
16862,168.947998,44.11574173,27.11639595,12.94458294,7.506507874,715.6038356,1,7367.957617,34.53179169,12.5308342,4,285.130188
16863,63.65068817,29.06467628,10.49829292,9.78310585,4.629221916,3995.350645,1,10622.49427,32.37256241,7.10130024,4,228.0669861
16864,103.9237595,28.30382919,16.0118885,8.928911209,5.164199829,4322.755438,3,10716.51727,23.11250305,8.161334991,4,166.6512756
16865,96.34347534,34.09829712,25.99213409,8.799630165,6.173750401,6610.316722,3,18192.43111,21.53100204,11.00700855,4,268.2642822
16866,129.5090027,28.38718033,15.77271652,7.405269146,4.128712654,2866.361263,3,26378.01333,23.50576782,5.742373943,4,102.6193237
16867,98.30982208,32.18409348,22.62046051,7.22841835,4.165421963,3508.35519,3,25895.63273,20.20516586,7.628511429,4,56.55490494
16868,125.9866257,44.6159668,26.72042465,8.33485508,4.374979019,3270.552325,1,26476.22889,20.34341812,6.949390411,4,70.92490387
16869,119.0788116,32.05505753,24.4542675,8.291915894,5.09271574,5200.160745,3,20130.2087,22.07427788,9.19989109,5,275.7743225
16870,35.2112999,36.63055801,15.00396919,8.122804642,4.799982071,2868.202342,3,7749.620878,21.33342361,6.366275787,10,95.76263428
16871,150.0505371,25.321558,17.84036255,12.54625797,6.955212116,229.425697,3,29.96176369,35.36949921,12.0789957,10,133.7478333
16872,115.3777542,40.66553116,27.05142021,9.818321228,5.453887463,3891.850923,3,52.67442674,21.40670013,8.83040905,4,276.9134521
16873,115.9330139,28.85686493,17.69737625,9.550722122,5.743710041,3005.591682,3,22928.25455,26.66350746,7.794179916,4,130.0728912
16874,110.1710663,57.99682617,27.44023514,9.133880615,5.829654217,7522.933897,1,12776.46414,30.7036171,8.501578331,2,29.51006699
16875,212.5225372,29.39946938,16.33672905,9.187500954,5.575937748,2444.380185,3,5732.960833,23.38822174,8.400113106,4,183.742981
16876,111.2672195,34.76599503,27.77494812,9.724738121,6.262742996,4317.674833,3,480.5601556,25.34441566,10.06017494,4,45.65854263
16877,64.11952209,31.06360245,21.23833084,8.08096981,5.062250614,4207.264471,3,459.782669,22.35417175,8.217887878,4,55.95406342
16878,68.41844177,26.76678658,17.41870689,8.796764374,4.082600117,8057.392771,3,15798.61181,22.03992844,7.502518654,4,138.0940552
16879,102.4443665,39.28458023,23.5044117,6.83878994,3.599320889,3459.378184,3,29876.41779,20.46134949,5.925959587,4,300.3609924
16880,41.75970459,40.11751175,19.04693222,11.34983158,5.571146488,1841.29788,3,17854.15934,19.95856094,7.957280159,2,202.380127
16881,32.00177002,31.65943527,19.51236343,7.230284214,5.607327461,119.0784769,3,17362.05817,13.55597401,6.700770378,2,84.34503174
16882,210.1260529,20.60266304,15.25858593,7.443548203,3.921546459,5051.331895,1,10300.79058,31.03068924,5.858973503,2,46.1457634
16883,16.19944,55.44119263,22.94403648,10.69836998,6.152812004,2035.664221,1,9162.082664,21.18828201,6.075499535,4,345.857605
16884,169.4994812,31.04390526,16.89930534,14.39988041,7.042993069,3463.245387,3,10259.85589,38.3405571,12.64837646,4,171.5058136
16885,119.7044449,38.97127914,27.88715172,10.84561729,7.358941078,3793.127239,1,10107.89621,34.96100998,8.66793251,4,328.1350098
16886,166.4046631,44.33945847,29.93203735,9.59965229,6.332814217,4472.443905,1,10333.2673,30.95298386,7.808959007,4,315.5405273
16887,108.5269089,33.83979797,20.93874168,11.08218384,6.871853828,4285.69431,3,12505.75107,29.32399559,9.099086761,4,291.2457275
16888,75.11064148,34.07829666,25.08602333,7.468278408,4.068915367,5250.836213,3,12119.41515,16.39790916,6.102249146,4,325.0079956
16889,112.5693207,25.56013489,13.79740906,8.202432632,4.44968462,4538.441478,3,21473.19947,22.07927322,6.699988365,4,181.1381836
16890,105.5232468,18.00094032,9.763072968,4.115526676,2.613123417,5804.690285,3,32157.27109,15.87760735,3.367053032,4,253.2590637
16891,221.4413452,19.5757637,13.17992878,8.555727959,4.931520939,2332.759262,1,7342.459068,36.43822861,7.164148331,10,285.4122314
16892,206.4344025,25.86480522,21.17858887,10.51017666,6.62891674,918.3544717,1,5715.881931,41.1305809,8.581119537,10,26.2443409
16893,216.9564209,31.63626862,20.76170349,11.83603954,7.508622169,1318.305039,1,5747.204867,40.06553268,10.19902134,10,296.241333
16894,206.9364014,23.22496796,15.14422512,9.864356041,5.550323009,776.3105524,3,4062.430108,29.57696152,8.804772377,4,161.7097473
16895,115.9362335,34.44680405,26.52659416,10.49927139,5.774430752,4224.7986,3,280.1163059,25.41713524,10.61620808,4,33.69006729
16896,56.49473953,25.16424179,15.88371468,7.018912792,3.489114285,4635.071491,1,9725.226603,29.58834839,5.333006859,2,57.13052368
16897,191.5905304,23.07128525,19.04490852,8.09867382,5.370013237,4525.186168,1,9375.355934,30.39620018,7.152360916,2,31.25094986
16898,91.85152435,27.83104515,18.49648285,10.76871586,6.221293926,3387.019168,3,8211.187937,31.92908478,10.2130394,2,142.368866
16899,175.7546234,25.4991703,18.57483673,13.13129616,7.778456211,151.1651446,3,4343.702403,40.98817062,11.2987566,10,181.3531952
16900,111.486412,50.21414566,28.7419548,12.84295559,8.155685425,486.6591676,1,5052.463504,39.1503067,8.867886543,10,29.90901947
16901,106.0267639,31.96785355,21.52738762,12.0530653,7.154953003,1905.344272,1,8577.807488,33.4846077,10.11522293,4,288.711731
16902,238.7252502,30.58966255,20.27770996,8.942468643,5.216812611,2680.152293,3,5517.920698,24.03546906,8.120844841,4,289.9830933
16903,130.8653564,22.06298256,15.08720398,4.912618637,3.044363022,5891.298176,3,32188.99904,17.03559875,4.572697163,4,286.504364
16904,109.2344055,35.39344788,26.4886322,6.056296825,3.646060228,4918.889693,3,33472.11511,17.46308136,5.017239571,4,53.44093323
16905,154.9163055,49.35702515,27.75366783,10.73980999,5.563896656,2325.143977,1,8560.181418,24.92955017,8.155059814,4,45
16906,202.9853821,46.33549118,29.47244835,9.541976929,5.626494408,2947.077454,1,9144.202143,29.38556862,7.288685799,4,33.58148956
16907,181.5685272,25.33778,18.66503525,8.617369652,4.883450508,2643.182473,1,8677.191495,28.6269474,6.828289509,4,305.5376587
16908,62.2758255,28.2907505,15.67267799,8.356820107,4.559792042,3561.208269,3,11800.14919,22.08366203,7.75989151,4,232.7118988
16909,116.941803,29.22475243,16.72403717,8.58571434,4.750853062,5139.043949,3,11421.96845,21.37498856,7.498820782,4,194.4127197
16910,81.82124329,41.96071625,29.99601364,14.52849007,8.91172123,220.437618,1,4549.179484,42.30108261,12.29661465,10,27.14377594
16911,198.2453613,26.18043518,16.23667336,14.44914436,8.055143356,216.0790642,3,3717.382293,42.39923096,13.33044243,10,191.3099365
16912,244.1948242,29.46189499,16.06898499,12.0031271,7.09468317,1742.033281,3,6512.117686,34.17617416,9.816888809,4,77.60321045
16913,101.4626312,33.84632874,15.70801163,12.14718723,6.817882061,5423.766773,3,12474.87015,30.50855827,8.852408409,4,255.154541
16914,92.9020462,33.77190018,16.99709511,8.641592026,4.895863533,5534.431321,3,2194.273117,18.89743233,7.5981493,4,249.5671692
16915,181.781662,24.21697044,15.20091534,8.975318909,5.172062397,1296.12177,3,7408.489225,25.08700752,7.850327492,4,224.1185913
16916,97.67842865,24.91671944,15.37255096,6.826241493,4.071465492,1848.283332,3,27310.57476,19.4382267,6.233125687,4,144.926239
16917,126.9978027,18.60517883,12.85297203,6.134431839,3.690919876,3437.155279,3,31128.74605,20.95165253,5.928182125,4,81.16889954
16918,135.7696991,30.2391243,17.95766068,12.90890503,7.630773067,4861.420104,3,19817.86519,29.52516937,13.61514378,5,127.8749847
16919,151.5446472,45.89338684,28.6321907,12.51593685,7.842822075,4970.92673,3,19898.91549,29.03835678,11.97544861,5,307.3378906
16920,190.4694519,21.88838005,15.41563606,9.938825607,6.182574749,295.6911413,3,3358.036521,32.31648254,10.05979443,4,197.6990967
16921,80.36602783,47.56305695,27.92985535,12.29668808,9.157104492,7207.717324,3,16152.3299,24.24560928,14.34895992,4,48.01278687
16922,99.16307831,42.68012238,26.99835968,9.765033722,6.408790112,7271.823531,3,16783.33366,22.0135479,12.50017452,4,309.2703857
16923,96.06375122,27.29602242,22.36291885,9.062704086,5.456301212,7232.952627,3,17190.32051,28.79104805,9.475761414,4,290.6005859
16924,82.1217041,25.58091736,17.02516365,9.983972549,5.684987545,3445.489931,3,28853.39435,25.54880524,8.323107719,4,167.4285278
16925,88.94568634,28.00977135,18.2550602,6.087648869,3.683291912,4393.662449,3,29438.25688,17.62812424,7.173644543,4,259.9920044
16926,83.98620605,30.72943115,17.04573059,8.27636528,4.600934029,5409.073438,3,30130.07553,20.81329727,7.552077293,4,134.0699158
16927,72.74271393,33.67418289,18.39064026,6.041000366,3.397909403,4908.000306,3,30168.82886,16.15710258,4.810126781,4,281.3099365
16928,131.5293274,18.68404579,11.95752144,4.981170177,2.963190556,3715.144266,3,31267.01486,20.06254005,5.180253983,4,61.96614838
16929,102.6957016,30.56604576,25.83921623,7.037772655,4.089768887,4282.650372,3,30931.45339,19.054636,6.965244293,4,294.6768799
16930,33.5127449,36.90711212,18.99496841,6.035943508,3.453217268,412.2165274,3,17754.79781,11.06225109,4.81959486,2,119.0546036
16931,85.22776794,52.26179504,27.44597435,13.38105869,7.692592144,3376.137979,1,8265.304784,31.88717079,10.99665165,2,327.319458
16932,150.7186432,28.77394485,19.72346497,8.496152878,5.474274158,2647.235808,1,7627.199798,33.19823074,10.22569275,10,302.2703247
16933,160.0655365,22.69018936,17.20528793,8.14518261,5.58190918,3472.269595,3,8487.754452,28.37296104,7.540323257,2,56.75342941
16934,61.70790863,25.15082741,21.40291595,9.873242378,5.752801895,821.4735813,3,6922.208392,24.58429527,11.90791225,4,101.6336365
16935,20.06899452,50.06112289,24.70721817,7.566274166,4.318721294,473.2128956,3,7337.415824,12.17560291,6.127036095,4,296.5650635
16936,40.21122742,40.90504074,23.55887794,13.80017948,7.00276947,547.6683637,3,7096.119265,24.23146439,11.49893951,4,281.7683105
16937,20.21948242,26.47258377,8.223427773,8.386785507,3.288969278,7728.585083,3,16445.85465,17.48730087,5.595868587,4,82.98188019
16938,70.04438782,32.3333168,17.79760551,9.615895271,5.552928448,5283.895295,3,22206.60322,20.70449829,9.576911926,5,137.4895477
16939,57.02421188,32.70983505,20.13149452,14.20710564,7.328033924,6254.574212,3,21819.12773,25.94486809,10.96895027,5,90
16940,125.7362137,29.71208191,22.50064278,8.274628639,5.142620087,6202.566898,3,21137.51478,25.18345451,7.698162556,5,253.2396698
16941,148.7465057,40.79354477,28.06346703,10.09650135,5.470199108,6566.895259,3,21521.51175,25.2978363,8.031029701,5,33.42481232
16942,131.6354065,22.06382751,15.99392509,6.742202759,4.430011749,3453.683972,3,18856.57211,21.29819679,9.06273365,5,57.31944656
16943,107.5189743,32.73314667,20.03218269,8.185990334,4.92888689,2507.997063,3,18097.15407,19.34785843,7.332667828,4,60.25511932
16944,149.8702393,24.28700256,16.12503242,10.22055149,5.693324089,3571.735004,1,9725.389098,32.79890823,8.654061317,4,305.3878479
16945,124.8062973,34.46423721,21.80216408,8.298158646,7.045907974,109.4338967,3,5299.314449,23.53184319,14.98222637,4,77.39204407
16946,102.0555115,47.69489288,22.29876709,8.543340683,5.462608814,315.7048669,3,5379.077909,16.82350922,12.12822151,4,46.16913986
16947,161.2300873,31.94402504,22.92521667,9.851423264,6.06667757,2336.501078,1,8773.07167,28.38531685,9.494837761,4,300.9637451
16948,15.13845634,44.25457001,17.63402557,6.05002737,2.432039976,7722.668964,3,16317.11471,9.387816429,5.664802074,4,102.7872238
16949,42.80473709,37.93104935,21.79516602,8.903834343,6.863350391,7557.435339,3,16121.82393,14.72399426,10.06885242,4,83.35411072
16950,32.93793869,32.64915848,15.94776058,13.50560093,8.126846313,3628.436474,3,28868.55114,30.03410721,8.238409996,4,311.0909119
16951,25.10671043,41.64577484,28.14723587,9.052466393,5.467978477,4021.68889,3,18656.01651,31.0226841,7.26718998,5,27.05406952
16952,1.395851493,67.01887512,11.03360844,1.691777825,1.320370913,135.7394968,3,17320.17651,2.083395481,0.978047311,2,215.7825317
16953,180.8428955,22.1198597,17.01566124,6.583964348,4.075695038,5270.359836,3,10414.05919,28.18831444,6.584788322,2,56.18447495
16954,274.4522095,40.89677429,30.28089523,9.428473473,5.804618359,1245.31326,1,5339.456536,35.40561676,7.399066925,10,27.91493225
16955,208.3500366,41.47126007,31.1538868,10.06840038,6.367161274,491.548699,1,4479.431561,38.63489914,8.512657166,10,21.03751373
16956,317.4655151,43.73590088,31.23249626,9.91342926,7.1516819,717.2272613,1,3995.235612,36.96183014,8.848750114,10,21.50143433
16957,141.8891907,39.20905304,25.57308388,10.91038322,6.462226868,1496.392209,3,23923.44324,28.96505737,9.423763275,4,52.18096924
16958,24.42173195,28.1004467,16.87520599,8.593009949,4.52481842,3181.347345,3,28473.77422,24.23220062,6.820532322,4,229.9165649
16959,65.92047882,28.95759773,18.55204391,8.576658249,4.311602592,2923.823083,3,28230.29967,18.74564743,5.507715225,4,116.0311737
16960,103.5944061,28.41683769,19.25004578,5.906348705,3.543135405,4010.845683,3,22479.12822,16.75321579,5.979968548,5,49.5739212
16961,122.2902298,44.25085831,26.11278534,13.64604282,7.513495922,4433.861885,3,19155.7039,29.83228111,12.2944355,5,207.8192139
16962,212.8493042,19.32379723,14.09572506,10.42508602,7.1500144,327.5875153,3,2305.445641,39.06119156,9.825690269,10,192.6429596
16963,115.5183182,28.21925735,14.92488575,13.2998867,6.188979626,161.4327736,3,270.3008292,38.70013809,11.02837563,10,174.8502502
16964,75.07119751,34.05631256,20.17749023,10.38820839,6.561684608,5563.049026,3,12138.11924,28.01691246,9.449496269,4,210.7238464
16965,123.3555374,29.65962791,15.79886055,10.00610542,5.26171875,5698.163801,3,2166.234589,22.90395737,8.254691124,4,196.5570679
16966,56.47696304,41.50416565,24.76581001,6.096137524,3.216431618,6297.95725,3,12920.23022,13.15493298,4.788255215,4,308.65979
16967,143.0125732,28.40232658,19.45002556,12.56447792,7.704603195,608.1770452,3,7691.901019,33.16305923,12.31874275,4,217.2399445
16968,127.5306244,29.52586937,16.25216103,9.174180984,5.409615993,6086.473415,3,11795.43031,23.46553421,8.592708588,4,153.1341248
16969,145.7063904,24.40018654,16.0857563,7.968314648,4.842102051,6974.708457,3,12810.21058,23.41645241,7.161824226,4,203.3555603
16970,64.82637024,29.07956886,18.62875175,10.04938889,5.735296726,2623.08604,3,27762.23084,22.26667213,9.319830894,4,156.0375061
16971,28.42894936,40.81029129,19.77531624,10.27800083,5.802066326,3310.48017,3,28560.30896,22.77598572,7.753181934,4,168.6900635
16972,185.4555359,25.97877502,22.63674736,8.324952126,5.743987083,8003.100012,8,11737.07089,29.39735222,8.730522156,2,288.3601379
16973,84.80045319,28.34909821,20.27161789,10.59342861,6.580003262,7732.695961,3,15509.22831,25.70506287,11.43632507,4,51.5406456
16974,105.0876999,25.44538116,14.23888111,7.891396999,4.5750947,1293.952561,3,26514.44804,24.3607254,6.799872398,4,136.8187561
16975,26.18574524,42.02268982,21.48300934,8.855674744,4.396646023,2921.323148,3,26736.59926,22.87658882,7.407482147,4,49.65335083
16976,207.877243,20.97615433,14.08804226,7.44085598,4.672075272,3489.081003,3,24275.63248,24.25658417,7.770363331,2,243.604248
16977,276.2898254,42.31119919,25.44571877,13.80883121,8.637263298,1144.510372,1,5053.016431,36.73113632,10.67588139,10,309.3626099
16978,141.5054474,32.20849991,17.17641258,10.1832056,6.356590271,5959.802003,3,2193.499289,21.60204315,8.657593727,4,162.7341919
16979,103.1681061,23.16576958,15.29936695,9.389050484,6.399437428,257.129425,3,6363.729146,24.13770103,9.177577019,4,258.3106384
16980,46.28041077,34.35975647,21.2565937,4.666088104,3.546193361,183.821053,3,5700.348221,9.320295334,5.962081909,4,70.40476227
16981,139.7891846,29.48557854,17.69641876,9.515035629,6.269874573,6456.188609,3,12061.32243,26.7381382,8.564945221,4,266.8201904
16982,75.02789307,34.05675125,26.16189384,9.581502914,5.815080643,3445.657105,1,28574.57887,29.02248573,9.046736717,4,325.9819336
16983,81.13868713,46.79481506,25.60400772,7.26780653,3.798822165,4350.019301,3,29253.55463,16.15811539,7.886507988,4,325.6196594
16984,85.01092529,43.88590622,25.29385948,7.102531433,3.574198008,4065.513564,3,28842.93501,16.92905617,6.604260445,4,288.8861084
16985,1.654307246,55.35941696,17.72548485,1.605123281,1.187753439,153.9103009,3,17451.26043,2.352522612,1.209101081,2,191.3099365
16986,69.07115936,35.12253952,18.68639565,22.46646309,10.91476154,3.843202247,3,2855.121714,47.04757309,13.6220417,10,186.6478424
16987,164.9301605,28.96033478,18.11207581,12.37757969,7.128460884,524.0301254,3,2243.120706,42.78105927,11.97286034,10,108.4349518
16988,175.6963196,26.23627663,17.17707634,10.4540329,5.939222336,4624.459385,3,3584.068497,27.66761589,8.790259361,4,105.4786377
16989,58.35175705,40.23870468,26.64701271,8.549202919,4.929105759,7446.807388,3,17955.65869,21.07374001,8.032782555,4,307.3062134
16990,6.727949619,63.21220016,12.74904919,2.777632713,1.576563954,64.36376192,3,17791.3494,2.770407438,1.369813442,2,78.69006348
16991,2.028276443,65.5508194,16.69771385,1.98676002,0.822170317,94.15789776,3,17603.68319,2.099893808,1.285356879,2,83.6598053
16992,265.7922668,21.57191086,15.52478027,9.23312664,6.713659286,2703.517109,1,7736.223029,37.79050064,7.8499403,10,252.5810242
16993,219.232605,29.1818943,26.77453995,11.87688732,8.41683197,338.0688975,1,114.1746211,46.47789764,11.38934517,10,332.4385376
16994,114.1697693,47.32097626,29.47962189,10.2870369,6.345191002,5131.227913,1,12079.42443,29.92656326,8.516148567,4,29.89481926
16995,116.820755,47.09667587,26.48886108,8.994122505,5.112845898,2558.153174,3,27612.7497,23.09090042,7.575253487,4,34.04903793
16996,193.6147308,20.48675156,14.83704472,8.521900177,5.813354015,4770.841424,3,9579.329806,30.89903831,8.128787041,2,121.0975189
16997,345.452301,44.04258347,31.12767982,9.079113007,5.565002918,1105.47558,1,4629.600776,35.96702957,7.764063835,10,300.4269409
16998,123.2130585,31.48033333,19.98478699,15.08948231,8.37497139,257.0883418,1,3161.390159,38.23616791,11.77985477,10,34.09372711
16999,239.0117645,21.86020851,11.50309086,8.308213234,4.858649731,610.6630246,3,1693.812702,38.22432709,6.670632362,10,210.8329468
17000,71.88117981,34.60913849,19.84926796,14.00003052,7.35366106,109.6061855,3,2215.512541,34.28728867,12.50617981,10,214.4945984
17001,31.7804966,68.62892151,15.08451939,17.00031471,10.11731148,4121.156322,3,18894.92736,27.59786415,12.76891613,5,53.74616241
17002,133.8625183,26.21185493,16.45690918,11.4927454,6.426463127,918.0337986,3,6530.481871,32.87266541,10.90285015,4,91.15171814
17003,102.8410187,24.0074501,18.30552101,12.74962425,7.573258877,426.0797013,2,6812.697807,31.00006485,12.0681448,4,279.8605957
17004,123.4073639,49.60750961,28.09547997,11.32651234,6.337211132,5675.882186,1,11828.46569,34.03298569,8.471991539,4,289.9085693
17005,72.64942932,27.56593513,15.72928905,8.434669495,5.416805744,3820.4954,3,12059.4716,20.87468147,7.260555267,4,128.2110291
17006,36.97174454,36.57999039,13.54829407,11.70126343,4.364305019,3015.631059,3,28270.75944,22.67294121,6.628005028,4,137.4773254
17007,138.7093048,28.32775497,16.90813828,7.92092371,4.863805294,7015.597172,3,31393.15624,20.7554493,6.688030243,4,163.7203369
17008,100.6081924,30.74416542,16.11215019,7.243113995,4.102773666,3362.983234,3,27855.40347,18.5641861,5.677778244,4,190.4914856
17009,236.0646057,24.87755203,15.28961086,11.6031208,7.96052599,484.2753905,3,923.0391409,39.33218002,10.56151867,10,176.5761261
17010,153.7177124,31.62106705,17.00917435,10.34574318,5.864738941,2613.654074,3,10830.77127,26.04066467,8.42564106,4,171.4500427
17011,146.2287903,42.33853149,26.63456535,9.130851746,5.409144878,3539.073422,3,28255.48503,21.58402443,10.28206539,4,304.1758118
17012,235.3463287,25.39697838,16.2006855,9.321007729,5.249597549,1692.827514,3,5930.185388,30.47447968,10.32465744,4,78.11134338
17013,103.0715408,19.29802132,15.97085571,7.934639931,5.590055943,8072.514943,3,14207.28576,23.34332275,8.389231682,4,185.4638367
17014,115.7097855,25.90960693,18.58186913,6.975466728,4.622143745,6349.075062,3,30916.60039,19.4437809,6.493553638,4,286.0612793
17015,113.8398285,24.55033875,14.44530487,7.177195072,3.576023102,6133.743505,3,32779.71802,22.24010277,6.275216579,4,209.3604279
17016,153.6654053,24.22730827,18.87636948,11.02493,8.680511475,168.4851964,3,1702.30504,42.62977219,11.08768654,10,145.0079803
17017,33.458992,59.78100586,24.64855576,8.186108589,6.257684231,1528.08498,2,8192.772444,20.89515305,4.072798252,4,326.8237915
17018,117.5895081,29.56625366,16.19683456,8.380040169,4.119120121,6272.766096,3,32554.12946,21.80166054,6.437221527,4,127.970314
17019,85.76802063,24.83763313,13.73164463,6.006055832,3.38121748,5885.477958,3,33106.14327,17.69085121,6.138027191,4,129.8718109
17020,184.4834595,20.01390457,13.35403347,6.24507618,3.813952446,3912.529168,3,24374.97852,23.53641701,6.595467567,4,246.2016449
17021,35.3990593,50.88610458,15.35735989,19.19331169,6.708846569,4301.959866,3,19079.75132,36.69855499,9.525091171,5,93.21125031
17022,150.4958038,25.92747116,21.43067741,9.055790901,5.217744827,8852.024262,3,11206.25735,26.22681046,9.893433571,4,295.973938
17023,263.9431152,24.30204964,17.47554398,9.352181435,6.610197067,1603.08426,1,6260.568683,35.69122314,8.40134716,10,78.84125519
17024,262.7164917,26.61626053,18.37915802,12.4991188,7.676426888,1418.177785,1,3510.523324,40.85751724,11.00658607,10,291.8013916
17025,177.0230408,26.46875381,17.46611786,12.838377,7.86905241,181.6881884,3,1654.060445,39.96124268,13.44794273,10,177.0262756
17026,132.8512573,30.68394279,18.8419838,8.823765755,5.787259102,670.0897477,3,26020.50923,26.01987267,8.745516777,4,263.9114685
17027,86.79781342,24.91777229,15.10953522,5.573246956,3.335467815,5639.472433,3,33447.653,15.65802479,4.884618759,4,192.7712402
17028,97.86450195,27.00458145,15.59170151,8.092541695,4.320585251,3608.597186,3,28839.23122,20.33188629,6.490418434,4,196.6992493
17029,117.81073,35.99671936,23.22789764,9.430213928,5.942317486,5835.053563,3,20720.00297,20.60852432,9.939381599,5,91.77871704
17030,155.7110596,25.63103104,15.84244061,11.49127674,7.034917831,158.85235,3,2473.150077,29.66622353,10.32542419,5,175.4622192
17031,214.2750549,25.6009903,16.17267227,9.312768936,6.044867039,1155.917574,3,4304.189659,25.70672798,9.834324837,4,145.9186707
17032,134.8387756,27.88147354,15.56199837,6.983824253,4.011122227,4855.147033,3,21080.87685,23.47117996,6.763537407,4,95.85601044
17033,65.09461212,38.57697678,21.42387581,15.89347076,8.001916885,4208.288108,3,19008.95367,31.18542099,12.33789444,5,240.2763367
17034,4.122387886,43.63355255,20.49205589,2.189152479,1.047981143,33.63709563,3,17860.53318,3.0861485,1.379214287,2,18.43495178
17035,99.57811737,32.29238129,16.36121178,11.42181969,6.712810516,54.28368488,3,2054.924009,35.06835175,9.170149803,10,91.58235168
17036,189.9898682,23.23143768,14.45067692,12.15925312,6.834445,194.1631904,3,4014.519803,30.4376812,11.66229534,4,170.4753418
17037,143.6260986,25.89779663,15.38310051,8.788590431,5.541518688,5753.719524,3,1904.71358,24.26223373,7.732476711,4,262.6139526
17038,21.44940376,47.01774216,13.77990055,12.28971195,5.18244791,2056.302681,3,8027.933962,15.24388313,8.878087997,4,284.5344543
17039,178.2888641,19.36758995,12.62666702,8.220816612,4.877433777,5816.96365,3,10950.05567,27.32257652,7.482758522,2,166.938446
17040,110.7062149,29.20080757,19.93565369,9.367696762,5.680160522,232.4277621,3,8442.247671,22.32824898,8.50941658,4,75.57922363
17041,163.5602264,28.80049324,16.32148743,11.06912136,6.433338165,3657.299415,3,4575.509775,26.93234825,9.512196541,4,101.0851822
17042,56.14023972,24.92699432,15.61193466,5.47253418,3.488942146,4909.216314,3,33838.42416,12.01373482,6.808661461,4,203.1985931
17043,71.11594391,52.71508408,25.66973686,8.669541359,5.164215088,5541.019047,3,22371.52104,16.58699989,7.838058949,5,81.52113342
17044,208.9836121,18.72241402,11.03359318,7.293570042,4.18985033,6152.936324,3,11290.29391,26.14012909,6.724752426,2,107.4747772
17045,109.3449707,23.56905937,18.6931839,12.09160042,7.819526196,57.93613896,3,2124.314637,36.59531021,10.81199265,10,207.4287415
17046,39.24510574,21.46832275,17.52544212,5.905963898,3.08284688,2164.964692,3,8025.90699,17.68905067,6.034584522,4,209.744873
17047,54.97937012,34.24863052,19.54785347,13.88561249,9.58600235,116.605646,3,25286.09693,23.50756073,15.25450134,4,104.2157593
17048,124.0793228,31.15711403,21.62980652,9.148386955,5.879460812,2890.08223,1,27715.4714,28.06955719,7.695423126,4,302.3335266
17049,59.24954605,24.8511982,13.46166706,7.135802746,3.896379709,4286.221528,3,23864.6206,18.62509346,5.458053112,2,246.2559814
17050,152.390213,38.7923851,29.81970978,12.89560699,8.251742363,376.2855891,1,2818.709872,38.70990372,9.991493225,10,22.93209839
17051,138.0872498,26.97438812,22.79125786,12.37302494,8.809183121,402.5791165,1,2546.436648,39.53046799,10.21953201,10,35.10345459
17052,71.59838104,60.83827209,27.33767128,19.93559647,9.37670517,89.04349207,1,436.2239557,46.29956818,18.67383385,10,164.8096619
17053,121.1048508,33.8192215,17.64986038,9.633749962,6.036673546,392.453034,3,5186.876959,22.19178391,12.1220274,4,94.39870453
17054,209.8270569,21.96071815,13.11766911,6.765994072,3.668329239,1382.913144,3,7250.263476,23.18695259,6.683244228,4,247.5
17055,156.036438,26.19161987,14.80311584,7.299190521,3.979146957,1797.308634,3,7367.827843,19.24651146,6.288922787,4,210.1723175
17056,164.7309723,32.65504074,28.29636002,9.081698418,5.867434978,4602.903066,1,9570.195968,30.60746193,9.110171318,2,320.0828857
17057,252.2070313,33.0078392,28.29904175,9.766867638,7.069895267,830.797919,1,728.6646144,37.1914711,10.1401577,10,325.6028442
17058,125.1804352,30.68087196,22.11332703,9.442260742,6.356148243,4819.069701,3,12383.58498,30.90365219,8.37282753,4,268.1962585
17059,62.30302429,29.59547424,17.57131386,8.406178474,4.705386639,4308.474096,3,12542.52018,22.66124535,7.209203243,4,114.1997299
17060,172.0119324,24.84302521,15.48186302,8.549221039,5.227639198,2133.7526,3,2192.894366,23.65255737,8.418930054,4,72.84187317
17061,115.2367401,49.29803467,28.6278019,9.244774818,5.202232838,3023.751005,3,29098.14529,21.95118332,8.704796791,4,309.8055725
17062,95.87515259,28.19454765,15.19147491,7.610548019,4.319322109,3748.206325,3,29082.84151,18.73089027,6.252280235,4,123.9062805
17063,38.08862686,26.2425499,15.74675941,7.245787621,3.471373081,6124.788929,3,11499.44053,17.27834892,5.690282822,2,138.4336243
17064,105.3225327,34.33404541,16.7666626,9.536563873,4.971097469,1301.444175,3,9497.661019,21.6777401,7.771027088,4,199.3845215
17065,109.4707031,34.82830048,18.68166733,9.485402107,5.429789066,1078.956651,3,9276.940398,21.47488213,8.320744514,4,124.2653961
17066,177.404068,26.57865906,15.84153652,8.725716591,5.553104401,3751.722527,3,9274.973058,24.70618057,7.969748497,4,266.3785095
17067,83.48387146,27.04743195,17.65501404,7.772122383,4.57721138,6701.332044,3,15699.34638,20.69122505,8.78459549,4,228.9646606
17068,99.50920868,33.09736252,15.52001381,10.56223679,5.322452545,1533.648957,3,26753.23717,25.27692032,8.708827019,4,215.2057495
17069,131.9305573,31.37577629,20.86438179,8.03418541,4.985357285,5135.380256,3,24220.86121,20.02541351,7.990675449,4,226.2188721
17070,41.33690262,23.17389297,19.98981476,7.042149067,5.065730095,4591.320671,3,23531.26319,27.53129196,6.052965641,5,80.52919769
17071,125.430954,31.51205444,21.26123619,8.019973755,5.897572994,6038.457987,3,20979.2331,20.52089882,8.673086166,5,81.94488525
17072,158.0737762,30.85545921,21.41010475,9.857889175,6.21461153,2027.335861,1,8017.215966,29.63370895,9.129724503,4,298.0907288
17073,107.3559647,35.52819824,23.17397118,9.319159508,5.316925049,2333.373832,3,2689.862887,22.70238495,8.185331345,4,295.0115051
17074,99.24233246,24.44764709,15.44379616,9.064694405,5.141477108,6366.530414,3,16860.57334,24.11044312,9.252756119,4,190.3298187
17075,62.19227219,20.47048569,12.39330196,5.176870823,2.941884995,4527.163116,3,32454.22486,14.54061222,4.742567539,4,187.9726868
17076,120.4067383,21.43501282,17.15045929,5.376028061,3.151530981,3921.060279,3,31188.62245,18.68273544,5.624746799,4,46.12330246
17077,105.3705826,26.09333038,15.50002289,6.834062576,3.843870163,4051.2908,3,29961.56417,18.32242584,5.643769741,4,128.4537048
17078,95.68971252,25.77529716,16.84944153,7.427268505,4.052992344,3887.914125,3,29348.44433,19.20112991,5.935778618,4,169.3460999
17079,62.41664505,29.96176529,18.23173523,7.42404604,3.911790609,3572.210033,1,24944.39855,20.28294182,7.173424721,4,293.8387451
17080,52.48112106,36.07368088,16.71073914,8.016282082,4.053798676,6217.184506,3,22284.65509,17.45436859,7.104512691,5,155.0597076
17081,209.8702087,18.57997513,11.45627117,8.514737129,4.910880089,614.9965059,3,4916.751495,32.35728836,9.087654114,4,215.2795868
17082,118.5422516,41.48075485,30.01912308,8.981143951,5.379441261,1616.075921,1,7628.859067,28.197649,8.262584686,4,41.82017136
17083,78.77270508,47.95716476,30.37784195,7.682088375,4.326178074,3764.317869,3,28577.59665,16.39710808,6.548694611,4,22.01128387
17084,56.12276077,12.63525677,8.580245972,5.791302204,4.437038898,4760.806594,3,23450.08549,23.53755951,5.846671581,5,98.13010406
17085,78.0040741,40.12258911,24.56386948,7.442564011,4.522762775,6010.84229,3,23199.68988,16.01952553,6.739434719,5,74.74488068
17086,26.85349846,30.45027733,21.16744423,13.645854,6.195607662,1420.832834,3,18212.87414,22.62433052,8.664233208,2,191.7194214
17087,70.39424133,40.55673218,19.21079826,6.594536781,3.700723171,1132.833883,3,18731.30827,13.48614311,5.968771935,2,94.03826904
17088,167.1109467,17.89951897,11.46780205,6.691092014,4.060541153,6653.428104,3,11930.74974,25.24352264,5.826495647,2,104.5001678
17089,164.1906128,21.15037918,13.65774536,9.715533257,5.839696884,5644.9994,3,10508.57789,32.10160828,8.636216164,2,147.3194427
17090,260.9432373,21.20884705,15.59997845,10.06671333,7.15288496,1371.395547,3,4073.999369,34.37609482,9.540838242,10,95.73773193
17091,199.6707306,23.88082504,14.78354645,8.870205879,4.867996693,1596.057594,3,5631.661943,28.30204391,9.756293297,4,103.2498322
17092,151.6844482,36.39741135,21.03041077,9.664194107,5.638513565,4873.135059,1,10540.65982,30.5098114,7.187977314,4,286.1147156
17093,59.74676514,50.82445908,27.48064041,11.52483559,7.074616909,4433.177738,3,19200.62863,31.07043457,9.998049736,5,63.43494797
17094,131.3082428,46.91844559,28.96835899,7.351340771,4.047764301,5074.59565,3,20288.78029,16.08271027,7.488045216,5,113.0728836
17095,77.62078857,27.45676994,24.73789215,9.323107719,6.052065372,4343.711409,3,19902.11028,24.97966766,8.17418766,5,278.1300964
17096,258.5482483,42.62253952,27.68919373,13.93275261,8.559281349,356.1342649,1,1239.287896,41.55485916,12.3658123,10,315.9142151
17097,214.9543915,49.5201149,31.63009453,8.880328178,6.183931351,920.3797158,1,1031.227178,33.47047424,7.267850876,10,14.39764786
17098,111.4154205,27.16348076,18.03105927,9.670934677,6.042926311,356.352511,3,6292.640983,25.28482819,10.11622047,4,244.1601715
17099,167.4871368,39.23233414,26.98793221,9.642636299,5.677708149,3771.140289,1,9423.379251,30.355793,8.704913139,4,284.7909546
17100,100.922142,32.94359207,18.6354866,10.98798275,6.015333176,1532.605322,3,9730.102421,26.24725342,8.273300171,4,88.78112793
17101,148.8734436,46.09006119,28.04866219,9.383341789,4.966001511,3260.425205,3,1631.802144,25.98559189,8.224711418,4,90.66610718
17102,110.1644135,50.59001923,29.53453636,8.858422279,5.064113617,2633.533599,3,2368.774835,25.36164284,6.819375992,4,35.53767776
17103,83.83080292,25.69534492,20.12622833,11.83970737,6.043222904,1747.214058,3,26754.65081,28.48205376,9.852521896,4,173.7580872
17104,102.1471252,27.99170685,17.18769073,7.086256027,4.319903374,3581.941803,3,28216.26212,18.9530735,6.606769562,4,83.6598053
17105,171.5621796,19.11709404,11.63840866,6.34346962,3.923033953,4317.712212,3,24549.24374,23.85294342,6.996495724,4,274.7247925
17106,7.507320404,62.36595154,11.55825424,7.416223049,3.268034935,1544.521901,3,18320.96644,11.2611084,5.258699894,2,34.38034439
17107,58.26906967,26.71774673,17.49396515,7.902409554,4.21870327,6596.483325,3,16302.39455,22.17082214,7.845537186,4,135.7639008
17108,74.878479,23.42964363,16.33662987,7.201079369,4.589430809,5475.32853,3,34323.29326,18.05853653,8.012787819,4,178.2285309
17109,69.81591034,22.83963203,18.14115143,8.60809803,4.686860085,3831.176436,3,25336.7725,23.73808861,8.279854774,4,257.1005554
17110,162.0111237,19.49550247,12.29658985,6.449072838,3.310374975,4077.819684,3,24627.08427,22.89249611,6.095803261,4,249.6826324
17111,57.3888588,32.18490219,17.60470009,7.558949947,4.134737492,5737.121574,3,22786.59453,16.86693192,6.388562679,5,161.5650482
17112,49.12504578,42.02438736,17.61039925,7.0097332,3.974416018,2845.496916,3,18562.70423,11.08412361,5.504094601,4,176.4710846
17113,20.63099289,39.1739006,18.70407104,11.17318916,6.55234623,1109.873907,3,18291.58615,16.90790939,8.009835243,2,152.5924225
17114,40.61182404,55.87281418,23.82881355,11.6739912,6.347321033,1293.204147,3,18543.46634,19.01009369,8.240306854,2,89.6505661
17115,19.90004349,65.90666962,16.96008682,11.5630064,6.030437946,569.3198343,3,18140.40802,15.49906921,8.404175758,2,69.77513885
17116,125.2746658,27.71831131,15.92812634,8.603150368,4.706323624,5334.293179,3,1360.989473,21.75775146,6.744521618,4,188.3658752
17117,113.6936951,28.43267632,17.64582443,10.06921482,7.414568424,1361.612208,3,6954.66202,22.94105339,10.30619717,4,167.0053864
17118,77.21076202,32.82569885,18.50401878,9.557502747,5.00178957,2207.356913,3,18605.97553,21.44644928,9.129940033,4,99.78240967
17119,74.80955505,52.74275589,24.39226913,10.45065117,4.847393513,2153.94837,3,18825.85731,21.06319427,8.788805962,4,54.09044647
17120,59.77846146,32.35876083,21.79335594,8.772195816,5.255859375,1880.41387,3,18778.25247,19.74004555,6.881635666,2,68.86741638
17121,121.352417,23.13814354,18.1974659,13.92915726,8.968782425,0.161476276,3,1875.001617,38.43091202,12.35240269,10,161.3010254
17122,117.0555573,31.39446831,25.31957054,16.87643242,9.802568436,302.2329889,1,2022.055227,42.1225853,17.75660324,10,335.7375488
17123,53.37596893,28.79932594,22.57928276,14.17511654,7.187903404,49.00411609,1,1733.124905,34.19861984,11.09776402,10,336.6950989
17124,79.49687958,33.1055603,16.77741814,7.561578751,3.868459225,859.8893979,3,9051.037076,18.39236641,5.537860394,4,206.25
17125,75.08545685,29.411726,15.65947533,8.639648438,4.859174252,3638.595541,3,697.9277902,20.80583382,8.053949356,4,126.3913422
17126,132.9038086,27.59802628,15.85802269,8.346233368,4.826582432,5254.31387,3,20534.54021,22.98575211,6.73171711,4,145.1246643
17127,86.92484283,21.88266563,14.12447929,5.514191628,3.226284742,5870.761663,3,19448.80344,16.93602562,5.365287781,4,216.8699036
17128,238.2226715,27.42572594,16.53635597,10.84161758,6.840972424,1299.236361,3,5472.181103,31.07411957,11.81766891,4,76.32868958
17129,125.9884872,39.54436111,28.05052185,10.44954395,5.972701073,4764.686399,1,10268.04684,31.74785614,9.04582119,4,32.00538254
17130,34.1283226,36.99573135,17.38784218,12.4603548,5.106969833,3176.659629,3,22469.93577,23.69752693,9.303039551,4,166.8796082
17131,93.10548401,28.57166672,16.43185425,9.26626873,5.566383839,291.1579488,1,25476.91873,26.92527008,8.273923874,4,280.9227905
17132,86.49827576,27.64919281,17.80003548,9.723884583,5.680747509,1037.509186,3,26011.91162,24.72318649,8.726279259,4,179.6048584
17133,92.94245911,32.46874237,22.99213409,6.620944977,4.262495518,5304.085082,3,20278.99176,17.10320854,6.587038994,5,62.35402679
17134,109.6038361,25.88485146,15.70353794,9.474794388,4.763610363,3024.270177,3,1535.744633,28.82239723,7.800355911,4,129.4813385
17135,97.70932007,36.30466843,27.84004211,9.975743294,6.132845402,2461.363061,1,23156.8261,29.05640411,8.752724648,4,323.7717896
17136,38.98086929,47.93323517,21.85061836,16.46701622,7.58498764,116.1138876,3,25040.09397,22.86028099,16.03371048,4,94.76364136
17137,304.4544373,51.01291275,30.98880768,11.60645103,7.983533382,947.8499025,1,1071.120442,38.66553116,10.33248425,10,340.577301
17138,236.0397034,26.87805939,16.93013191,10.95475483,6.530003548,5382.545728,1,10140.52326,32.05078888,9.8113451,4,178.6677856
17139,48.38869858,30.33616829,16.43907738,10.82840252,6.266049385,299.4354069,3,6183.101469,23.84407997,8.314437866,4,224.6952515
17140,47.1340065,33.74845505,13.7141943,6.739784241,3.669907808,662.5484631,3,6549.357333,18.03514481,3.153532267,4,256.4295654
17141,94.75071716,28.75247765,18.02759552,8.145425797,5.455228806,235.4395274,3,8417.597311,19.75471306,9.933103561,4,82.56858826
17142,107.4268799,28.37790108,15.58847237,8.865848541,5.26685524,494.2326423,3,7683.611197,20.8735981,8.832676888,4,243.4349518
17143,82.79412842,26.8635807,14.31563282,9.518237114,5.263696194,474.8406676,3,6271.64907,26.48349571,9.042694092,4,317.489563
17144,124.8280258,33.34918213,17.78103256,9.363026619,5.048148155,5530.351087,3,11578.54615,22.89827347,7.472182274,4,283.3165283
17145,133.9243011,24.29624176,14.64699459,6.87621212,4.210512638,6881.376017,3,31737.8435,18.93411827,6.462968349,4,243.4349518
17146,228.0735168,35.63989258,30.06115723,10.29960346,6.12097168,905.8543733,1,2613.587887,39.37551117,8.983080864,10,335.182251
17147,135.0979156,35.01512527,21.74466133,13.64177608,7.879714489,731.2387691,1,2201.925317,39.1696167,11.68898106,10,58.4721756
17148,250.1450043,31.46894264,19.41438484,12.68776989,8.419606209,879.5496021,1,1803.451774,38.68272781,12.00726318,10,281.8886719
17149,205.1370087,25.71619797,20.24332428,9.251097679,6.209664822,391.5523986,1,355.7872098,35.81519699,8.695928574,10,49.02513504
17150,94.71447754,50.58506393,28.33944321,17.23323822,9.612661362,181.1836373,1,905.2706959,38.05512619,13.35149956,10,335.9280396
17151,150.1944885,43.3315773,30.01675224,11.03714561,7.602573395,485.5962301,1,1883.365054,38.53743744,10.92187119,10,29.05460358
17152,15.0808506,39.09266663,13.30782986,11.32299423,6.655603409,154.4775144,3,2616.038946,20.00584412,7.226904869,5,167.4873962
17153,105.8818207,32.25815582,17.83177757,9.285859108,4.998058319,5825.911078,3,2224.977032,22.74257088,7.730483055,4,278.1300964
17154,166.3617401,29.0476265,16.64335251,9.293240547,6.660458565,813.8148418,3,4861.20105,23.58803368,12.85807514,4,94.18491364
17155,136.6207886,29.4498558,16.43330574,8.487235069,5.614089012,213.834161,3,5808.533573,21.30988121,10.11959553,4,270
17156,120.5864105,29.14275932,18.09866524,10.41944695,5.70757246,1212.651074,3,6974.239998,27.67746925,8.4421978,4,299.6304932
17157,93.79290771,25.32307816,16.63300133,7.536379814,4.177062035,6733.038309,3,15334.91218,21.94828796,8.312727928,4,110.8544617
17158,95.15169525,28.10833931,15.87270737,8.924500465,5.080983639,3807.085101,3,21908.21773,24.65572929,6.491794109,4,153.259201
17159,115.1347656,44.33681488,28.49585342,9.296904564,5.834432602,3543.086732,3,21722.17713,25.50689888,7.974442482,4,60.04274368
17160,27.46181107,64.7716217,22.89065742,11.53372574,6.309019566,3071.644206,3,22450.17749,25.27794075,8.051040649,4,347.1957397
17161,254.2982025,28.86720467,23.96397018,8.105520248,4.20894289,1241.713605,1,4876.922196,35.05226517,5.576746941,10,38.76551819
17162,35.44748306,29.81732941,18.44219589,7.802661419,4.545225143,173.3369655,3,2471.496648,14.97427464,7.60219574,5,167.9052429
17163,89.19296265,47.06279373,26.66817474,10.01379681,5.758044243,4491.683678,3,12409.34655,26.74216843,7.466088772,4,48.65222168
17164,166.1673279,34.81855011,25.04432678,10.60551167,6.292767048,1576.212478,3,4046.411446,30.9717598,8.816643715,4,46.95806885
17165,88.08826447,31.80783081,17.42855263,8.174773216,4.892524719,4657.268987,3,10838.99436,22.13934898,7.351085663,4,256.2958984
17166,50.11408997,29.32877541,16.28465843,10.01599884,5.021873951,3997.094087,3,25269.38188,25.33435822,7.58349514,4,190.065155
17167,73.48249817,29.37694168,17.05537987,6.960552216,3.920922756,5526.681891,3,23682.76803,17.40168762,6.97963953,5,173.8254089
17168,153.2817078,35.41959381,26.82063484,8.384962082,5.60323143,5907.813996,3,20848.52539,21.33708954,9.689454079,5,271.2188721
17169,72.5499115,51.08234406,24.16710663,9.232060432,5.388817787,1134.739356,3,19013.31325,15.50715542,6.95762682,2,100.5608063
17170,366.1539307,39.79186249,28.31621933,9.498988152,5.547501087,1275.275714,1,340.6850042,36.62126541,8.218288422,10,28.24973679
17171,136.3373718,29.77539825,16.81178665,10.19734383,5.488138199,2244.800839,3,3487.76396,25.66373444,7.8008461,4,204.3255768
17172,24.37338829,33.82091522,15.57272911,6.482630253,3.603965044,5650.532018,3,11289.61867,15.3075943,4.183553696,4,263.2338257
17173,96.02056885,22.08889198,16.75238419,6.870922089,4.507079601,6788.652528,3,14420.68469,21.77195549,8.663831711,4,92.04801941
17174,107.4846802,37.4621582,26.18008423,8.839014053,5.126764774,2605.651606,3,22496.15565,25.91021156,7.173732758,4,288.9703979
17175,56.80965042,27.84783745,21.81672287,12.75532627,6.257483959,2000.84535,3,26976.9205,29.0692997,9.72196579,4,177.2445679
17176,77.73536682,36.71308899,16.21812248,7.781469822,4.195134163,4014.966838,3,27394.48045,17.43957901,5.871493816,4,192.9691467
17177,15.68133736,23.37585258,11.40445423,3.933391094,1.932534575,268.3286103,3,5606.799013,8.048226357,2.945455551,4,83.38819885
17178,126.0838089,26.19391823,15.81293678,8.390226364,4.885948658,4332.549647,3,9694.557804,25.02248001,7.258751869,4,142.829071
17179,115.7331467,28.32801628,17.47454834,8.192465782,4.715446472,4694.964836,3,9942.457334,20.70083237,6.924422264,4,269.3701172
17180,102.2038574,26.25806618,19.13232613,9.06342411,5.970029831,6589.988258,3,21719.42375,26.24193954,8.552475929,5,276.9112244
17181,17.35539818,54.1435318,22.80161285,14.15341091,6.836575985,6688.646842,3,22351.03715,17.24334526,9.371746063,5,294.3255615
17182,143.9785004,49.03423309,28.91421127,11.12604427,6.954873562,787.0110745,1,2055.057397,27.97937012,9.417473793,5,45.72817993
17183,182.4048462,27.76422882,22.51969528,8.690171242,5.445172787,1152.919821,1,1896.635211,29.21084976,8.496313095,5,63.07232285
17184,96.72834015,32.85293198,18.70500755,10.11951256,5.879735947,5066.95738,3,3094.472929,22.85323906,8.80259037,4,260.7046204
17185,54.16061401,30.7252903,17.583395,7.081235409,3.912513018,5570.23415,3,10801.79703,16.42483521,6.503682137,4,267.3644409
17186,47.51465607,41.70650482,19.3853054,10.24224091,6.010754585,2145.097315,1,27008.69301,20.96388054,6.565202236,4,322.8182068
17187,448.7391968,29.29998398,22.94159698,10.31110573,6.704668522,2604.365171,1,870.4952336,35.66925049,9.888939857,10,301.7844849
17188,110.2370453,44.79966736,26.72750092,10.25790024,5.754887104,3077.395149,3,22002.3117,27.60762024,7.79428339,4,72.41215515
17189,85.85041809,29.91025162,15.4371357,7.908587456,4.298867702,4522.399765,3,28947.82486,19.10383224,7.289909363,4,126.0850677
17190,65.84279633,26.1773243,18.76519012,5.778494358,4.138643742,5256.469197,3,33922.01198,14.27778053,8.610050201,4,309.2858887
17191,100.6845627,22.06494904,12.60331345,5.902200699,3.208260536,4847.772716,3,32257.93364,18.1397686,4.867129326,4,199.9862518
17192,163.6457825,23.53985786,15.2671032,7.525938511,4.615779877,7139.389673,3,22072.10592,26.78503227,6.692152977,5,263.5458374
17193,48.65394592,20.69442177,15.87049961,10.48321915,5.585019112,486.4665386,3,2085.228412,30.95371628,5.535088062,10,31.32869339
17194,53.56472778,40.24079514,17.0325985,6.80396986,3.817218542,5244.270104,3,10465.57239,12.71638012,5.989696503,4,173.7135925
17195,20.29637527,66.92073059,23.29577255,6.707188606,4.421450615,2491.824586,3,19019.42728,16.76093102,5.126377583,4,341.5650635
17196,59.66561508,33.58671188,25.09451866,10.73969841,6.017503738,399.4429688,3,2790.250774,19.53427505,9.013526917,5,40.5007019
17197,186.6973267,32.12395859,19.4877758,12.81174755,8.846709251,59.30756234,3,3518.796186,29.31326866,13.24247742,4,169.0312195
17198,57.64870834,45.52505875,27.02320862,14.95091915,7.922315121,400.2286232,1,3557.054939,28.67110062,12.40779305,4,65.40988159
17199,6.495461464,54.36149597,24.72949791,3.78317976,2.825232029,3936.086897,3,25607.77171,5.077442169,2.905473471,4,56.91937256
17200,140.3507996,24.79267883,14.40904331,6.102010727,3.590346813,4388.191972,3,25112.21601,21.79368019,6.052373409,4,267.5805054
17201,191.8943939,23.05614662,19.85961914,10.76434231,5.896018982,876.0041101,1,2821.620219,40.00088501,9.232358932,10,32.03549194
17202,186.9550934,31.8375721,16.87462807,10.61272717,5.7017169,1907.960393,3,6347.839181,27.26188087,8.82349205,4,176.3987122
17203,68.53974152,29.17412758,19.1513195,10.70710278,5.652127743,534.9000094,3,25486.77136,26.02871513,10.00002003,4,207.2464294
17204,130.9636841,41.52878952,26.99414635,8.930673599,4.852106094,2051.891219,1,26561.25736,24.64276314,7.130048752,4,299.9315186
17205,143.2758179,40.69880295,28.45322227,8.140648842,4.63765955,2716.847988,3,27054.80599,23.07910919,7.648256779,4,312.8591003
17206,98.18802643,29.51148033,16.13219261,7.597925663,4.315554142,4233.205397,3,26803.72295,20.09097481,6.51663208,4,146.00354
17207,114.7499313,22.60426903,12.45818043,7.780156136,4.54825449,4962.391535,3,24487.52386,23.49610329,7.120244026,4,180
17208,208.7789612,25.61579132,19.99213791,7.638338566,4.395096302,3560.589377,3,19623.10307,22.77469254,7.608426571,5,59.6763916
17209,198.6202698,32.72971725,23.46015358,7.797984123,4.468877792,3479.137309,3,20007.17047,20.42554665,8.47329998,5,64.32452393
17210,114.0774078,37.31468201,29.01250648,9.630937576,6.311136723,666.4366328,1,3054.017228,27.23009109,10.11167908,4,325.5126343
17211,102.7890244,31.52484894,18.90415764,12.68311501,6.710550308,113.6395665,3,4081.460156,28.44449997,10.91491604,4,192.6665344
17212,174.8755646,23.7608223,15.25468826,10.1864996,5.911056995,3283.711432,3,8556.046342,31.76638412,8.99165535,4,131.6964874
17213,63.33407974,26.16646385,14.75520134,7.179775715,3.981864691,4375.313617,3,21170.62976,20.84979439,6.708028316,4,97.76766205
17214,40.27169418,38.11167526,28.6997509,10.09734631,4.488825798,4044.312693,3,21363.54037,22.1483078,8.430047035,4,341.5650635
17215,20.60023308,35.78873062,22.35473251,11.51093483,4.915739059,56.18560965,3,24988.16665,18.75113678,7.364737988,4,269.2064819
17216,85.04051971,35.82178497,25.64522171,6.398004532,3.632924795,6046.747037,3,34380.79487,15.04177761,5.913943768,4,321.34021
17217,32.76852798,33.31731033,22.18606758,6.307600498,4.216338634,4133.602179,3,25805.75614,15.71457577,9.740656853,4,89.04542542
17218,174.9340363,22.50583649,16.96759224,7.022289753,4.978672028,7553.856708,3,22831.84105,23.42045212,8.195037842,5,270.8060608
17219,248.5108948,21.47931671,16.05322456,7.207637787,4.517963409,1238.911718,1,512.2856831,33.29814911,5.695535183,10,64.90885162
17220,113.5382309,27.98680305,18.61862183,6.916624546,4.362147808,4378.152254,3,166.9554175,19.16072655,7.474139214,4,52.43140793
17221,82.39696503,28.23409653,19.39640808,12.20121765,6.868513107,221.1479674,3,24758.24573,27.6875515,14.33022785,4,105.4818726
17222,160.4002075,23.56669998,16.41339493,6.801497936,4.51176548,2922.818357,3,27454.55954,23.15615273,7.201168537,4,277.329071
17223,186.1315308,41.74433517,29.04314232,7.418922424,4.793104649,7451.911627,3,22382.38369,23.81267166,7.361954212,5,310.0151978
17224,51.17778015,38.95116425,26.51750183,5.028277874,2.721070528,6024.620218,3,34797.72366,11.7907114,4.301242828,4,33.40782547
17225,86.20372772,30.01605606,17.06703758,7.000817776,3.725354433,4226.396915,3,27672.26019,17.54594231,5.845881462,4,139.7636414
17226,114.1762466,39.71606827,28.29754639,8.117723465,4.744865417,5040.578768,1,26901.89378,21.56177521,7.359780312,4,320.6306763
17227,89.50335693,33.45640945,21.88173676,7.972336769,5.031410217,4781.855802,3,25690.78978,19.40737915,7.631107807,4,248.8387451
17228,98.99339294,29.15585136,20.33943367,7.46263361,4.81987524,5291.9094,3,26509.49414,21.97873116,6.298769474,4,60.3501358
17229,145.3588867,24.33317184,15.60516071,6.854061604,3.445808172,3578.793985,3,19463.6532,24.74430275,6.759383202,5,71.72159576
17230,219.1697388,39.14614105,28.01909447,8.944108009,4.616034508,2761.125381,1,7197.324267,30.38993454,8.509820938,10,40.03516006
17231,135.4020691,32.8155899,18.04052734,10.99334621,6.069988728,5726.526177,3,11165.99348,28.6004982,8.906667709,4,164.5675049
17232,100.1827469,37.58988953,28.00682068,6.514720917,3.613818169,3948.527772,3,811.7350098,18.84976768,5.378870487,4,18.07231903
17233,103.7099762,32.98247528,24.25481606,10.4536438,7.336087704,7541.064761,3,14111.04013,25.88423538,14.31636524,4,323.3873901
17234,129.6152802,26.36177826,15.38148403,8.023688316,5.340303421,7518.022579,3,13595.72521,22.01804924,9.043281555,4,269.7592773
17235,193.3382874,21.18426323,15.45943165,8.524965286,5.077334881,2528.979166,1,7112.568184,33.71448898,8.138602257,10,90.9495697
17236,421.6867371,44.42427444,30.01207161,9.8133955,5.633212566,2052.892484,1,645.7722884,33.35438919,8.376820564,10,316.930603
17237,124.6781998,38.87001419,28.7691021,10.73119545,6.172842979,584.1825562,1,3678.508471,30.31506348,13.25913143,4,15.75637817
17238,43.67079926,33.74346542,27.14707375,7.931117058,4.503779888,4444.592314,3,220.5399094,24.03129196,8.561766624,4,23.60018921
17239,140.0748749,23.68304062,13.07480431,7.538888931,4.765361786,5302.820222,3,1169.807562,19.80540466,6.65498209,4,262.8400574
17240,106.0978165,33.71273804,23.3971405,7.997410297,4.853435993,7284.407308,3,12515.25202,20.60357285,6.814382553,4,284.1621704
17241,114.4722977,44.17682648,28.43017769,8.377649307,4.909310341,4219.493224,3,20820.25519,23.04576492,7.55923748,4,290.1575928
17242,76.3916626,21.51822472,12.06453323,4.962859154,3.005372047,4959.930122,3,33178.53505,14.1144104,4.89978075,4,126.2528229
17243,225.3305664,47.23547745,28.944767,7.758345604,4.569934845,4772.97071,3,9807.528899,23.99336243,6.246362209,2,37.57588196
17244,273.7602844,19.29983711,14.55747414,7.314630508,5.241303444,3311.18631,1,8152.367966,33.30380249,8.837879181,10,256.3650513
17245,57.82972336,50.5079689,25.54931068,9.48680687,7.119976044,2019.040884,1,6449.847578,36.67176437,5.938752174,10,44.5878067
17246,92.85956573,34.89346695,27.20882988,11.07820892,6.816771507,2230.323256,1,6588.035275,34.33366394,9.597863197,10,57.64215088
17247,408.1553345,28.86199379,20.82782173,10.38539696,6.470922947,2648.779658,1,1371.34396,34.71617126,10.13474655,10,65.44755554
17248,364.9827881,23.47122955,16.13032341,9.096087456,5.673917294,1880.363647,1,573.4338971,36.0920372,7.738545895,10,72.8004303
17249,157.1842194,43.43813324,26.34867668,12.42684746,6.769680977,1049.912849,1,3200.957296,34.29163742,10.23205185,4,319.0092773
17250,90.35250854,40.76237488,26.17747688,15.0600214,7.812320232,475.0143166,3,3811.860617,40.15139008,12.06123543,4,28.31295013
17251,19.85745049,46.79950333,20.36434174,8.758295059,6.141032696,247.9266057,8,4031.996048,12.83590317,5.639586926,4,203.1985931
17252,122.3232498,34.34753418,20.35013008,8.82288456,5.616831303,4530.004942,3,20605.24698,24.41033363,7.864509583,4,68.68208313
17253,9.270787239,22.62829971,12.75624657,5.941849709,3.130591631,4812.778348,3,32931.7069,8.751366615,3.646692753,4,120.0342407
17254,213.1006165,38.95044327,28.33859634,8.454937935,5.06855917,1624.288579,1,2196.868525,26.4799633,8.567240715,5,50.90445709
17255,35.08848572,41.33184814,20.21377945,10.55177116,10.61470222,315.1139464,3,18533.12031,16.12061882,14.18435764,2,71.56504822
17256,123.5301666,32.91817856,20.37341118,8.251070976,4.979903221,5127.470031,3,20291.16569,24.47769547,8.461057663,4,54.27260208
17257,136.6256256,30.03854561,17.93253899,10.34861851,4.990008831,927.3820902,3,24082.84381,25.39263153,7.406805515,4,145.1755066
17258,97.05123901,30.9382267,16.41251183,7.699073315,4.263542175,5092.966055,3,25407.16249,19.26101875,6.902031898,4,196.3895416
17259,95.03070831,36.11923599,24.96315956,7.427035332,4.062823296,2160.234252,3,19185.48784,16.89163589,5.196276665,4,66.80140686
17260,124.2058716,26.55113411,12.21265507,9.030858994,4.279849529,6476.302625,3,11601.65162,26.92269516,6.505409718,2,166.0790405
17261,186.8230133,22.5277729,17.21494865,7.915813446,4.736847401,4634.83283,3,9675.457203,26.62445259,6.93421936,2,94.39870453
17262,224.3587494,21.82289886,15.04341984,8.374387741,5.039289951,388.8898468,3,4463.721712,30.76447487,12.25733852,4,241.3266296
17263,156.2624054,29.36775208,17.78847504,9.47936821,5.391818047,1302.131084,3,23443.1313,26.26337433,8.316333771,4,165.3791199
17264,118.9864807,28.78911209,17.2848053,7.231027126,4.040750027,1117.204625,3,23802.38104,21.76548386,5.803198814,4,59.2372818
17265,78.27766418,21.43375397,13.35525036,4.612070084,2.930142164,4896.610759,3,31965.02137,13.71968269,4.98525238,4,204.0033569
17266,111.5601044,24.34292793,13.73862648,6.615423679,3.777019262,4403.768094,3,30180.54628,19.14670372,5.340063095,4,79.24903107
17267,123.0463028,25.10038376,13.26869869,5.918363571,3.497811794,4803.888452,3,30596.11507,18.18898773,5.534536839,4,97.65065002
17268,53.82682037,34.70543289,21.01387787,7.439146519,4.072245598,4417.364779,3,29620.02845,16.46944237,5.448338032,4,33.13463593
17269,143.9975586,23.71035194,22.57138824,6.695284367,3.286774874,5451.614075,1,10435.21597,27.71270752,7.520430565,2,311.3255005
17270,163.8592072,39.58543777,26.57932091,10.73056889,5.830276489,1142.820459,1,2931.712488,32.32595825,9.529555321,4,46.93058777
17271,174.3780823,26.39344788,17.69529724,10.26717567,6.241666317,2009.929995,3,7291.81464,32.98020172,9.026208878,4,128.4545593
17272,213.4559174,26.81745148,15.89686871,10.20922947,6.221531391,2383.216598,3,7600.921895,35.31656647,10.13171768,4,245.4975586
17273,172.5869293,24.70439529,16.31186676,7.755455494,4.549096107,4684.059211,3,17803.00023,22.4434433,7.591485977,4,225
17274,145.56633,38.02149963,19.40727997,10.82530403,6.387688637,1758.805895,3,19442.7391,19.78068733,8.742609024,2,117.4515839
17275,99.80783844,19.58947182,11.28618908,9.072299004,4.653347969,6352.590235,3,11314.56967,26.08986664,7.593269825,2,108.5383759
17276,122.0527725,50.39402008,27.61181831,8.70637989,6.311962605,6086.800976,1,10925.27096,25.77427101,9.57856369,2,47.20259857
17277,191.6794128,17.45068169,15.60394001,6.778671741,4.942023754,1972.277135,1,6141.408995,35.76900864,6.385842323,10,266.5935669
17278,177.3324585,27.07814217,15.73928642,9.094222069,5.101943493,407.4115047,3,6749.374323,30.55416298,9.12887764,4,215.9806824
17279,247.4884949,28.05778885,15.58621025,8.668981552,4.911201,365.8801416,3,6341.146489,27.1623745,11.54216671,4,232.1250153
17280,161.361908,37.80538559,24.91589546,9.432940483,5.596158028,3246.265585,3,11451.08932,27.80513191,8.196647644,4,53.48894501
17281,126.4836273,33.44416428,19.77512741,8.068610191,5.443717003,4036.544586,3,333.5639164,21.36147308,11.67731094,4,72.40579224
17282,98.91287994,22.23562622,13.90669727,5.700936317,3.877004623,5394.675842,3,18820.86818,19.17835426,5.625460148,4,98.54995728
17283,139.2406769,24.99804688,14.86669636,6.740041733,4.086881638,5531.185232,3,31981.36053,18.79747963,7.007212162,4,156.9911194
17284,101.1320724,32.35797119,17.18913841,9.342521667,4.857973576,4049.032444,3,12247.53327,23.07553291,7.553227901,4,178.3578796
17285,53.97540665,25.70578384,16.27307129,7.148184776,3.943250656,6534.788637,3,32860.76978,19.20020866,6.427724361,4,171.2094574
17286,58.67770767,29.00973701,18.31135178,5.088488579,3.194745541,5159.484459,3,33300.15551,12.74011993,4.860564232,4,78.69006348
17287,186.0691071,36.45854568,20.01099968,11.8469038,6.509467125,1425.556276,3,5773.623696,31.9753437,11.69186211,4,33.81824493
17288,139.0743103,33.92699814,21.01861954,10.80373669,6.224455357,5416.423937,3,11275.03204,29.7801075,8.887735367,4,263.1856689
17289,120.7821655,27.68263054,16.70694542,7.903840542,4.730893135,4583.839015,3,11875.7957,24.53326988,7.600440025,4,75.25643921
17290,133.7696533,27.63358307,14.73149204,7.671350002,4.380887032,5159.403254,3,838.2744018,22.08548355,6.910228729,4,228.3664551
17291,69.77169037,31.20730591,16.31318665,7.367206097,3.922184944,6399.392844,3,16447.44038,17.10460281,8.559195518,4,237.9613953
17292,90.07413483,24.64944649,17.35017204,7.84624815,4.716667175,5732.911865,3,15837.4789,22.96399307,8.580648422,4,108.1941071
17293,134.9848785,25.92141342,16.60552025,7.997170925,4.75934267,5493.073375,3,16664.82343,22.00155067,6.986786366,4,169.7184753
17294,182.3164673,26.25164032,19.15613747,8.555599213,5.522991657,4442.500184,3,17347.89872,26.21183586,9.36031723,4,103.9663391
17295,112.3459549,49.94939041,29.38576698,9.941824913,6.068247318,686.1616807,1,25325.75489,27.12163353,8.769765854,4,36.29799652
17296,95.37756348,35.41300201,25.73339081,9.846759796,5.945012093,1505.018484,1,26179.56372,28.58317375,8.917653084,4,326.75
17297,177.5428772,26.67457581,16.02031898,10.52335739,5.671758175,2615.509919,3,3067.838609,25.93200874,9.490149498,4,100.6326599
17298,172.4126892,26.42521095,14.41020107,8.017678261,4.546948433,3058.4316,3,2431.773038,22.46870804,6.316863537,4,155.0452576
17299,151.8768768,28.26176071,17.44678879,9.623211861,5.360632896,557.7693978,3,24980.28878,27.28458977,10.53823853,4,276.34021
17300,183.1586151,40.30712128,28.90036774,9.285346031,5.231378555,1596.072292,1,25706.0374,27.33394241,9.142225266,4,36.42057037
17301,114.8161392,50.15760422,31.25294304,7.531424046,5.145566463,3376.869535,3,28082.18191,20.83652878,9.488942146,4,25.50556946
17302,100.0113449,24.13717651,15.32214069,8.136697769,5.141980171,225.7316338,3,24384.90027,26.16993332,9.374237061,4,94.48460388
17303,56.83653259,54.55715561,27.59975052,10.80331421,6.264210224,4459.726186,3,29294.29075,21.54391098,8.56854248,4,21.43492508
17304,90.40264893,28.5520916,17.11881447,9.159800529,5.179422855,3902.427043,3,28579.71481,22.9284935,7.084932804,4,171.8699036
17305,163.7877655,40.19126892,25.80539322,8.853434563,5.613960743,2005.547033,3,19756.99539,20.03935623,7.976909161,2,71.56504822
17306,69.25910187,44.15212631,27.02571106,9.325540543,5.832556725,6443.447045,1,11264.78978,28.46497536,9.197728157,2,325.3048401
17307,121.978508,35.5553093,24.68824387,10.73192596,5.930447578,7353.103362,3,13459.85186,26.47776413,9.657076836,4,305.9723816
17308,83.84345245,32.62718964,22.93138504,7.598505497,4.821291924,6708.324383,3,33187.37436,17.82785606,6.548129559,4,316.0323181
17309,110.662735,33.86917877,19.74341011,7.092374325,3.923134804,5268.266638,3,30450.16501,18.9443531,6.523815155,4,77.82854462
17310,22.80547905,39.59549332,34.16238785,5.424172878,3.908759594,647.328775,4,2881.8599,13.91192436,4.517661095,5,347.2382813
17311,205.6698608,31.79481888,19.94659996,8.089271545,5.0522089,1980.02396,3,20046.18751,19.195961,7.191684246,2,85.60129547
17312,230.8672028,26.19298172,15.51947594,9.509466171,5.808412075,890.5298645,3,6612.022207,27.49855614,9.149115562,4,206.5650482
17313,84.01615143,22.59306145,15.03048038,5.465152264,3.116031647,5834.113502,3,33908.25419,14.68644333,5.321915627,4,198.0664063
17314,63.93474579,32.24711609,17.97227097,7.771481514,4.49876976,6585.88493,3,21551.45022,18.84080315,7.014874935,5,108.9045715
17315,137.5330505,41.52641296,26.70191956,9.191628456,5.173259258,6957.301171,3,21922.56511,22.16316414,9.148452759,5,47.40366364
17316,105.3462982,29.53246498,23.8512249,8.063231468,5.228085995,7107.156061,3,22328.95564,23.4538784,8.789008141,5,266.1859131
17317,101.1845627,24.14601326,17.3567543,6.394182205,4.026241302,7428.360926,3,22364.91695,19.57130623,6.485109806,5,69.47567749
17318,76.33159637,24.01954269,10.63376236,8.057245255,4.001940727,6490.278209,3,11445.38638,25.45636559,7.240016937,2,125.9915009
17319,164.3719635,30.25717354,20.72979736,10.96677685,6.466180325,476.3504002,3,3680.391988,28.09237289,12.25009441,4,80.30417633
17320,70.59783173,27.47901154,17.13724136,10.05669117,6.154626846,5979.707868,3,16718.74678,23.64713287,10.13991165,4,299.0546265
17321,52.66813278,33.80651093,24.79163933,5.761065006,3.683003664,5817.834995,3,34462.04209,14.77941895,9.215413094,4,310.2363586
17322,54.8485527,19.0772171,12.90984154,5.844763756,3.208706856,5753.096931,3,34032.36854,14.93103981,4.981441975,4,164.0949249
17323,93.63632965,22.19841957,14.86098289,5.957918644,3.775932789,5383.782213,3,33175.13965,16.89345741,5.574681282,4,87.45133972
17324,52.75296021,33.98928833,16.64719582,8.238511086,4.711045742,4318.348381,3,27985.76259,18.44343185,6.192501068,4,187.4314117
17325,34.14273071,30.3483963,19.47083092,10.37933445,5.880364895,4570.090709,3,28359.93329,20.61933517,6.73266077,4,39.28940582
17326,236.5493317,50.82909012,28.78910446,9.459586143,5.374527454,7146.17743,3,11493.07163,23.09025764,8.194316864,2,281.3733521
17327,141.0774994,32.24729538,21.17198563,10.87541676,6.698469162,1214.497415,1,2158.470239,28.47131157,10.84681988,5,281.5346069
17328,152.8572388,28.72542381,18.09683609,8.907979012,5.230713367,3473.9664,3,8760.697983,22.86293793,7.907798767,4,207.7585449
17329,85.40452576,25.81496239,15.82245922,8.532375336,5.144072056,5502.989343,3,16141.53199,24.87858582,7.662043571,4,252.2081299
17330,53.23572922,27.81189919,17.82504272,6.641858578,3.586903095,4689.378074,3,27726.21169,17.19665909,4.834170818,4,179.2397003
17331,193.0930634,18.14058876,11.62395954,6.798441887,3.890232563,7162.376694,3,12004.46609,24.29573059,6.002587318,2,116.2742157
17332,110.7422943,33.21989441,18.38534164,9.108359337,5.165202141,7103.201053,3,31894.06512,21.46317291,7.880937576,4,177.3974304
17333,104.7688751,42.49139786,27.49985504,7.535888672,4.515629768,4631.949888,3,29082.44766,20.64197159,6.206376076,4,35.21759415
17334,31.32919884,22.02110291,13.46683311,6.726800442,3.870540857,6711.097974,3,11621.38019,20.60217476,5.796749115,2,23.58909607
17335,195.3424072,21.94299126,19.16844177,6.307571411,3.828112364,7300.906422,3,11523.87992,26.1827755,6.11646986,2,41.02750397
17336,189.1303711,52.39064789,29.45362854,10.55557728,5.771589279,2772.422012,1,6463.967178,31.20980644,8.918948174,10,328.8696899
17337,182.7691803,20.90007019,15.2393322,7.963871002,5.36063242,2366.04464,3,6044.819162,33.95010376,6.509925365,10,261.7901001
17338,173.2206116,29.52099419,18.64783287,9.415013313,5.726545334,1182.94296,3,6686.117918,28.78697777,8.103563309,4,264.0132446
17339,155.162796,25.18628693,17.23707199,7.602732658,4.31394434,1876.91926,3,26084.30537,24.80563164,6.9731884,4,283.9209595
17340,104.9365234,40.9107666,20.92045212,10.06836796,5.636909008,4567.772,3,28770.16299,20.99600601,8.255050659,4,55.98737717
17341,39.78795624,33.32177734,21.59489441,10.00620556,6.301017761,6720.599619,3,23621.19268,19.51321602,9.951657295,5,201.0375061
17342,43.81487274,34.16989136,19.44879341,5.947630882,3.241827488,5788.954147,3,24102.35165,12.57489872,5.26902914,4,72.8972702
17343,192.2670441,22.57316971,16.17119026,9.293966293,5.327866554,355.2288579,3,4168.180342,29.46966934,11.99191189,4,206.9752808
17344,253.4483337,31.20876122,21.63027763,9.733119965,5.863368988,5700.039532,1,9991.224757,31.48689842,8.239097595,4,294.5073853
17345,26.09447479,31.28808784,19.81694794,8.490421295,3.982336521,6336.380265,3,11297.18367,19.22999954,7.071089745,4,222.4862823
17346,38.14809418,33.95316696,18.15112114,9.02277565,5.977781296,6588.16036,3,11531.84818,21.95436096,8.798768044,4,187.8152924
17347,97.27550507,30.84353065,17.8241539,9.366871834,5.837052345,2476.0259,1,6766.843689,31.89990425,8.62413311,10,68.23243713
17348,215.6701202,28.41074181,12.99249268,8.458591461,4.352350235,490.6054697,3,6659.503158,29.60190773,9.989215851,4,274.9761658
17349,160.7272186,30.47023964,17.55060005,9.84403038,5.838764191,4011.586283,3,27735.296,26.48955345,9.368765831,4,137.4851074
17350,98.22881317,28.11164093,17.60571671,9.736251831,5.853260994,5693.726773,3,29626.26946,26.39414406,9.391741753,4,251.9588318
17351,80.23854828,27.69021034,19.11635017,10.43713665,6.554848671,5192.59906,3,29109.16159,27.24120331,9.03574276,4,96.23819733
17352,39.44272614,36.02879333,23.32708168,5.621810913,3.484988213,6531.185299,3,24488.93157,11.61765957,4.99118948,4,80.53767395
17353,36.33835983,50.10477829,24.81528473,6.715177059,3.513083458,6670.518184,3,24276.69125,12.41313553,5.357383251,4,290.6954346
17354,204.2242737,27.69263458,19.97704697,7.697596073,4.257159233,3464.94153,3,19757.37783,22.47648048,8.060632706,5,65.03101349
17355,98.24505615,24.87913322,18.32747459,7.201801777,4.188506603,5825.337788,1,10720.18012,28.28515625,7.134682655,2,51.48307419
17356,80.57094574,35.74764633,18.91689873,9.855523109,5.187186718,1642.134676,3,9826.522948,23.40153122,6.964315414,4,148.9604492
17357,18.53317451,48.41229248,18.40362167,9.596498489,4.993944168,1087.637963,3,9264.631222,15.52842712,6.394338608,4,165.1108093
17358,77.75325012,44.45237732,24.81134033,10.79643536,7.636544704,5697.311239,3,10634.82615,24.39817238,11.93248367,4,292.0112915
17359,81.35529327,23.81279755,15.86235905,7.851231575,4.340684891,5667.145193,3,15404.12489,21.7866478,8.051790237,4,201.0634766
17360,112.7257614,22.32952118,13.73824024,4.77123642,2.723553181,6001.012723,3,31923.60547,15.29454041,4.460582256,4,243.1780243
17361,98.70617676,34.73555374,23.53384018,6.118100166,3.401276827,5031.28807,3,30591.6022,16.28126144,5.682955265,4,57.22512436
17362,50.82725525,30.70758629,18.88723946,8.177889824,5.238025188,6962.407301,3,23110.11904,18.88765144,7.444648743,5,85.60129547
17363,121.4175644,25.60231209,20.7593441,7.790033817,4.771782398,5673.294557,3,10703.2361,26.83579826,7.423998356,2,288.1633911
17364,199.1343231,32.70373917,19.18049431,9.153331757,4.718785763,1289.25005,1,2800.592949,36.23886871,7.283670902,10,81.76438141
17365,273.5761108,26.06361008,15.53758812,10.13782597,6.651004314,1570.650043,1,1892.59272,37.16299438,8.287773132,10,259.7041321
17366,64.23773956,20.15292549,12.46150112,10.86490345,5.087474823,948.8821681,1,2750.844733,37.95661163,8.663237572,5,333.1092529
17367,119.5508423,31.23905754,17.72722054,10.82125473,5.906314373,3377.193736,3,11563.99352,27.36779404,8.915575981,4,163.7684631
17368,66.25774384,39.43357468,19.9745903,12.90465832,8.503534317,5627.923054,3,10696.941,21.86018372,11.53182411,4,198.4349518
17369,187.1611481,24.91472054,15.85076618,7.539591789,4.518000603,7437.077411,3,12896.11411,25.15344429,8.292672157,4,237.0507813
17370,70.157341,23.06329346,13.08564758,7.260826111,4.622570515,6644.776868,3,14912.43764,21.00259399,8.391950607,4,194.9816284
17371,108.738327,29.20379639,16.40702248,6.276536465,4.129675388,5764.261859,3,14866.51751,16.17706299,6.958940029,4,75.28382874
17372,148.1921844,27.82910347,16.8841629,8.364822388,5.686406612,5244.135234,3,16745.32707,23.41057587,9.243270874,4,254.9816437
17373,214.4321594,27.30290604,25.55979156,7.449197769,4.545126438,6750.016708,1,11445.31041,27.73547745,7.277130604,2,313.02771
17374,252.0851288,26.57444572,20.63921738,9.763037682,5.831440449,1777.519915,1,2911.715807,36.06093216,8.870416641,10,61.77947998
17375,128.2586975,32.00531387,23.3564949,8.674143791,5.485273838,1990.661184,1,2142.895252,29.19421387,8.149004936,5,285.3560486
17376,98.57201385,27.21502876,21.36891747,10.83489323,6.32140255,1296.655002,3,9474.935222,32.19534683,8.912901878,4,33.61507416
17377,58.45592499,36.89928818,25.15779114,10.5225153,6.503971577,6659.484946,3,11522.44355,27.67987251,9.324540138,4,326.8676758
17378,166.9376831,34.30211639,24.33690453,9.171116829,5.255270481,7098.421161,3,12711.54064,24.7120533,8.83125782,4,305.0852051
17379,155.9092865,34.82994843,19.89969635,10.46887779,6.421838284,4237.175968,3,27903.44493,24.42435455,8.933274269,4,221.8201752
17380,74.12129211,27.87966728,16.04495811,6.126564026,3.520480394,5885.196507,3,24852.42161,16.23891449,5.402397633,4,248.9624939
17381,32.757267,42.79922485,16.05534172,8.387620926,4.583614826,379.757223,3,7822.849246,16.91234398,7.907075405,4,271.697876
17382,96.16895294,39.80346298,26.00061226,8.184762001,4.702522755,7807.959598,3,31714.34072,19.94809532,7.29985857,4,315
17383,208.534317,21.34920883,19.61581421,6.569959641,3.90063858,6861.486379,3,11576.06451,26.68782425,6.148765564,2,69.48667908
17384,169.9033508,26.45785713,18.25807381,8.746322632,4.879802227,2943.597324,1,7265.522921,32.52556229,9.169021606,10,92.89460754
17385,34.07709885,41.09366226,26.22078705,10.29871082,7.105210781,2478.210882,1,6639.971734,26.15123177,7.74486351,10,302.9138184
17386,135.6983948,25.79314232,16.86315346,10.31332684,5.845393658,2688.150352,2,10869.76823,28.86316109,9.033536911,4,131.4595184
17387,108.9183044,42.96981812,27.72322464,9.775992393,5.591094017,2316.450617,3,10502.07186,24.78479004,7.988029003,4,296.8109741
17388,69.65575409,36.01622009,18.23080826,8.43824482,4.432675838,541.2565047,3,8718.287564,17.73219872,6.703503609,4,153.7780304
17389,112.6600952,30.86404228,16.01858711,9.12644577,5.294185162,613.4812584,3,7615.525305,22.93686867,8.202281952,4,237.4894104
17390,112.9278946,26.76151085,17.69642258,9.373747826,5.068024158,1738.702643,3,3793.239581,25.02479744,8.268866539,4,179.0909576
17391,104.6520538,26.56946754,16.42224884,8.46765995,4.98131752,3654.40268,3,27537.61952,24.81579971,7.3341465,4,232.3051758
17392,105.6514282,30.07104874,18.06866264,11.08987617,6.337662697,4724.063213,3,28612.38796,27.88939285,8.715355873,4,209.0545959
17393,35.02905655,35.93547058,21.70798302,11.08199024,5.978152752,4679.871332,3,28037.31254,19.61567497,6.989729881,4,189.4172058
17394,98.28525543,37.31987762,28.98777008,8.939785957,4.964406013,7182.854311,1,11870.69212,27.52510071,8.436189651,2,323.8612366
17395,311.9967651,19.0735836,14.58462715,9.442427635,6.249242306,2248.827319,3,5040.736456,33.16149139,8.822799683,10,124.3803406
17396,82.84822845,43.21652603,28.26982117,9.864056587,6.226367474,1690.889491,3,9868.158236,26.78814125,9.037446022,4,322.9696045
17397,99.36799622,41.58707047,27.18222237,9.962157249,5.977549076,885.5796261,3,9075.400515,22.11276436,8.994544029,4,73.61045837
17398,49.00600815,35.94158173,26.47077751,8.810395241,6.403407097,6209.351157,3,11108.71192,25.79879379,7.81153965,4,38.86274338
17399,87.21961975,44.40057373,27.03570747,7.885872841,4.257545948,7040.39198,3,11801.02176,20.50097275,7.533715248,4,298.9797058
17400,103.177887,45.98062897,27.23800468,9.540764809,5.202311993,5190.371421,3,28916.2358,18.30948448,7.435417175,4,78.02386475
17401,110.4510498,25.6143837,22.16807175,6.676524639,3.889198065,2957.261599,1,7049.674369,28.67301941,4.918792248,10,42.91674805
17402,60.90765762,32.20433426,18.114048,8.213477135,4.526786327,118.4732158,3,8338.233613,17.24640465,7.679746151,4,72.7913208
17403,47.26031876,30.1030426,12.36492538,5.787042141,3.225155354,6079.312476,3,1924.213684,14.57881165,5.33945322,4,248.0161133
17404,97.03276062,34.56634903,18.11165619,9.967467308,5.296052456,6411.357684,3,30245.91116,24.06005859,8.515872002,4,152.9020996
17405,118.3550797,24.43466949,15.39133453,5.358559608,3.06927371,5071.760517,3,29158.60532,17.12703323,5.607615471,4,74.22315979
17406,81.14892578,29.53217697,21.58687782,6.703998089,4.656085968,2687.517243,1,6693.417648,31.24682808,4.849171638,10,292.7825623
17407,73.7527771,27.77388763,15.90002251,9.022788048,4.94984293,5607.663978,3,2459.478868,21.60216141,9.569933891,4,192.5288086
17408,82.27176666,27.18080711,15.05347443,8.28249836,4.985707283,4698.014922,3,9815.313374,20.68593979,7.749364376,4,213.2614288
17409,44.51794434,29.93538475,16.65022469,9.427018166,5.455882549,4967.166225,3,9988.555636,23.95473099,7.90723896,4,233.5331116
17410,86.11663818,41.23670959,25.82209206,8.706764221,5.021362305,6094.337984,3,10797.40603,21.86100388,8.320501328,4,67.86210632
17411,147.5035706,21.96251106,13.14439678,5.534828663,3.561909199,5905.237634,3,13969.46766,19.02647018,5.977226734,4,126.5211334
17412,186.6647491,27.60139275,18.05407333,9.18738842,5.544023037,1402.838314,3,23124.59523,29.06159782,8.381278992,4,64.88516235
17413,101.2792511,48.27811432,28.44829941,6.872917175,3.930499315,5343.403563,3,30163.20808,17.22124672,6.119590282,4,316.3646851
17414,48.64209747,25.87158966,18.10715866,7.736405373,4.615016937,4712.302064,3,27524.08682,18.89834404,7.019179821,4,155.2248535
17415,120.8658066,34.49267197,24.79624367,7.545975685,4.131543636,5984.708933,3,28089.56994,20.76597404,5.964964867,4,310.135498
17416,198.0067596,25.64461899,16.76658249,10.18150902,5.783920765,908.693189,3,5189.01144,32.02838898,10.41989326,4,53.55229568
17417,122.2963943,25.18643188,17.36757278,9.592130661,6.220124722,453.4306314,3,5830.116892,23.28897095,10.46852493,4,188.5347595
17418,77.88655853,24.22475624,12.41501045,5.38550663,2.783867598,5184.059243,3,19628.43784,15.90354729,4.222815037,4,209.9037476
17419,75.51539612,20.64827919,13.83588696,5.881102085,3.60264039,6096.407866,3,34383.61585,15.63119984,6.045247555,4,163.1600952
17420,42.5430603,22.13678169,17.8994503,8.503471375,5.316078663,4916.864955,3,28237.21589,24.55517387,5.596474648,4,27.14984894
17421,61.04069901,36.97205734,20.33180046,9.765493393,5.350142479,5039.689538,3,28119.68659,21.89225769,7.722729683,4,31.85550499
17422,143.839859,27.122612,15.17168331,8.083556175,4.53011179,4862.939014,3,16636.71724,25.57090187,7.071802616,4,177.9775085
17423,133.5406189,29.86802101,16.25467682,9.804316521,5.330200672,3477.969591,3,20934.98381,26.23950195,7.749088764,4,174.2256775
17424,170.1286926,26.08562279,16.34729576,9.073101997,5.351615906,1202.094425,3,22735.76583,24.50451851,7.745190144,4,187.5073547
17425,58.07778549,19.26034546,12.40292645,3.945440531,2.493735075,5342.58006,3,32324.75207,17.03160667,3.397398233,4,241.5722046
17426,134.3717346,19.11974144,14.58795547,7.360677242,4.051390171,7763.668173,3,11436.43043,25.4291687,6.539102077,2,106.2046967
17427,117.811142,30.2815361,17.02306366,10.19088078,6.094887257,2011.498457,3,7389.996141,25.51391029,8.783872604,4,198.4349518
17428,176.1824646,26.11319923,17.08561897,8.384352684,5.090584755,1498.570121,3,22332.79244,26.67729378,8.228852272,4,88.49151611
17429,104.3248367,32.26988602,21.14455986,4.934135914,3.429276466,878.3716373,3,19975.88689,9.566430092,6.269759655,2,62.31414795
17430,98.51545715,34.9912529,24.61439896,9.306535721,4.894470692,5489.871605,3,2526.451642,25.19134903,8.09589386,4,300.2044678
17431,133.3413086,23.34928513,13.55434799,6.370287895,4.04107523,5578.229738,3,1069.027408,16.15937614,6.115910053,4,248.8059387
17432,109.2378769,26.60299301,14.63516235,9.270180702,4.923839569,2402.226499,3,21800.73621,26.0051384,7.06170845,4,237.8711548
17433,96.42662048,30.92223549,13.79642677,9.29890728,5.224450588,3382.369161,3,27388.4636,25.93931961,7.113733768,4,160.9743958
17434,96.24449158,29.01709366,16.64902496,8.397607803,4.748289108,7148.59187,3,33365.91192,21.90479469,7.18551445,4,178.8982849
17435,127.4417801,30.95536232,16.9431591,9.452500343,5.096820831,7014.449792,3,34434.10658,23.01599884,7.684991837,4,155.4902039
17436,8.727449417,46.82892609,17.88062668,7.2249403,3.030411482,6389.524077,3,34961.0999,10.0118227,4.617415428,4,65.03395844
17437,116.8402939,22.32322884,15.45219612,6.90696907,4.062417984,6691.745212,3,33983.55294,19.95633316,7.07609272,4,200.3764343
17438,100.8397522,22.67827797,14.99287033,6.328382492,4.072794914,6238.514294,3,33340.5943,19.46502686,6.481843948,4,93.55431366
17439,81.6736908,28.57480812,16.0117321,7.661594868,4.496923447,5951.597424,3,32730.39314,19.71240997,7.261595726,4,221.8919067
17440,14.95094013,49.36858749,16.86056328,11.80024529,6.16168642,5006.266331,3,27852.91532,15.81682396,6.636834621,4,19.70106506
17441,17.42292023,59.18117523,25.38925552,12.80081081,7.126315594,4907.471447,3,27583.95308,20.81175613,10.12696171,4,341.5650635
17442,78.6523819,16.43445587,10.18839073,4.982506275,3.152420044,4901.155232,3,19624.96875,18.16564369,3.553611517,4,248.9704895
17443,126.6772308,30.11484909,16.24094009,9.251304626,4.834242821,7378.554355,3,33768.37389,22.21412086,7.135988712,4,146.9441833
17444,118.1438065,25.99267006,15.28198338,7.008140564,3.924951792,7325.569139,3,34014.62347,20.68712616,5.20265007,4,232.4958649
17445,246.9506073,17.95464516,9.872148514,7.943515778,4.163307667,2518.826438,3,5425.926651,34.70586777,5.774231434,10,127.2348328
17446,74.36483002,26.5794487,15.91956806,5.198111057,2.873880386,6464.539408,3,34681.18148,14.51253891,5.254709244,4,87.91743469
17447,14.46674538,36.07579041,12.51570034,6.541729927,3.068104744,5090.948112,3,27937.9222,13.71035767,3.083194017,4,114.2277451
17448,53.41125107,38.49787521,28.3878212,9.176159859,5.414049625,5197.913354,1,27869.84647,23.28316498,8.377315521,4,317.1004639
17449,123.8023529,33.51434708,24.20107269,7.443200588,4.177928448,5990.679853,3,28361.15941,21.39162254,6.163899899,4,61.92751312
17450,58.10129166,33.94662094,21.08324242,11.27171803,5.707906246,5438.649001,3,25683.10593,23.59132385,8.507709503,4,312.3974304
17451,63.24055862,46.43749237,24.69011879,6.965905666,3.782718897,5798.933573,3,25216.60465,15.61957073,5.076687813,4,329.7967529
17452,123.7714462,27.54298592,20.86604309,8.268099785,5.508381844,4877.156633,3,20311.03765,23.00309181,8.095879555,5,66.6444397
17453,148.1534882,25.69905663,18.8197403,9.359262466,6.317556858,3993.339193,3,8988.181621,30.12846947,8.324254036,2,73.59057617
17454,263.7218933,23.67419624,17.13557625,8.282933235,5.606555939,3738.622222,1,8408.530856,31.99220085,8.761963844,10,254.6591034
17455,220.6020966,24.18644142,14.84123039,10.46422482,6.151463985,1547.37749,1,2967.534976,37.4363327,9.443086624,10,56.09416962
17456,157.0960693,23.55708122,13.78061199,9.196487427,5.314277172,3744.841461,3,8733.197561,30.76183701,7.980176926,4,234.9627686
17457,88.50365448,37.84341049,19.62621117,16.41109848,8.424057961,971.4659955,3,6312.093253,38.15164948,13.82903385,4,166.6672058
17458,146.6082611,24.00478172,13.83859444,9.113911629,6.359763145,5228.65557,3,10061.51976,23.55921173,9.780947685,4,274.1849365
17459,96.43667603,40.16958618,27.08566093,9.388871193,4.750036716,6502.242603,3,11228.7596,26.19748116,7.549072742,4,286.7983704
17460,138.1079102,25.17651367,14.58686733,7.775838852,4.242420197,4541.340915,3,18194.29773,23.52012825,5.929656506,4,179.5558472
17461,110.4488297,24.94677925,20.28813362,7.665358067,4.678889751,5150.893876,3,21384.16162,23.3653965,5.905036449,5,58.42222977
17462,96.64474487,25.79257393,22.63866234,7.597355366,4.569472313,4890.573554,3,21320.03059,22.26923943,8.32797718,5,273.9909058
17463,20.60935593,12.33415031,8.337832451,6.753611565,3.649710894,7515.827574,1,11578.09493,24.45210457,5.926563263,2,19.11297607
17464,103.4422073,26.4872036,20.03602028,6.684673309,3.390628338,8155.727517,3,10927.94966,21.90527344,5.732739449,2,61.11341858
17465,104.0608215,22.34901237,14.22163773,10.43887997,5.836668968,4462.466846,1,9296.664213,31.36709976,7.143306255,2,63.43494797
17466,152.6518097,21.02387619,13.35560322,8.458673477,4.848419666,4585.644505,3,9566.077828,29.62151146,7.59503603,2,97.17466736
17467,166.944046,19.7481041,14.92626953,7.692247391,4.521430492,1245.20718,1,2805.399873,30.92522621,6.813769341,4,67.84620667
17468,250.467804,34.990345,25.1288166,9.595979691,5.157817364,1209.852119,1,2700.790822,33.0066185,7.212206841,4,33.04993439
17469,152.728653,54.55601501,29.49990654,7.482084751,4.29515028,4423.940116,3,375.134679,18.06582642,6.480533123,4,96.49730682
17470,101.2737808,58.99120331,28.04718208,7.607906342,4.559076309,4155.355115,3,786.3783167,18.94932175,6.63660574,4,223.0929565
17471,198.5709076,24.17670441,14.32659435,9.220035553,5.828852177,3573.89068,3,1958.316122,25.34331131,9.162938118,4,84.67120361
17472,69.59155273,27.25135612,18.9427166,8.504919052,5.180790424,228.0313205,3,24064.7767,22.35010719,8.298960686,4,129.2059937
17473,81.25888824,24.15372658,16.45776367,9.794380188,6.177403927,136.011529,1,24281.66311,28.10331535,10.11287498,4,290.0484924
17474,139.6233215,36.05805206,23.38734818,7.54117012,4.613492966,904.4947516,3,24904.992,21.92731476,6.131364346,4,301.1713562
17475,208.8013916,21.99219704,16.47993851,6.306872845,4.106871128,8219.875984,3,23162.35114,22.31268883,6.729556561,5,245.4944458
17476,102.339859,23.14292336,18.71628761,7.126451969,4.338079929,5521.12202,3,21285.05789,22.98805809,6.934595108,5,87.22120667
17477,195.4888458,21.00805473,15.14950562,9.46760273,6.097012997,412.7097241,3,4364.017535,29.64419746,11.95950699,4,209.1691895
17478,136.8106689,31.57366753,17.00836563,6.029927254,3.615431547,5504.721805,3,1139.677351,16.93193817,5.354137421,4,290.3764343
17479,112.6474609,20.57239532,12.41297245,8.886305809,5.471610069,4235.56938,3,1073.611823,26.70946121,7.904294491,4,172.9055786
17480,95.87740326,38.87718964,25.0081768,13.28034496,9.232644081,1589.447882,3,6771.019789,30.26053429,12.71919537,4,285.020752
17481,29.37942886,35.3793602,13.95760441,8.735930443,5.01220417,4372.796625,3,9386.257244,20.93456841,5.76535511,4,187.4539795
17482,128.8477631,22.15608025,13.17601013,4.790960789,2.670014381,5558.521781,3,14534.68764,14.66642475,5.548903465,4,157.619873
17483,16.8612709,46.48089981,15.58931923,9.581572533,5.443347454,7387.680816,3,23572.43855,13.42432404,8.58625412,5,135
17484,26.43721581,51.30249023,24.30572128,9.50258255,4.274733543,7514.588981,3,23707.28317,17.57373238,6.363666058,5,28.93553734
17485,108.424942,23.19351006,15.77998066,8.258026123,4.61162281,7920.895074,3,22885.48166,25.50441933,7.624229431,5,241.5570679
17486,231.8438721,19.31297684,14.48403645,7.065285206,4.62638998,3847.82379,1,8316.434335,32.98896408,6.865618706,10,260.5376587
17487,35.57539368,31.05329323,19.28591537,11.61651993,6.627359867,2411.652102,3,7629.690373,22.28775215,10.34672356,4,184.5979156
17488,73.28826904,46.23170471,27.80253601,10.38183975,6.300435066,3050.666323,3,8144.667386,24.62713051,8.839273453,4,67.90576935
17489,139.8038483,39.69387054,27.25470543,9.725473404,5.252396584,2640.484711,3,7651.799376,22.50422287,7.882695198,4,323.3832397
17490,79.91069794,18.87719917,12.63390446,8.260347366,4.986463547,3749.879446,3,8950.039096,25.48984718,7.854231358,4,196.4768829
17491,28.90467644,45.50188446,22.38857269,15.7101841,6.681048393,3626.784003,3,8702.119635,23.62075424,10.46768951,4,331.4657593
17492,51.49013519,38.23550034,23.29478836,10.3534956,5.437972546,6859.796955,3,23916.64906,21.01504517,8.437716484,5,36.02737427
17493,180.0968933,23.22319794,16.56219292,7.321563244,4.508052826,3714.435681,3,20393.52037,21.07757378,8.715888977,5,74.21128845
17494,151.1105194,19.18929863,12.38756084,6.725096226,3.870755911,3722.164832,3,20557.89077,22.9980793,8.825683594,5,66.80140686
17495,80.50468445,33.71802902,17.62129021,9.370923042,4.800570965,4847.986636,3,3250.302756,19.97353172,7.599796295,4,197.0490417
17496,80.72523499,40.6041069,27.98757362,8.637840271,5.40632534,3946.419876,3,8859.244718,22.66996384,6.845202446,4,319.7636414
17497,32.57314301,34.52316666,22.24897385,8.484871864,5.46770668,4093.196629,3,9117.669928,18.44572639,7.879849911,4,206.1139221
17498,112.3840408,34.36291885,22.48543358,8.284016609,4.576063156,7019.039072,3,30466.63675,20.87895393,7.169064522,4,301.6834717
17499,89.31355286,30.6559124,14.10114002,8.427349091,4.65945816,5870.826084,3,25602.37832,19.92923737,6.697940826,4,238.472168
17500,55.22693253,34.46817017,20.97742271,7.941071987,4.545057774,7283.062804,3,24478.73451,17.23707962,7.438582897,4,107.5020752
17501,98.13105774,37.62318039,22.89930153,10.01766491,5.305127621,4753.409491,3,3273.376848,21.70931816,8.782083511,4,300.4655457
17502,33.68071365,18.73795319,5.488461971,12.55113316,4.478198051,203.8978477,1,24504.36838,29.56689262,7.052367687,4,313.0419312
17503,71.62387848,32.06249619,17.70611572,8.446425438,4.480614662,7620.226426,3,32618.53275,20.02289772,6.820720196,4,93.57633209
17504,116.408699,27.74320412,15.94776154,6.772769928,3.81403017,6505.286523,3,31726.1056,17.87970352,5.774953842,4,244.2900391
17505,132.3690186,28.02552795,21.42512321,9.224685669,4.887861729,3245.395731,1,6882.223132,29.91825104,8.972053528,10,291.5014343
17506,200.099472,26.42076302,17.11550713,12.59160995,7.045244217,2553.296536,1,4592.523176,40.9859314,11.64720249,10,322.4561462
17507,193.0218048,20.65584755,12.59275246,7.483561993,4.331975937,1990.965411,1,981.9839473,30.55243301,7.333956242,10,60.78305054
17508,22.10289764,35.71552277,18.1147747,7.139388084,2.924049377,4354.845733,3,9315.139358,19.88536644,4.976821899,4,293.208374
17509,73.63104248,23.19402122,15.79640961,7.413031101,4.140314579,7420.561608,3,32907.76116,19.46029472,7.198752403,4,193.5231628
17510,73.159729,23.45942307,15.54448032,6.084598541,3.454115391,5363.010754,3,28658.98233,17.5525074,4.77127409,4,110.9810028
17511,163.5066833,34.65420151,26.11993408,6.651388168,3.932830572,6250.034572,3,29547.83219,19.26045227,7.077765942,4,311.423645
17512,58.70155716,27.06111908,19.58917999,6.824965477,3.798753977,5666.761238,3,26045.30924,20.12799072,8.955107689,4,229.6986847
17513,78.43071747,35.25177383,23.15946579,7.063729763,4.002718449,7990.514789,3,24388.78618,17.55901527,7.011054516,4,76.75948334
17514,89.42771149,45.91963577,29.71969032,10.00308895,5.106241226,8080.792891,3,11049.36216,25.84660149,9.26948452,2,331.8143921
17515,171.2418823,33.01300812,25.75152206,7.761878014,4.4278512,3282.823852,1,7541.149687,30.35155296,9.144294739,10,43.78112411
17516,133.0181732,34.44192123,28.84633827,7.937158108,4.996501446,3414.279271,1,7162.247417,32.39652252,6.559157848,10,25.76932526
17517,290.6262512,32.48538971,25.67036438,8.713097572,5.439861298,2711.908501,1,4307.440724,35.97545624,7.195029259,10,335.524292
17518,212.5550995,31.51519585,20.62090492,9.285977364,5.423890591,2113.208783,3,6115.140581,25.12379074,7.627771854,4,291.336853
17519,140.2792511,29.06790733,19.82709312,11.36893559,7.229856014,1077.281115,3,23071.40489,31.11345291,9.565858841,4,53.64280319
17520,205.894989,23.72875595,16.36095238,8.60579586,5.263035297,2188.369721,1,892.438258,34.13239288,6.654299259,10,41.72951126
17521,304.6365967,22.32021713,16.14552307,8.391059875,5.007081985,2284.141004,1,933.147984,32.93622589,8.017888069,10,66.12471771
17522,86.27046204,29.77664757,16.5674305,10.27402878,5.122866154,2965.271058,3,26866.0432,25.29781151,7.55918932,4,153.3371735
17523,142.1487427,29.38100433,20.11499977,5.711832523,3.852511644,6318.811612,3,29832.04359,16.33949852,5.1171422,4,59.79676056
17524,91.07466125,23.64491081,15.66992664,8.212101936,5.139801979,8337.12092,8,10958.96108,23.60752678,8.191772461,2,147.171463
17525,215.8188934,25.81578827,16.46450806,9.065052032,5.436227798,2411.639795,1,3951.520999,36.27871704,7.338208675,10,302.2756348
17526,107.2736435,29.51391029,16.36746597,10.41234112,5.163554192,3133.019689,3,5000.01905,25.64935303,8.82106781,4,147.6153564
17527,82.17276764,26.63072777,15.93454742,5.613935947,3.405408382,7232.759646,3,25370.81915,15.27001095,5.033568859,4,266.6335449
17528,152.1330566,27.00519562,15.58605003,8.415830612,4.605604172,8179.628095,3,23137.16981,25.24639702,6.552811146,5,192.1714478
17529,189.421402,24.71437836,16.28927231,10.84648705,7.296383858,222.6334155,2,5618.685503,33.46644592,11.15063095,4,273.1152039
17530,139.6479034,46.24173355,28.57440376,10.12549973,6.092449665,3357.018469,1,11561.53479,28.11248207,8.382394791,4,287.6300049
17531,175.384552,30.82976913,20.43914413,9.576340675,5.632501125,1735.802839,3,6400.300878,27.33130264,8.907659531,4,280.3391113
17532,104.6432495,33.86543274,19.01989746,12.43726158,7.151747704,2952.163043,3,5153.093401,27.37685013,10.00872135,4,59.36458206
17533,126.2125092,49.1243782,28.2486515,8.315319061,4.482852459,3403.990236,3,8189.586741,19.87239647,7.234863758,4,39.09386063
17534,121.2901535,32.21508026,22.7508564,7.534261227,4.383889675,3864.945847,3,8615.842388,20.27156448,6.579082012,4,312.5454712
17535,106.1332703,29.41100121,17.30003548,7.660803795,4.173128128,7131.360784,3,34544.39284,23.39346886,6.147121906,4,256.938446
17536,105.5261459,30.69309616,16.36615944,7.453598499,4.312355518,6651.125731,3,25705.57848,17.59513664,6.572710037,4,273.4349976
17537,128.1223145,17.71505547,10.64108181,6.145325661,3.369608164,8228.744173,3,23170.24144,25.10987663,6.023599148,5,230.7105865
17538,89.90337372,33.1269989,22.17101669,4.69300127,3.107635975,832.3103326,3,20177.98699,7.991611004,4.059188366,2,66.80140686
17539,110.3721313,38.18144226,27.06210518,10.27998734,5.623795986,8103.592768,3,10880.91711,27.41240311,8.742710114,2,315
17540,213.925766,22.18076134,13.86293507,9.632222176,5.905255795,2697.391802,3,5698.933473,32.84576035,8.172018051,10,96.27182007
17541,130.9358368,29.66640663,20.56435394,11.26690483,7.707750797,2172.78702,1,1575.01954,31.67455673,9.959068298,5,292.8416748
17542,179.767395,27.21944809,18.18437004,9.690176964,6.105734825,673.4510572,3,4996.579312,26.32839966,11.6180191,4,101.4695282
17543,161.9972382,26.50453186,17.33786392,11.76863194,6.359472752,2692.939621,3,7603.158631,31.37724686,10.64355564,4,155.2564697
17544,77.57403564,28.76272774,19.82628059,10.78978252,6.309900761,3698.233995,3,8196.407119,27.676054,9.933094025,4,215.3931274
17545,70.26457214,40.91588211,18.45266914,15.65921783,8.325825691,1034.837899,1,6314.594211,39.84363556,14.66979027,4,289.1790161
17546,94.13418579,39.86655807,25.93709946,10.23963928,5.530670643,1849.280582,3,6865.867702,24.29385948,8.10354805,4,66.28640747
17547,47.13134384,34.65652847,17.56964111,10.54428482,5.798027992,4930.553549,3,15741.88451,25.91498756,9.254631042,4,209.8093567
17548,93.84647369,27.01931763,15.42153645,7.5004673,4.379770756,4373.606415,3,18462.42327,21.81737137,6.019597054,4,143.0047302
17549,62.84810257,31.06855011,18.90267944,10.49107933,5.450222492,8853.762487,8,10527.55959,25.34494972,8.09161377,4,102.699585
17550,169.0367432,21.92126083,12.53647232,8.007993698,4.963256359,4949.579647,3,9904.057491,25.67689896,6.847978115,2,60.46992874
17551,235.4929657,39.07815933,29.25771523,8.345265388,5.084294796,3967.994007,8,7812.086621,31.20886993,6.639811993,10,67.88287354
17552,108.3073654,50.27776337,27.99592209,10.60655212,6.282942772,3494.35981,1,11672.4573,30.05257988,8.573649406,4,45.93832397
17553,158.869339,27.9858284,15.27069473,10.69505787,6.441031456,4062.542923,3,4148.99112,25.55657959,9.78753376,4,224.0683899
17554,147.2851257,24.76779175,12.71081829,7.411672115,3.835165977,4749.829293,3,591.8398678,23.82322311,6.782867432,4,136.9112701
17555,138.2133636,25.81958389,15.51293468,8.173556328,4.626668453,4515.581653,3,805.6836683,27.03014183,7.056164742,4,106.3268509
17556,17.51606369,37.9936142,19.96783257,9.655797958,4.354199886,4533.997645,3,9471.220488,18.57313156,4.765919685,4,339.4930115
17557,172.6851807,27.37021065,17.23918915,7.978880405,5.325162411,5058.95213,3,9733.865844,20.05448341,9.898381233,4,271.2730103
17558,112.8989868,29.67149925,15.81773853,6.61596632,3.605966091,7316.690102,3,12066.66468,22.04758072,6.732371807,4,274.6763916
17559,99.16545105,26.83670998,18.0648098,6.096692085,3.756545305,4183.281132,3,18976.88028,19.35300636,5.740954399,4,278.7399902
17560,87.01551819,30.13194275,16.60557175,9.35590744,5.611262798,6431.137318,3,25744.68802,22.21552658,8.024354935,4,183.8078918
17561,200.6611176,32.17733002,24.7994957,7.045968056,3.854208946,3914.676235,3,21012.0341,23.59914398,8.514720917,5,59.03624344
17562,102.5557938,41.42078018,25.45009804,10.63219261,6.184579372,396.9372053,3,3535.624292,24.61226654,11.87576675,4,52.35237885
17563,138.0052032,29.65342712,17.34784317,9.635974884,5.341156483,4588.8144,3,11584.69028,27.01708412,7.996778011,4,82.77568054
17564,111.5744705,32.59091949,28.50752068,11.37579918,7.922840118,386.8010923,1,5602.212345,33.78479004,9.040365219,4,345.5559692
17565,121.6532745,45.10875702,29.16455269,9.769067764,6.165847301,873.1195096,1,5975.894866,29.61524773,9.224312782,4,29.91693878
17566,125.4166794,34.67779922,23.54268456,8.411637306,4.690235615,1183.700035,3,6291.830804,28.38541031,8.336269379,4,304.7431641
17567,106.4408646,26.41012383,13.31036949,7.323736668,4.087165356,829.004332,3,24934.84784,22.51329613,7.110180855,4,263.4801941
17568,106.7833862,29.09063721,15.3608675,8.430109024,4.488554478,7146.005086,3,34715.27613,22.1320591,6.59748745,4,186.2338715
17569,113.3276215,26.28917503,19.01395416,11.10548878,8.214362144,4788.191881,3,9546.887497,36.12251282,9.89741993,2,110.9426498
17570,181.0439758,21.98993301,17.93876076,8.253492355,6.799685478,4524.370283,1,9117.096845,34.82113647,7.597296715,10,289.3348083
17571,248.833847,20.37117958,13.48870277,10.14843369,6.399255753,3259.47541,3,6116.572946,36.60985184,8.801809311,10,138.7303162
17572,140.0798035,25.97574806,20.13689041,9.648032188,5.727608681,486.5012474,3,3348.687413,34.12216949,10.30639839,4,40.53202438
17573,70.30783844,26.88827324,17.11873436,7.656857491,4.925148487,476.0376881,3,7790.522211,21.06306648,7.487460136,4,258.1715088
17574,60.18682861,26.20335388,15.40221214,10.47838593,5.314213753,3935.032679,3,4135.432601,25.24684715,8.800435066,4,148.9124908
17575,60.23328018,47.14917374,28.36032295,8.573032379,5.099084854,7512.092804,3,24360.43944,17.69023132,7.044521809,4,315
17576,208.3269501,21.95394897,15.5899086,8.599563599,5.742415905,9721.360436,8,9652.684182,30.04210472,7.543759346,4,206.5650482
17577,157.9001312,30.42071915,18.73033714,9.838867188,5.941490173,1275.399889,3,9495.147118,24.49990654,9.884404182,4,117.8972702
17578,120.2012482,20.0052681,11.6055212,6.545226097,3.803178072,5657.160163,3,677.0307857,17.89457703,6.28741312,4,210.9637451
17579,263.6148682,23.13176727,16.69257545,9.151916504,7.800187111,2194.161135,1,1976.555106,36.97684479,8.551645279,10,266.5935669
17580,115.7608337,29.48785591,15.1928854,8.017336845,4.698375702,5007.378471,3,468.3533386,21.14937401,9.78249836,4,73.76320648
17581,121.2239456,20.68674469,14.07492924,8.37170887,4.739587307,4227.248784,3,1378.630917,26.1758728,6.304617882,4,160.6282349
17582,135.2967987,18.18156052,11.67632008,4.850960255,3.346898556,5552.85994,3,13827.19624,20.40471077,5.595336437,4,94.84400177
17583,148.0062561,28.02311707,16.65221977,8.938034058,4.921886921,3419.75296,3,20450.34829,28.17308998,7.295600414,4,61.53211212
17584,331.4476013,26.42918968,20.94801521,9.573518753,5.739899635,2443.496948,1,3303.444815,36.97182083,7.219102383,10,27.99990463
17585,64.04495239,35.56165695,18.61488724,16.63857269,11.42623043,580.8614835,3,4742.2417,25.11059189,16.81556511,4,91.43929291
17586,121.517662,28.61479568,16.67812157,8.271445274,4.441142559,3327.082329,3,19946.34702,23.44992447,6.428493023,4,200.0452576
17587,28.97002411,15.13448524,7.975723267,5.167300224,2.908070564,6251.203444,3,34220.12119,14.35424137,3.611813784,4,181.9749451
17588,52.91346741,30.10500908,20.12655449,7.52947855,4.791427135,5815.119217,3,26479.35555,17.89110184,7.489364147,4,52.65729523
17589,86.21052551,35.01088715,24.46819878,10.70485783,6.219002724,8795.27396,8,10429.15857,25.32747269,10.76412868,4,48.8114624
17590,140.7815552,28.57832527,17.22212601,11.54491425,6.390129089,6067.81318,1,9958.207088,29.78322411,10.14186478,4,181.072937
17591,152.4968719,43.91016006,26.83954048,10.6982851,6.467095852,5949.089748,1,10378.72359,31.10269356,8.982776642,4,302.5549011
17592,17.1177063,42.13169098,19.2196331,7.848996162,3.414041042,120.0496056,3,8145.028332,13.81685257,5.67734623,4,81.03326416
17593,89.4206543,24.94307137,15.81143379,6.025728703,3.290574312,6166.58117,3,1309.381774,16.49263,5.78713131,4,148.853775
17594,67.32424164,36.79771805,21.77591515,11.22665691,6.139339447,1887.840994,3,3527.132385,27.66870689,8.501986504,4,55.71312332
17595,74.25897217,34.35116577,15.40875244,6.384490967,3.147207499,4470.5981,3,14836.26218,12.19865513,4.452525139,4,171.1581879
17596,66.26381683,27.71368027,17.23501778,7.911613941,4.668493271,4824.151303,3,15425.66819,23.2579155,9.174166679,4,82.92329407
17597,55.30953217,27.0324707,15.60803032,6.138321877,3.45860219,4221.318834,3,14995.02911,14.80429649,5.046494007,4,220.1354828
17598,31.87037659,63.07711029,22.02216911,7.626753807,5.806519508,6270.888373,3,26705.08685,12.16196632,8.083386421,4,322.125
17599,179.7276306,19.86511421,15.5635004,6.858817101,3.529847622,3975.993364,3,20861.70728,26.36745834,7.503239632,5,57.26477432
17600,27.22811699,36.99873352,18.94493294,8.028798103,4.816940784,8498.271057,3,10761.77273,14.47220039,7.450241566,4,63.78139496
17601,154.3716736,24.20034218,22.93347168,6.390345097,3.944999933,3723.021998,3,7773.615631,30.89008904,6.962307453,10,41.34777832
17602,136.6322937,17.87292099,12.05661869,8.851304054,6.032206059,2847.47268,3,5341.999567,33.98005295,6.866137981,10,112.1820679
17603,125.9618912,28.23338318,16.21026802,8.993896484,4.97867918,1149.990708,3,4277.092818,20.83277702,7.466481686,4,169.4262695
17604,119.1128998,30.14622879,17.32803535,9.408029556,5.754978657,6997.480159,3,11866.83917,24.69368172,8.858672142,4,195.6967163
17605,57.18840027,30.38668633,21.02775192,12.04239273,8.012383461,5840.257315,3,29437.09781,26.84451103,11.01032925,4,207.5042419
17606,87.7313385,32.75540924,21.50401878,9.315712929,5.606586456,6110.031646,3,25845.58967,20.73319817,7.627498627,4,304.7559204
17607,33.71192169,29.19072533,15.80580711,7.444117069,3.915431023,8498.503988,3,10710.10462,17.80624008,6.395823479,2,87.51044464
17608,224.1191711,25.21216774,16.66080475,9.643213272,5.679783344,1676.079538,3,2138.741391,31.23940277,9.202287674,5,115.4268723
17609,163.9147491,27.2381115,19.06168365,9.841552734,5.881649494,5720.891196,3,10734.09596,30.79853249,8.782506943,4,237.9946136
17610,107.4346085,24.05779266,13.74442005,4.979680061,2.767684698,5660.525806,3,29758.13715,14.60599041,4.147126198,4,105.1125488
17611,206.9545135,28.86234856,17.71404266,10.3577919,4.964340687,2892.27079,1,4958.610442,35.32353973,12.33225441,10,291.9487
17612,93.09406281,34.71302032,17.87932396,15.02064896,7.733252048,4867.375591,1,8590.907908,31.06094933,11.45339203,4,139.6858978
17613,143.4329529,46.96320343,24.82152939,9.274336815,5.487982273,1214.023437,3,9455.80294,19.48594284,9.252389908,4,39.99935532
17614,56.15029144,47.19854736,26.80384636,6.580885887,3.92084837,6177.760709,3,1842.563822,14.81956863,6.667708874,4,57.22512436
17615,148.9461517,26.36282349,15.25944328,9.149151802,4.907468796,3492.055976,3,2041.167809,25.87275124,7.923670769,4,131.3023987
17616,117.112915,51.73462677,27.70734978,9.710417747,5.885838032,2521.728015,1,2880.076466,30.4469223,8.451067924,4,78.84005737
17617,56.69855118,39.46516418,17.77629089,9.756906509,7.607915878,240.6109614,3,5031.15327,20.94429016,16.23221207,4,299.3960571
17618,176.6116486,30.05921555,16.24287224,9.987785339,5.495336533,6404.495539,3,12377.37706,27.90518379,8.678182602,4,188.5732117
17619,150.4999084,28.12391663,15.4826889,10.52705479,5.95815134,4552.112724,3,16753.02831,29.04623985,8.146320343,4,259.4183655
17620,125.1380157,29.01277924,15.60514641,11.11626053,5.499120235,970.446407,3,23255.6036,28.34766197,8.841500282,4,155.3231354
17621,116.719017,28.95459175,16.33753967,9.266801834,4.833678246,182.4355913,3,24187.02504,22.6400795,10.4376421,4,263.0168457
17622,18.38896942,30.73030853,20.87819862,10.07125854,4.113533497,202.4893188,3,23813.69778,18.83814621,6.837195396,4,104.7435608
17623,7.729014397,46.30185318,27.78479576,3.815826893,1.867414117,6124.430782,3,26415.90063,7.989190102,2.500773191,4,66.62457275
17624,195.5814514,27.47338104,18.96367264,11.154809,6.450304985,10447.43042,3,8915.262557,33.14286423,10.95574474,4,74.10133362
17625,125.1329498,25.64477921,20.0054512,11.38936424,7.349423409,200.1960767,3,3857.741576,32.06499863,12.95208454,4,249.0394745
17626,111.5825119,29.15112495,18.73852348,9.86567688,5.924524784,4627.767244,3,28398.44544,27.18816948,8.045996666,4,95.71059418
17627,84.9369278,30.67589569,18.15912819,12.35831261,6.851388931,5255.521624,3,28842.71463,30.00090599,13.15353203,4,136.1497498
17628,37.17380524,29.06633377,18.79081917,11.11569405,6.024452209,5499.689875,3,28978.90095,23.0234375,8.847271919,4,286.8744507
17629,51.01819611,28.52177811,17.41405487,6.728759766,3.838341713,6115.175579,3,26787.40834,16.08605003,6.372160435,4,102.20047
17630,215.4486847,21.62798691,13.98171043,9.020253181,5.363489628,5682.011982,3,10528.06267,29.41432381,8.023756027,2,118.9600525
17631,191.876358,25.91666603,18.30298424,8.780641556,5.605168819,2418.525217,1,3548.222566,35.51798248,7.241617203,10,53.19890594
17632,164.1795807,23.18763542,18.93146896,8.884888649,6.298954964,4506.22906,3,8519.567952,31.4228344,9.302782059,4,246.0375061
17633,90.6320343,31.77059555,18.44255829,9.485323906,5.796654224,2876.396491,3,26551.64321,25.64938354,7.733995438,4,59.82648087
17634,153.6629791,49.10441208,31.92173386,7.317189217,5.035685062,6000.138307,1,11036.79581,28.12895393,6.877419949,2,340.852478
17635,150.0952759,22.53569794,13.37403488,8.170712471,4.759997368,6081.202062,3,11088.913,28.31103134,6.89896965,2,158.8123779
17636,133.6136322,26.60844612,16.11463928,11.31785202,6.57169199,1229.554583,3,6239.027054,31.68681908,10.49844265,4,159.6235657
17637,115.5491943,48.13227463,30.33078766,10.61734867,7.438688755,3497.438314,1,7835.351986,31.24340248,9.314807892,4,26.26730728
17638,115.7654953,31.11696815,19.61842346,7.105110168,4.178771019,7011.982075,3,34833.73029,19.35215759,7.176152229,4,85.30044556
17639,47.95404053,66.25307465,19.47919273,7.45202589,4.365059376,5651.617022,3,28710.73003,14.42939758,5.816523552,4,80.53767395
17640,88.68670654,24.3032608,17.60241508,6.485144615,4.074937344,8510.41378,3,23514.86388,19.39090157,6.961566448,5,243.4349518
17641,55.26265335,30.2265358,16.56130409,11.10624504,6.138104916,3710.371593,3,4361.683709,22.05639076,10.48348808,4,190.9225616
17642,98.73446655,22.16862297,15.8974371,7.486541271,4.341545582,6408.277815,3,11306.77924,23.50955772,5.649550438,4,100.06633
17643,175.9630737,24.06453705,14.56172466,7.682061195,4.183789253,1003.585319,3,24825.78275,24.51380539,6.706556797,4,248.0851288
17644,109.1556854,61.71614456,24.68750191,6.059921265,3.314455509,6483.581326,3,29890.66882,14.08575821,4.621902466,4,73.44293213
17645,71.83493805,29.27456284,17.46639633,7.715106964,4.718422413,6007.66361,3,27281.87245,19.8174839,6.005214214,4,141.9670105
17646,99.43875885,32.54761505,16.65116501,8.690446854,4.224969864,653.3356255,3,8914.271424,18.14447594,7.293771744,4,110.1133728
17647,167.4526672,35.07738876,23.8586731,8.819297791,5.226025105,2041.779244,3,3227.416903,25.42029572,6.901551247,4,44.12527466
17648,109.313591,28.85321236,17.45726967,8.614096642,5.011081696,819.698735,3,4280.38136,21.44250107,10.51381493,4,90.83031464
17649,177.3570709,29.47501373,19.6113205,9.906437874,6.347586632,5866.770963,3,12573.64695,31.77305222,8.590604782,4,264.5074463
17650,85.37982941,24.6913166,16.10054207,8.10095787,4.849759579,4303.506437,3,15464.71999,25.22499084,10.09986782,4,66.25050354
17651,56.59814072,32.08763885,19.43216324,11.53306198,6.16246891,4307.340158,3,15839.9118,27.06676102,9.748594284,4,208.698288
17652,109.8408356,25.78027344,18.65139771,9.387726784,5.999354362,408.4794077,3,23377.54988,26.29637718,11.92871284,4,108.5639954
17653,97.63156891,26.68352509,19.25507164,10.29096699,5.844254494,99.8238867,3,23798.48854,28.42691231,10.60963726,4,281.4606934
17654,95.26924133,36.4287529,21.83213425,5.104120731,4.041350842,744.6594874,3,20389.32009,6.284201622,2.748484612,2,79.28688049
17655,123.3529282,30.39528847,18.54507828,10.06064415,6.643321514,5419.710993,3,10108.37919,21.8768177,11.08968639,4,281.7206421
17656,104.9608459,27.62772751,15.76475334,5.883672237,3.207414627,5877.35575,3,29863.66863,15.82679844,4.374088287,4,62.6501236
17657,50.5227356,38.61480331,24.61572838,14.196064,7.851694107,6166.907096,3,26284.91603,23.31764984,13.96143723,4,266.2346191
17658,154.8753967,24.76647758,15.65103722,8.708527565,5.26245451,143.913621,3,5215.612145,25.64787674,9.156312943,4,246.425293
17659,97.2024231,30.08392715,17.51205635,8.960873604,5.51248312,8167.34476,3,32248.82988,22.06096268,8.54969883,4,189.7824097
17660,123.4045639,44.37239075,28.16493988,8.909998894,5.310214043,1896.092741,3,20280.13765,19.26026917,7.796677589,2,76.86597443
17661,16.78676414,39.47584152,16.31241608,6.644845963,4.543309212,3541.823483,3,4514.762436,11.17885685,4.333993912,4,115.0972137
17662,58.92379761,46.16837311,29.14837456,9.166723251,4.872309208,5820.583799,3,29237.79721,21.30618668,7.516576767,4,323.2758789
17663,56.90500259,30.49352455,20.69391823,10.25508595,5.883004665,6455.426165,3,26400.55519,22.6057682,9.962507248,4,237.0567627
17664,36.80173111,33.9985466,19.16197014,5.288441181,3.158298731,1818.791539,3,20963.39808,9.229429245,4.994884014,2,180
17665,251.7601013,34.06925964,26.70598984,10.84315395,6.637739182,3700.410502,1,5740.924635,35.48937988,9.640767097,10,325.8577881
17666,170.2235565,29.41844368,19.6255188,9.953003883,6.364158154,597.9502957,3,2978.513254,26.05552292,11.95301151,4,94.98164368
17667,90.28604889,51.35397339,25.19854355,10.93648338,5.863918304,761.4868397,3,9026.567111,21.08635521,8.405043602,4,56.30993271
17668,33.53066254,32.83032608,17.41134453,8.704794884,4.240304947,208.8992336,3,8032.487666,18.96905136,7.045043945,4,227.7702179
17669,79.02331543,26.76225281,17.31427956,7.047607422,4.032150269,2189.742971,3,3144.397929,24.52547073,5.453243732,4,72.40757751
17670,159.5613251,30.1902523,18.31925583,10.16137218,5.573852062,3002.356101,3,26194.61037,25.4985714,8.54902935,4,206.2350769
17671,99.74301147,33.30815125,18.25470161,9.539585114,5.371805191,3784.519645,3,27252.96565,22.2696228,8.60859108,4,211.6075134
17672,167.7058716,39.15319443,26.35570145,10.09747314,6.42381525,6159.626247,1,9709.996368,30.30402946,8.161062241,4,309.7927551
17673,166.6088104,44.5026207,26.47488403,11.33223057,6.353187561,5727.236263,1,9170.229205,30.41875267,9.100665092,4,337.28125
17674,96.35765839,37.34925461,23.78136063,7.38449955,3.881297827,6950.720757,3,29974.16727,18.82661057,6.539726257,4,279.1263123
17675,135.0529633,38.84217072,25.47042847,7.222077847,4.362551689,6428.976056,3,27989.49134,15.86531544,6.502269745,4,300.2564392
17676,20.10394287,39.44922638,13.35091019,5.797789574,3.495239735,1330.146977,3,20504.22663,5.529512405,2.625935793,2,108.4349518
17677,225.5151978,26.32317352,16.40837479,9.042019844,5.693083763,9698.757769,3,9516.537719,27.77131844,7.411494255,4,129.118927
17678,66.10968018,31.75753403,18.1912632,10.46094799,5.719518185,4064.376863,3,3975.584217,24.13692856,9.515920639,4,302.3348999
17679,90.38690948,42.94400406,25.9222393,12.65335083,5.800494671,1160.97689,3,4072.473074,25.8533783,9.854561806,4,29.66671371
17680,143.2238617,39.07514191,27.217453,8.435077667,4.728248596,4773.363946,3,9487.096439,22.78337479,8.166213989,4,207.4744263
17681,141.2502289,29.59002113,17.99874878,8.895723343,5.791605949,4527.367041,3,9435.534897,22.82985687,9.337162971,4,137.1018372
17682,154.237793,31.88167381,23.03243637,8.262296677,5.115272999,1137.073319,1,24774.65814,24.11770248,8.830578804,4,312.3974304
17683,24.3393383,40.78193665,26.94550133,7.283844471,3.879356384,6544.899369,3,26663.71669,15.83885956,5.641868591,4,49.08561707
17684,106.2711945,25.34040642,16.4234581,7.807614326,4.644231319,8447.731262,3,23486.32637,23.37242126,7.953362942,5,220.6839752
17685,54.03769302,14.98890591,7.909457207,6.219444275,2.705484152,8162.243205,3,23118.23853,29.81410217,4.671747208,5,212.8708496
17686,56.74636078,48.79993439,28.35457611,11.9214077,6.469697952,4967.605057,1,9565.835863,37.01777267,8.410511017,2,292.1663513
17687,167.8487854,28.56873703,18.19394302,10.15745449,6.094809532,2370.836936,1,2885.955634,34.62026978,9.269412994,10,52.56978607
17688,234.8924255,27.34250641,20.01032448,7.929803371,5.031660557,3149.486419,1,773.0189897,28.41119003,9.129858971,10,249.6235657
17689,95.83216095,27.95977402,17.91871452,8.038369179,4.908805847,5547.512529,3,2492.004052,21.40538979,7.95565176,4,206.3181915
17690,175.9502716,31.03964043,18.12176323,10.16052628,6.805041313,5257.574518,3,10175.21777,24.07014656,10.75177097,4,247.2855835
17691,147.3492584,26.26213837,17.24269295,8.586070061,5.367264748,2606.552295,3,25647.86513,26.83260536,7.587626457,4,217.6942444
17692,97.40467072,28.44970322,16.04784775,8.527206421,4.792174339,6314.613734,3,31331.26643,20.61347961,6.615505219,4,150.8456268
17693,85.70657349,30.8313942,18.32910347,9.32683754,4.810188293,6981.378724,3,25527.25555,19.33237076,7.69786787,4,158.7155151
17694,50.07861328,28.61016083,17.22034836,8.680195808,4.697087765,8502.837363,3,24447.51283,19.35169411,6.492491722,4,64.63607788
17695,90.75400543,48.77297211,25.66152191,12.65214825,6.267197132,3266.898423,1,5318.854767,39.96419907,9.64225769,10,339.4862061
17696,62.27190781,23.24972916,14.80088425,7.305712223,3.456406832,3085.372041,1,5143.444866,32.71970749,4.127619267,10,252.6720734
17697,24.94068336,41.08663177,17.96431732,10.72852516,6.257044792,2475.042095,1,2766.092602,23.40060616,9.176203728,10,64.24472809
17698,77.08933258,28.42329407,16.88917351,8.064846992,4.608616829,4845.487806,3,3181.106042,21.4449749,6.822951794,4,204.7024231
17699,133.5771332,32.52368164,18.73428726,10.63320923,6.537829876,2944.76477,3,25985.77068,27.17550468,8.773794174,4,88.81677246
17700,95.47113037,30.90834999,17.7685585,9.773393631,5.673314571,4855.494476,3,28280.14047,24.76847649,9.16414547,4,152.4432983
17701,66.12110138,31.20593834,17.80796623,6.130206108,3.337025404,6081.785165,3,30892.65442,14.97836113,5.245503902,4,247.588562
17702,46.48010254,34.57623291,23.49579811,9.597224236,6.049598694,8654.321716,3,24187.33859,19.30857086,8.767131805,5,245.2248535
17703,31.3286438,45.72259521,23.31423569,12.86468697,7.003582954,8518.333187,3,23969.05862,20.67429924,9.109374046,5,313.6360779
17704,55.0429039,28.26819229,19.93548012,10.35478687,5.177752018,8712.20125,3,23653.75518,23.71158981,8.771177292,5,217.3892212
17705,106.1030273,29.41330147,18.03889275,8.008469582,4.817977905,6743.595314,3,22657.60548,22.58492088,9.946724892,5,113.6076965
17706,179.1856537,22.12474251,20.33987236,8.71591568,6.057662964,5836.52601,1,10310.73045,31.95778465,9.209967613,2,294.2499084
17707,270.6456604,17.36111832,11.08566952,7.055574417,4.369137764,4204.604396,1,8566.171066,32.49435425,5.834284306,10,310.5978088
17708,90.89414215,29.97842026,18.05785561,11.27087402,6.900308609,4326.126813,3,3684.143574,26.00836372,9.783226013,4,228.5763397
17709,87.73834991,30.90266228,15.86960697,6.732860565,3.576639652,6034.028007,3,31205.68678,16.50346756,5.415476799,4,155.1363068
17710,117.8260269,53.6187706,29.49345207,9.281497955,5.393854141,5471.433196,3,21508.36894,22.17672157,8.238185883,5,310.2363586
17711,110.1153183,25.88618469,15.12467098,9.253289223,4.653303146,6203.363832,3,22242.91131,28.84691238,10.42789173,5,225.2427673
17712,177.3100281,24.33755875,14.13665104,9.106470108,4.945094585,4691.41011,1,9181.992015,33.8705101,7.678913593,2,255.6063995
17713,271.3666992,24.25401306,14.12405014,7.242616653,3.883923769,3033.93818,1,4631.670327,34.78985977,5.296994686,10,279.6894226
17714,133.568985,37.30142593,29.97281647,9.834830284,6.018637657,3056.697688,1,2834.198426,34.90913773,8.310641289,10,29.39916229
17715,219.0515137,25.92460632,15.9168663,10.36620712,7.138404369,2902.033332,3,2249.505645,37.1713829,8.637814522,10,259.5625305
17716,182.4985962,34.14255142,28.74733925,8.101706505,4.909710884,3237.048253,1,683.2057236,30.13508034,8.846917152,10,31.7920723
17717,201.8426056,33.14283752,25.7481575,9.737902641,6.150625229,2761.175535,1,7134.601141,32.53645325,8.608598709,4,319.6529236
17718,148.5032654,31.00700188,18.03046227,10.13288498,5.617226601,1374.210786,3,6806.731798,24.45749474,8.410075188,4,174.85672
17719,125.4267273,26.2402153,15.71703815,9.337930679,5.487374306,2962.146688,3,5072.109962,27.59432602,10.39309502,4,120.1013031
17720,15.94325924,28.12763023,15.28867912,5.221786499,3.929887772,3674.927638,3,4357.426434,12.76792717,4.774849415,4,259.1874084
17721,48.55276489,38.81672668,19.93467522,4.451874733,3.151620626,2068.572979,3,21090.47774,7.518275261,4.606492996,2,119.8381958
17722,188.6884155,43.61496353,29.38921738,10.8211565,6.479118347,1745.822315,1,2130.869126,29.63059235,10.17928505,4,318.6138916
17723,117.9649734,24.68802834,17.8181839,10.09149456,6.172760487,3801.018853,1,7856.573276,35.27554703,8.089104652,4,48.41658783
17724,123.3822784,39.84116745,25.54824066,9.1251688,5.612255096,4377.937099,3,989.0180605,23.66939926,12.0637064,4,53.04289246
17725,152.355835,46.49474716,29.56596756,11.11911392,7.245612144,3356.49315,1,2015.209928,33.9982338,11.31972313,4,69.53376007
17726,193.7402191,26.1741848,15.0168438,9.075284958,4.863936901,3951.128667,3,21425.76202,25.38320351,8.925630569,5,129.8978271
17727,61.87700272,31.1797123,18.44212723,4.661901474,4.277515411,1101.835064,3,20826.83242,6.284528732,2.365176916,2,109.6538239
17728,287.7123413,37.46712875,24.95287895,10.40881157,5.916558266,3206.978708,1,3872.138268,35.07495499,7.778385639,10,26.02959061
17729,62.98027039,53.14606094,24.57946968,9.620422363,4.26521349,2690.802339,1,2808.1144,29.8224678,8.815301895,10,327.8118286
17730,288.4933472,26.91323471,17.04826546,9.158159256,5.51793623,3672.834418,3,4102.9099,33.13535309,8.95690155,10,73.88658142
17731,186.8856964,24.90325928,17.19855118,9.68341732,6.675201416,2740.399125,1,521.4232384,37.18982315,8.477074623,10,103.4258118
17732,215.1109467,26.35743904,18.88186455,9.182474136,5.608818531,1706.000755,3,6189.546073,26.98627663,8.011300087,4,292.1635132
17733,108.3965073,33.99195862,26.86060524,9.88153553,6.105784416,4150.587357,1,7876.695737,32.29405594,9.433547974,4,35.39479446
17734,101.5212479,26.43966675,20.65573692,10.69440937,6.907911777,4490.03521,1,8250.051941,33.14425659,10.47580719,4,249.9903107
17735,117.6811295,33.46288681,25.26391792,9.276749611,5.613589764,4341.364217,3,11618.67283,27.00946426,8.081623077,4,63.29615021
17736,99.65350342,28.19493103,16.81009293,11.194561,6.792695045,3285.498477,3,4725.387963,28.69960976,9.666711807,4,285.6901245
17737,92.37304688,44.07453156,28.86055756,9.00642395,4.518476486,3894.338813,3,4123.671665,25.00753975,8.083769798,4,288.4349365
17738,50.76508713,41.56855392,13.42270279,12.39738464,6.343791008,4277.781885,3,1218.893909,27.33692551,7.598950386,4,57.58769226
17739,93.82758331,26.59421349,13.70061588,8.368279457,4.263347149,2696.254422,3,21565.67357,25.79368973,7.296033382,4,153.0604706
17740,120.8193359,29.19174194,18.68659782,9.498369217,5.516555786,3245.454154,3,26458.69035,28.59582138,7.383674622,4,87.19754791
17741,100.7320023,26.29090118,17.93710899,8.448994637,5.379637718,5482.947389,3,28683.7437,24.63830376,7.223056316,4,309.1140137
17742,98.64168549,32.59132004,17.96173668,7.812278271,3.855185747,6242.486298,3,27465.38886,19.81404686,5.874640465,4,70.55996704
17743,118.0846634,32.81303406,18.44524765,10.72053909,5.030993462,1955.987707,3,6131.176437,26.31429482,9.011412621,4,162.4991455
17744,143.8100128,27.29574585,15.70760059,11.02869606,6.649162292,2157.18378,3,5891.485362,30.33018684,9.586555481,4,227.3215332
17745,115.8779602,30.61262131,17.59776115,11.19819736,5.968551636,3474.355636,3,26694.83249,27.41173744,9.10802269,4,189.246109
17746,97.57830048,29.71627617,18.6935463,10.15447426,6.451190948,3587.276814,3,26944.50385,27.16703796,8.775968552,4,84.06847382
17747,90.34182739,25.42170143,15.93054581,6.322193146,4.026815891,7327.417153,3,33506.18915,21.40270805,5.723829746,4,255.0049133
17748,76.22103882,24.27245903,17.07435608,8.255339622,5.146861076,7678.790081,3,33008.10588,25.95685768,6.725621223,4,246.4676514
17749,131.6327362,31.4099884,20.42504883,10.88252831,5.94133091,3566.880445,3,11756.65054,29.38309288,8.570661545,4,93.15341949
17750,203.306366,30.13360214,17.54914284,9.689002991,5.352897167,1713.12971,3,9948.905757,23.92382431,8.213849068,4,167.7352295
17751,92.9127655,27.89001274,15.25144386,8.621246338,5.832626343,4818.55981,3,617.0475587,22.45982933,12.10599613,4,89.44430542
17752,97.39357758,22.73884201,13.06626797,4.780638695,2.626275778,5391.530346,3,14382.04535,14.69694805,4.37052536,4,129.6486359
17753,142.2506866,26.91829872,16.07575798,9.186223984,5.043625832,1598.728825,3,21355.82738,24.4696579,7.509171486,4,213.7541504
17754,70.37210846,37.75270081,20.62177849,10.69235134,5.735434532,7986.542536,3,32690.84785,22.55689049,9.633384705,4,101.7251129
17755,45.31377411,49.21998215,28.74456978,11.52357197,5.71044302,9008.589798,3,23951.22794,23.83679199,8.783406258,5,27.442873
17756,126.7341385,31.25786209,18.9553833,13.10278988,8.116257668,2744.375454,3,21250.62913,25.00218964,14.20526886,2,163.3611908
17757,100.9262543,38.88513184,25.59169579,10.75583172,6.636338234,441.8825865,3,8661.27808,25.9112854,8.696105957,4,94.90985107
17758,100.5800629,32.88071823,19.61174965,8.482854843,4.819118977,8157.279536,3,31816.37448,21.28238297,8.112205505,4,76.20169067
17759,90.03384399,28.68150139,16.98210526,5.045255661,2.919325829,6334.161643,3,30089.64428,13.68533134,4.245796204,4,66.03751373
17760,77.36408234,33.5252037,22.06388092,6.280620098,3.597911835,8852.383368,3,23809.84191,15.29281807,7.808442116,5,123.3106308
17761,340.526001,47.15337372,28.72031021,9.661164284,5.286084652,5165.476431,3,9206.41973,31.02707481,9.052199364,2,302.7552185
17762,251.6499786,21.13524055,17.45071983,6.766597748,4.40049839,4775.201878,3,8819.332328,31.90361786,7.502831459,10,267.1375732
17763,288.9534302,22.86672401,13.37895679,9.222471237,5.58312273,3208.598823,1,4731.732366,38.14466858,7.729918957,10,314.2042847
17764,271.6859741,21.90548897,15.38223457,7.270290375,5.800273418,3476.188389,3,4842.10746,35.39893341,6.212350368,10,287.8057556
17765,227.6771851,22.91028786,15.61147594,9.454334259,5.206283569,3031.872861,3,3852.656203,34.35065079,6.958712101,10,94.28915405
17766,138.0853119,27.99758148,19.08898354,8.505583763,4.985348225,3361.177061,1,7199.321819,26.08563614,7.214986324,4,59.47029495
17767,49.52142715,32.86729431,15.36033821,6.692103863,3.643186092,4367.383021,3,14567.90498,13.79364777,5.719983578,4,195.4221649
17768,110.1083221,24.60464096,15.6190033,8.248169899,4.833440304,4207.63317,3,17879.01063,26.83657265,7.056119442,4,112.0942307
17769,86.62322998,28.20673943,18.45395279,8.391509056,5.021399498,6051.722563,3,33156.98391,22.72251511,7.906397343,4,264.1904297
17770,144.7522125,21.10578346,13.79435253,8.190237999,5.236577511,10608.14213,8,9016.482251,33.97901535,8.527404785,4,226.6842041
17771,302.6754456,34.68227386,26.22805023,9.057545662,5.273571491,6951.701953,3,10017.60305,22.45219994,9.922692299,2,57.52880859
17772,283.4666138,19.6564846,12.94721222,8.173607826,4.810782433,4103.951499,3,7447.949247,33.95199585,7.032308578,10,111.8014069
17773,98.09407043,29.63480759,15.6770153,10.64928818,5.191075802,4783.358442,3,11040.86478,25.20729065,7.847923279,4,204.8141937
17774,99.52561951,35.1932373,23.56898117,10.69638538,5.945782185,136.8190727,3,8318.727228,28.34964943,9.105368614,4,45.89517212
17775,62.80992889,30.082201,16.88360214,11.07930183,6.215732574,362.1369989,3,7820.331858,22.88043976,8.663657188,4,221.9702759
17776,155.4082184,26.03424644,15.58696747,9.249267578,5.470993519,1128.764453,3,5935.905768,26.67307091,7.961732388,4,171.8699036
17777,157.2928619,18.1286335,13.72832203,4.846097469,3.153170586,4906.768888,3,13665.85432,19.21054459,4.445831299,4,90.90937805
17778,218.6703033,29.805336,16.96135902,10.41652107,6.05405426,2667.03912,3,16306.51493,29.45896339,9.061473846,4,228.1060333
17779,142.5974274,30.36554718,17.97908401,9.667873383,5.990993977,1927.585831,3,20699.7222,29.10436821,8.201237679,4,82.80587006
17780,143.7117004,29.35001564,18.29227448,10.2147541,5.870930195,1171.670891,3,21764.77889,28.94958496,8.990369797,4,115.9708557
17781,70.71304321,28.62382317,19.34393883,7.025819302,4.199586868,8756.639907,3,23722.70606,19.268713,7.293221951,5,253.9797058
17782,164.2561798,25.36469078,16.90839767,11.08470917,6.631052971,853.3851296,3,3883.059736,31.44985008,12.00443649,4,69.77513885
17783,195.8323822,24.37252426,16.66640282,9.353509903,5.962762356,104.4972872,3,4480.122424,28.86163521,11.17870331,4,237.8042603
17784,114.9492188,20.72781372,11.74578476,5.49806881,3.135936975,5733.40379,3,534.5503964,15.94954681,5.612069607,4,202.5
17785,134.3805084,33.37226486,16.70019913,7.989228725,4.466096401,3702.738507,3,19571.81373,20.4604454,7.123785019,4,119.4758911
17786,113.9444962,30.541008,17.54236794,9.01071167,5.604371071,7795.345786,3,30522.30662,22.76792908,8.564112663,4,133.8397064
17787,95.53249359,32.75041199,17.47841072,7.521954536,4.176559925,6508.087225,3,27750.97816,19.46761513,6.064929008,4,102.3019257
17788,46.87799835,41.41648865,27.69335938,9.38938427,4.744332314,6857.715513,3,27495.01822,20.24948502,8.109834671,4,315.7205811
17789,56.34764862,54.1030426,25.64066505,9.305727005,5.106787205,9091.381856,3,24056.2262,17.54060555,7.614037991,5,41.69813538
17790,184.9908905,19.80529785,14.13964558,8.606899261,5.945533752,6475.096916,3,11292.31693,30.85791397,6.742864609,2,125.537674
17791,136.5545959,25.8733387,18.0115509,10.26927757,6.593020439,280.2343323,3,5304.13985,33.57670593,10.58131218,4,230.0723114
17792,82.51676941,42.23221588,28.19084167,12.92004871,7.726621151,15.72547308,3,4930.228262,31.69118118,13.39472008,4,49.19512177
17793,77.99368286,25.34766388,17.25743675,9.31070137,5.397418499,3478.860363,3,17617.96539,30.60746002,7.199595451,4,147.6370544
17794,186.3921814,18.13547897,12.48101711,8.341483116,5.02657938,3095.703421,3,23.34847421,35.91731262,6.505504131,10,118.6009445
17795,242.9373779,46.05995178,29.61760139,10.74037647,6.77101326,1721.230881,1,2081.965725,32.45228577,9.746349335,5,58.19061279
17796,204.3654327,26.852314,16.71521759,10.90400887,6.445446968,1874.119595,3,2024.166395,32.46641922,9.711200714,5,120.6406631
17797,174.36586,29.82507133,18.46988297,8.273415565,5.756839275,2219.771601,3,15438.34275,23.96057129,11.10686779,4,89.20972443
17798,103.0055771,27.83740044,16.14924812,8.058848381,5.067302227,3387.913204,3,17967.40185,25.75642586,6.915138245,4,280.2808228
17799,101.951828,28.27765656,17.25326157,8.000688553,4.686124802,6346.904745,3,32379.22537,21.62932396,6.994054794,4,131.2664948
17800,72.81905365,32.42418671,17.40706444,9.116292,4.431864262,6981.876065,3,26168.18264,20.31899643,8.090711594,4,216.1760559
17801,90.57389069,30.03674126,16.15285301,8.077282906,4.535429478,7792.678353,3,25588.25424,18.4004631,7.337453842,4,186.9112244
17802,199.3887329,28.85551453,17.50266457,9.673251152,5.456929684,4429.630933,3,21782.19996,28.45097542,8.739712715,5,75.01403809
17803,120.5258102,31.70863342,22.36430168,5.770073414,3.180461168,6435.18406,3,28194.60045,16.35344887,4.513818264,4,57.99461746
17804,62.874897,49.46284485,27.45992851,7.243767262,4.101551533,7124.135933,3,26941.6067,16.67006111,5.559159756,4,46.94148636
17805,93.1108017,25.05779839,13.26173687,6.083837032,3.556769371,6118.308536,3,750.1465633,13.70149231,5.14294672,4,209.2913513
17806,89.21896362,35.89641953,26.69775391,7.076557159,3.877147436,6323.362454,3,29370.77765,19.1824131,6.315299511,4,33.20511246
17807,197.0684662,22.26320839,16.82878304,8.24133873,5.985314369,9500.396354,3,9639.686413,30.81813812,7.107165813,4,209.5200195
17808,230.4362946,25.34221268,16.32291412,9.851053238,5.98095417,8662.038374,3,9963.696292,30.30592155,7.988516808,2,154.6256714
17809,297.852478,24.873312,18.32161713,8.697195053,4.832391262,3709.690253,1,5148.889753,35.58148575,6.991975784,10,318.0442505
17810,104.3723221,35.44060898,16.07317162,7.876963615,4.372463703,5141.576964,3,10795.02713,22.03270149,6.444534302,4,99.07149506
17811,37.50059509,34.02275085,17.42939758,5.277075768,2.633095026,5568.641254,3,95.90502884,13.61535358,4.853681564,4,276.1885986
17812,123.4231262,24.64855003,14.61998653,9.229346275,5.42683506,2865.130578,3,2277.900049,22.44334602,7.938415051,4,145.3048401
17813,153.4972992,25.26543427,15.09261131,8.630671501,4.688713074,1847.94598,3,3224.583714,23.60903549,7.369643211,4,131.6822205
17814,76.01934052,24.72348595,17.28410721,8.055496216,5.156304359,6157.233799,3,33561.05089,21.71731186,7.17960453,4,97.3343811
17815,257.4021912,31.44897079,26.21040154,10.07190418,5.735821247,3756.23276,3,3634.818071,34.13866425,9.788039207,10,319.0141602
17816,88.50045776,25.56782722,15.34521198,6.99034214,3.702915192,7304.407419,3,34532.14024,21.33523941,6.717472553,4,274.4416504
17817,73.63278198,29.2532711,18.14422607,7.332473278,4.256875992,9153.360338,3,24478.02127,18.08000565,6.930210114,5,250.2304993
17818,176.6507111,23.96653938,13.97900391,12.67015839,6.859232426,6005.776069,3,22487.11777,36.54415131,10.66011238,5,180
17819,109.0015259,25.54081535,16.5303936,8.730588913,5.052447319,5322.76457,3,10586.93554,24.66038132,6.76400423,4,173.431778
17820,106.8611908,38.0672226,25.55633926,7.973274231,4.47634697,2305.0125,3,7216.273942,20.19178772,6.149563789,4,322.125
17821,148.8925934,32.12661743,18.90573311,10.25340366,5.8528862,2362.988037,3,25317.72955,26.96072578,9.179229736,4,98.87055969
17822,35.26029205,40.77642822,15.86675549,14.35544777,7.283183575,7344.140551,3,33674.63036,22.0023365,9.48182869,4,167.6263123
17823,148.4223633,27.42602921,18.26656532,9.920527458,5.786316395,5902.818134,1,9387.873812,33.68313599,8.463965416,4,253.0151672
17824,246.0367432,28.83275795,17.31080246,11.5539465,6.826138496,5988.731709,3,9112.387693,30.76395988,9.828227043,4,212.8630371
17825,145.2640076,23.25560379,14.10643864,7.634819984,4.654616833,1371.006222,3,6032.568442,26.063797,6.197361469,4,257.8400269
17826,112.5419998,28.23594475,19.53335381,9.7125597,5.668227196,2031.896965,3,6685.699629,26.63512421,9.009608269,4,168.4672699
17827,58.91865921,29.99860573,17.90396881,8.321425438,4.883516788,214.3237186,3,23186.28687,20.90152931,9.643462181,4,115.0940857
17828,126.5456009,33.41335678,21.00156975,9.533834457,5.165582657,626.5612163,1,23804.53903,29.33610535,8.183438301,4,315
17829,121.4085846,29.67311668,14.79975414,7.765095711,4.068615437,585.1853009,3,24007.97044,28.38266563,6.402558804,4,251.224762
17830,161.7093811,33.64254379,18.52066422,11.21147537,5.96666193,1269.579747,3,24268.32215,25.33080864,9.437224388,4,166.5185394
17831,75.29647827,27.88730812,18.81559372,9.908220291,5.492238998,4519.955573,3,27808.23452,24.41998672,10.17851257,4,158.0936584
17832,197.1778564,24.50573349,15.25965881,12.02893734,7.243914127,5171.365497,3,22310.24412,35.76618195,10.43858337,5,180.8425293
17833,49.9947319,26.50984764,15.44428825,10.57406807,4.810863972,2615.063058,3,7265.638393,25.29906082,8.356104851,4,222.6337585
17834,138.105896,23.61221886,14.44582462,7.56687355,4.343711376,2515.95272,3,7160.599699,20.77454758,6.640159607,4,206.0296021
17835,53.97490692,29.47441101,20.59703636,4.55207634,2.953238249,8582.115894,3,25067.32287,10.94420719,4.169140339,4,51.34019089
17836,58.17214584,47.83561325,26.9997406,5.688050747,3.228224277,8476.742517,3,25199.6005,11.59459686,4.452102184,4,33.86800385
17837,331.9961243,27.00598335,19.39226723,8.188311577,5.119824409,4563.537935,1,7715.130606,31.46607208,9.401028633,10,45
17838,55.35340881,32.03471756,19.9609127,13.22433758,7.880198956,3994.328361,1,6551.348332,35.48693466,9.74788475,10,47.43904114
17839,91.67786407,31.9117527,17.15433502,10.05090046,6.10643816,5523.541724,3,10353.77337,25.31809998,8.904039383,4,66.42529297
17840,107.1264114,29.10891151,16.08006096,7.801418781,4.553339958,3498.548852,3,19329.20457,21.3087368,6.589441299,4,139.031723
17841,48.70277786,31.96718597,18.39192963,6.385690212,3.527577639,8576.827605,3,25125.9133,13.87586689,5.851287365,4,90
17842,66.50068665,31.50649261,18.45030594,13.11563396,7.754631042,581.6973087,3,5346.647441,30.51890945,10.30353832,4,160.5370789
17843,120.9587708,31.5655098,23.5616703,9.589743614,5.375758171,4496.761427,3,3744.966096,25.74077225,9.211297035,4,288.0298462
17844,49.77972412,36.43698883,17.04338455,6.507431984,3.591649055,3967.197379,3,8687.678357,11.31752777,5.634356499,4,216.5730286
17845,160.278595,29.25427818,15.81616306,8.76795578,4.718017101,3011.093247,3,18089.85827,26.26283646,7.254906654,4,187.7156677
17846,74.10520935,29.18323517,22.75994301,10.24967384,6.576406956,4762.14227,3,27795.93352,20.95331573,8.500835419,4,320.1184387
17847,153.4656677,28.78419113,17.03622818,11.59953594,7.266265869,5167.444099,1,8659.56275,33.91167831,10.72851372,4,274.5114746
17848,113.8874741,24.86001778,16.62896156,6.867960453,4.007724762,5517.214966,3,2575.506939,21.21393013,6.714454651,4,297.0514526
17849,72.29501343,25.37977219,13.42103386,5.558866501,3.24932456,5331.600325,3,74.29823551,11.85946274,4.483118057,4,201.2973633
17850,22.65086174,18.55814934,10.54596233,4.349437237,2.444447041,5480.36315,3,98.44507282,14.22560787,3.17359376,4,194.3537903
17851,127.0806808,26.42097855,15.57346916,8.184000015,4.43351841,2399.284023,3,7040.040714,23.73847771,7.786784172,4,249.7751465
17852,117.6343842,42.30067444,28.95835686,7.944395542,4.759049892,5710.67338,3,28459.71426,20.81590462,6.944378853,4,317.9108276
17853,107.8077164,40.90081406,32.70290756,10.82234192,7.13697958,3403.928678,1,22.78007274,35.49977875,8.672631264,10,342.2553101
17854,144.9311829,35.72543335,26.43809509,11.03257465,7.192800522,3017.369484,1,545.6965991,37.56010437,9.168739319,10,332.9164429
17855,55.77500153,44.25888824,29.15955734,11.58533764,5.843798161,4589.360734,3,3484.32539,26.65905952,7.787791729,4,340.7099609
17856,29.05179596,27.16751099,22.9901123,10.78499031,6.083590984,40.07220701,3,23282.88201,20.5736084,11.58765125,4,296.7131042
17857,211.7007141,23.76959229,13.96278572,9.722484589,5.729346752,9161.732537,3,9505.695817,32.38671875,7.441589832,4,194.788681
17858,215.4486084,21.73734665,14.33514118,7.609332085,4.722085476,8637.420652,3,9737.849381,32.44287872,6.41341114,2,232.9269257
17859,246.3570557,39.02231598,29.24679375,8.42943573,4.497887135,3962.959904,1,378.0268246,34.74879456,6.180614471,10,32.73522568
17860,97.51531982,34.2861557,25.32340622,9.090999603,4.925750256,5027.040835,3,3169.78263,24.71569633,7.433710575,4,56.51383209
17861,101.2933044,22.21760178,11.05350971,5.678630829,3.11068058,6156.946548,3,773.4380761,14.80178928,5.220597267,4,220.4188232
17862,117.6371613,27.50476456,17.04227448,8.761339188,5.506950855,287.7336119,3,23061.83167,25.92448235,8.196387291,4,297.0407104
17863,176.5756989,30.75632095,20.05872345,9.834658623,6.24088335,5587.817075,3,33589.42334,22.27690125,9.20311451,4,130.4260864
17864,106.7752533,48.53259659,28.34005737,5.8945508,3.145478725,6826.41375,3,27257.4342,13.51946735,4.037895203,4,319.9707642
17865,24.8670578,33.65520096,18.70612717,10.74861431,4.825615883,7369.934546,3,26393.0136,18.20666122,9.025485992,4,228.1976624
17866,168.8502502,27.55697632,16.62305069,8.42596817,4.497457027,1040.468115,3,5402.141052,23.73377419,8.68000412,4,306.5288696
17867,35.38708496,25.09050369,16.16155434,7.240359306,4.19512558,946.041674,3,5521.433047,24.13925743,5.823206902,4,304.4792175
17868,79.7911911,37.91362762,18.21550179,8.400763512,4.272491932,5812.238614,3,31898.81562,18.24673271,6.474859715,4,185.8263397
17869,79.32575989,27.27297401,15.94955826,5.665859699,3.191674948,8087.26609,3,25676.9244,14.70380402,4.913028717,4,283.5704346
17870,82.42695618,35.98896408,22.44400024,14.98131752,8.138238907,3928.868073,1,6339.631478,37.21643066,14.02344513,10,238.2405243
17871,128.9024963,26.03902817,14.58435726,6.92916441,4.13448143,3518.661362,3,1633.253643,20.01736641,6.604963303,4,114.4972076
17872,167.1558685,50.25699615,28.24871826,9.775790215,5.468594074,1646.748386,3,3182.109198,24.08016205,9.188534737,4,36.86989594
17873,128.353241,25.97036743,16.39480591,8.779793739,5.494100571,266.7987155,3,5068.978029,22.47974777,9.785373688,4,228.1231537
17874,158.2865906,31.41451836,21.0395031,8.708102226,5.378536701,604.7915808,3,4079.451241,22.53547287,10.44568253,4,62.57125854
17875,114.1300583,32.00381088,18.01307869,8.58769989,5.051772118,2841.718942,3,7530.418672,21.19284058,7.782564163,4,202.0527649
17876,164.8296661,28.70347595,18.37953949,9.539539337,6.002902508,5050.938742,3,12171.78467,29.82782936,8.654960632,4,279.7309265
17877,69.41466522,21.12516022,12.94981003,6.766797066,3.360645533,7119.695642,3,33932.59634,20.51307106,5.524778843,4,289.383667
17878,92.52265167,33.78382874,17.99825859,9.078413963,4.279044151,6678.171927,3,28202.50971,20.47223091,6.059965134,4,144.3861389
17879,148.5901184,31.838274,16.49233055,11.3971777,6.269491196,3991.649145,3,11346.75312,29.14211655,8.781181335,4,227.7927094
17880,14.38002586,38.05960464,13.52805901,6.452420235,3.273884773,6155.87543,3,886.8645458,8.84499073,4.310400009,4,221.1859283
17881,121.1700897,26.31125259,16.544384,10.12082386,5.230392933,939.669045,3,22058.73376,28.92728615,7.738590717,4,205.7637177
17882,69.85266113,33.18642807,20.38631821,9.738996506,5.103172302,7038.3929,3,33089.96564,20.97827339,9.505335808,4,131.8266907
17883,104.119545,25.0148468,15.88238907,7.045062542,4.516377926,6574.86951,3,33446.56495,20.89200592,7.092737198,4,264.2894287
17884,92.60967255,28.79755592,17.60645294,11.65726376,6.345016956,6365.397372,3,11155.26771,30.17819786,9.844283104,2,183.6837463
17885,340.1403503,21.25990677,14.45671368,7.815598488,5.031943798,4982.451809,3,8028.679655,30.67146492,8.7837677,10,103.1092072
17886,319.7734985,35.90864944,25.9982872,9.352927208,5.236076832,5062.728804,1,7814.859757,30.17399979,8.825769424,10,46.97493362
17887,232.3120422,35.91183472,24.93186569,10.09430313,6.301288605,5384.065585,1,8379.400748,31.90711784,9.407276154,4,274.0367432
17888,123.365448,32.50061417,17.11726952,11.24511909,5.812416077,4465.839291,3,11052.80524,28.84278107,8.501839638,4,195.0013123
17889,138.3451233,30.10480881,16.79728317,9.953168869,5.192045689,4206.672228,3,11170.02468,28.05781937,8.769350052,4,139.1596375
17890,116.4676437,27.04070282,18.25197601,10.879426,6.907069206,163.1498067,3,8261.736259,30.8813343,9.497095108,4,75.25643921
17891,127.8340149,27.72320557,15.53549099,9.816225052,5.564656734,6260.913225,3,2068.239613,25.44940376,8.640140533,4,106.0263214
17892,99.2141037,28.24031258,17.14725113,10.4025526,6.640706539,312.2577726,3,22509.77105,28.42326736,10.7090683,4,130.4260864
17893,244.7162628,22.70176506,13.18781853,7.97837925,4.745030403,1996.823635,3,6200.643021,25.2224884,9.901368141,4,271.3322144
17894,126.8461151,29.47608757,19.49919701,9.85209465,6.164312363,922.3771389,3,7090.404807,27.22377968,8.990185738,4,165.1413879
17895,91.74758911,27.56375313,20.12071609,11.23372269,6.825649261,1595.523555,3,6439.685958,29.14473152,10.8378191,4,112.1765442
17896,37.67995071,27.54116249,11.40884209,5.871826649,2.618883133,6654.126139,3,1626.213053,15.11705303,3.778702736,4,143.0597076
17897,36.40296936,26.03939247,12.78704166,5.357691288,2.142745256,6793.805611,3,1523.606367,11.78321838,3.605428219,4,187.3598328
17898,129.4035645,25.80766869,17.14137077,8.087491989,4.432980061,1458.976858,3,24253.91721,24.54385376,6.558459282,4,254.9902802
17899,136.2173615,34.96595001,17.52064133,11.41852379,6.272750854,2181.615564,3,24638.67604,26.43800545,9.50934124,4,142.8152924
17900,99.39937592,29.86399651,17.18523979,6.983643055,4.04543066,6780.561154,3,28404.92035,19.62434959,4.944493771,4,45
17901,69.47762299,38.46004868,23.80691528,8.187866211,4.472996235,7597.361276,3,26360.93848,19.01840973,7.137102604,4,203.3340454
17902,162.9664459,24.58874893,17.61356926,10.24854946,6.799940586,4169.808321,1,6216.119612,37.234375,9.976421356,10,261.156311
17903,209.1964569,18.77092552,17.71110916,6.882506847,4.77436161,4200.538189,3,2945.089724,30.57362747,8.826609612,10,274.1181946
17904,140.0274658,20.6924305,13.97181416,7.798336029,4.777229309,3462.176847,3,2291.569406,34.34460831,6.402893066,10,249.119278
17905,114.1740952,29.48073769,16.55082321,10.40358829,6.627745152,5312.606833,3,2841.425891,25.923172,9.235359192,4,251.2105713
17906,160.0268097,28.09516525,17.2459507,9.458045006,5.544962406,5436.01245,3,11956.81131,27.30823898,8.725618362,4,178.2211914
17907,105.2638397,24.8723259,16.1689415,6.876743793,4.07864809,7974.811371,3,30786.80193,21.30966568,6.056538582,4,245.2825623
17908,111.8997803,35.35141373,19.77969551,10.34462833,6.303281784,7597.23745,3,30944.70828,22.95069504,9.675318718,4,134.6075897
17909,115.3788605,26.20567513,17.58165359,7.482594967,4.44901371,3165.757593,3,19193.59778,23.44309807,6.797300339,4,70.59402466
17910,101.9790344,30.23360062,20.93292809,8.433057785,4.799723148,4881.133854,3,27663.03328,18.74926758,6.78303194,4,318.5222778
17911,119.450737,29.20704842,17.78044128,7.754336834,4.709743023,5762.013111,3,28679.66468,24.60943604,7.18266964,4,251.2502441
17912,61.12260437,29.10659981,23.64017677,7.363586903,4.231105328,6732.765629,3,28159.60348,20.89413643,6.372606754,4,323.930603
17913,32.05468369,32.91051102,20.47974205,8.325650215,4.604627609,7652.318989,3,26301.9304,16.43717575,6.571630955,4,234.3235931
17914,174.0837555,19.99586105,13.82029247,6.641803265,4.041405678,8676.360196,3,9452.681206,29.26921082,6.554284573,2,253.3007507
17915,73.51914215,39.43777084,23.73750877,14.61579704,9.362330437,4326.276131,1,6588.176393,36.28666306,12.95349503,10,59.0038414
17916,121.6980896,25.00002098,15.64883709,8.248015404,5.015735626,530.2911591,3,7536.64458,24.19779015,6.85738039,4,254.6153412
17917,105.6430511,26.01614571,15.51322937,8.950799942,5.700857162,2775.519073,3,17438.64461,28.29354668,6.745641232,4,242.0377655
17918,51.58747482,27.09344482,20.60490799,9.280797005,4.488808632,4027.52458,3,27030.98651,23.26355553,11.12164402,4,138.3664551
17919,164.3106689,29.50331116,18.47237778,8.157787323,4.795159817,5088.708192,3,33829.60065,21.43172646,7.20258379,4,256.4099121
17920,115.9096298,34.07826996,23.52205276,8.536550522,4.892673016,6032.106368,3,34993.36838,22.55429649,6.63975811,4,58.13402176
17921,205.331955,20.50219536,13.5249567,8.442774773,4.864356518,7072.049206,3,10794.79206,31.42149162,7.519348145,2,136.5586853
17922,200.0294952,19.37637138,14.87769127,8.784685135,5.697505474,3918.465441,3,1373.525775,32.65799332,10.36826992,10,107.4027023
17923,193.7398682,24.0180378,18.37482452,8.167525291,5.560799122,5289.72363,3,2080.164515,26.45510864,11.7185154,10,88.02506256
17924,229.991684,28.60009384,26.05290794,7.579553604,5.195653915,4960.331648,3,1417.391782,29.35105324,10.56165123,10,279.7645569
17925,168.4951782,28.37898445,15.92071056,9.258628845,5.621562481,2060.955486,3,14599.83941,25.24438667,10.19093895,4,220.5299072
17926,86.83316803,33.41527176,16.27073097,8.746446609,4.161661148,6259.599471,3,34762.55769,23.02648354,6.434986115,4,137.9065857
17927,18.67607117,24.65657806,18.69477654,6.502403259,4.867569923,7649.345443,3,26362.29609,14.29839993,5.877651691,4,240.6600647
17928,145.202179,27.17638588,14.62236691,12.95614052,7.817152023,4306.505614,3,22145.65961,35.95714951,11.19419098,5,123.2103271
17929,154.9486389,18.98814392,13.86906815,6.971698761,4.917013168,10928.72199,8,8629.2968,30.79844475,5.532114029,4,225
17930,103.3723679,26.14801025,17.1951561,10.52778816,6.002388954,2202.686578,3,5807.876287,29.00905418,9.277121544,4,165.1413879
17931,76.49373627,28.76609039,15.25438786,6.416130543,3.831318617,6135.634424,3,946.355343,15.12811852,6.65541935,4,197.0490417
17932,21.57374573,36.77370453,18.52941704,3.941607475,2.508185148,4889.393086,3,255.9228136,6.911148071,3.402215481,4,252.6459808
17933,184.1143341,30.46877289,21.20025826,11.16236496,7.298977375,4104.752676,3,3462.121401,35.07959747,10.65453911,10,57.19593048
17934,345.5768433,35.59631729,24.62838364,9.947070122,5.627942085,1315.1522,1,5333.798354,27.39253044,9.445776939,4,278.5691528
17935,157.8357086,25.04174042,18.53531456,8.81689167,5.51615715,3534.390186,3,4668.440681,29.20872879,8.168805122,4,263.0166016
17936,103.2616882,38.36105347,25.7390461,8.562550545,5.039030552,4140.58991,3,4060.79313,21.56163979,7.31229353,4,44.16688538
17937,129.7174377,27.25724602,16.02385139,5.358816624,3.597001553,4064.196207,3,1029.439008,15.58091927,7.671658993,4,84.62742615
17938,235.2281647,27.74271965,17.25258446,7.520260811,4.808536053,2870.34496,3,13793.3418,23.83785057,7.286001205,4,88.02506256
17939,145.2297668,32.40063477,17.79714966,11.34779358,6.358451366,1757.429033,3,24336.23593,28.52611923,8.7622118,4,163.4288483
17940,9.962274551,63.11233139,18.86806107,7.208464622,2.709942341,7525.50169,3,26497.32475,10.5932951,3.953909397,4,38.52800751
17941,204.8986664,27.47613335,21.25574684,8.442165375,5.122314453,7380.029679,1,10397.87423,31.09555435,7.466986656,2,49.51398849
17942,144.4681244,36.99643707,25.89575386,8.209580421,4.936293602,3538.991076,1,7142.256031,24.83880615,7.109429836,4,287.5272217
17943,153.6558533,38.58003235,24.92827415,10.07364655,5.84614706,2374.438705,3,5779.860333,27.80525589,8.380993843,4,302.6764526
17944,122.1126251,37.13950729,28.46927071,10.15849304,5.607754707,3063.238078,3,5127.586458,30.02255821,7.654934406,4,34.56252289
17945,125.4602585,34.26865005,16.70444679,10.69033909,6.539205074,5254.263386,3,10199.47969,26.9484787,8.204119682,4,205.2011261
17946,140.0415192,31.84645271,18.57206154,10.2546339,5.925055027,5727.362489,3,10672.53971,27.17325783,8.292690277,4,144.9777069
17947,160.5213165,27.25775337,16.9728508,8.674740791,5.150392532,4177.588038,3,12363.10376,28.81546402,7.642971992,4,99.7099762
17948,104.2500305,29.64898682,19.11153984,8.916235924,6.605276585,2618.456377,3,16992.56319,31.88698006,8.429076195,4,94.47624207
17949,65.78742981,30.3618145,16.66173744,8.852674484,4.885983944,5851.488651,3,34005.94847,23.2720108,6.504598618,4,198.4349518
17950,97.3143692,29.65721321,16.08464241,6.985611439,3.815969467,6315.149487,3,28899.27063,19.68587685,5.756131649,4,128.1572266
17951,47.94794846,30.22245216,17.03243637,7.627891541,3.878422737,6834.585253,3,28178.19802,19.80387878,6.816120148,4,96.52441406
17952,132.5670013,34.04273987,24.76615334,10.64574623,6.997390747,3153.079796,3,21701.65235,27.16008377,11.29184151,5,68.05130005
17953,247.8664398,33.90718842,27.99589348,9.038896561,5.323543549,3978.279995,1,247.1148687,34.29483795,7.447974682,10,327.458252
17954,221.2015533,20.52435303,14.03457928,8.510280609,4.700505733,2064.98483,1,6042.819395,32.11818695,8.644020081,4,311.8201904
17955,20.79551315,25.36105537,12.49658489,3.773189783,2.249351978,6272.781607,3,839.8053888,9.859205246,2.837855577,4,219.0938568
17956,163.1021271,33.85089874,18.22581863,10.48304653,5.918496132,5924.657412,3,11383.82274,25.27841187,9.578915596,4,265.1181946
17957,201.4432068,41.53539658,24.75775909,10.16318512,5.827094555,2004.567995,3,10186.4921,24.06450272,9.128288269,4,57.80426788
17958,47.59033966,28.63713455,17.62352371,9.672899246,5.348041058,2383.01674,3,19923.12506,23.81257629,7.587938309,4,222.7542572
17959,8.229919434,63.22130203,23.0794754,8.100460052,3.12637949,7472.927764,3,26503.42192,12.22216702,4.449183464,4,30.96375656
17960,113.3220673,37.01306152,25.31212044,5.491417408,2.99595499,6299.567714,3,27655.09604,13.56845093,4.624186993,4,43.43035126
17961,180.4447327,23.66667938,15.50384235,8.276076317,4.081403732,3722.704308,8,2468.488128,34.5261116,5.874202251,10,317.3662415
17962,49.78189087,33.3988266,21.1566143,9.579808235,4.559596539,6815.416311,3,32766.3198,19.86457253,8.743359566,4,229.7636414
17963,106.1328888,34.57343292,21.79716682,9.33518219,5.590106487,6934.800324,3,32211.8543,23.90252495,8.385294914,4,78.14699554
17964,311.5863342,22.57262421,14.47818756,8.078360558,4.569296837,4236.130131,3,5637.49192,34.96271896,6.611167431,10,241.5278015
17965,56.66870117,35.40584183,18.87042236,5.884605408,3.368395329,3985.804736,3,8751.71651,12.39561462,4.58078146,4,299.8684387
17966,106.2350159,27.62082481,18.29104614,9.946063042,5.443641663,1114.422194,3,23428.88341,25.09500504,9.442105293,4,206.5650482
17967,103.7327881,43.52830124,27.79261398,7.03131485,3.648659229,6647.782669,3,27255.46438,15.52641678,5.74356699,4,319.5739136
17968,39.13154221,37.69268799,26.89780045,9.080596924,5.202997684,7256.617909,3,26632.59175,20.32759857,5.767095566,4,37.7468071
17969,56.669487,28.45278549,19.92512131,7.758550167,4.250646591,7468.985286,3,26359.62709,18.93300629,8.088745117,4,253.0984192
17970,143.611557,25.6589222,18.9615097,8.094062805,5.324391842,7505.289031,3,23779.52325,25.90560722,8.911016464,5,78.54124451
17971,148.4188385,20.08704948,15.00811672,8.024551392,6.271012783,11162.39392,3,8256.074862,32.74996948,7.238895416,4,229.2363892
17972,82.50257111,30.20827484,15.67653084,7.62549305,3.887966871,3704.467338,3,8482.745014,17.93655968,5.628620625,4,235.4225922
17973,84.73589325,49.84442139,24.07271194,13.75917149,7.19005537,6371.591606,3,22988.77254,29.86403465,11.6049242,5,38.07036209
17974,35.82222748,28.74132156,20.54048347,11.15694427,5.849608898,2213.621532,3,21773.36765,17.62810516,9.213671684,2,178.531189
17975,176.8762054,28.63496971,19.01385117,9.000707626,6.164014816,11834.42891,3,7720.669843,25.92190552,8.951731682,4,66.97451019
17976,231.836441,25.62485886,16.84475708,9.248226166,5.438655376,8321.99934,3,9493.967778,30.57437325,7.902795792,2,100.5915298
17977,116.7550278,25.80431366,16.73825264,10.28766537,5.919268608,6727.665765,1,10772.09589,32.82413101,9.158524513,2,43.21009064
17978,137.3071289,35.8219986,18.83433533,11.82156754,6.733288288,5359.194666,3,10285.35885,25.30978775,9.064232826,4,162.9289856
17979,64.88978577,32.02753448,22.3137188,12.64584923,7.354960918,3852.159079,3,26532.53511,25.08369064,12.60953236,4,111.3706207
17980,107.0549698,26.1341114,16.12326241,8.242072105,5.017962933,4358.416352,3,26962.51788,21.47630119,8.289990425,4,281.3099365
17981,67.74777985,24.39360428,15.05398941,9.146497726,5.077522278,4373.879812,3,27236.23424,22.85481834,7.802858353,4,305.2475586
17982,220.1193695,28.25022697,16.77952003,12.12608624,7.508391857,4401.398618,3,23102.5178,32.39146423,12.66855145,5,108.4349518
17983,193.6096497,30.68640137,23.84638596,9.62502861,6.038612843,3814.430236,3,23516.22628,27.686903,8.993033409,5,299.5508423
17984,33.84664154,35.83447647,16.74340248,20.10105705,8.693571091,6542.21627,3,10846.28518,28.8828125,14.11712933,2,98.94854736
17985,47.29214859,32.79394913,23.27381706,10.68387794,7.014647007,6471.821321,1,10879.11411,25.47616196,12.01045322,2,281.3099365
17986,82.91291046,36.06755829,19.18588638,13.36463833,7.131232738,4950.787537,3,10573.05941,29.36963654,10.47030449,4,71.85442352
17987,185.9402618,32.60466003,18.25403786,12.10113239,6.870948792,5569.108195,3,3054.870463,27.97924805,10.15598488,4,218.9559021
17988,86.63904572,33.02767181,21.36188507,10.19212532,5.841083527,2704.146196,3,2223.898667,24.5488739,9.183245659,4,37.83446503
17989,15.22658539,41.20549393,15.56062698,7.637763977,3.570885897,6545.017541,3,28464.37091,13.13204765,5.263026237,4,73.35496521
17990,100.1557007,37.48780441,25.93808556,5.383800507,2.892751694,6722.113789,3,27492.12658,15.39345741,4.390320301,4,40.91438293
17991,185.4826355,28.90747452,14.96433735,12.15104294,7.210156441,9427.740911,3,9288.413929,31.19987488,9.257634163,4,126.135376
17992,136.53125,21.63468933,18.58009911,10.10688591,6.935828686,5051.398019,1,7317.570598,34.61700821,10.46978664,10,110.6325836
17993,39.4643631,26.89913559,12.22816849,7.055214882,3.506088734,3057.464315,3,1916.745867,18.06336594,6.161595821,4,50.28596497
17994,143.965271,29.30516624,15.310112,9.243795395,5.036702633,2735.259734,3,18191.68669,27.16893387,7.142208099,4,273.8140869
17995,148.1152191,30.97005653,18.7334938,8.134235382,4.708315372,4477.674144,3,35018.79475,20.8694725,7.632267952,4,96.66665649
17996,290.0008545,40.06559753,28.17826843,8.589985847,5.298939705,2561.182519,3,23636.36586,26.43729973,9.590695381,5,311.8550415
17997,157.3692017,37.54068375,18.53607178,12.29440308,6.424861908,3890.975614,3,11329.52579,26.55185127,9.021391869,4,147.5364075
17998,24.31697655,27.40680695,12.72285366,5.373562813,3.065364122,6819.752911,3,1450.998638,13.35410023,4.769999027,4,215.2724304
17999,128.6008453,25.09426308,15.35168266,7.663119316,4.82507515,2706.193265,3,19119.24798,25.8539772,6.963761806,4,122.7352295
18000,47.15072632,35.69398499,17.18209076,11.2391758,6.314189911,2390.763047,2,19677.22678,26.24578476,8.91665554,4,89.42578125
18001,20.20264244,37.00757599,17.98359489,9.155981064,5.058625698,6479.872132,3,28520.47252,16.9519062,5.170945168,4,91.21070099
18002,98.20849609,27.61489868,20.03347397,9.728042603,5.526797771,8285.583175,3,23883.40767,24.87925148,8.992577553,5,212.6609192
18003,141.9462128,45.5439949,29.28622055,8.776252747,5.057642937,2628.117195,3,22410.67765,24.06040192,9.031876564,2,36.02737427
18004,341.4584045,24.51147652,17.29769135,8.716917992,5.135676384,4586.761923,1,5811.606579,34.5165062,7.494720459,10,313.9813538
18005,132.6382751,24.64798737,19.30105782,9.01023674,5.842670918,5031.972958,1,6940.342571,34.02202225,9.579424858,10,295.3641357
18006,259.9815979,24.33934975,13.71685696,9.036557198,5.280353069,3454.376738,3,342.9156006,31.39237595,8.116769791,10,106.6992416
18007,126.2233887,34.8132782,18.98497963,11.25928497,5.58539629,5438.674008,3,10128.45202,27.15286446,9.388242722,4,61.90715027
18008,42.52729034,21.68203926,12.07161713,4.425875664,2.550792694,6041.779972,3,724.4527999,12.35558224,3.327066183,4,240.8630676
18009,126.0369186,29.57327461,17.95257568,10.20211315,5.728377819,1346.946084,3,20331.49427,26.84407806,7.987217426,4,199.1954651
18010,98.16777039,26.5773735,17.2267704,8.027097702,4.541881084,7361.394002,3,31234.42047,21.77186966,7.302321911,4,245.7255554
18011,66.08837891,31.66214943,16.65408707,7.909543991,4.069665432,6096.583991,3,31342.61419,17.35770798,6.501224518,4,238.4441223
18012,72.81078339,25.21295738,14.78248882,6.9322505,5.163442135,2635.086346,3,2233.570716,20.00141907,7.826120853,4,65.95578003
18013,83.35569763,27.26945877,16.50412941,6.021716595,3.396121502,5217.027481,3,31186.51632,15.9722271,5.563835621,4,251.4266663
18014,102.622467,37.34492874,21.28274155,6.47209549,3.944347143,5920.396378,3,29344.7481,16.81099319,4.943162441,4,76.83379364
18015,202.3852081,23.69421196,15.58183861,9.307819366,6.218650341,7204.005551,3,10307.44753,28.38310432,9.463122368,2,111.8014069
18016,188.6107941,21.09662628,15.05520153,6.724256516,3.813864946,6489.953291,1,10710.17022,29.27863884,5.791580677,2,277.1672363
18017,75.40129089,27.62949562,16.80976295,6.930801392,4.6198349,6768.021475,3,1550.320224,18.1018486,8.586629868,4,249.0835571
18018,56.70310593,33.26783752,23.06460762,7.4243083,3.865575075,6444.281617,3,28498.95501,18.57761002,6.507899761,4,306.9829102
18019,38.25378799,32.68533325,18.52610016,7.963742256,4.071201801,6089.214333,3,28960.45409,16.38291931,5.880683422,4,122.1841202
18020,171.422821,37.2640686,27.03122711,11.21296978,7.094519138,5631.639543,3,22991.81294,32.54847717,9.576142311,5,33.99645996
18021,160.1917725,25.16599846,18.95169258,9.414691925,5.746674538,7018.38957,3,23908.99814,30.20513344,8.691351891,5,85.97173309
18022,128.9228058,26.81874275,19.20667648,10.9305582,6.816827297,7011.082835,1,10315.10555,33.86029816,10.24499893,2,307.9476929
18023,77.24580383,35.61303711,19.81158638,7.75252533,4.648900509,3585.467658,3,8397.463028,17.26622581,5.891934395,4,309.8029175
18024,103.0186539,33.82652283,17.32420349,9.551815987,4.615943432,4990.850984,3,34900.11127,21.51278877,7.60413599,4,191.1038361
18025,67.12932587,36.31813431,21.56691551,8.582265854,4.675793648,5504.96445,3,34482.92195,19.41297722,7.579915524,4,61.21234894
18026,254.3568573,30.65310097,17.31877327,7.972920895,4.953145504,1727.848336,3,5640.72634,25.25749969,7.312089443,4,254.9262543
18027,68.70422363,33.43072128,13.22971821,10.77911186,5.643259525,1979.261957,3,6625.820928,26.04354286,8.597037315,4,230.7985382
18028,162.5627136,30.9028759,18.23568916,8.291171074,4.847813129,2905.879405,3,7803.020746,22.54988861,7.528146744,4,300.2564392
18029,40.37472153,30.33370399,16.82817459,7.684357643,3.721554041,2120.577805,3,19849.3738,21.41364861,5.821628571,4,206.8799438
18030,105.1283417,29.36533737,17.75367355,8.064561844,4.516430855,4856.008407,3,35248.06716,21.59412384,6.875227451,4,89.44374847
18031,146.7680359,30.42926407,16.94663048,9.505278587,5.115208626,4556.325746,3,35341.96734,23.82820892,6.96314764,4,216.7732849
18032,70.93622589,33.38845825,20.24085236,10.01658058,5.549480438,5222.422297,3,33509.9182,22.87075233,8.398213387,4,163.5881348
18033,20.31674385,62.64958572,18.95132637,8.180951118,2.566720247,6324.978688,3,28650.28844,17.88827515,6.158368111,4,20.13630676
18034,69.99945068,30.53500557,26.21222496,5.663547993,3.354304314,5697.159634,3,29183.7338,18.40017128,4.707782269,4,40.1284523
18035,81.8442688,26.25248718,16.09325981,6.115608692,3.336038589,7459.989524,3,26254.5315,17.21417999,5.773079872,4,223.0250702
18036,161.4146881,36.31634903,25.08283234,9.351445198,5.47197485,1298.333758,3,6921.747586,26.85222435,8.178175926,4,318.9194336
18037,140.4021606,22.18590736,12.83941269,7.222601891,4.041947365,997.2568188,3,5643.905321,23.8238163,6.123592377,4,247.3286591
18038,76.09364319,30.240345,22.20671272,11.80371094,7.365035534,1359.250347,3,6059.030118,26.92576027,10.3675909,4,99.38641357
18039,122.4282761,25.88150978,15.31365013,7.809117794,4.505233765,1797.739409,3,6513.4163,22.76496696,6.831679344,4,238.8278656
18040,12.31573868,54.97806549,18.05623817,10.88730526,5.326185703,5307.53255,3,31833.40222,14.20941067,5.536650658,4,227.0454102
18041,71.11560059,28.83875656,19.07366371,6.941313744,3.784416199,7342.549205,3,26418.93985,19.43886375,6.093483925,4,244.9087524
18042,112.3298645,34.77262497,24.90893173,11.30419922,6.505175591,4370.141534,1,22559.67435,29.84885406,9.440313339,5,315.8988037
18043,195.3630371,21.0067482,15.9022789,9.39033699,5.434714317,8031.306206,3,9660.876585,31.05706024,8.824152946,2,189.246109
18044,178.0064392,31.61519432,17.01455688,11.45020199,6.093538284,6092.750505,3,8610.151841,29.20010948,10.10829353,4,176.5526123
18045,134.5811157,24.96374702,20.80922318,5.871626377,3.664241076,3772.494319,3,1161.538046,17.06157875,7.027048111,4,51.52037811
18046,34.96647644,33.73085785,21.71729851,11.43576622,6.842115402,331.2478466,3,22034.51873,22.89354134,14.23073673,4,168.6660156
18047,58.25408554,29.74954033,16.19021225,8.7066679,5.522873878,5068.778251,3,34331.52869,19.85286522,7.7634902,4,73.56678772
18048,49.79011154,36.78329849,20.38596725,11.10372734,6.708763599,5147.708203,3,33937.14076,22.81959152,9.849041939,4,234.0574341
18049,78.9302063,31.33262825,18.6361618,8.37983799,5.232827187,5536.416181,3,32452.62674,20.57315254,8.286644936,4,195.775589
18050,104.4859924,50.72335815,28.79800606,7.846477032,4.78831768,4796.372581,3,32596.44894,20.62935257,7.061174393,4,325.2418823
18051,30.1009407,48.88109207,28.43156433,8.974364281,4.604980946,5169.275282,3,32038.04181,19.0721302,7.138823986,4,18.43495178
18052,74.1153717,37.65736771,23.50366974,6.315946102,3.865652323,8197.279335,3,25353.43295,14.9694252,6.704858303,4,278.6156616
18053,156.0360718,35.2666893,26.10191154,10.08916283,5.631160736,7309.494382,3,23945.99617,27.29994202,8.834269524,5,304.5922852
18054,117.3751144,34.11736298,17.95779037,10.92721653,6.080338001,6352.107724,3,9121.669009,27.92431641,9.800271034,4,129.2893982
18055,160.0870209,31.09891701,19.57673836,9.283427238,6.073740005,2623.973853,3,18897.94508,24.94726372,8.155408859,4,69.86369324
18056,110.5025406,36.78583145,19.21957207,10.16993427,6.33591938,7523.102728,3,29918.86794,21.86785126,8.387945175,4,179.770813
18057,110.2782974,26.23701859,18.77729607,7.878598213,4.455323219,7482.180633,3,29747.0011,23.25481224,7.065985203,4,101.5534134
18058,103.0425797,39.60145569,25.3979454,8.005730629,4.661491394,4558.854005,3,33621.03253,20.41444397,6.872774124,4,314.1048279
18059,41.20557785,40.34773254,28.02776337,8.59068203,5.83378458,5126.001975,3,32922.03368,18.78364754,6.514509678,4,337.109436
18060,93.89822388,51.6615448,28.72506523,6.753554821,3.511804819,4563.918856,3,32065.14883,15.62225437,5.753545761,4,37.27817535
18061,80.62451935,52.583004,28.88771439,5.258926392,3.006198883,7717.982515,3,25927.29825,10.85306072,3.650311708,4,290.3274841
18062,183.2644043,23.33969879,15.83558941,10.23644352,6.810917854,5106.895202,3,3678.036656,30.37800026,8.86707592,4,109.9831085
18063,55.74438477,28.10689163,15.88817024,4.329577923,2.548244953,5337.098044,3,261.7227712,11.20641708,4.770057678,4,260.8376465
18064,134.3326721,28.2846241,17.62759399,8.884504318,5.068942547,2727.085959,1,7496.300895,27.11668015,7.927089691,4,280.3048401
18065,121.0142212,30.75520325,21.82967377,11.14925003,7.06767416,547.8163915,3,22927.0717,25.93258476,13.20938778,4,193.7748413
18066,68.62557983,35.7946167,22.91734695,6.146662235,3.359179735,6537.103528,3,27300.56616,15.43388844,5.318397045,4,55.21475983
18067,32.44382858,34.16102982,25.49179077,7.958297729,4.612187862,6992.68817,3,26795.32683,19.89859962,6.926389217,4,40.0931282
18068,74.22992706,26.74739075,16.64054108,10.39444256,6.764651299,4741.653033,3,22611.6807,37.14621735,13.398036,5,172.4455109
18069,170.7267914,26.04497147,15.74785233,9.922598839,5.980844021,2870.366697,3,5985.254987,30.07120132,9.083083153,4,110.7722549
18070,74.71392822,25.24594116,14.47562408,7.312189102,4.157555103,6591.768358,3,28905.10106,23.21896172,5.639569759,4,147.7787323
18071,121.8916473,32.47732925,19.00671768,8.979289055,5.656603336,4817.523397,3,34256.9565,21.55965233,8.679597855,4,124.3803406
18072,55.13010406,59.16241455,26.8900032,6.979252338,3.863546848,5925.011572,3,29047.68967,17.05743408,6.065320015,4,327.5288086
18073,318.2138977,32.05121613,23.13041878,9.121622086,5.919621468,3079.150844,3,23806.93413,24.91005135,11.32871437,5,73.59057617
18074,185.4054413,23.1765213,14.24218178,7.807231903,4.900584698,3595.300246,3,6474.182835,28.31321716,9.307635307,4,234.462326
18075,82.59846497,24.16618919,18.18284035,9.060027122,4.980789661,621.9993896,3,21672.64638,29.46909332,11.86855221,4,145.8071899
18076,54.71351242,42.09885025,22.6074791,7.182231426,6.460175991,144.4977072,3,21895.36289,15.19882107,13.35962868,4,313.9699402
18077,4.133904457,68.24615479,16.09579086,3.026579618,1.197754622,208.1711837,3,22020.3271,4.45446682,1.842591882,4,315
18078,77.81343079,26.51267815,16.14379883,8.969044685,4.551096916,3465.65217,3,25743.7781,23.03738022,9.22059536,4,185.3009338
18079,105.8115692,30.06729698,16.17422295,10.35218048,5.783698082,5592.10261,3,27986.49958,26.38239479,9.349858284,4,200.3764343
18080,173.0536499,41.74581528,28.28137398,11.88922405,6.615768433,5286.161234,3,23416.1231,28.52380371,10.4661417,5,47.94722748
18081,201.809433,29.57491493,23.93107605,9.788312912,6.612724304,5409.80066,3,23231.96602,32.47875977,8.841787338,5,29.69085312
18082,125.6300583,27.65182114,16.36914825,9.629437447,5.457108974,3736.798751,1,11415.87194,29.63615799,8.011486053,4,228.1449585
18083,160.4745636,21.15888977,14.07335758,9.095685959,5.363541126,2983.628711,3,7828.049284,28.38219833,9.379654884,4,200.8733215
18084,121.3762665,24.52704239,18.77090454,7.605374813,4.623653889,2191.673534,3,19081.57118,24.86315536,6.523506641,4,39.93638229
18085,127.7256622,27.30135918,16.09668922,7.823464394,4.673808098,2402.185735,3,24858.61833,22.47540474,6.819482327,4,225
18086,93.17415619,54.39580536,26.51947594,6.627678871,4.13741827,4303.106325,3,32565.77284,15.68290615,6.603987217,4,308.5136414
18087,101.0395432,26.56671715,15.42894268,6.178197384,3.583025694,5261.396192,3,30106.62832,17.19677925,5.301212311,4,100.0079803
18088,82.75366974,27.54932404,17.20384789,6.271625996,3.528007507,7327.123477,3,26339.4791,16.52606773,5.380731106,4,239.7435608
18089,154.9969635,35.6634903,22.06871605,10.7034235,6.256353378,1707.187721,3,10341.98854,28.16684341,9.213142395,4,64.81066895
18090,7.248750687,32.79888535,10.07517719,3.903468609,1.326067328,4468.099527,3,539.4156457,6.345435143,1.542279005,4,67.61986542
18091,12.07704163,29.12033272,14.05574036,3.019845009,1.574017644,124.9501898,3,4776.898282,7.789455891,2.033726692,4,35.11641693
18092,116.7963486,24.30168724,17.06044388,8.450253487,4.944322109,877.8996657,3,5531.290175,23.70108414,8.906235695,4,234.7792664
18093,46.71938324,28.70459747,20.96315575,4.446445465,2.609660149,7966.865521,3,25671.26279,10.23298645,3.380762577,4,35.53767776
18094,151.8128357,23.7232399,17.78261185,10.66866302,7.379040718,9937.381373,3,8756.305261,31.79130936,9.044439316,4,175.2182617
18095,124.7774963,36.68005371,28.50862885,12.0761261,6.584771156,5193.129831,3,5331.625114,29.14380455,11.7748909,10,318.9005127
18096,139.6081696,29.48945236,17.7790432,10.31737614,5.987133503,3860.604492,1,10816.3972,28.85427475,9.057509422,4,238.8926544
18097,175.1491547,28.33127022,17.09070015,11.53021812,6.812351227,3131.890815,3,11149.83974,31.19274902,9.508934975,4,94.58166504
18098,140.5817413,29.17308807,16.48287773,8.940393448,5.148675442,2791.762251,3,11282.50943,24.27836037,8.088617325,4,219.2071991
18099,89.42043304,27.28723526,17.00283432,6.640054226,4.925381184,74.20471965,3,4706.810231,15.29672241,9.967288017,4,54.46232224
18100,108.1737442,26.8778801,17.86711121,10.3793211,4.793777943,4634.451309,3,26982.57118,25.96328926,10.90818119,4,217.98349
18101,131.8659515,42.98802185,27.75669289,6.752130985,3.705415964,4885.978569,3,30327.92625,17.69907379,5.871706009,4,37.67359161
18102,91.93808746,34.17975616,25.26771545,6.154277325,3.381370544,5582.400421,3,29142.17786,16.46644783,5.504191875,4,290.5560303
18103,90.96427917,51.36989975,29.76527786,8.173810005,5.528639317,530.0234884,1,22424.49053,23.062006,9.724038124,4,44.29486847
18104,112.1356049,20.45017815,13.55401611,6.961796761,4.225010395,8403.505171,3,24182.40882,22.88551521,7.109006882,5,304.6176453
18105,140.9042358,21.69970131,16.69486046,9.547030449,6.039977074,5002.31137,8,5418.290206,30.14157104,9.621006966,10,96.81291199
18106,184.6890259,29.60850716,16.38498497,9.833181381,5.476862907,1933.395507,1,17503.18148,29.80007172,8.20465374,4,258.9787903
18107,35.44773865,29.80732727,21.360466,8.969366074,5.24176836,586.3010101,3,21472.16654,17.30359077,11.61464787,4,131.4236603
18108,179.083786,35.74992752,23.54417038,9.729831696,5.328800678,822.5192729,3,22019.38077,25.28087807,9.065849304,4,276.3948669
18109,112.6982117,29.14681625,16.89135933,9.442793846,5.381572723,6471.067672,3,31555.2882,24.22019386,7.405847073,4,215.5500946
18110,76.65024567,30.51541328,21.43457985,5.623865128,3.440171957,4527.56731,3,32501.52745,17.24310303,7.764667511,4,46.34723282
18111,97.85055542,45.00242233,27.81355095,7.041674137,3.9986763,5092.69201,3,29870.55276,17.14297676,6.064896107,4,281.755188
18112,262.6838989,22.46769142,19.77654648,6.863965511,4.629486561,6415.006773,3,10028.63743,26.56373405,9.987244606,2,273.2321167
18113,62.07396698,33.76859283,22.08546829,4.407737255,2.539165735,5239.654512,3,271.0027623,10.22324657,3.943963528,4,293.1986084
18114,136.7961121,35.87107086,24.54791069,6.970574379,4.018517494,3070.401743,3,1737.26125,17.61961174,6.303892612,4,48.64581299
18115,192.0644073,28.5166378,16.88125038,10.12885571,4.962647438,1703.345671,3,17708.05979,26.10492516,8.813783646,4,203.0126495
18116,105.7233505,32.60310745,21.77713776,7.855912685,4.638288021,4393.147365,3,33038.31066,20.41932106,6.932338238,4,285.6422424
18117,143.376358,20.40391922,13.92198277,6.876975536,4.049121857,8837.538703,3,24652.09839,20.96532059,7.387081146,5,252.0955505
18118,40.95330048,29.70356369,16.227314,5.101790428,2.969758511,8405.311957,3,25103.89551,11.7780056,4.226748466,5,93.31847382
18119,323.9859009,24.95791817,11.83546734,7.963909626,4.406305313,3730.694957,1,64.40859088,32.01667023,6.010413647,10,58.0513382
18120,53.55224991,39.22262955,21.67236328,12.06337452,7.129742146,4568.640886,1,10694.04176,27.66050911,11.52028751,4,193.9026794
18121,109.2411575,31.67156219,19.40142822,10.68025494,5.844932556,5013.88022,3,10273.50485,29.6439476,8.677623749,4,63.01416779
18122,99.37995148,29.16162872,17.56510544,11.89189434,7.347621918,1681.12159,2,16697.15108,34.79285431,10.06116295,4,104.5543365
18123,51.67625046,25.21477699,20.49199295,7.714069366,4.941673756,3816.930922,3,26059.37715,18.17251396,9.078864098,4,175.4808044
18124,68.56721497,26.61455536,15.86597919,8.781956673,5.495266438,10409.65949,3,8484.145327,27.37265396,7.581074715,4,213.87854
18125,86.38538361,60.02389908,24.7892952,12.54246807,6.904778957,3064.054638,1,651.4115326,32.48931503,9.007143974,5,340.3166809
18126,160.5805664,33.32776642,25.77655792,8.876455307,5.504344463,1712.050031,1,22695.73085,26.76125336,8.246209145,4,300.9637451
18127,14.47071743,34.43988037,19.02119064,7.292875767,3.320798397,4178.919763,3,26505.49389,12.96455765,8.941770554,4,242.0490265
18128,107.7114487,44.17155457,28.61400414,7.498610497,3.778639793,4218.890722,3,33339.99437,19.26676559,6.607277393,4,30.07439232
18129,5.351977348,40.25089264,25.66198349,2.933299065,1.44144094,384.1508033,3,21575.25201,4.924464703,1.946170568,4,288.4349365
18130,53.36435318,36.85751724,20.85693932,10.62603474,5.563211918,1704.707938,3,23691.39,19.02142715,9.177700043,4,213.8200073
18131,131.4713898,19.66656494,15.37153912,7.509421825,5.879387856,11642.45701,3,7644.410451,32.4719429,7.173943996,4,228.5763397
18132,345.8434143,23.78756142,15.03347015,9.20438385,5.659653187,1356.680486,3,4715.4969,28.44115829,8.551722527,4,202.9382935
18133,242.5411987,23.50205612,12.71891212,7.827974796,4.190151691,975.5794181,3,4728.138054,31.00043106,8.964223862,4,240.3215027
18134,119.7725525,30.66926003,17.88128853,11.52246666,6.119316578,5910.750191,3,9468.781729,28.81782913,8.860330582,4,243.8270874
18135,161.7052155,28.94541359,17.07984924,10.96602917,6.226641178,6114.423438,3,2696.66573,26.14450073,9.252566338,4,151.3895416
18136,54.71219635,29.42232513,16.76310921,5.287221909,3.089056015,4660.208449,3,145.706052,11.27862358,5.319231987,4,115.2011261
18137,108.6094437,48.2122612,27.092556,8.483805656,4.945282936,662.0231587,3,3979.252963,23.27095413,9.919841766,4,32.34744263
18138,97.37152863,28.56843948,19.14350319,10.0984726,6.335149288,451.8571359,3,20964.19612,25.92258644,11.95524597,4,117.5993958
18139,90.74289703,30.75823593,23.93293762,11.23924732,6.871242523,4198.06027,1,26169.74972,30.71520996,10.30519485,4,338.1986084
18140,109.5138702,42.04605103,18.24402046,11.35965443,6.175960541,6038.896409,3,31785.59022,22.5408802,8.667695999,4,123.8245621
18141,58.95457077,31.17246437,17.83036613,10.11956501,5.739527225,4634.007318,3,34572.87342,22.99454498,8.269911766,4,130.4260864
18142,93.89141846,27.48862457,13.7517004,9.845686913,5.46176815,10670.15601,3,8304.057941,29.11882019,11.20897198,4,102.1418304
18143,9.775407791,45.03556442,19.06558228,7.901469231,4.073829174,67.19945976,3,8132.226032,13.09508419,5.772998333,4,198.1532593
18144,140.2847748,30.52292252,20.90148354,9.137237549,5.622601986,150.7319512,1,21356.40743,28.33883858,10.87883759,4,307.4547424
18145,89.13156128,46.74277115,25.62024117,5.173076153,2.776350021,6399.8004,3,27403.40324,13.03564453,4.277446747,4,28.14160156
18146,82.83485413,30.11309242,17.04421616,5.378935337,3.510365725,6163.778681,3,27613.5247,13.67392063,4.915994644,4,69.89315033
18147,79.07234955,18.90156174,12.37452507,6.69201088,4.00915575,11952.79422,3,7487.008647,22.35000801,6.302690983,4,68.21533203
18148,142.4724121,23.78222084,17.19057274,10.24703693,6.079316139,11293.66203,3,7792.166333,32.72372818,9.266187668,4,138.8539581
18149,20.88127136,34.78722763,20.8827076,8.01869297,5.589485168,9569.771531,3,8778.569081,21.77491379,6.962819576,4,200.4451141
18150,109.8256454,30.83789063,23.55871773,11.19190025,6.885246277,5387.688984,3,5301.779987,25.94176102,10.72405148,10,83.87613678
18151,147.5071564,24.31787872,14.38594437,10.77866077,6.053315639,4714.573513,1,7458.62689,31.78974152,8.782044411,4,187.8547363
18152,86.80906677,34.30636978,19.92930984,8.389111519,5.480240822,5780.189267,3,10729.03014,21.84199333,10.18294525,4,195.6744232
18153,44.54990768,31.70567703,15.25020504,7.94638586,3.971770048,3181.901648,3,678.5290877,29.66237831,7.678551674,5,81.09828186
18154,92.65063477,29.03039932,16.73365593,12.17373848,5.936770916,1447.483309,3,3215.6141,30.51966095,10.81379318,4,151.6992493
18155,109.7013855,31.02791214,20.28419685,9.119080544,5.337634563,5442.22654,1,10482.27453,26.22010231,7.707586765,4,312.7542725
18156,90.35462952,35.94423676,27.25150871,8.275471687,4.698614597,4995.080688,1,11284.71153,25.57632828,7.880626202,4,315.9710083
18157,8.297662735,48.48965454,24.28329086,4.864473343,2.258819818,232.145834,3,21666.03569,8.116429329,4.902088165,4,330.7086487
18158,110.5089111,27.41009331,14.8045454,7.72087431,3.957058907,1982.488674,3,24403.65567,25.80485153,5.577923775,4,246.8014069
18159,89.67194366,29.03252029,17.38619232,8.621518135,4.878676414,5453.20884,3,32821.37603,22.09163475,7.512748718,4,253.3007507
18160,81.39334106,60.62683487,26.24991417,6.276413918,3.498643637,5987.420512,3,27760.75382,13.27466011,4.960229397,4,45
18161,54.03974915,45.27944183,29.11883163,7.19737196,4.153418541,6770.564559,3,26926.54485,18.22025299,5.617616653,4,45
18162,79.38178253,32.85874939,23.96222115,5.013534069,2.760335922,6044.658842,3,27668.38229,14.11450768,5.03395462,4,37.87498474
18163,100.9138107,23.12275314,15.90752411,8.218862534,5.953795433,5458.188705,3,23134.07066,35.06571579,6.747674465,5,40.50555801
18164,160.8305664,21.8940239,16.50317383,9.852822304,5.922277451,7796.156992,3,9698.867434,31.28075027,9.656930923,2,124.2156982
18165,124.3823776,28.26765823,24.78515625,10.94235039,6.755360126,8082.057347,1,9303.040548,33.71266937,9.37065506,2,317.4660645
18166,273.4615173,21.10596275,14.37601662,8.412798882,5.434192181,5727.175622,3,8249.665806,32.24174881,8.446624756,2,118.842659
18167,247.4732208,20.0948925,13.45067501,8.080114365,5.760365486,6058.829593,3,8930.581966,31.88202286,8.954532623,2,134.0206757
18168,246.5244446,21.77550697,13.87524605,7.733036518,4.012758255,4005.117463,3,213.7733347,31.88825607,7.566297531,10,86.89653015
18169,247.3921814,31.90292549,23.61630058,8.3904953,5.084558487,3933.999626,3,306.7849695,30.85727119,7.707408905,10,44.27930832
18170,100.0830002,26.68751335,16.95741463,7.930610657,4.235016823,4857.806524,3,11682.79208,25.45247841,8.93992424,4,268.1668396
18171,51.06430817,41.70102692,27.49166489,8.851385117,4.622848034,1210.422858,3,23090.40948,18.79630852,9.284223557,4,41.73287964
18172,175.2827759,25.04706573,15.56184769,8.901202202,6.032549858,9134.261633,3,8846.452911,30.51634598,7.757025719,2,214.3124695
18173,118.1752396,28.2519455,23.55224609,10.65180397,6.042553902,5286.205508,8,4963.913168,32.19773865,11.3166008,10,288.5910645
18174,58.9672699,46.80488968,26.58898354,14.85031319,8.50835228,196.3239972,3,2458.856702,27.17109108,11.79770851,4,61.44048309
18175,135.674408,25.60701561,19.46537018,10.8625555,7.195133209,361.0180554,3,2890.792431,32.84398651,12.0779705,4,245.2822876
18176,119.3511581,27.73352623,17.90808105,12.44573975,7.223438263,525.3325182,3,8751.316957,32.81338501,12.14529991,4,137.6196594
18177,117.598175,26.07639503,17.01169586,8.724845886,4.669313908,4917.552321,3,9860.097957,28.58273315,9.315692902,4,133.7848206
18178,163.6940613,33.533535,26.50328445,9.218300819,5.449793339,6819.242215,3,23999.45097,27.76024246,9.071562767,5,314.1448975
18179,306.4237366,18.90917015,13.52543259,6.542683125,4.940438747,5107.776701,3,6127.161996,32.63907242,6.409719944,10,261.2802734
18180,130.3889618,24.08853912,20.43875122,9.560429573,6.311388493,5256.333386,8,3478.941524,31.40551186,10.96818447,10,257.0619507
18181,99.840065,24.72117424,16.0816288,6.649811268,4.197796822,317.3004131,3,7996.738346,19.76350021,11.93501377,4,258.0238647
18182,203.2431793,28.30571747,17.72862053,11.26239967,6.387427807,4115.677469,3,5011.910921,28.52008057,9.599499702,4,102.9946136
18183,93.08690643,32.34106064,15.87265873,9.421269417,5.487028599,717.9303465,3,3936.254353,22.73698807,9.34828186,4,121.239212
18184,126.5011597,52.94501877,26.89525223,9.903860092,5.588675976,4610.491915,3,26415.0197,25.37273407,8.765345573,4,84.3693161
18185,76.77371979,40.9008255,27.59465599,8.178714752,3.72853756,5155.200861,3,27184.61491,19.90078354,5.854420185,4,291.6514282
18186,81.14844513,32.03276825,23.56522369,11.93266964,6.54492569,4919.481128,3,27163.25964,27.0066185,12.24016285,4,193.0765228
18187,85.41487885,29.33334351,18.6008873,9.005293846,4.524723053,5896.831983,3,31963.43687,23.26449776,6.780967712,4,219.95755
18188,77.0240097,30.47948647,20.89701462,11.56479359,7.031860828,5712.314748,3,32300.0383,25.06205177,11.1222105,4,88.50234985
18189,357.1551208,29.71183395,19.42529678,8.921913147,5.878372669,2019.10467,3,23847.22872,22.074049,12.45761585,5,79.97944641
18190,139.4519501,21.80870628,17.30557823,7.831110477,5.411905289,7307.755214,1,9938.63671,30.09074211,8.027134895,2,239.9351807
18191,41.04265213,33.75440598,16.64617538,9.025792122,4.236409187,5488.426195,1,7408.487092,27.96311188,6.815514565,10,263.3926392
18192,111.207428,22.71492195,19.15222549,7.672599316,4.303195953,5957.203582,1,7840.599062,25.97775841,6.826151371,10,318.0288086
18193,142.2904816,20.53488541,15.03637791,10.23983669,6.416018963,5097.12217,3,4295.072314,32.00616074,11.15963554,10,101.6977158
18194,172.5150757,28.67418098,16.46711349,11.15396214,6.619706154,1754.734863,3,1471.983898,29.18522644,9.36865139,5,139.8990936
18195,51.02661514,27.47631073,16.6021347,9.366239548,5.924167633,6798.456999,3,1713.228234,26.82940674,10.02886868,4,219.8055725
18196,153.5289917,32.84447098,21.04937172,10.52655411,6.620307922,6541.927894,3,2237.323461,25.73505974,10.57313061,4,294.9779053
18197,69.30805206,25.69224548,16.37802887,10.54372692,5.93735218,1984.749576,3,2686.355667,28.01156998,8.365477562,4,150.3269196
18198,62.91158676,33.47915649,17.77065659,9.144943237,4.660805702,1664.477775,3,6450.369914,22.53093719,7.966821671,4,181.0121155
18199,171.3121948,29.83379745,17.93186569,9.706956863,5.637625217,1440.492152,1,17585.96256,28.6176281,8.625300407,4,287.5163574
18200,91.98176575,31.18148804,21.47108269,7.368940353,4.158556938,5979.7598,3,28051.8944,19.60292816,6.91452837,4,309.9536438
18201,71.0761261,32.13948059,18.77148628,8.94556427,6.17517519,6017.793682,3,23948.09231,21.90048599,12.43062401,5,209.9621887
18202,174.4116516,49.18842697,30.26370621,9.975888252,6.571068287,10443.41701,1,8071.87556,32.7387619,8.141704559,4,59.44403839
18203,53.13172913,30.12485313,19.47616768,12.8857975,8.081028938,9740.917752,1,8596.622712,33.15887451,11.99943352,4,42.25191116
18204,222.1830902,26.20631599,15.77706623,8.794625282,5.052781582,8679.376872,3,9560.679992,27.89972115,7.100691319,2,191.2374115
18205,114.2675095,36.47189331,25.82617378,12.96041679,7.268684387,5553.047385,8,3891.633671,30.21339226,13.06554699,10,51.19800186
18206,94.6531601,28.60315323,18.24356842,5.591606617,3.171178579,5850.355296,3,883.8972233,13.16159153,5.444766521,4,291.498291
18207,133.6888885,36.633255,27.11731148,9.40243721,5.958911419,4260.058112,3,25634.54567,29.60936737,8.020665169,4,42.25790024
18208,160.216568,22.12987518,11.64760399,7.433527946,4.664718628,4555.797782,3,731.9179351,32.29679489,5.035244465,10,96.16040039
18209,258.0471802,24.39503098,18.25069237,8.521002769,5.147249699,4352.161668,3,556.4647062,33.41836929,7.399889946,10,44.31551361
18210,115.5051117,31.44182396,15.6368866,12.17318249,6.331050873,5793.30782,1,9455.993164,29.29747581,9.466264725,4,147.7773438
18211,55.7224617,33.189991,19.56983757,13.75303173,6.327190876,4295.500898,1,10835.96501,30.34482193,10.12952805,4,204.3994446
18212,42.33101273,30.74900436,21.07471085,10.30149269,4.684002399,6707.013644,3,1696.954448,19.70267677,8.910345078,4,299.0355835
18213,102.8995132,30.53921318,17.5321846,9.485048294,5.021962643,2944.380867,3,1785.222045,20.96931458,7.726268291,4,144.462326
18214,186.9596558,37.12252426,27.01170158,7.627552032,4.800414085,6788.300049,1,10379.97118,28.18762398,6.88617897,2,302.9200439
18215,113.8334885,28.99889946,17.82465935,10.30071163,5.820109844,4691.119057,1,10450.78949,30.13987923,8.99819088,4,63.74134064
18216,89.82279205,45.69170761,27.78526878,6.514596462,3.412307262,6018.04797,3,1192.504513,14.72550774,5.76426363,4,321.7098389
18217,42.70218658,32.28913879,21.47933006,9.771760941,6.372861385,2227.514434,3,24083.51501,22.05998421,8.731255531,4,196.2158051
18218,79.72052765,27.21984482,19.8654747,8.579371452,4.976599693,2942.396596,3,24957.14156,21.33958054,8.759821892,4,175.6567688
18219,125.3055573,37.27100372,27.61552048,11.31304264,6.829453468,3462.564214,1,25044.48009,30.7781868,9.867509842,4,335.213562
18220,52.11090088,42.38469696,29.66469765,11.22350216,6.762206554,3685.862069,1,25585.91513,28.43137932,7.331307888,4,337.5795898
18221,94.71920013,26.37010002,16.76958847,11.60758018,8.24928093,9842.029364,1,8479.241304,31.25440979,10.16437626,4,62.19853973
18222,40.48223877,31.76494217,16.20662689,6.622119427,4.237045288,5573.368481,1,7491.374347,26.00712204,3.796371937,10,333.621582
18223,264.9309692,27.87207222,21.50676918,8.160317421,5.078850269,5473.320977,1,6628.948546,31.78588295,6.262557983,10,324.2460938
18224,151.3520813,26.5158844,15.61932278,12.53150749,7.049515247,5101.764342,3,7556.958263,35.68732834,9.279443741,4,194.5193481
18225,98.66864014,29.6848278,18.88525963,8.536018372,4.977758884,3335.771953,3,5568.880708,24.14786339,6.815724373,4,300.7815552
18226,200.4491577,26.49241638,15.80719662,8.920126915,5.111061096,1346.795825,3,18717.3493,26.06591988,7.713378906,4,197.2814941
18227,94.41001129,37.84998322,19.33070374,10.25360394,5.829388618,6531.342968,3,31325.00638,23.59404182,8.070666313,4,124.6843719
18228,328.2761536,38.61760712,27.3996067,8.552075386,5.233285904,1799.707448,3,23990.12454,11.81796455,8.872312546,5,299.744873
18229,206.7428436,29.03259468,21.55473328,8.764919281,5.202733517,12421.1145,3,6964.503602,29.02048111,8.514276505,4,67.12246704
18230,99.74523163,23.35143852,14.83724689,9.449897766,5.608560085,9470.462318,3,8647.732114,33.44330978,9.098367691,4,224.4974213
18231,213.5367889,22.4145813,13.8050127,6.349677563,3.650842667,5738.653219,3,7096.729445,32.20755386,5.975991726,10,269.4974365
18232,209.9931335,20.25529289,13.02865219,8.446335793,4.857554436,3140.409754,3,264.6316042,31.83710861,7.13780117,5,107.5046387
18233,154.8066406,28.50179291,17.81466484,9.883961678,5.477458,1795.94537,3,9964.666162,25.59733963,8.251545906,4,196.2416229
18234,119.2322083,32.42565918,15.78401947,9.35007,5.16574049,3203.573602,3,5457.130476,21.9095192,8.082370758,4,189.5083008
18235,47.47206879,28.36767578,22.74053574,4.93426609,2.660904884,4228.49635,3,32091.52138,14.23430252,3.991065979,4,30.5395298
18236,145.8917236,32.16271591,20.10035324,10.26010895,6.212244034,1278.594421,1,19824.36079,29.47481155,9.211486816,4,68.59738922
18237,64.28305054,46.38637543,28.98342133,5.783006191,3.20691824,4023.575933,3,32063.71437,14.02432346,4.99032259,4,335.1157532
18238,78.41261292,27.98155022,20.67372131,5.355369091,3.096264601,4344.550361,3,31562.23126,14.76419353,5.120846272,4,309.0897522
18239,76.29666138,24.15089607,18.23366547,9.282165527,6.356789112,5277.397727,3,23278.55008,33.70597076,7.490136147,5,18.43495178
18240,107.2148132,24.18063164,17.35358429,8.020654678,5.797712326,9892.087012,1,8361.774259,30.77463722,9.121014595,4,72.20756531
18241,96.07524109,27.30944252,13.74782753,9.398115158,5.184366703,2555.802665,3,6034.384159,26.29133797,7.556603432,4,198.7257843
18242,18.08508682,26.7212162,20.08834457,5.724031448,2.24469161,3762.778742,3,984.2002877,13.83525562,2.981166601,4,43.97697067
18243,176.483429,44.00551605,28.11308479,8.306758881,4.459720135,1893.714654,3,2743.990973,20.01357269,6.766204357,4,25.38790894
18244,155.4769135,26.5277195,15.48470592,9.162037849,5.736571789,2525.905572,3,7461.145987,27.10394669,9.365260124,4,148.047699
18245,145.5921173,41.22676086,28.93514442,8.50526619,5.251700878,1840.669558,1,23284.00527,25.70576668,9.967589378,4,38.1021347
18246,135.8788147,31.94672012,21.52291298,7.609351635,4.300261497,3334.844782,3,1347.797808,19.59809113,6.802442074,4,41.87786865
18247,118.4373779,30.46636581,25.03286362,6.708338261,3.597853661,5254.371724,3,26697.14413,22.19745827,5.750126839,4,311.1602173
18248,121.8010941,38.91669846,26.56760216,9.387741089,5.691889286,5981.264045,3,27099.36905,26.6497097,7.720610619,4,47.12109756
18249,242.312439,25.71979713,19.92873001,8.014393806,4.999702454,7781.460152,3,9186.989913,28.51491928,8.29906559,2,277.27948
18250,147.6869965,26.58938599,23.92543983,8.527913094,5.11661911,5993.721799,1,7421.380847,29.4822979,7.011726379,10,332.2977295
18251,93.05171967,35.32280731,16.64140129,10.69237137,5.339221001,5381.174066,1,9830.798388,24.72382545,8.287941933,4,208.4259949
18252,188.0723724,28.78957176,17.42226028,10.72281361,6.387665272,1301.785142,3,18389.03253,32.56044006,9.720009804,4,106.1275787
18253,18.81205368,70.90219879,17.61883545,5.568451881,3.044373512,1035.281881,3,3612.332141,15.4628334,3.670833588,4,40.71084595
18254,101.6489944,31.90319252,17.53240967,8.593517303,4.596832752,7205.94369,3,29281.92436,22.98489571,8.102656364,4,177.5169678
18255,60.28675842,39.13174438,21.60017586,7.889008522,4.343155861,6196.854699,3,23949.52089,14.40917206,7.631932735,5,86.28471375
18256,198.941803,40.57619095,28.1934948,10.72562885,5.901759624,4357.956304,3,1499.113037,28.00094032,10.92493725,10,293.1986084
18257,50.39974594,48.73170471,27.13795853,12.7208252,6.555083275,2009.043103,1,2652.318114,27.2084465,9.030444145,4,65.85446167
18258,100.8094559,27.09125137,15.86611843,8.337888718,4.643604279,4543.280136,3,10914.61996,24.98702621,7.322684765,4,161.21138
18259,11.21823883,40.46706009,25.08596611,10.78319931,5.918786526,2471.652492,3,24199.40439,15.01541519,8.552585602,4,200.4181824
18260,18.21971703,62.82603073,21.32646179,6.808036804,5.245424271,2244.239999,3,23892.19783,10.08652878,8.727759361,4,53.13010406
18261,98.63772583,26.52307701,20.37611961,10.78699493,7.475033283,5417.859784,8,3136.986381,31.44104004,12.59250546,10,105.8888931
18262,99.09347534,33.53774643,26.78002167,12.69385624,7.044566154,5456.046687,8,2749.679012,32.4139328,14.08949471,10,311.6335449
18263,141.5581055,51.60837555,28.96959877,11.5494585,7.325970173,1557.198502,1,1332.683564,32.3035202,9.462224007,5,309.5936279
18264,182.6151428,23.4478569,17.22949982,11.38647652,7.299429417,790.6102498,3,2978.372235,32.32366562,11.09903145,4,75.57922363
18265,169.1043396,29.78468132,18.25103951,8.556247711,5.191986084,255.2018493,3,3819.31805,24.80190659,8.918480873,4,260.0493774
18266,251.4682922,23.05177116,15.12024593,7.160527706,4.419195652,948.3728886,3,4569.132582,29.38524628,8.061925888,4,258.9675293
18267,264.68927,31.02798653,21.50804138,8.787039757,4.907808304,2961.544481,3,1671.201993,25.97395515,8.643660545,4,62.42494583
18268,125.6560593,26.87469292,23.37116623,8.241119385,5.423715115,4805.948066,1,9641.11956,28.48664093,8.0044384,4,316.668335
18269,56.3375473,32.52103424,17.42473984,6.880558968,3.954815388,6630.862819,3,28505.15523,19.66953468,6.128385067,4,95.33977509
18270,48.14229202,27.05946732,17.52591133,7.840420723,4.96794939,7447.605827,3,30081.48314,20.80761337,8.845974922,4,154.222168
18271,20.75988197,44.6075325,18.76899338,9.013234138,4.30948925,7152.034262,3,30436.27659,14.88200188,7.291701794,4,203.9624939
18272,63.78210831,22.54580498,12.14453411,5.527488232,2.60807848,4677.685286,3,31230.8565,14.27958298,4.074933052,4,293.4140015
18273,44.20674133,33.20982361,17.65294838,4.790281296,2.508570433,5358.274394,3,28641.91759,11.43876171,3.701811314,4,225
18274,42.79388046,32.91994095,24.55742073,4.738797188,2.521214485,7746.775053,3,25886.29904,10.72744656,3.376866341,4,30.21497726
18275,34.85009003,34.7809639,19.12745476,3.552246094,2.383842707,4165.813211,3,595.2090246,10.23232651,2.853124857,4,54.57521057
18276,85.76979065,50.75144577,27.67994308,6.311206341,3.737630844,4194.689142,3,485.2009089,12.65301132,5.611001015,4,45
18277,203.9440155,37.29150009,28.56623268,7.53169632,4.488663197,3428.058587,3,1208.713664,21.40679169,7.41565752,4,319.1849365
18278,139.1898193,26.39782715,16.35869598,7.73737812,4.921815395,2878.494147,3,7779.962656,22.21367455,8.461492538,4,243.0604706
18279,70.15077972,29.10168457,16.96978951,9.010165215,5.022546291,4573.726466,3,9471.061607,21.70025063,7.190129757,4,147.0947571
18280,229.062973,26.22727394,14.62809658,10.1713686,5.79161644,1026.482446,3,17651.95935,30.49332809,8.395971298,4,177.4577026
18281,134.0907898,29.62760925,18.64314842,11.23125839,6.257740974,3338.578109,3,24631.70947,27.79637718,10.46007919,4,238.9438324
18282,116.0922012,31.38236618,22.14843369,8.17641449,4.784786224,6442.350169,3,27652.69572,22.93132019,7.475450516,4,268.5056763
18283,116.6163712,17.6924324,11.87660027,7.23387146,4.677628994,8649.762487,3,24774.38258,28.15239334,5.518905163,5,223.4518433
18284,172.556427,24.5418148,15.885602,10.93739414,6.972486973,8925.082066,3,8776.596285,33.34230804,9.96528244,2,162.2559509
18285,119.5321884,28.40656853,18.44908524,13.62946701,8.352762222,548.3336933,3,9173.377785,32.23920822,11.29172707,4,101.2349396
18286,57.7546463,30.12036324,19.90401077,8.438892365,5.320180416,67.73987066,3,8835.220098,19.78242493,9.234622002,4,257.6772461
18287,69.16841125,39.71309662,23.3030014,6.714207172,3.747023344,390.6372654,3,8201.310676,13.78452206,6.404071808,4,303.9298096
18288,170.7293701,24.096241,13.90284157,7.545421124,5.020864964,882.8113221,3,7604.400817,24.41368484,9.911099434,4,251.5650482
18289,21.79881287,32.02280807,26.67484665,13.36052704,8.63748455,7099.161421,3,30323.12936,23.48794365,9.684963226,4,27.57013702
18290,87.64112854,30.57449722,24.85412025,8.093520164,4.860184193,7777.352927,1,9536.413291,28.10130882,6.258669853,2,47.52611542
18291,288.8977051,29.43815613,25.77716255,8.487943649,5.130981445,8240.370658,3,8763.688341,29.05326653,7.868485928,2,69.162323
18292,79.75443268,27.97549629,16.66103554,5.421836376,2.982525826,5676.309902,3,857.4396456,11.55851269,4.259927273,4,295.8209839
18293,60.11605453,37.8157196,26.81115723,8.903470039,5.312392235,1328.441429,3,3315.848585,23.82984161,7.81507206,4,34.26110458
18294,50.44234085,30.5354805,22.89967918,10.78929329,5.952440739,961.2230474,3,5750.699475,25.08063698,9.456707001,4,125.3624573
18295,160.5078278,32.1195488,23.69647789,9.266692162,5.677680492,1381.044958,3,22416.62093,29.26926041,9.15698719,4,54.78393555
18296,74.43617249,45.33561707,31.07073402,10.01329041,6.80903101,7209.20422,3,29949.9296,25.81549644,9.288322449,4,115.7099533
18297,75.98779297,27.62376404,17.86487198,5.09603405,2.924035311,6764.269062,3,26867.32896,12.89282703,4.157907486,4,302.6192627
18298,73.98915863,22.85054588,15.48177433,4.586279869,2.516254425,7086.262977,3,26547.60443,14.309618,3.701193333,4,260.2644043
18299,162.7154388,28.4954052,16.7810173,9.894001961,5.295369625,1847.325068,3,7033.900933,25.2436161,8.426930428,4,181.829834
18300,121.6610794,26.71526527,21.48348236,7.629679203,4.990503788,4426.373409,3,25918.61532,28.80170441,6.435800076,4,294.8194275
18301,13.61063862,41.6450882,19.28541374,5.134001255,2.883445501,8211.939889,3,25318.8238,10.20222092,4.041311741,5,99.99681854
18302,80.34805298,26.29381943,15.45332336,9.502331734,5.635737419,8500.053562,3,24875.31464,27.87593079,6.743251324,5,307.7999878
18303,207.8925171,34.28182602,23.56704903,9.032456398,5.320375443,10558.40601,1,7691.645972,33.75663757,6.397372246,4,25.69503021
18304,55.63085938,56.71236801,24.33986282,5.450395107,3.33859992,4700.904276,3,15.22029895,9.081809044,4.333446026,4,46.56031799
18305,147.6456299,25.1497364,14.35069847,7.956161499,4.514967442,904.4101145,3,19608.08185,28.34173775,6.431081295,4,172.7467957
18306,86.16529846,32.56988144,21.88292885,9.759065628,5.857141972,6512.640575,3,30480.45628,22.99824905,7.991905212,4,43.69804764
18307,64.49433899,32.38568115,19.26861382,9.132451057,5.064400196,6509.301199,3,30977.18011,23.03706551,9.406650543,4,198.9811401
18308,48.18951797,42.1282959,27.62135696,4.839992046,2.928131342,6113.140042,3,27549.77125,11.41184235,5.213947773,4,54.62236404
18309,128.6600342,23.80307198,15.66986084,7.040028572,4.016781807,8207.839569,3,25402.70523,24.02341652,8.046017647,5,238.7994843
18310,17.27815056,30.07104492,21.87030983,8.566571236,4.303534985,8279.043606,3,25266.5209,15.41727257,6.550531864,5,249.1257935
18311,32.59881973,51.9691658,22.5922451,6.931265831,4.098202705,5455.214909,8,2965.136396,9.988785744,6.104005337,10,65.55604553
18312,126.6140137,35.34506607,24.935709,8.423119545,5.387408257,2655.264762,3,23772.2888,26.86655617,9.284646988,4,47.48487091
18313,54.10502243,35.47461319,26.0937252,7.110189438,4.412067413,6867.144727,3,28596.35891,21.34143829,6.537388325,4,35.3266449
18314,38.55258179,35.05059433,18.46548462,4.030985832,2.328882456,7986.304306,3,25522.50493,8.977576256,3.6741395,4,112.9726944
18315,170.4264984,23.87119484,15.13501263,7.645214558,4.400884151,10479.57592,3,7842.810125,32.78643799,5.883075237,4,92.51307678
18316,251.8006897,21.64410591,19.65591621,6.840681076,4.381342411,8742.580442,3,8301.568595,27.3285408,7.105813026,2,293.4287109
18317,119.2070999,26.74550819,16.94507408,12.38616753,6.539868832,4981.6273,1,9837.716923,29.06451988,10.21526051,4,178.3202972
18318,113.3979416,33.51850891,18.73937416,13.51311016,8.080842972,4416.951753,1,10271.30455,30.02914619,11.20282745,4,102.9872665
18319,196.5225677,22.48503685,16.07754517,10.16901112,6.581571579,3649.174828,3,12957.54338,36.07272339,10.21364403,4,217.9620667
18320,170.2123413,31.37428665,16.43893051,8.448872566,4.514644623,882.6833072,3,1806.208624,22.23962593,8.610330582,4,103.3189087
18321,29.75121307,40.34843826,22.87913132,11.74912357,6.463146687,38.33646119,3,2359.338453,21.74170494,10.16512489,4,280.8403015
18322,133.8425293,29.48877716,17.28398895,8.872925758,5.397910595,1871.362911,3,6728.338866,24.4546051,7.6591506,4,279.21521
18323,236.5678101,26.62126732,16.00112534,8.915318489,5.501669407,6420.568416,3,9255.741939,32.30891418,8.769306183,2,72.94969177
18324,77.2142334,26.53953934,16.8360939,7.351263523,4.491662025,6321.972056,1,8216.24418,20.99875641,8.217123985,10,282.5288086
18325,213.7257843,24.99168015,20.67297363,7.814982891,5.748968124,3000.166937,1,238.7598396,33.807621,6.641366482,5,45
18326,55.83087158,26.67545891,16.97391701,9.56990242,5.519880295,261.353975,3,2201.043899,20.8627243,7.053796768,4,101.5175247
18327,126.4255676,22.31711578,11.59596634,8.241577148,4.593838692,1158.671488,3,7617.813251,25.01206398,9.276367188,4,201.5570679
18328,83.82527161,29.44804955,19.68267441,9.261685371,6.66855669,570.4855298,3,5342.698489,23.28965759,10.63218403,4,242.7080994
18329,36.60206223,35.30704117,14.91116428,11.91922951,4.225052357,4299.290107,3,9182.858604,24.58309937,8.6280756,4,212.905304
18330,106.7237778,27.61487579,17.20739746,9.262753487,5.992975235,4045.31691,3,11325.67437,28.59007454,8.01335907,4,251.5650482
18331,139.1129761,29.95495796,19.22575188,9.518456459,6.956899166,310.6727202,1,20950.4682,30.84043884,8.620615959,4,293.9162598
18332,79.08570862,26.47912407,19.08376884,5.954058647,3.339974642,5199.120264,3,29828.25131,18.52624321,4.529290676,4,67.02521515
18333,284.4607849,20.66577339,14.10540104,8.222846985,5.19916153,4915.008531,3,1311.624384,30.43385124,7.821483135,10,145.7956238
18334,88.08282471,22.62340355,14.54308033,6.098678112,4.324015617,28.98431986,3,4715.954022,19.59443665,11.24381256,4,79.82449341
18335,93.0423584,31.05031204,20.19746399,11.68905735,6.621776581,786.3113258,3,16194.18564,31.98909569,10.33646488,4,105.2679901
18336,107.1926041,20.59912872,14.33110142,9.117845535,6.185228348,8232.043585,3,24992.8108,28.84183884,6.549740314,5,167.4711914
18337,300.9104919,25.1367569,17.08116531,8.574901581,5.359127045,1430.895142,3,3271.008548,26.54254913,8.509099007,4,72.86700439
18338,62.65781403,45.72963333,27.71149635,10.1375618,5.967036724,7599.754228,3,29211.78982,23.15758514,9.536213875,4,45
18339,50.1738472,29.37449646,16.8678627,5.191037178,2.7320292,5040.45905,3,29228.92239,13.6182003,3.901443243,4,185.3609924
18340,56.87192154,25.01496315,17.81668663,4.224004269,2.453089476,7628.265009,3,25881.23205,10.85918999,3.716032505,4,54.68878555
18341,82.62025452,25.43554115,16.29397202,4.360946655,2.611206532,7455.568554,3,26090.3155,10.94033146,4.421041012,4,78.02386475
18342,32.54973602,39.64569092,19.96559525,12.93198204,7.329714298,11999.41726,3,7136.684945,24.48353958,10.06884575,4,195.7511749
18343,159.4281464,38.84794235,25.61751366,11.23639774,6.975780964,12422.60179,3,6706.59052,31.84911346,9.480651855,4,38.31454086
18344,140.9403992,41.74357605,25.18655205,9.067135811,4.696032047,1018.690206,3,1632.130842,24.72060204,8.015627861,4,52.51646423
18345,30.53531647,34.71234894,17.65128136,7.433816433,4.579497337,1069.781755,3,5889.711155,20.54732132,5.94576931,4,279.5100403
18346,107.6163864,30.07052612,17.09291267,12.49518108,7.074267387,737.5577522,1,16544.12449,35.11345291,9.29855442,4,241.3310242
18347,26.4244194,43.77126312,19.70246696,13.2022295,7.295078278,73.42324797,3,20644.78671,20.61084938,11.74172306,4,139.7636414
18348,111.0228424,30.30356789,20.88882256,7.868961811,4.568787575,4127.502147,3,34434.44569,20.95581818,7.497600555,4,296.21698
18349,73.42166901,21.82542038,19.54214096,8.188016891,7.21419239,9880.609058,1,8210.075364,32.82972717,7.986987114,4,46.73898315
18350,94.504776,26.11101723,20.87285805,12.88139629,8.721335411,9513.704893,3,8356.914709,34.17949677,11.12735653,2,186.3695679
18351,157.9966125,41.88536835,31.46535683,10.00169277,6.752379894,9361.918581,1,8217.129278,32.50540161,8.747612,2,336.0351563
18352,145.4210663,31.22169304,23.00860214,10.88686562,6.701331139,513.0145536,3,1996.376537,32.22885895,11.41351604,4,263.4180603
18353,118.5544739,19.94962502,11.68319988,9.634426117,5.840224743,4944.937517,1,7516.271771,35.54977417,7.225957394,4,204.7751465
18354,72.10176086,24.634655,11.60890865,8.383306503,3.879991055,2962.628528,3,5714.011163,29.01677895,6.688070774,4,221.3861237
18355,131.2312012,29.74956894,16.69050217,7.212817192,3.765899897,1641.095909,3,6522.509039,22.6049614,5.442874432,4,228.7313995
18356,104.4720078,33.23038101,18.21371651,10.49409676,7.715736866,3706.388901,3,8563.264398,23.54875755,10.72083092,4,127.5284424
18357,85.46213531,27.79084778,17.89515114,12.63877964,6.97543335,250.7158806,3,20110.92142,32.64796066,10.27064514,4,137.7926941
18358,90.21973419,31.57481575,19.04120255,12.31993866,6.751644135,3874.770003,3,35623.30901,27.15141106,11.16249657,4,118.5110855
18359,66.95231628,26.02535248,17.25263405,6.924293041,4.396314621,3652.892349,3,35281.67463,16.31885719,6.253120899,4,276.8138428
18360,39.15163803,33.45428467,17.32878113,5.887680531,3.310687542,5178.898812,3,28903.48572,12.23780155,5.19578886,4,131.4236603
18361,80.15812683,51.88774872,26.07599831,5.512858868,3.036214113,6152.023475,3,27540.30533,12.17071724,5.6545825,4,293.6293945
18362,54.10720825,32.00889587,18.52643967,8.1528759,5.117578506,6601.872276,3,24162.4431,16.48892021,8.363942146,5,141.7889709
18363,269.769989,21.49246788,16.83274651,8.287307739,5.250926018,6157.79552,3,6806.411391,30.73179817,9.485336304,10,218.2224274
18364,152.5620422,39.40022659,26.12543297,9.670820236,5.933775425,5647.537382,1,7638.2378,29.44275284,8.634725571,4,304.0922546
18365,162.7372742,29.12837219,16.44319534,10.10943127,6.164715767,6290.666902,1,8566.856318,31.83751869,7.993391037,4,279.4007874
18366,160.4903564,31.33426857,17.74640846,10.41969299,5.92839241,5817.754853,1,7897.137638,30.25959396,8.973163605,4,261.2188416
18367,140.7130737,28.98262215,16.67145729,6.932067871,4.669155121,3432.732759,3,34670.83798,17.9789772,6.665508747,4,225
18368,93.8241806,23.91205406,10.79908848,9.525987625,5.036635876,10083.65695,1,8005.112565,28.54485703,7.210650444,4,65.47227478
18369,147.889679,25.1256752,17.38349915,10.94074726,6.231289864,4176.604794,3,6641.252583,32.60203171,10.40172195,4,134.4119873
18370,153.4653168,27.06437492,16.11130142,11.83720112,7.580257893,4513.051549,1,6739.77587,37.67771149,9.742818832,4,266.0141602
18371,137.2030334,37.63613129,29.37218094,11.58518219,7.614311218,4951.747218,1,7183.61123,33.62724304,9.311048508,4,346.3040161
18372,151.4057465,22.43538857,14.97214508,8.290667534,4.95212841,4219.836057,1,9019.519957,30.79523659,8.865346909,4,266.8550415
18373,134.9318085,26.83847046,16.21094894,6.5738554,3.958371878,4076.938031,3,30872.67807,16.93770409,5.545193672,4,164.2652435
18374,68.08908844,29.53120613,16.61144447,6.385744572,3.714932203,4617.602874,3,29795.77536,16.44724274,4.770000458,4,216.8699036
18375,190.5927734,26.82897758,17.38560867,8.204257965,4.879294872,11993.22507,3,6247.474157,29.61165237,7.305286884,4,107.6882629
18376,125.7636032,21.16495323,13.49847031,7.277026653,6.436211109,3856.319214,3,461.0182479,32.83302689,7.865170479,10,90.30314636
18377,40.65958786,30.31370354,17.65752792,10.80862617,5.380702019,743.4858615,3,5549.394124,24.93373299,8.919654846,4,166.8796082
18378,68.28088379,28.20900726,16.46466255,11.10568428,6.226915836,846.6771377,1,5696.605487,27.57844162,9.563809395,4,325.7976685
18379,80.32281494,26.7150383,15.46943665,6.067956924,3.502781153,4562.722677,3,30209.96057,16.7716198,5.28246069,4,194.4207764
18380,44.38878632,30.88426781,17.71346855,6.312520027,3.586424351,5146.39862,3,28671.19026,13.28379822,5.770900726,4,199.8851624
18381,185.3254089,38.82417679,27.1407299,11.87113762,6.389780521,11199.94102,1,7546.836963,34.2779274,10.18891525,4,322.8259277
18382,135.6426849,34.17916489,26.62919998,9.104598999,5.80043602,10009.72173,1,7868.627748,32.81787109,7.227473259,4,33.7420578
18383,163.3735657,20.12305069,19.92633438,7.829650402,5.49663353,9147.653465,1,8201.212291,33.28454208,7.638547897,2,299.744873
18384,259.9639282,29.31739807,24.2359333,7.817373753,4.686639309,9079.330602,3,8040.417633,25.82534409,7.841249943,2,55.99609375
18385,214.8809967,23.55875397,16.43190002,8.006175041,5.087066174,7086.011631,3,9661.507879,29.57306862,7.477613926,2,99.25216675
18386,217.7303467,22.94922066,14.09450722,8.315347672,4.8149786,6474.821395,3,8831.298015,31.41489792,7.486059189,2,81.64564514
18387,232.2653809,25.78115463,18.09159851,8.002514839,4.56092453,3042.666764,1,90.69994265,29.74634171,7.001668453,5,45
18388,79.49446106,28.21804619,15.89736843,6.409769535,3.73851037,3492.883928,3,33086.66139,15.9906168,7.700517654,4,159.2612915
18389,105.9072876,24.15876961,14.65887642,5.942772865,3.44764328,3401.551488,3,32069.17539,17.34072304,6.085610867,4,143.6156464
18390,102.1985626,28.66187477,23.86263466,9.287508965,5.726256371,5312.602961,3,4083.971926,28.93624115,13.25179672,10,298.6109924
18391,249.5810547,23.4142952,15.02229786,10.29685307,6.252616405,1961.819855,3,656.3179128,30.27064705,9.558065414,5,128.3792267
18392,216.8299255,36.04189682,27.7126503,8.194760323,4.720624924,1828.984116,3,2821.887997,24.07756233,8.021375656,4,35.09581757
18393,146.1800995,25.31933022,21.00299072,7.820383549,5.190680027,1518.017863,1,6441.302036,28.73865318,6.885491848,4,317.9408264
18394,102.966301,23.4318161,14.48802853,6.6596241,4.598706722,8076.784603,3,25106.52606,27.44683456,5.152504921,5,221.3473663
18395,72.1919632,30.10476875,17.91329765,7.236671925,3.828090429,4472.268242,3,30016.19084,18.76961899,6.308311462,4,130.3893433
18396,49.29060364,41.86678314,22.79127312,8.540418625,4.366053104,6737.241275,3,24326.4835,18.78672028,7.094666958,5,62.0377655
18397,159.9944763,33.64456177,22.57839394,10.35062599,6.272022247,12219.64102,3,6563.682686,32.8308754,10.16543579,4,303.572876
18398,227.3523254,23.31651497,15.91068745,8.614995956,5.205646038,10759.03016,3,7403.389812,33.40724182,6.881392479,4,90
18399,247.9511414,29.1121788,24.24050713,7.422232151,4.157524586,7463.876843,3,9651.689184,28.92638588,6.694250107,2,33.24704742
18400,80.43712616,28.77688599,16.11486816,8.205155373,4.936871052,407.1042383,3,8679.719006,16.98668098,8.572607994,4,209.4758911
18401,76.58444214,29.84747696,15.92872238,5.721414566,3.131271362,725.6984649,3,8410.194843,12.92060947,4.792106152,4,192.5288086
18402,104.645813,28.51185226,17.63157845,10.09566402,5.590466499,5135.833553,3,9916.463946,30.58226776,8.557896614,4,123.8708115
18403,157.7654266,27.78352547,17.29645729,8.85411644,5.226662159,1155.542235,3,21239.00813,26.70189285,8.002638817,4,247.796524
18404,139.2363434,31.34560204,17.87632179,8.505150795,4.831682205,2105.77356,3,35010.18484,21.46540451,7.50125742,4,123.5034332
18405,63.77220535,33.25882339,18.54344749,8.572618484,4.494842529,6763.767887,3,24471.71171,19.92946243,7.364186287,5,133.0364075
18406,163.3526611,25.45770645,20.91533279,9.309438705,6.167633057,11743.73418,3,6577.789241,30.19345665,9.489890099,4,259.611145
18407,114.3852005,25.53686142,18.55761337,7.785148621,4.908068657,3688.265229,3,11946.26224,29.19496727,7.531669617,4,81.52885437
18408,139.8610229,25.92748642,21.33286285,7.675559521,4.975626469,3264.334369,3,12030.56154,28.83615112,7.04105854,4,53.05441284
18409,25.8802433,18.78642082,14.85877037,8.514360428,4.149102211,2971.848272,3,12661.61327,21.85659599,4.408734798,4,82.69424438
18410,181.2168121,26.67470551,16.94595528,12.60801411,7.423745632,590.9302466,3,16989.06718,35.30059814,11.78971577,4,184.6949158
18411,80.30376434,37.90721893,23.88820839,12.11985302,5.820258141,115.1255845,1,20153.45598,28.52881432,10.85904503,4,316.6135254
18412,156.4635925,28.63132668,17.59293747,7.841898441,4.647595882,2083.280973,3,34705.28955,21.42311287,7.097473145,4,246.6551971
18413,156.4985962,26.44822693,20.30770683,8.20112133,5.082316399,6974.517047,3,24855.24159,27.04507256,8.267952919,5,59.85108185
18414,65.20294952,30.74043274,19.69838333,12.72842884,5.120593071,6200.656744,3,24354.74089,28.83546066,9.080037117,5,184.9946136
18415,154.3284912,19.61450768,15.2718153,7.640227795,4.923933983,7202.050287,1,9073.460843,29.70103264,8.444311142,10,73.49854279
18416,210.0407257,22.37532425,16.87048912,6.556215763,4.345770359,7130.097979,3,8451.896287,25.92584419,8.858242989,10,270
18417,244.834137,20.69711113,12.71717739,9.571537018,6.322114944,3951.376255,3,894.2982398,34.96102905,8.807136536,10,149.9314117
18418,150.8924866,24.62135887,15.8065176,6.955132961,4.121330738,578.1988867,3,5494.183524,21.12077522,9.782516479,4,233.3102722
18419,158.9958801,22.57228279,16.61635399,10.05484581,6.461737633,1869.601707,3,13261.09907,31.66781425,10.49618149,4,206.5650482
18420,184.973175,27.49192619,17.60349083,9.103914261,5.63862133,2146.381039,3,12496.97565,26.86179352,9.418212891,4,64.37413788
18421,151.080246,23.68880272,15.29086018,7.617060184,4.913396835,885.7026601,2,19309.45276,28.38251686,7.31246233,4,98.69093323
18422,84.37973785,34.47430038,19.36366463,10.45281887,5.731268406,7266.500379,3,29104.04157,22.66405296,8.566246986,4,188.1300964
18423,81.31869507,27.14285469,20.25655746,11.88521481,7.457117558,5795.710969,8,5189.681431,28.67017365,9.730080605,10,119.1111145
18424,117.7316284,37.07579422,29.06623077,11.53653049,6.030366898,6110.03624,8,5357.238013,31.73013306,10.7721796,10,330.9507446
18425,97.05966949,23.5132122,19.38698769,8.005068779,5.281937122,5782.109391,3,4384.238444,25.58438683,11.70910263,10,254.4746704
18426,100.9829407,22.38839149,15.86160851,6.025749683,3.897208691,3227.297869,3,31979.71653,19.26658821,5.990511894,4,233.1300964
18427,81.5541687,55.34423828,28.39192963,5.186254978,2.858036518,7619.29191,3,25961.21033,10.83677101,4.06499958,4,27.32777023
18428,68.94762421,26.70887375,16.08123589,4.372044086,2.61169982,6633.814207,3,27010.14732,11.99304485,4.340381622,4,208.495636
18429,64.63278198,33.36729813,17.95523834,12.88754368,6.982460499,6121.771175,1,8984.805772,30.74359322,10.03847122,4,190.4914856
18430,104.693924,33.62898254,19.78135872,11.35730171,6.73712635,6569.994744,1,8323.90635,30.16578102,9.443325043,4,112.3801346
18431,126.025383,29.29127121,28.39681244,8.00223732,5.123030186,794.6325679,1,21814.43987,28.25698471,6.4651618,4,28.24973679
18432,121.9822006,35.4205246,25.79208755,8.982550621,5.857963562,5101.207379,3,26356.48953,26.73399353,7.885218143,4,74.5327301
18433,92.30210114,29.60446739,21.83248901,11.11527443,6.479299068,10036.78112,3,7724.501019,31.73558426,9.856162071,4,85.14690399
18434,44.21763611,42.59145737,24.07571602,5.117021084,2.53646636,5007.430833,3,286.2982461,9.712895393,3.757987976,4,45
18435,323.1886902,38.83746338,29.12225151,9.434537888,5.666392803,1576.621738,1,3189.305287,29.36152649,8.721844673,4,309.8162842
18436,198.1563568,24.54296875,17.17807007,8.25261879,5.458641529,441.508791,3,4380.79599,27.94780159,10.31021595,4,62.70786285
18437,30.0208683,36.93722153,15.53731251,13.28539658,7.632934093,377.853233,3,5194.285019,16.53057861,10.70549965,4,231.6666565
18438,89.79161072,24.68468666,15.04093075,6.665532112,3.620843887,3332.52596,3,32880.9523,18.35611916,5.887435913,4,210.4094238
18439,285.0930481,22.16539955,15.26835537,8.109376907,5.001042843,1428.631689,1,4486.602304,29.97849846,8.742199898,4,283.4558411
18440,118.5114822,45.25817871,28.30999374,11.30780029,6.132187843,6662.971598,1,8277.363526,31.96271133,8.042758942,4,22.52867889
18441,12.37739849,33.59114075,21.41561508,7.757325172,3.772589207,5717.400422,3,31304.86653,12.54131126,5.123825073,4,181.0430145
18442,38.00505829,25.33799553,16.25536156,4.731755257,2.5171628,5307.664988,3,28400.02523,12.22463131,4.287790775,4,225
18443,53.42105103,41.75038147,19.45962143,10.49894714,5.369146347,5667.629557,3,31596.16633,17.29604149,8.285479546,4,188.0223999
18444,19.67464256,56.24124908,25.24880219,7.472340584,5.51970768,5585.492086,3,31198.44486,12.80282593,8.362753868,4,322.6921997
18445,109.2945023,21.79710388,13.4122982,6.040915489,3.264641047,3317.530235,3,32696.10625,17.57221031,6.238616467,4,207.4287415
18446,14.35323811,19.82901764,18.12195969,4.440942764,2.440750599,3675.430062,3,32146.54049,12.99128723,1.882746816,4,185.9697571
18447,30.04469681,61.37253189,21.92076111,6.686377525,4.315183163,5415.027507,8,3000.748911,10.33014202,6.489956856,10,55.31676483
18448,41.83916092,30.2503643,15.78706646,12.90217686,5.81499815,5918.286044,1,9055.733952,26.94316292,10.80787945,4,152.3356628
18449,212.8165131,25.9332428,16.35934639,10.09555149,6.051651955,2803.557803,3,6249.953793,28.4556694,8.949829102,4,112.2490234
18450,188.4137268,26.45483971,16.9697876,10.51627254,6.286945343,6578.071015,3,2108.538077,27.21562576,9.906731606,4,201.5713043
18451,70.67306519,33.24000931,19.53545189,6.462749958,4.364728928,5486.450789,3,811.541977,14.84833241,9.156467438,4,205.7099609
18452,132.8717957,25.49735832,16.89491081,10.16045856,6.205511093,4197.796673,3,24958.40814,31.43727493,9.243806839,4,252.6746674
18453,75.74250793,25.18924713,16.48686028,10.20863914,6.179148197,6317.788344,3,30061.04265,28.19187355,8.317240715,4,152.4471893
18454,80.38024139,20.40207291,25.49856186,10.71948433,5.924064636,5932.838202,8,3399.674128,34.75585938,11.02168846,10,316.7569885
18455,54.88036728,28.72682953,20.51963806,11.20194912,7.402408123,6169.233001,1,8789.545528,31.78998756,8.66183567,4,39.57940292
18456,128.9016418,38.4528923,23.0217514,11.63623619,6.255167484,6480.901217,1,8207.012111,30.894104,9.081244469,4,84.34503174
18457,109.6900406,36.34466553,24.73181915,10.99704647,6.724471092,5151.13922,1,9388.460913,30.08971405,8.834713936,4,45
18458,167.905777,29.52381516,20.44073868,8.648827553,4.912862778,2227.638342,3,6991.125228,24.00070381,8.285587311,4,299.1676025
18459,166.7297363,45.05589676,29.98906136,10.71353436,6.224443436,3028.124271,1,23270.13649,28.42378998,8.907507896,4,317.1167603
18460,48.83381271,49.95009232,25.15698242,5.082050323,3.137585402,6197.142865,3,27445.00543,11.10509014,4.990141869,4,288.4349365
18461,31.96068001,31.22444153,16.53476143,4.446478367,2.513828754,5837.592411,3,27796.5373,9.262664795,4.036585331,4,145.7843018
18462,76.40344238,36.40211487,28.19938469,8.194360733,5.636601448,6008.549238,3,4936.237787,21.87669754,14.87115192,10,74.63110352
18463,116.3752594,27.83851433,20.97567749,9.932947159,5.813783646,6353.740637,8,4550.093332,29.10684204,10.7374897,10,266.9872131
18464,54.97953796,27.57975197,17.25492859,12.46822071,6.339436531,5929.119621,3,30685.1187,26.61618042,8.497488022,4,159.7273254
18465,48.11619568,42.6439209,18.48933029,11.72791195,5.853077412,5127.307456,3,32057.35748,20.79027939,9.270975113,4,178.3634338
18466,56.40311813,30.9206562,16.52493668,6.168976307,3.567813396,4758.095743,3,29524.7876,16.1150856,5.313156605,4,107.8786926
18467,77.15029907,24.5227375,13.49854279,4.662819862,2.48605442,6499.700176,3,27056.19275,12.19006062,4.515808582,4,216.3474579
18468,151.4234467,28.27176094,17.1339035,12.71552086,7.709069252,5492.274793,3,24446.46643,36.74275208,9.977842331,5,163.1889801
18469,153.2322083,20.87522888,15.5563345,9.843445778,5.964441299,1692.707828,3,6580.747368,27.95502663,10.04056072,4,188.2557678
18470,56.69368744,35.75787354,21.23578453,10.08151436,5.423733234,5297.22523,3,31054.56284,23.76777077,9.073892593,4,303.3208923
18471,183.8575745,24.35387421,14.89891529,10.36634254,5.695746899,2578.176114,3,5152.589874,33.37918472,9.982502937,4,140.2900848
18472,119.1633911,24.3724308,15.01379395,9.035748482,5.136940002,471.0047617,3,19225.24763,29.14644432,8.346356392,4,136.997879
18473,84.35045624,44.18612289,25.84773445,12.58309746,7.681993008,4878.256619,3,31782.25949,27.87462997,9.907273293,4,45.27545166
18474,37.98857117,35.03106308,16.81843758,8.131196976,3.722730637,4634.39593,3,29438.41913,17.07657242,6.31466341,4,171.3843536
18475,199.6432037,22.813097,15.82021713,9.408949852,6.350479126,792.3113731,3,2325.364669,30.76801872,10.03109932,4,77.82854462
18476,169.6798248,24.51928902,16.65305328,8.661755562,5.840153694,151.6013283,3,3062.878361,28.20177078,9.624560356,4,252.1282349
18477,126.5082397,25.11433029,13.83135605,8.794447899,4.644128799,1370.997864,3,7546.145954,27.04127502,9.270258904,4,231.9493408
18478,100.0372772,30.59397888,18.88504982,8.947411537,5.621184349,4793.956609,3,10058.69916,28.06941986,8.495946884,4,241.7700806
18479,133.6563263,25.85712814,16.89719963,11.80543232,7.150904179,267.5511529,3,14906.55821,35.65599823,12.02530956,4,177.3789368
18480,176.0807037,32.25891113,20.40742111,9.669763565,5.855744362,2646.427544,3,22932.84361,27.4442215,8.477966309,4,108.4349518
18481,111.8919983,31.19155312,19.29170036,10.98386669,6.232569695,4864.106324,3,25400.91047,26.96971321,8.646313667,4,164.8270874
18482,98.15241241,54.65078354,26.44898033,10.70380116,6.060671806,5163.996177,3,31381.35303,26.24867821,9.095143318,4,294.6768799
18483,100.4725494,26.82790756,19.87812805,9.844577789,5.766152859,6659.075884,8,5618.326067,26.30018234,11.37147331,10,92.23117828
18484,117.6850204,41.66060638,26.50222206,10.3108902,5.725164413,6527.878629,8,4854.302012,25.34989357,12.12281227,10,78.47576904
18485,76.09340668,25.66596985,14.12753105,5.197624207,3.065856695,2865.98248,3,32834.94896,15.00650501,5.514440536,4,135
18486,106.05056,28.05846405,14.68266392,7.6760602,4.76166296,2920.649036,3,32618.75017,19.21485519,8.133652687,4,190.9041748
18487,115.8774872,27.76810265,15.13652325,6.759325504,4.198456764,3631.386412,3,31255.75239,17.18544197,6.007476807,4,93.71528625
18488,129.1964874,21.55368423,16.52983093,9.31030941,6.242982388,8220.001897,3,25476.46974,27.35144234,9.378935814,5,186.9923859
18489,92.44237518,20.04598618,13.0638237,7.390630245,5.059932232,6200.107576,8,3201.73183,19.00601578,8.603479385,10,129.3824158
18490,87.14686584,37.88368988,22.34102058,10.91449738,7.051071644,6551.226617,8,3364.318875,22.57090187,11.72754288,10,62.84879303
18491,165.2207336,24.62254906,13.89202976,9.253045082,5.38862133,4472.447391,1,6471.23893,33.75648499,7.392660141,4,242.8149414
18492,170.2424927,29.33474159,16.84264565,11.39532852,6.886352539,5376.494027,1,7205.387783,30.28316307,9.259444237,4,209.5446777
18493,83.64881897,28.85736084,15.58281803,9.689357758,5.337111473,2041.167082,3,10934.95301,24.16355324,7.329481602,4,186.4495239
18494,179.3078766,27.51980019,18.21883774,7.407344341,4.879797935,3829.365661,3,824.6165872,20.02082443,8.865461349,4,85.60129547
18495,186.8891449,23.97693443,15.79999065,10.07261848,6.034836292,4429.523027,3,4548.944234,30.76801872,8.251022339,4,225
18496,29.59724236,33.11311722,15.94175434,11.02941513,5.905518055,5075.143578,3,3710.464095,23.62456512,9.381878853,4,189.2725983
18497,88.09279633,28.88318062,17.58956146,8.657916069,4.960134029,5633.947195,3,26254.28397,26.08837891,8.030306816,4,164.744873
18498,49.0184288,34.97550583,17.66349602,8.577519417,3.75048399,4359.695425,3,29841.51763,17.40269089,6.471072197,4,167.4811554
18499,26.46016884,32.16259766,19.68044662,10.76123619,4.710613251,4627.815537,3,29375.57766,18.18121338,9.217292786,4,178.0715942
18500,103.7182922,29.86575699,18.32824516,16.7925663,8.62032032,221.9955677,3,15877.22517,37.7974205,14.84874344,4,165.907135
18501,185.44841,25.97190285,16.2834549,9.711123466,6.044695854,910.3241723,3,17844.91098,31.77649307,9.032615662,4,235.4374695
18502,129.1296387,24.24371719,17.39103889,11.56682301,6.898079872,504.9854319,3,18060.5477,34.15630341,9.424560547,4,172.405365
18503,65.88552094,25.34502029,14.53592205,4.617303848,2.382573128,6823.974619,3,26715.565,11.68268871,3.717144728,4,155.3497925
18504,88.68096924,27.96548271,19.34471703,10.93048859,6.411303043,12427.87549,3,6557.00016,30.67070389,8.137688637,4,90.24175262
18505,101.7194672,25.80919456,18.60007858,8.195512772,5.850282192,6789.946335,8,3960.770587,21.30697632,12.78790665,10,214.8849182
18506,122.2953796,27.16484642,17.9009304,11.3111124,7.015693188,3597.219176,3,5976.417024,31.51766777,10.09977913,4,199.5794525
18507,49.51644897,28.00885582,14.29941559,11.81518936,4.965934277,440.6229966,3,15163.0434,33.05344391,6.911812305,4,126.4040833
18508,58.0871048,43.66399765,27.73121452,4.999614716,3.100876331,4323.761229,3,29538.57122,11.66562843,4.23497057,4,331.0673218
18509,76.69610596,28.18408775,15.34877872,4.720121384,2.669549942,6149.805822,3,27388.87035,11.19186115,4.148200512,4,274.7636414
18510,134.5331268,23.41109276,18.53170395,7.740070343,4.883602142,8041.197623,3,25686.0366,28.78204155,8.148603439,5,242.6919556
18511,171.4638824,28.28235054,18.23504448,11.41840076,6.256538391,5823.853904,3,24825.55933,32.05109787,10.66602612,5,39.70272446
18512,152.8455963,28.08851814,19.30072403,12.42371178,8.032118797,5361.479759,3,25036.72159,34.72607422,10.47979641,5,77.83068848
18513,112.5004654,35.15279007,20.1737709,13.63551807,8.865977287,219.7045511,3,9395.567276,30.18198586,11.46872044,4,69.73942566
18514,55.43198776,29.19703865,16.82881737,6.310364246,3.04574275,847.4667097,3,8369.87657,16.47522736,7.128530979,4,256.8131714
18515,62.55885315,41.57419586,23.17043114,9.462824821,6.347376823,5175.30464,3,3553.509936,23.5772171,11.33848763,4,313.7943115
18516,123.8259888,29.11024475,16.45832825,8.787078857,5.62184763,3721.977318,3,11088.9953,26.10578918,7.538062572,4,239.2986145
18517,213.6170044,39.03803635,27.66573906,10.45818043,6.335285664,360.7275673,1,15833.40586,32.19585419,10.5763607,4,331.6187134
18518,175.2128296,29.54876137,19.8439827,7.458248615,4.328240871,706.1805524,1,19973.63078,24.7396431,6.601264954,4,306.0838318
18519,136.386673,39.92500305,27.62160873,10.82941055,6.851451397,1005.712949,1,20612.49875,32.1485405,10.18056774,4,33.53046799
18520,63.11943817,63.52835083,23.75846291,10.7021389,5.783731937,5653.498701,3,30642.92246,23.68583107,10.18328857,4,61.82141113
18521,120.6291351,37.82748032,25.06099892,9.046139717,5.202540874,5519.230829,3,29858.87077,26.6933651,8.263805389,4,57.22902679
18522,118.9994278,28.54661751,16.13552666,7.247102737,4.249591351,3160.967193,3,31724.57291,19.69408798,6.112160206,4,199.0140533
18523,70.98983002,41.00563049,25.21826553,10.45094585,7.01098299,7805.309006,3,25922.85199,23.59384727,9.276819229,4,308.4633789
18524,141.3188171,26.50863838,20.64992905,8.665570259,4.999540329,11606.49044,3,5779.744096,28.82849121,8.020277023,5,106.0202942
18525,117.8286896,30.89138412,18.4760704,13.47155762,7.684465408,4627.862535,3,4129.28411,31.56647682,14.62252331,4,96.20344543
18526,98.7605896,27.21582031,17.57295418,9.074045181,5.431001663,4961.747362,3,3727.206221,27.98667526,9.661794662,4,257.5516052
18527,176.7650757,35.52707672,25.48976898,11.13165474,6.312287331,6364.890321,3,2292.347326,28.45212936,9.2359972,4,315
18528,193.5070496,38.1010437,27.27537537,8.946838379,5.016281605,11915.31264,3,6117.657011,30.61363411,8.288972855,4,311.1798706
18529,208.5370331,41.73711777,29.32329559,8.797533035,5.156592846,10932.83222,3,7114.990457,33.18168259,6.965240002,4,47.29061127
18530,208.7239075,23.21378517,18.7380352,7.834121227,4.717345715,11552.04781,3,6332.256253,30.28068161,7.957681656,4,90
18531,127.3511658,27.95732117,17.28719902,11.23590088,6.382035732,3310.990971,3,10344.1871,30.16321945,9.753196716,4,175.5635223
18532,139.9802094,24.67061043,19.07519341,7.671681404,4.368237972,11352.20274,3,5414.739924,27.72169876,7.638573647,5,65.55604553
18533,186.1574097,32.92319489,17.09517479,9.422408104,5.078461647,2098.467719,3,6935.30384,21.31931686,8.162603378,4,134.131958
18534,75.15175629,30.83260345,26.59284401,7.290888786,3.77416873,1905.651456,3,2726.34436,21.64331436,5.685267448,4,22.09423065
18535,124.319603,31.50425148,18.44788742,9.466086388,5.520246983,4116.07394,3,34622.12986,22.9548645,7.631599426,4,225.6394348
18536,60.7101059,43.21160126,27.21955872,9.504822731,4.662129879,3368.430367,3,34045.15303,20.41649055,9.383730888,4,66.65142059
18537,10.91963387,35.64634705,20.74533844,6.465665817,6.258123875,3214.386954,3,35398.35972,8.405652046,9.589166641,4,124.6951523
18538,41.84624863,43.9500885,26.17187309,6.379572392,3.471232653,4104.335713,3,29924.40918,13.9629488,5.405355453,4,323.213623
18539,55.55814743,56.21166229,28.06153679,5.045868874,2.831314325,4480.975701,3,29286.05242,10.79584503,3.926456928,4,38.58219528
18540,19.89900017,35.53327179,20.59684753,3.835362673,2.583972931,5366.422758,3,28279.09458,7.1365242,4.095600605,4,178.6914368
18541,249.1457825,20.72258759,14.9879055,7.627149105,4.816069603,5259.43979,3,1976.482058,31.07328796,7.920155048,10,86.51673126
18542,113.804657,29.47265625,17.03157043,12.34091187,6.560135365,2958.745748,1,5239.831186,31.85770035,12.25376987,4,301.5413208
18543,104.970787,40.66183472,25.56731796,9.35518837,5.478115082,7174.406479,3,28678.32818,24.57068443,8.217414856,4,63.92464447
18544,48.26054001,33.24016953,18.07930374,11.0099411,5.453250408,4418.457176,3,32370.86996,25.03806496,8.313872337,4,229.219101
18545,105.978157,36.8118782,22.73698235,7.634062767,4.152177334,2962.783453,3,34909.85959,17.67139816,6.33151722,4,294.3186035
18546,108.6183624,36.47986603,21.00224495,7.543615818,4.078935146,2813.766823,3,35707.57258,18.85313034,6.611176491,4,281.9293213
18547,146.1816559,24.64770699,16.84714317,7.346910477,5.14334774,6910.358436,3,25363.79274,23.81837082,8.175428391,5,117.0720825
18548,117.1961441,27.40928268,23.37009239,9.282986641,4.75581789,9941.980224,1,7725.992952,33.06325912,8.835152626,2,298.0338745
18549,206.7674255,28.4167614,24.54754066,8.29798317,5.295151711,11655.56018,3,5852.415093,26.18959045,9.124330521,4,289.600708
18550,36.25841522,33.40815735,20.46201706,14.44998074,6.518674374,3867.544266,3,6075.812855,28.96659088,11.84218693,4,157.7360077
18551,28.07293701,40.06562805,21.9402523,12.77920723,5.117974281,3864.6588,1,5995.360887,23.10725594,8.516799927,4,296.8078308
18552,186.9787292,24.07092476,13.76985073,7.947568893,4.870213985,1574.656901,3,7581.252687,22.64344788,8.862005234,4,191.6949768
18553,71.12918854,27.89931488,15.92682838,9.616585732,5.76686573,4490.328075,3,10122.32244,25.80234146,9.804225922,4,169.1060791
18554,210.8802948,31.90959549,20.62236595,8.213708878,4.420696735,1169.955717,1,19772.83942,27.08067703,7.66628933,4,289.0412292
18555,56.12402344,32.42889786,24.02121544,10.68994331,6.882864952,3778.850384,3,24410.14388,27.15980148,9.455136299,4,55.36532593
18556,125.9670792,45.61435699,27.42017937,8.947944641,4.926922798,5816.447187,3,29070.23164,24.36126709,8.225921631,4,298.7798767
18557,53.06414413,59.02947998,27.27628708,11.69038582,6.370930672,6017.334664,3,29991.74619,24.00843811,8.56428051,4,346.6863708
18558,206.1312408,43.39112854,28.49961281,11.16480064,6.494160175,11393.75238,3,6369.02217,30.53452492,10.34448719,4,310.9211426
18559,171.1506195,29.95614815,16.5362339,10.9955101,5.505862713,5503.653698,1,7198.446769,29.35020256,7.96581316,4,291.7576599
18560,80.00495911,23.85976601,17.22285843,7.949598789,4.468015194,4177.150668,1,10213.20716,27.53542137,9.004037857,4,312.0133667
18561,85.5305481,27.75831223,18.754673,10.73491859,6.467148304,322.4450664,3,18736.90631,26.8216629,9.446895599,4,155.4622803
18562,211.1792908,36.62430954,28.39612579,9.839147568,5.857839108,1014.142101,1,19388.95868,33.26993942,9.051811218,4,34.58813095
18563,152.9090576,34.02848053,26.9754734,10.55262756,7.223765373,182.4414133,1,18761.68116,36.08913803,10.75804234,4,312.4266357
18564,81.05235291,37.15738297,22.6636467,5.420001507,3.1028018,3912.706256,3,29884.05806,12.90234852,4.304997444,4,295.6004639
18565,15.3242054,59.27058792,23.88816643,3.913483858,1.97870183,4824.414016,3,28886.39512,7.575063229,3.084238768,4,42.27368927
18566,55.43963242,29.51790237,16.86550522,4.681684494,2.705139875,7041.294542,3,26567.95677,11.76490593,4.350563049,4,108.4349518
18567,121.1011581,20.87286568,15.04266167,5.995444298,3.835740805,7397.012047,3,26350.46039,19.98566628,9.121013641,4,256.4173584
18568,105.8293076,26.68157387,22.16282272,9.277915955,5.859546661,6849.225203,8,6303.751902,27.31836128,11.49456215,10,229.6358337
18569,52.42779922,29.48485374,22.04565811,6.391892433,4.392252445,6396.33134,3,2920.014293,16.28645134,8.875352859,10,284.7099609
18570,126.1008759,37.45434189,27.27302742,10.72027588,6.463309288,6061.335969,1,8398.536778,30.35118103,9.000588417,4,310.3580322
18571,159.5336609,33.62610245,18.28646851,10.88920784,6.270259857,5691.146418,1,8463.023947,28.59223747,8.899952888,4,111.5953064
18572,186.0593262,43.97900009,26.81159019,11.33482838,6.256165981,5739.162238,1,8116.78962,29.79527092,8.949595451,4,91.4524231
18573,28.14804649,43.74543762,18.34206772,10.66664791,6.05673027,4239.112394,3,9864.429162,21.74634933,9.566678047,4,172.223175
18574,104.4994507,27.43008423,17.25764465,11.04650879,6.818475246,3781.658254,3,10075.36011,32.66959,9.445302963,4,227.5113678
18575,153.6921692,26.1834774,15.0033884,8.050621986,5.056064606,1409.827819,3,7792.126098,21.6725502,7.583664417,4,221.6981354
18576,116.3961105,26.55934715,15.54897213,8.648338318,5.692664146,2955.748061,3,7774.448909,23.7162838,9.732189178,4,176.9225464
18577,49.44486237,35.84447861,20.39951134,11.41029263,8.509572029,80.76264951,3,15327.46642,23.4205246,12.81451988,4,150.3332825
18578,88.6789856,34.49568939,25.66604042,8.304276466,5.034566402,3572.901338,3,10851.42382,24.21957779,8.166888237,4,295.4047852
18579,226.3552856,27.29926109,17.25616074,10.90002823,6.453959942,1937.473467,3,12069.13532,29.40616035,9.401268005,4,176.1431885
18580,108.7527084,46.93906403,28.61137772,12.30280399,7.86061573,302.6204553,1,15461.8087,33.69580078,11.7363739,4,242.3980103
18581,9.98104763,50.20052338,19.94722557,8.445290565,3.877263546,6172.545187,3,26863.30085,15.29294491,5.561042786,4,228.5763397
18582,106.3221436,27.97567368,16.37527847,8.038544655,4.370492935,6358.654604,3,26673.17552,25.36088562,6.912309647,4,242.0467834
18583,66.40235901,33.6531868,22.51668739,9.475419998,6.022081852,3463.584166,3,33719.18488,22.65686226,9.137306213,4,57.63336182
18584,28.87736702,29.92250633,19.5032196,6.843853474,4.58727932,3070.102837,3,35200.57437,11.14981556,7.18487215,4,93.01278687
18585,107.1375504,26.33088493,14.93976021,12.36432076,7.219576359,3030.195986,3,525.6535155,37.27618027,10.22509956,10,128.4349518
18586,184.2017975,38.23844147,27.6096096,10.11188984,6.281098366,1615.699393,1,434.1003297,28.83929443,9.63511467,5,56.30993271
18587,58.38608932,40.44384766,27.96385956,12.67352581,8.474621773,3394.117924,1,5657.34233,32.62796402,10.08266449,4,296.9550781
18588,54.69935989,45.76021194,21.16721153,12.70095921,6.19216156,4353.861179,1,9668.352455,23.42875671,11.39957809,4,64.96455383
18589,54.31276703,31.48552513,19.74088669,4.081144333,2.197069883,4157.262492,3,29566.38719,11.09810925,3.500942945,4,54.29624939
18590,99.10142517,29.68383408,27.18252182,8.080093384,4.448870182,3483.381733,1,5527.588187,30.79586792,7.055687904,4,26.37213516
18591,136.4318695,26.4825592,15.91569519,10.76111412,5.731145859,6366.231658,3,2305.708677,26.96120644,9.505822182,4,174.3110657
18592,136.6360168,30.45303726,17.70167542,11.25871944,6.636853695,5730.100759,3,2918.049453,27.23860168,10.15459919,4,272.2535095
18593,132.3336639,27.22205162,17.95264816,9.758710861,6.080746174,917.8195335,3,5802.890621,25.87677956,10.46531773,4,181.9981537
18594,128.1084595,24.22257996,15.29738903,9.318007469,5.451541901,302.721042,3,17508.68045,26.90391922,8.339054108,4,217.5450745
18595,31.40112686,39.70050049,21.68487358,13.52004242,5.021034241,5395.029042,3,30854.73477,24.70092201,9.825920105,4,80.99105835
18596,65.9010849,28.93449783,20.04793167,12.23205376,6.598382473,4550.742333,3,32000.09309,28.19830322,10.33459377,4,67.55977631
18597,39.36122131,38.64072037,19.49498177,12.73430443,6.726623058,4075.05198,3,32408.14493,21.75372887,12.1128273,4,212.1643982
18598,32.22024918,28.25602341,17.05954933,5.241312027,2.979525328,5055.048912,3,28619.99219,12.6642065,4.681044579,4,232.4958649
18599,227.9339142,30.87713242,26.13251495,9.09491539,5.421548843,6690.600341,3,7431.93441,30.0657196,9.068990707,10,313.0250854
18600,229.8374634,31.60200691,17.34990883,12.4095726,7.327337265,1340.896236,3,3895.180612,32.84532928,13.96809769,4,184.5739136
18601,86.02433014,25.13685799,14.34338188,7.113203526,4.986860275,417.3452909,3,5323.647134,19.83392334,11.91077328,4,239.4702911
18602,41.83143997,29.09053993,19.35688782,8.651206017,4.289486885,4153.090308,3,30139.34636,19.94292068,7.001580715,4,166.3072662
18603,39.11545944,45.96830368,23.50071907,11.48416996,7.678954124,2704.565201,1,383.2175415,21.39603615,12.7971096,5,57.03775024
18604,150.038147,40.02814865,27.60931969,10.0015583,5.533772945,3677.371876,1,5565.832257,30.65592766,8.584241867,4,299.0434875
18605,170.0379639,45.17233276,28.11367035,11.4374733,6.87163353,4219.941928,1,5940.833797,31.42255783,10.2097168,4,297.1810913
18606,61.53019333,42.30858994,21.57440376,9.396697998,4.909899712,5883.04038,3,1216.062115,19.5108757,7.988335609,4,307.2480469
18607,55.74106979,45.71811295,24.60586739,5.111993313,3.028773546,5242.589895,3,582.0897869,9.191243172,4.991127491,4,271.6307983
18608,223.977829,41.92159271,30.00135803,8.610897064,4.893199921,1083.331343,1,15257.50566,26.41423225,7.01029253,4,333.7288208
18609,142.2192535,30.64556122,21.81611824,9.705384254,5.776053905,3342.00017,3,23441.95669,28.54361916,8.440235138,4,119.1646271
18610,140.9488068,47.22704315,29.26412392,10.15837288,6.388737679,3588.21122,1,23499.85805,28.96033478,9.445720673,4,81.52885437
18611,112.0750885,30.29802895,17.03628731,9.8126688,5.574830055,5109.026493,3,25463.84859,25.20315552,8.763392448,4,251.8544159
18612,99.8032608,33.65413666,21.50969887,10.57726669,7.084122658,5148.964833,3,30284.04669,23.85030174,10.01185513,4,74.55131531
18613,98.01635742,43.58550262,26.76395607,8.800913811,4.75289917,4574.078373,3,30864.78113,22.623209,8.24467659,4,282.6525574
18614,113.2198944,54.10999298,26.54924583,11.25260544,5.919872761,4231.004856,3,31620.1145,24.98321152,8.944424629,4,71.56504822
18615,68.13853455,59.52658081,25.5890522,5.280189037,2.986514568,3979.646254,3,29698.90063,10.14114571,4.25087595,4,53.74616241
18616,221.4184113,21.26237869,16.16986847,7.391176701,4.995037556,4648.977196,3,25159.49277,33.64004135,6.985343933,5,293.8223267
18617,143.3811493,28.60421371,16.4505825,7.186664104,3.635421038,1218.055535,3,8006.05538,18.09952164,7.275989532,4,186.0467529
18618,149.4588623,25.36742592,16.36124039,10.86779499,5.987551212,4433.989027,3,9110.51802,31.86631966,10.74719143,4,200.578186
18619,148.5806732,41.92179489,30.21368217,11.1046524,7.262568474,84.76683595,1,16365.99645,33.11974716,9.658234596,4,327.4708252
18620,90.24729919,29.02071953,20.11960793,9.691336632,5.929724216,4512.303664,3,31517.15153,27.80049133,9.297169685,4,94.56607056
18621,36.39344788,33.30895233,18.67918587,9.766159058,4.419616222,3784.168064,3,30637.1471,19.98105431,8.107729912,4,160.8936462
18622,78.150383,27.92502785,16.00512695,4.340248108,2.461845398,6553.450219,3,26996.56373,11.89177704,4.346373081,4,94.80381775
18623,110.2686081,36.21445084,29.70966911,10.92584896,7.404356956,2942.444475,1,750.3402294,34.23830414,9.256742477,10,337.8205872
18624,152.8448029,32.90464401,18.06607056,11.55456066,6.25002861,5290.105674,1,6458.8831,28.63503456,9.410106659,4,148.6269989
18625,74.2640686,26.67951012,13.95027447,6.575490952,3.555395842,1834.319833,3,10869.31203,18.43393898,5.692326546,4,247.7484131
18626,116.8420944,34.37289429,19.46855736,11.10378075,6.265677452,5586.973985,3,3059.750554,25.30295944,9.125986099,4,174.9040985
18627,254.6094055,24.25185394,15.70637131,8.221999168,4.81846714,1057.679365,3,3800.856544,29.83107567,8.038217545,4,107.1842651
18628,104.1623688,27.46855736,18.17942619,10.77587128,6.608360291,633.7036914,3,13916.51102,30.44848442,11.370368,4,149.5119324
18629,209.6435089,32.10804367,23.88619614,10.42886353,7.424752712,1210.915351,1,16433.60076,34.4295311,9.106892586,4,295.4975586
18630,44.11790848,59.43938065,21.88360405,17.21514893,9.97842598,134.0373016,1,16867.85791,39.89690399,10.41135311,4,28.63238716
18631,89.57100677,27.69769859,19.97497559,9.721516609,5.537563801,4588.127921,3,24731.78881,26.89219284,9.185600281,4,234.6052094
18632,51.23930359,34.34344482,25.00283241,6.01888752,2.701304436,3816.139381,3,30362.07508,14.72504234,5.221809387,4,333.9246521
18633,168.4196167,22.55040359,18.80345154,9.962655067,7.156080723,9723.340056,3,7747.488292,33.52820969,8.764690399,2,88.86182404
18634,248.7022247,36.00193024,28.9330864,8.007954597,4.491139889,2976.137902,3,1715.300328,24.02502823,7.630396843,4,317.2457275
18635,40.31500244,51.56996155,25.94674301,8.164076805,4.251553535,2462.052382,3,2198.14572,22.5588665,4.623167038,4,24.66568375
18636,104.6784286,28.88904381,22.99588776,7.194546223,4.077445984,4746.73228,3,30545.86636,23.98078537,7.458874226,4,50.82872772
18637,33.67701721,35.82933426,20.83522034,10.22858429,6.500113487,2802.406079,3,35071.84167,14.83499146,11.15545845,4,112.7238083
18638,83.37468719,32.14284134,18.51330757,7.55605793,4.046646118,2483.141874,3,35813.59161,20.43604088,6.988225937,4,257.6192627
18639,121.2543945,29.87427902,18.93216515,7.764685631,4.421166897,1692.100892,3,34307.79553,21.68063354,7.161110401,4,269.0289917
18640,71.78726959,26.87701797,17.70215225,6.3723979,3.876859665,2969.956924,3,32946.45656,17.43684769,5.788286686,4,263.2901611
18641,74.81923676,29.5688839,18.10457039,6.917973995,4.45196104,4178.714816,3,30576.37277,17.26784325,6.494693756,4,94.68186951
18642,94.29247284,30.8990078,27.31461906,9.131230354,5.579192162,7929.214308,3,26052.37133,27.49713707,8.949884415,5,26.74243546
18643,39.64722824,30.96954346,13.62531281,10.16778374,3.947510481,6290.492779,3,1615.140359,31.19940758,7.150618553,4,166.750061
18644,54.39731598,25.78774071,15.78059769,9.553274155,5.821139812,6164.426133,3,1494.029353,26.93670082,6.7873106,4,265.4400635
18645,282.9093628,26.73814774,20.00678635,8.324233055,5.602558613,1307.772,3,3585.960232,29.17384529,9.442371368,4,62.37836456
18646,42.47302628,31.39717674,18.84187698,8.670929909,4.504864216,3392.515596,3,8141.406755,18.13334465,9.732847214,4,145.9111328
18647,131.580719,38.87607574,29.43130684,11.18892288,6.866966248,4510.690225,1,9031.81494,30.45339394,10.07865906,4,339.1455383
18648,13.32348824,43.07897949,12.65405846,6.218637943,3.279169321,3493.026519,3,8198.237481,12.42768002,7.012052059,4,266.793335
18649,53.69096756,50.78208923,23.28974724,10.1021471,5.749006271,4491.215217,1,9685.340393,21.75200462,9.91843605,4,311.7603149
18650,101.4254761,29.37908173,17.10370636,8.313815117,4.759233475,3860.447488,3,10210.83531,24.74912262,8.638061523,4,248.0394287
18651,96.69699097,30.35793686,19.09216881,9.278536797,5.274950027,6996.945593,3,27969.28914,25.23159409,7.886896133,4,147.1368256
18652,94.38420868,24.79728127,17.47138596,9.447826385,5.893054008,6514.909373,3,28938.91366,27.48815346,9.148054123,4,127.5930862
18653,59.62068939,24.37421799,15.68953609,7.875445843,4.519049168,2446.63785,3,35242.80765,18.61262512,7.561097145,4,278.9726257
18654,93.3734436,56.86610413,26.97113609,6.555084229,3.810620785,3383.629942,3,30587.5613,15.43339157,4.939766884,4,302.2003174
18655,180.9476929,36.55075455,25.55272102,11.93699265,7.401904106,12170.95705,3,6241.738975,32.39833069,11.59857655,4,43.43035126
18656,140.7502747,26.97237206,22.34228706,8.797849655,5.709609509,11599.37985,3,5560.26281,29.33876038,8.784133911,4,283.2208252
18657,158.8954315,27.58462334,18.07743645,10.71594906,6.850766659,5032.018072,1,6637.283683,33.57785034,8.98463726,4,308.4943848
18658,15.9106102,28.20521927,17.33727264,5.272062778,4.343667984,92.24069854,3,5013.744525,8.075860977,5.257421017,4,228.5222778
18659,163.8465424,43.69392776,29.69227791,10.59448147,6.610341549,434.6599607,1,14782.65758,29.19229889,9.256482124,4,310.7001343
18660,115.4267883,32.99594498,25.54936028,7.666688919,4.431738853,5354.28045,3,30054.00646,23.32092857,7.629892349,4,302.680542
18661,132.5200958,32.19395065,16.72280693,8.974579811,5.094303131,2014.992181,3,34443.9495,21.85498619,7.892491341,4,134.7245483
18662,11.41243935,40.38949203,20.5246315,7.769663811,4.230385303,3845.855902,3,30496.27899,12.19899273,4.609669209,4,165.2564392
18663,36.25497818,26.26457405,18.35017776,6.976635456,3.568192244,3736.926866,3,30506.64249,17.80721474,5.871574402,4,318.1057129
18664,46.22112274,26.10901451,13.44874191,4.541310787,2.769430637,6385.820103,3,27251.32414,11.49535942,3.995315552,4,239.7329407
18665,71.41372681,27.2750473,15.60122776,5.309719563,2.66919589,5820.040499,3,27696.81013,12.94460106,4.104107857,4,198.4349518
18666,216.6523132,19.47559357,16.31845856,7.736911774,5.082633972,8635.670113,3,8442.486025,29.11552048,8.413585663,2,127.5191193
18667,270.8440247,21.69267464,14.07518196,7.523207664,4.901451588,7358.941798,3,8251.176537,29.29083061,8.435925484,10,230.2900848
18668,114.6248474,42.86683273,27.48376465,10.70247459,5.321998119,7035.995536,8,6671.674203,30.55008698,12.21275234,10,51.53213501
18669,88.48054504,38.2845726,26.81225586,9.349525452,5.736535072,7377.117257,8,7219.621715,28.64960861,9.550963402,10,283.4457397
18670,113.8695526,30.81283569,18.43921852,8.771386147,4.755010128,6778.487078,8,4288.630394,19.96076393,9.617630005,10,101.6097107
18671,125.42659,32.01863861,12.48743534,9.051485062,4.977759838,5240.617654,1,6913.568107,27.97934723,6.245955944,4,251.2357788
18672,305.7446289,27.85430908,18.3741188,8.801671982,5.069198608,2342.945719,3,25260.41359,14.54719353,7.576291084,5,173.9275513
18673,91.74227142,42.67160797,20.04764557,13.19885826,6.222452641,4219.536067,1,9652.666134,30.50401306,11.25271034,4,61.50283813
18674,54.7025795,62.00598145,22.79219055,5.817648411,3.471483231,4684.350579,3,45.8872306,10.5997982,5.171722889,4,303.2749023
18675,174.5733032,29.50591278,21.15455055,7.661392212,4.645697117,3056.384745,3,21601.56261,24.14900398,7.289597988,4,274.2141724
18676,12.48526573,43.96179962,24.79470062,3.789371967,1.925738335,5578.844067,3,28076.33966,6.891703606,2.598973274,4,50.19442749
18677,116.9560776,27.34355736,17.96501541,11.83437729,6.940894127,5818.768182,3,25315.91221,33.96735764,10.2521944,5,173.1182861
18678,202.7413025,26.37685394,19.10620117,8.250648499,5.07461977,3870.050922,3,2043.882103,25.75918961,9.57365799,10,67.53678894
18679,178.9400482,43.35005188,26.18364525,8.820687294,4.926237583,3704.355798,3,2098.462605,20.17823029,9.730414391,10,75.49106598
18680,139.6837921,32.37601852,25.58280945,7.581350803,4.596563339,2729.883793,1,948.7472102,27.72421837,8.470986366,10,42.98954773
18681,113.8218918,30.5569725,20.49503899,13.23910332,7.954371929,325.7935109,3,1381.850901,31.52415466,12.13354111,4,110.7722549
18682,54.05212784,37.76554871,19.092659,11.34889698,6.06451273,2071.518175,3,6885.290421,22.68364906,11.32773876,4,196.7491913
18683,128.1962128,36.61992645,27.32423782,8.510807991,5.393691063,3781.931577,3,8066.284037,24.09222984,7.45600462,4,39.14398575
18684,137.8936157,29.71397209,20.87721634,8.749789238,5.436382294,4410.5986,3,8678.451194,26.6849823,8.296117783,4,259.9350281
18685,153.1686096,26.81406021,15.68145943,8.662799835,5.046691418,2933.841639,3,10141.07983,25.00067139,7.108831406,4,128.1841278
18686,103.8321381,32.15919495,18.21608925,9.92459774,5.203164101,3491.380455,3,32833.89672,24.38347244,9.974040985,4,223.6414185
18687,40.32411957,32.05562592,22.89751816,7.865306854,4.271947861,3505.996629,3,30836.74808,17.90898895,5.352017403,4,317.0287476
18688,11.10126591,41.16126251,25.77443886,4.572072029,2.130108118,7687.562566,3,9101.106178,9.223675728,3.11117816,10,296.5650635
18689,65.89228058,28.7232914,14.29211235,10.98696232,6.72680378,7685.392283,3,9273.688091,28.92079544,9.801077843,2,105.018364
18690,86.01065826,30.72331047,26.41117668,10.97239208,7.263980389,240.7072522,1,17058.21327,29.80463219,10.67855453,4,29.10985565
18691,73.86289215,53.20985794,28.10546494,5.111053467,2.691458225,3961.851573,3,29746.49698,10.75440407,3.985744238,4,29.46779633
18692,20.82984352,53.95095825,23.88817406,4.470032692,1.953674316,4533.063212,3,29166.06886,8.380923271,3.579677343,4,38.69201279
18693,194.9439392,19.99108124,16.11681557,8.708039284,5.996982574,4790.689802,3,2334.638248,32.31910324,8.228460312,10,136.266037
18694,99.08380127,34.41916656,26.02365685,10.74458218,6.709187508,3643.176615,1,1179.746709,34.20741272,8.322946548,10,42.79740143
18695,172.5084534,29.92815971,19.4101963,10.51094246,6.487050056,3016.186483,1,5099.29174,35.37428284,10.11450291,4,266.7294922
18696,132.2566986,26.32963562,16.88897514,9.094745636,4.991590023,1766.515624,3,10928.01425,23.24306297,8.12169075,4,194.5889282
18697,60.79499817,36.46376419,19.20335388,7.500650883,5.057847023,552.1808622,3,8668.070729,15.83558941,7.164322853,4,246.3179169
18698,53.29935837,29.45017624,15.62207603,11.44680882,6.994442463,26.62086477,3,9244.520352,29.4336319,8.26388073,4,81.32597351
18699,138.0670471,39.29069138,19.91565323,6.116522789,4.735093117,5567.630412,3,929.0325216,14.83240128,10.55063438,4,266.1859131
18700,77.13843536,30.53565025,22.76242447,15.25280952,8.853562355,175.8920667,3,17648.87549,33.32978821,12.02846241,4,199.2880402
18701,152.7429352,30.84390831,18.53599548,8.649520874,5.253805637,7124.499681,3,25722.63081,24.77797127,6.959064007,5,56.09320068
18702,198.2928772,33.72766876,28.51987457,8.156757355,5.261888027,9292.258281,3,7831.925164,25.91824341,9.767809868,2,324.4623108
18703,60.20526505,39.06261444,22.64071465,6.295793533,4.107509136,6835.333409,3,3274.529275,13.27593517,8.205908775,10,90
18704,226.9923706,16.38417244,14.35347843,8.58836174,5.289778233,5646.464107,3,2830.731006,29.07862282,7.701713085,10,162.4450836
18705,54.22952271,38.95183945,20.03938293,12.8699007,8.020199776,2479.523881,3,10794.82504,25.86297989,10.10208035,4,135.6739807
18706,90.05356598,35.27183914,18.76911354,14.06895542,7.552585602,4282.738607,3,4405.130794,30.55465889,13.70771122,4,164.8759918
18707,82.72584534,49.06638718,29.49298859,10.78785992,6.657706738,3218.659431,1,7842.927845,26.84735489,7.519966602,4,336.2116089
18708,215.2684021,37.37776184,28.19291306,10.34481812,5.960695744,843.8107772,1,17042.71744,33.58585358,9.409770012,4,322.0042114
18709,110.6228256,52.0260849,29.83138466,12.45925999,7.07844305,92.71977809,1,17595.8756,38.58030319,9.225102425,4,25.80453491
18710,104.4683762,53.99726486,25.43905067,17.23165703,9.480605125,124.8751412,1,18150.39255,42.47671127,11.56707096,4,280.5629883
18711,100.5701752,33.91747665,19.94239807,9.427679062,5.33179903,1577.532551,3,35886.6695,20.66353035,8.300455093,4,133.8065186
18712,79.94421387,52.66375351,27.83446121,6.515924454,3.603332043,3105.785276,3,30998.35702,16.01229858,4.956327438,4,308.6091003
18713,60.74060822,54.3719902,27.87145615,4.387750149,2.588628769,4433.351238,3,29235.2889,9.857150078,3.867780924,4,22.83365631
18714,27.05630112,33.96609497,21.70442963,8.777938843,5.207932472,7893.681903,3,9309.376261,18.01060867,9.872848511,10,39.17365646
18715,71.20300293,23.39863777,15.37277412,6.6239748,4.125603199,2214.631087,3,10949.42348,22.0704689,5.309146404,4,248.8387451
18716,59.06550217,38.51065063,22.72696114,4.460020065,2.657394171,5374.470261,3,723.1215468,10.58993721,4.216102123,4,279.1623535
18717,32.39396667,62.4930954,24.80237007,6.816552162,3.668464899,4415.196037,3,216.1809115,12.64252663,6.139645576,4,310.4188232
18718,55.57254028,48.30377579,28.33419418,12.01227379,7.523861885,2077.823828,1,6847.358806,28.13865471,11.56964111,4,338.0088806
18719,134.2829437,39.41704559,27.30949211,9.174233437,5.2821064,2514.321913,1,6843.739718,26.00323296,8.452513695,4,77.2756424
18720,132.0227966,32.89454269,22.28376579,9.336277008,5.855574608,2876.782335,3,7374.763791,24.65559387,8.432125092,4,267.9602051
18721,175.2936859,37.45144653,23.58321571,9.33840847,5.761801243,2512.22112,3,20811.55746,26.84254265,9.440638542,4,306.5211182
18722,29.39710617,54.82891464,23.78190613,4.562428474,2.453259706,4654.061855,3,28983.44046,8.883774757,3.569490433,4,298.495636
18723,176.993927,24.89195251,16.82116699,9.519234657,6.500177383,7074.867184,3,25978.8611,30.53266335,8.078489304,5,117.0720825
18724,179.7134399,39.53991318,27.613657,10.52374363,6.69064188,7168.275247,3,26315.86837,28.5023098,9.275924683,5,59.98509598
18725,200.0939178,17.36701584,12.7452879,7.274771214,4.85972929,7401.723609,3,8067.442689,35.28844452,6.184584618,10,209.7241669
18726,178.8981018,21.50104141,12.39648342,8.546851158,5.41263485,1300.941863,3,244.4024664,28.12130737,8.083055496,5,100.1866302
18727,80.04711151,31.56331635,20.40457344,10.4874258,6.307448864,99.19163017,3,1113.266873,25.20016098,13.61833668,4,227.2928467
18728,112.0196609,27.2954483,14.67567158,6.61614418,3.389796734,1567.252679,3,10768.63606,22.66579437,5.507835865,4,262.1168823
18729,123.2708664,26.83002663,15.32003593,9.650687218,5.586347103,667.4322647,3,9882.996969,26.60608101,7.539180756,4,98.26717377
18730,76.8368454,45.40928268,26.74300766,13.81467533,8.402006149,4513.833036,3,4130.265069,27.98561478,10.84470463,4,47.75248718
18731,78.73065948,23.53471184,20.17133713,8.060347557,6.023910522,4854.993594,3,3791.378237,27.54724312,7.669135094,4,237.458252
18732,87.85279846,32.75891876,23.68833923,10.58853722,6.036127567,811.3761867,1,5647.055936,28.87495613,7.992830276,4,326.1817627
18733,106.1266708,50.40196991,29.79948997,13.50698853,7.853135109,1700.643835,1,6475.783681,34.00597763,10.82396221,4,323.2404175
18734,113.8978806,31.6392231,18.40274429,9.544103622,5.837109566,1435.987252,3,34250.30878,23.68836784,9.457057953,4,130.1333008
18735,51.93442917,29.5768261,19.77999115,7.685843468,4.452660561,3432.666917,3,31135.16212,19.52548027,7.947672844,4,149.9314117
18736,66.39823151,28.62272835,18.4889183,7.35829258,3.953012943,3252.224608,3,31126.45204,17.65292931,5.497437,4,310.2363586
18737,204.4773865,23.87249565,20.87304878,7.934115887,5.541130066,10543.05909,3,6453.587255,26.75483704,9.597063065,2,257.5499878
18738,14.18049812,27.34390831,9.367455482,4.689217091,4.466320515,7781.73715,3,9044.703549,9.01187706,4.516798496,10,315
18739,16.30551338,37.71593094,20.46891403,4.665237904,2.553232193,7842.660973,3,9135.10471,9.396966934,3.001443386,10,278.9308777
18740,237.6950073,25.48723793,17.88033104,7.915339947,4.555325508,1504.539059,3,72.73157727,25.52288055,8.649407387,5,63.67682648
18741,259.7449646,38.24351501,24.08595657,11.88322353,6.999034882,1638.965762,1,3774.635467,34.98400116,10.26565552,4,311.4855652
18742,183.4978485,30.40162468,19.19826317,10.16981316,6.074934483,5965.257409,1,6877.655065,30.91768456,8.781272888,4,262.3625793
18743,137.82724,32.21044922,20.75471497,10.24222851,5.612222195,6378.71778,3,2351.077855,27.35533333,9.053243637,4,294.1022339
18744,178.9702606,29.41283798,17.44975853,8.17700386,4.776881695,1725.540451,3,11829.67618,24.86647034,7.719302177,4,70.49755096
18745,155.9546967,30.63937378,20.79647255,11.68417168,7.446701527,559.6109819,1,17550.68189,34.12321091,12.02036762,4,63.03834534
18746,183.4606476,32.92227936,25.7602253,8.597610474,5.15625906,2907.446949,3,21101.85333,27.17746925,7.77052784,4,41.90594101
18747,57.35673523,27.32919121,15.59634495,7.430096626,4.149317741,5874.172243,3,26300.58198,24.23571587,5.621430397,4,245.1363068
18748,91.77359772,43.99391937,23.5447216,10.592803,5.832672119,2887.810703,3,34309.4595,21.47170448,8.84616375,4,60.1729126
18749,81.78025818,49.04814529,28.3312664,6.212235928,3.356461763,3501.754957,3,30291.05742,13.74164867,5.264396667,4,36.86989594
18750,94.12880707,38.79507065,26.42210197,5.987310886,3.585421085,3465.255079,3,30439.38824,15.99219418,4.481943607,4,312.2736816
18751,40.96472549,32.37516403,17.35277557,4.875016689,2.448462009,5543.672621,3,28027.10073,10.73932552,3.681455851,4,243.4349518
18752,97.09452057,23.15649223,17.44308281,5.168745041,3.137096882,6955.74856,3,26895.57503,16.58879662,8.409879684,4,246.1713562
18753,216.6352386,32.85534286,17.79809952,12.29973316,6.624297142,5371.777925,3,8202.218967,30.82520485,9.754338264,4,96.22583008
18754,92.51968384,46.60489273,23.66545868,11.74061871,6.374456882,3758.501784,1,9751.579899,31.64241219,8.847390175,4,42.87020874
18755,79.57086182,29.58355141,19.22176361,10.60771751,6.895697117,5524.425441,3,25577.98195,26.9661026,9.682239532,4,166.8659668
18756,86.43694305,28.04973602,18.25010109,10.21874714,6.163500786,4045.817723,3,32105.26367,28.20057678,8.210827827,4,54.36336517
18757,72.4160614,29.36673737,18.56118584,10.89348888,6.478011608,3608.003062,3,32238.66068,27.75623512,9.369752884,4,54.64640427
18758,94.95219421,27.71792412,15.1247282,9.018593788,5.07756567,3199.90216,3,33207.19206,23.99395943,6.966241837,4,211.7830353
18759,36.63884735,32.95870972,21.50281143,6.146465778,3.426583052,5330.886379,3,28349.33734,13.04140377,4.887758732,4,101.9293213
18760,53.2530098,24.62649155,13.67180347,5.068552971,2.840088129,5605.8688,3,27903.63803,11.87085629,4.68223381,4,274.4846191
18761,114.8402939,24.46867943,11.88725185,7.205371857,3.84882617,7275.344001,3,7689.067085,33.75003815,5.27430582,10,266.5317688
18762,82.91223145,27.22557259,19.99682808,8.622997284,5.634979248,7222.019288,3,7309.690663,26.53509521,9.377100945,10,69.19002533
18763,85.96872711,30.21097565,18.49913406,11.72493935,6.281918526,2878.316654,3,10434.16643,27.79065895,9.184743881,4,168.23172
18764,93.22454834,33.03516006,18.28875542,11.81875324,7.194493294,262.4809083,3,4658.072731,31.32005882,11.53302383,4,77.66091156
18765,87.53820801,29.58383179,19.86754799,5.933598995,3.311587572,3248.300081,3,30804.53198,16.84641075,4.414589405,4,304.5556641
18766,190.2812958,19.63512993,15.02368164,7.279579163,4.822690964,11276.66987,3,5884.89172,27.1297226,7.69427824,4,270
18767,63.9516983,22.36558342,17.21301079,8.194391251,4.996125221,7797.190373,3,8782.37756,25.82136536,9.600849152,10,219.8100586
18768,113.8283615,31.24982262,25.10172462,9.12545681,5.552776814,6720.879067,8,5282.150986,25.78694916,13.06332493,10,299.5115051
18769,78.46303558,30.11134911,15.81328201,9.977054596,6.623277664,5924.21998,3,25823.35342,26.37214851,8.567737579,4,306.1947937
18770,105.7787781,30.14686012,18.02915764,8.476659775,4.881747723,1513.000401,3,34086.51284,21.84420395,6.881577969,4,246.8879547
18771,59.26877975,26.13327026,13.76326466,5.096854687,2.712761641,6195.259014,3,27384.26325,13.22165871,4.521581173,4,151.7983704
18772,77.24619293,45.45677567,26.80914688,8.114689827,4.765966415,3936.134965,1,9796.967658,22.36366272,7.484867573,4,267.9251709
18773,208.4250793,30.986763,18.69626999,10.14820194,6.204754353,873.4853216,1,15467.80714,32.63043213,7.453578949,4,279.706665
18774,121.7311859,25.29859161,16.76268959,9.980648041,5.764731407,6960.465049,3,26704.87166,27.68379211,8.112592697,4,178.5121307
18775,144.4003906,40.46209335,27.52558327,8.944019318,5.09008503,11436.09459,3,5583.568525,27.0506134,8.472089767,5,56.30993271
18776,90.6661911,25.44420052,17.43089104,9.461069107,5.249075413,7003.03526,8,4792.015426,25.05953407,10.7899971,10,169.6634521
18777,100.0566711,28.28951836,18.36660767,7.267219543,4.231706619,7690.928001,3,5973.249729,17.79047775,9.694321632,10,184.834198
18778,130.7072906,34.1857605,29.30335426,8.285513878,5.779705048,4398.538348,1,2390.640315,27.71888351,8.30747509,10,313.6027222
18779,27.12471199,40.87838364,20.03459549,10.72415257,5.715378761,5410.759168,3,25467.36136,26.4871521,9.666962624,5,134.7347412
18780,72.02592468,38.56690979,22.07678413,12.80390072,5.999948025,5562.971675,3,25933.45378,29.0958004,10.31194496,5,55.95406342
18781,220.9966583,39.43955612,25.59583473,9.038174629,5.109376907,8752.878542,1,8486.571354,29.92119217,8.222049713,2,33.59344864
18782,203.0136261,16.2554245,11.81333256,7.668954849,4.889457226,5823.132273,3,3035.935225,29.48674583,6.397384644,10,146.7024536
18783,126.1721878,25.69135094,16.65748215,9.407788277,4.996291637,634.3514188,3,9854.49268,25.07949066,7.900371075,4,50.54025269
18784,179.2614899,24.65377617,16.81259727,8.474831581,5.093391418,813.6486867,3,4103.3252,31.19932556,6.597314358,4,76.25444031
18785,237.2270203,26.08936119,16.04370117,8.848137856,5.734520435,1007.358722,1,3895.750241,30.38056564,11.03104591,4,45
18786,163.949707,32.97449493,26.85562897,10.46420956,6.489847183,2235.745187,3,20379.64443,31.99196434,10.30601788,4,57.52880859
18787,89.09622955,46.42348862,27.87138557,9.131575584,5.03122139,6071.031399,3,28070.94455,23.51910591,7.689836502,4,58.77159882
18788,18.90950203,29.67029572,22.41267586,5.048475266,2.760898829,5120.567637,3,28514.64238,11.37277603,3.611634254,4,26.09463501
18789,17.37697411,69.4493866,19.190485,12.2518692,5.72773695,5445.52248,3,25598.96275,22.0626545,7.793105125,5,313.0076599
18790,172.0613708,24.49933052,16.80714226,7.212264061,4.693421841,8477.327326,3,8754.393087,32.37852478,6.565237999,2,71.80083466
18791,179.736618,25.86067963,19.72846985,7.380079746,5.311769485,8326.124974,3,9055.019884,23.22677994,10.5907774,10,284.6419067
18792,60.17030334,32.5310936,18.50482941,8.911049843,5.459024906,413.3952966,3,8792.001191,18.36568451,8.698350906,4,213.8707581
18793,185.0258636,24.43896103,14.93266201,9.833610535,6.114243031,3109.843265,3,5816.236586,31.79153442,8.75915432,4,218.4000854
18794,42.96590042,38.74207306,20.12752151,13.66352081,9.476429939,84.40671099,3,4795.699254,26.86675072,11.14615726,4,40.60129547
18795,230.6221313,32.5397644,23.690979,9.972139359,6.357728004,1429.205611,3,16001.88701,33.72696686,9.488804817,4,61.30394745
18796,139.3730621,29.39431763,19.36637115,9.496259689,5.96959877,3857.637081,3,31527.49007,24.90769005,8.282542229,4,112.6593475
18797,30.69943619,31.99867058,17.16219139,4.421220779,2.676582336,6493.693646,3,27193.78891,9.074431419,4.482668877,4,114.8960114
18798,102.3417587,30.87470627,18.51355553,10.34330082,5.907595158,5960.464354,3,25658.86686,31.16696739,9.1721735,5,47.92072296
18799,146.2490845,29.65762901,17.67826271,10.32914162,6.067855358,6330.788754,3,26123.8112,28.35468674,9.065724373,5,98.13010406
18800,152.3752747,38.82544327,27.29178047,10.22576809,6.340894699,6423.856679,3,26588.64022,27.22370338,9.433860779,5,70.26309967
18801,17.31508446,24.09612274,10.94696045,2.971507549,1.46161294,7937.544824,3,9080.6727,9.105376244,1.981546044,10,278.0328979
18802,174.2758484,21.063591,15.66846275,7.083378792,4.803140163,7881.854893,3,8164.290852,30.22759438,7.073627949,10,247.3061981
18803,70.58934021,26.39926529,17.68718529,7.645957947,5.201173306,7428.779012,8,6204.820522,20.12261772,10.47819138,10,165.2218323
18804,133.9466705,21.30602837,14.24925327,7.427771091,4.229199409,6479.930658,3,3493.940613,24.60327721,6.869598866,10,176.947113
18805,75.48472595,37.7220459,21.29058838,10.96684265,6.569100857,493.6155654,3,745.6230664,23.49040031,9.565329552,4,51.2644043
18806,173.3643646,21.49007416,16.56872368,9.37704277,6.736835957,211.7981162,3,104.6457301,33.34526825,11.12956047,4,250.0168915
18807,87.84959412,39.56925201,24.75756073,9.271842003,5.305487633,6432.163544,1,26421.44626,26.20717812,7.587415695,4,321.4830933
18808,96.96395111,41.56822205,24.33665276,7.301163673,3.713680506,2483.741496,1,756.5425762,19.11136818,7.05385685,10,295.3204346
18809,6.998456955,67.01698303,21.547472,6.43405962,2.649593353,2287.742494,3,577.2455807,7.487484455,4.011001587,10,45
18810,138.7916718,27.56341934,16.19459152,9.670708656,5.986997128,1140.377863,3,99.7816737,26.92832947,8.521799088,5,108.9246445
18811,131.6660461,29.9227581,18.47405052,11.04736805,6.103908539,1653.41106,3,10872.1501,28.48228264,9.229775429,4,157.5205688
18812,128.5221863,27.00065994,18.22546196,10.3201685,6.124783993,3010.831615,3,5660.787842,29.65665245,10.28947449,4,169.1876984
18813,40.61462021,48.69446564,25.89420509,4.946985245,2.984414577,4851.296923,3,220.6962416,8.398425102,4.1135602,4,39.80557251
18814,176.851181,26.11619186,16.92603683,8.672014236,5.401258945,574.7292324,3,5224.738716,29.83049774,8.904560089,4,268.5679016
18815,88.97609711,28.59437943,18.96597862,9.61362648,6.58859539,227.1911256,1,14114.06424,30.67193985,9.353562355,4,307.0621338
18816,144.1489258,23.15974998,16.88306046,8.891181946,6.070118904,374.3977499,3,18253.65362,28.7363224,10.2773838,4,245.611084
18817,114.80056,29.892416,20.32309914,9.344153404,5.925893307,4163.040026,3,24136.54391,30.30997276,8.099289894,4,47.16184998
18818,96.3753891,39.64427185,26.26007271,9.018431664,5.443357944,6757.931812,3,27783.61561,25.23435783,8.107809067,4,42.27368927
18819,60.12194061,25.86847115,19.07534981,7.284495831,4.391679287,2134.227533,3,34959.82554,17.28421211,7.301287651,4,277.2060547
18820,19.24453545,36.58618164,25.21593666,3.567004204,1.921689153,5047.123616,3,28593.06894,7.492037296,2.512366772,4,312.6099243
18821,58.20598602,31.49791336,17.44250488,6.087627411,3.339561701,4726.531433,3,28948.89461,14.3570919,5.52530098,4,111.080307
18822,146.0448761,18.50947952,12.89152622,5.824195385,4.071135998,6788.151505,8,3770.775314,21.60602379,6.862858772,10,110.8544617
18823,196.401123,35.53932571,25.87138557,10.36048698,6.186934948,915.2474577,1,16810.31218,33.51760101,9.383868217,4,42.1650238
18824,54.29642868,34.67243195,15.98796844,7.881509304,3.78759551,4635.659116,3,24435.88068,24.71050072,9.149121284,4,98.91764069
18825,22.70917511,65.20652008,18.62492371,12.96286774,5.207026482,4859.988247,3,24594.39445,23.59016418,6.98556757,4,34.83086014
18826,14.06386757,45.1178093,22.65263748,10.94704437,5.932739735,4926.40545,3,24719.0451,16.58811188,7.294018745,4,255.9637604
18827,25.99334335,24.23098564,11.44861317,6.070537567,2.63882494,2457.418792,3,32791.40646,20.30497742,3.715590239,4,155.3764343
18828,187.0782776,23.5477066,19.11054993,7.991065502,5.298437595,11750.09511,3,5587.255072,28.55262566,8.823860168,4,70.11483765
18829,139.9526367,26.70971107,24.67663765,8.280814171,5.366810322,8341.041206,3,8793.900425,29.1988945,8.317314148,10,51.26348877
18830,204.4691315,29.41200447,18.82905769,9.991479874,7.506816387,608.5919393,3,470.1944905,25.17764091,15.68204212,5,85.19618225
18831,127.4188995,48.57295227,29.55934525,9.982509613,5.840856075,3889.750594,1,9321.504462,28.71828461,8.232744217,4,49.03993225
18832,230.5153351,38.57684326,28.17440224,9.497918129,5.597382545,1254.580138,1,14401.28435,29.99012947,7.981122971,4,46.91009521
18833,232.7068634,24.2133503,18.63365364,9.149456978,6.407965183,1145.108757,3,14748.63055,34.73221207,8.798007965,4,239.1576385
18834,45.21710205,29.19123268,17.47973442,10.20903683,5.188160896,4633.853861,3,24328.28852,23.1813755,10.08338451,4,118.1950836
18835,34.27296448,40.94042206,19.44054794,11.52733517,8.068731308,5227.582788,3,24992.74947,21.72427177,12.91565704,4,198.2762451
18836,94.79203796,36.73413086,22.6894989,9.247393608,5.870679379,2764.73236,3,33245.00927,24.85660744,7.850912094,4,284.4524231
18837,105.19767,28.5270195,16.34550476,8.626350403,5.246100426,2019.379664,3,33812.56727,22.49170303,8.06194973,4,74.33673859
18838,97.62995148,31.30669594,17.9323101,8.712743759,4.579461098,1633.54134,3,33710.05083,21.28772736,7.579866409,4,132.7758179
18839,108.3335724,24.96083832,16.07064056,10.26687717,5.458897114,8049.803535,1,8875.079258,31.85723305,7.692281246,10,330.9454041
18840,88.12410736,29.29372597,20.48801804,8.485641479,5.994158268,153.5912132,3,4686.196655,23.28325272,11.95129585,4,82.78573608
18841,110.5692673,30.99178696,19.53884506,9.657463074,5.553237438,672.3591878,3,13060.32266,26.97820282,9.259147644,4,113.1985931
18842,98.87973022,27.21871948,17.13588905,10.39349556,5.804467201,166.582951,1,13451.81281,30.00745201,10.94495678,4,289.9066162
18843,152.5052643,26.54705811,15.77628326,8.712110519,5.303094387,3899.164666,3,23308.13475,26.73789024,7.875439167,4,137.445343
18844,21.89211655,54.68227768,24.18267059,10.15595531,5.795420647,4797.571241,3,24399.07569,15.6352396,8.522933006,4,298.1416016
18845,130.1242676,26.34903526,15.81125069,8.65230751,4.951189518,1383.793146,3,10607.01962,29.18123817,7.974982738,4,241.989502
18846,89.11018372,27.66534615,15.71781063,9.931550026,5.097043514,3554.797233,3,5117.636235,28.17119026,8.958806038,4,138.0800934
18847,88.00177002,35.26228714,23.14562798,10.78826714,6.200474262,4256.615758,3,4392.035951,27.77693939,8.270062447,4,310.8776855
18848,89.82392883,34.44877625,15.09662628,10.24539661,4.804719925,2201.785004,3,33996.92216,22.25615501,8.094479561,4,168.2051086
18849,84.57288361,34.10864639,17.87457466,10.49827766,5.557432175,2268.718645,3,34402.75265,22.39740372,9.858263016,4,109.440033
18850,107.8046951,31.08065987,17.86083221,7.410007477,4.068931103,2749.111085,3,32145.92584,19.76398659,6.348782539,4,96.48635864
18851,107.8110886,24.81356239,16.00089645,7.877153397,4.624747276,1447.799869,3,33538.15762,22.40497017,7.120884418,4,267.3370056
18852,110.7883453,22.35366249,14.51579571,7.158581257,4.064363956,10286.79423,3,4446.104508,21.74653244,5.399155617,5,158.3275909
18853,99.33166504,20.65295029,14.85891914,5.931950569,3.899034023,10574.73673,3,4685.888148,23.66187286,4.864785671,5,229.4671631
18854,80.97830963,30.5276165,17.20428658,7.519309998,4.516420364,7296.223796,3,5028.54757,17.76983261,8.682588577,10,83.90377045
18855,89.19748688,25.84836769,15.73643208,8.140152931,4.89097929,3897.16656,3,4749.646847,27.34757423,9.165595055,4,282.3390808
18856,94.93748474,54.28503036,28.20690918,8.799779892,4.998812675,5453.570061,3,24855.07951,24.06585693,8.073745728,4,36.40098953
18857,62.0826149,19.66360474,11.01750374,6.035972595,3.522458315,7732.293096,3,5786.63128,16.651371,7.664172173,10,210.068573
18858,76.44081879,29.48981285,16.89692307,5.914202213,3.386802197,8034.457275,3,5719.717685,12.60396767,5.456207275,10,140.1944275
18859,162.4751434,31.80678558,21.80206108,11.04592514,7.073935509,3992.705892,1,5034.065398,32.43383789,9.674154282,4,310.2738037
18860,25.94307327,38.16403198,21.15122986,8.489001274,5.495401382,2426.192946,3,10596.63514,19.5113945,6.762705326,4,210.9637451
18861,59.29579163,51.48555756,26.70023918,8.239123344,3.833076477,2373.066877,3,35557.79718,16.10396767,5.92040205,4,322.125
18862,76.43930817,30.10246086,18.11789322,8.729035378,5.080879688,1717.383348,3,35276.93347,21.29102325,7.82333374,4,259.4389954
18863,110.7926559,28.68432236,17.47823524,6.571352482,3.568269491,2636.677105,3,31615.12656,17.86384392,5.874179363,4,297.6459961
18864,161.9253082,24.81022263,14.55456448,6.243721485,3.603356361,7032.504857,3,27015.82114,18.04559135,8.016911507,4,200.6235352
18865,83.27790833,31.50803947,16.75264931,4.624792099,2.97892952,8344.923087,3,5716.8541,9.288669586,6.284092426,10,172.2693939
18866,17.10782814,42.4460144,24.31102943,4.051019669,3.082163811,5335.110429,3,696.7604598,7.997531414,4.627944946,4,315
18867,54.67145538,29.57644272,19.35092926,4.688050747,3.135110378,4328.021746,3,366.4233387,10.76460075,3.971668959,4,285.255127
18868,251.4381409,24.04168129,15.94921112,10.74103355,6.599683762,2427.445339,3,2491.165807,34.20048141,9.043385506,4,171.960556
18869,49.58764267,20.01721954,9.633160591,5.617497444,3.167664289,1922.556085,3,2969.678096,19.88870621,4.738873482,4,104.1042938
18870,56.44847107,32.48986435,12.95819378,8.869883537,5.042840481,2067.564488,3,2823.568126,19.78318405,5.600833416,4,116.9101868
18871,138.1930389,35.73944473,21.36104012,8.878231049,5.023333073,4957.534634,3,23781.66606,24.74524307,8.776879311,4,85.47264862
18872,9.361893654,45.40105057,21.29988098,8.97850132,3.652720213,3142.873301,3,32522.762,12.20674515,5.435192585,4,105.7844849
18873,56.1818924,31.5829792,17.47695351,7.379394531,4.421621323,2818.19681,3,31821.04741,17.85656929,8.029573441,4,138.5763397
18874,100.8345261,21.80885315,19.03733253,7.862761497,5.123798847,8021.10561,3,7516.73986,24.60498238,8.83854866,10,188.2689362
18875,173.2008972,34.81710052,26.01069641,12.46185207,7.199176788,2871.17185,1,4826.200026,38.71337128,10.16442871,4,329.2199402
18876,102.8778534,28.69325256,20.49400139,10.38826084,7.254165649,6133.796541,3,25786.11458,28.53161621,10.17398167,4,233.7852936
18877,140.2067719,35.48306274,26.23657036,9.978329659,5.948969364,3188.675016,1,9959.527873,33.39634705,7.772153378,4,32.81634521
18878,121.174118,43.85933304,30.05639076,10.2925396,6.313464165,4894.625693,3,3813.499797,29.60490227,10.2527914,4,27.47443008
18879,37.67320251,32.49504471,23.28232765,9.039552689,5.763431072,5281.08426,3,3405.043558,18.06582832,6.084843636,4,225
18880,69.67645264,45.4183197,26.91095352,8.359329224,5.074337959,5836.716956,3,25240.67509,20.55545235,8.37860775,4,33.55415344
18881,183.5795288,21.21291161,17.76353073,7.728673458,5.139893532,5075.013468,3,25729.85915,33.78100586,7.89791441,5,260.5376587
18882,24.63080025,35.55415726,19.7096138,4.443153381,2.737981319,4086.387091,3,25759.74046,8.324743271,3.840915442,5,213.6900635
18883,27.83460045,28.17397308,18.89549637,5.023791313,3.41912961,4362.319058,3,25855.8159,11.09747219,4.228325844,5,92.91083527
18884,221.4512482,26.20238876,17.45064926,8.707879066,5.473735332,483.6032407,3,2394.290274,26.47152138,12.34951305,4,249.1182251
18885,139.7781525,27.94970894,16.09748459,10.41439915,5.615065575,3635.418722,3,5097.377077,30.11070251,8.206290245,4,184.5689392
18886,190.7077637,39.18781662,29.0027523,10.82767582,5.971216679,4881.586383,1,8533.213983,30.92983437,9.073402405,4,313.948822
18887,156.8195038,30.39085579,20.81676865,10.19547081,6.36762619,4163.61654,3,9192.255472,31.40519333,9.233279228,4,83.37901306
18888,122.3029633,33.13274002,23.1191864,9.62821579,5.316466331,1513.542019,3,6145.296921,26.79218864,7.608228683,4,289.9137573
18889,133.9778595,36.75680161,23.57202148,9.335741997,5.416231632,3605.352261,3,31507.42601,22.93154335,8.212080002,4,31.75947952
18890,24.44870186,29.08542061,13.84875774,4.464249134,1.689519882,5281.083225,3,28280.41635,10.99614429,3.653897762,4,226.6365356
18891,8.935322762,47.70008087,17.3120594,4.355424404,2.701925039,5103.368949,3,28468.76987,7.905150414,3.194742918,4,307.4053345
18892,128.6996765,43.7651329,29.09800148,10.49997044,5.889772415,1182.059815,3,5825.251907,29.62479973,8.47867775,4,45
18893,106.4610977,28.78153229,17.51951599,9.154234886,5.127514839,7020.588775,3,26613.69872,26.49390221,7.57297039,4,280.5136719
18894,5.389620781,27.36712265,17.00959015,3.744009256,3.229971409,7459.77263,3,4676.165006,5.16242075,4.271451473,10,124.6951523
18895,234.5556641,27.93492317,14.85728836,8.481657028,4.771669865,1283.507754,3,3544.271035,24.95750427,8.09709549,4,63.63458252
18896,84.77186584,29.2428875,19.07857704,8.406763077,5.259102345,6481.089778,3,27847.02929,25.13777161,8.165104866,4,87.66269684
18897,99.40261078,32.67503738,16.88231087,9.946118355,5.450871468,6500.968116,3,27061.12138,24.82022095,8.364297867,4,191.1038361
18898,125.9641113,32.25518799,18.76402473,10.5094471,5.919275284,2975.730962,3,31841.21714,25.96525002,8.622506142,4,96.08415985
18899,47.11091232,27.06837463,18.13950729,5.748759747,3.791304827,4644.792038,3,28908.68978,13.48600101,4.525434494,4,279.926239
18900,219.4209747,21.09101486,15.02535629,8.618656158,5.346722126,779.7993321,3,1403.779373,28.79121399,10.28910923,4,75.83782959
18901,202.4245758,23.21973038,13.88974476,8.130618095,4.02803421,1041.043247,3,3830.081071,29.95108795,8.421339035,4,132.2627869
18902,56.44218063,33.44407272,21.11494446,4.73704052,2.623089075,4950.122567,3,28559.67074,10.40488815,3.773908615,4,323.0368042
18903,118.0442657,19.58018112,15.76991749,7.010192394,4.484372616,11483.01762,3,5158.830217,22.80340576,5.748748302,5,168.8966217
18904,114.4247818,44.13232803,26.40000725,6.337012768,4.105038166,7699.312233,3,5030.520662,12.76733494,7.52560997,10,130.9143829
18905,82.09443665,31.13774872,17.52798271,8.7387743,5.378733635,2098.115768,3,10710.07594,21.74625587,6.985003948,4,230.1944275
18906,231.3364563,28.48942375,17.58969307,8.117904663,4.841060638,2587.295478,1,2280.433767,29.81744003,7.174070358,4,77.93869019
18907,84.2850647,52.43857574,28.88942528,12.13238811,6.872951031,4702.941294,1,23716.59588,28.75915337,9.415370941,4,334.9325256
18908,63.19176865,27.47280121,17.06348038,4.299647808,2.320691109,5861.714825,3,27714.92158,11.27661419,4.481500626,4,54.46232224
18909,123.3078384,22.12150764,14.60199261,6.924140453,4.396574497,7373.217257,3,4546.225611,20.73302269,8.74887085,10,149.3002777
18910,57.10575104,25.60054016,14.81882668,10.11133289,6.251033306,2629.374079,3,10371.65564,29.51033401,6.195449352,4,50.09211349
18911,8.499300003,45.96492767,19.9459095,4.029732227,2.539842129,5201.88197,3,564.598399,5.488559246,3.073589563,4,302.0740662
18912,159.8734894,38.33196259,21.17278862,9.902350426,6.526676178,3935.403883,3,22986.25745,25.92341232,9.63985157,4,48.83097839
18913,12.59683514,57.53704071,19.48782349,8.637334824,6.356112957,4729.508026,3,24122.72374,8.606479645,2.847501755,4,52.12501526
18914,241.1039124,29.16841507,17.33563995,11.47153664,6.636327744,1909.702011,3,3324.570969,32.36297226,9.88278389,4,181.2801819
18915,165.4067078,28.40081406,16.66705132,7.951643944,5.168840408,1608.231869,3,7489.271357,22.74548721,9.533937454,4,247.5814514
18916,109.8583984,29.24701881,21.06529617,9.561052322,5.546308994,3046.667005,3,5598.508831,29.65193748,7.988847733,4,315.8184509
18917,161.1460571,36.34433365,25.17770386,9.67901516,5.476153851,3729.026062,3,5083.059864,23.63019943,8.543545723,4,59.99562073
18918,189.9434052,24.28322411,17.93904114,8.261886597,5.404567719,4290.654547,3,4471.772914,27.6840477,8.364768982,4,256.3391113
18919,118.5561142,30.66025162,18.33834648,8.80325985,5.432962418,3804.610753,3,8891.119364,28.38822937,7.713699341,4,102.9946136
18920,107.6146393,29.98223495,16.18342209,10.31857491,5.956038475,3468.842094,3,9494.528955,25.8279686,8.251794815,4,225
18921,68.96788788,32.19386292,17.86056519,6.610083103,3.399923801,3962.251634,3,29676.89864,15.54129791,5.271436691,4,203.1985931
18922,155.1584778,21.317276,17.8435688,7.665450573,5.627728939,4984.852371,3,26072.75417,33.77193451,7.466163635,5,246.2690582
18923,186.6053925,22.71248436,12.13036537,7.111814976,3.923145294,2002.802664,3,622.1365623,25.00322533,6.469891548,10,102.2540359
18924,160.7184143,28.57399559,15.53042412,10.97425365,5.641341209,2317.199955,3,6696.958979,28.80931091,8.782678604,4,217.002533
18925,105.3861008,24.47542953,18.12715912,10.3588047,5.798392296,5825.007497,3,2934.385044,29.88757324,9.942390442,4,240.3269196
18926,131.3874207,26.61409569,17.13218307,10.26882935,6.832692146,2330.267218,3,10598.24349,29.90088081,8.655920982,4,249.3814087
18927,75.47789764,27.32068253,15.6200552,7.433494568,4.562176228,5027.169043,3,29128.41935,21.32048225,7.858561993,4,152.7957153
18928,47.35106659,59.57194901,24.71593094,5.072618484,2.806906462,4321.013467,3,29327.47431,10.37598991,3.85410428,4,36.02737427
18929,79.75249481,34.45128632,18.42453384,4.669538975,2.358603477,5557.773315,3,28066.20038,10.43246937,3.848712206,4,63.66051483
18930,92.12866211,27.63129807,15.50910282,8.654230118,4.841841221,2208.582985,3,32646.91995,20.54196167,6.912574291,4,164.2832947
18931,79.65001678,52.56096268,30.5640583,11.7643919,5.330341816,5381.317922,3,26323.65425,31.91718102,9.007997513,5,30.46977806
18932,142.5812836,25.02073479,14.88512039,9.498512268,5.219243526,2839.351759,3,10065.27963,29.25703621,7.891040325,4,66.68228912
18933,161.4028931,27.74010849,16.04598999,9.841836929,6.44709444,285.5741305,3,9508.668817,25.5280323,11.15249729,4,78.94963837
18934,104.697052,56.88725662,26.2097187,8.078839302,4.485710621,4828.799271,3,30217.44603,18.67120934,8.016641617,4,309.644165
18935,34.79510498,31.19229889,18.20114326,8.672831535,5.330881596,1817.418318,3,34441.7687,15.07250595,10.48845673,4,111.9217758
18936,33.0464592,27.48864937,16.66944122,5.228030205,2.856758356,1666.981797,3,34725.7279,12.60011005,4.361216545,4,289.72229
18937,65.28453064,30.08938599,17.47741699,5.042235851,2.955984592,5641.046404,3,27963.86113,11.84459972,4.586398602,4,90
18938,210.6780243,37.44257355,27.1174984,8.547089577,5.346496105,6459.86905,3,23203.65518,23.51831436,9.693411827,4,308.1182861
18939,168.5790558,20.51538658,12.40530968,5.951978683,3.631699324,7198.26658,3,27038.37805,21.97500038,8.229459763,4,241.6600037
18940,152.9104004,23.99479103,15.60771751,8.136511803,4.937534332,7230.62646,3,27520.31308,23.82462883,8.504854202,4,180.5787354
18941,129.6229401,35.42557907,27.00611877,9.328087807,5.612961292,6076.836952,3,27055.71169,25.70980453,7.937871456,5,46.38035583
18942,110.8246613,48.59324646,25.75914574,8.004331589,4.984507561,5912.068705,3,1275.784723,16.89695168,10.25537872,4,291.336853
18943,67.34287262,27.46744919,18.62827301,8.584374428,5.479567528,4343.260415,3,23367.9782,21.26792145,8.818934441,4,125.7037506
18944,69.89533234,27.45125961,13.82108974,6.872386932,3.756635666,4679.185128,3,29325.61426,22.20808029,6.417028904,4,221.8201752
18945,130.9964905,32.71044922,17.30894661,8.127692223,4.887170315,2023.79045,3,31684.12415,18.80394173,7.026339531,4,137.0826416
18946,48.2606163,35.24425888,19.56323242,4.618747234,2.580705404,5729.101927,3,27986.26369,10.03254318,4.231425762,4,94.23639679
18947,14.0376749,54.88869095,25.52982903,6.983640194,3.013058424,6391.050932,3,25664.87754,13.5346508,5.041516781,4,29.50733566
18948,57.20819092,27.85661125,17.60247803,12.77345085,7.398844242,6572.257017,3,25939.09837,28.35071754,10.91142368,4,221.9335175
18949,84.42207336,29.54123306,15.61348629,7.941676617,4.059301376,4281.831111,3,29863.23507,20.9491806,7.151236057,4,208.3718414
18950,20.59859467,44.22822189,17.66142082,5.283967972,3.221998692,3783.482842,3,26031.39892,7.215684414,3.389373541,5,227.7263184
18951,111.9640121,17.99506378,12.35000896,5.317299366,3.844305038,10286.26249,3,4324.933698,23.59703064,5.122316837,5,231.7775726
18952,164.8443298,26.27831078,16.11555672,13.6008358,7.524412155,6611.931938,3,1980.989792,33.57400131,10.93288231,4,196.169342
18953,116.9272461,31.39964485,23.54895973,11.05274296,6.114958763,1241.745634,1,17779.50175,31.51403618,10.29108429,4,33.69006729
18954,157.0556793,22.14556885,14.21817493,7.59062624,4.726138592,1205.874042,3,18783.00216,21.07760429,8.094291687,4,255.5792236
18955,110.9781036,29.34416389,17.35152626,9.029461861,5.194711685,2314.137604,3,32718.21766,23.3855629,7.986499786,4,265.9717407
18956,44.82862473,27.78605843,13.02510452,4.421512604,2.928294182,5122.405995,3,28386.41113,10.6587944,2.95974493,4,288.4349365
18957,32.82567596,31.23646355,18.46339226,8.063680649,3.388429165,6254.428231,3,27601.53751,14.47559929,6.016669273,4,254.6843262
18958,248.2595825,25.03369141,15.61532688,11.51589584,6.912796021,3438.690698,3,1465.339836,32.13081741,10.22808933,4,164.8226318
18959,165.0760193,23.67343712,16.93937492,8.4550457,4.97023201,534.9918052,3,3996.417011,25.99827766,10.41207981,4,104.2645111
18960,117.9806976,34.07594681,17.82125664,9.048015594,5.067503452,3617.809026,3,30314.52936,22.0598278,7.858215332,4,155.9546967
18961,42.68302536,39.32369995,29.01921463,5.27823925,3.039982796,3732.846507,3,29959.69744,11.49267387,4.372514725,4,21.37062073
18962,131.3331299,29.58498955,18.76365852,8.938704491,5.414748192,7241.642199,3,27654.20115,24.10333252,7.564623356,5,230.04245
18963,137.9542236,30.00063515,22.7267971,8.621459961,4.880810261,2394.778068,3,984.8297572,23.00809479,7.803627968,10,71.56504822
18964,104.0683823,26.04951477,16.04636574,6.496207714,3.545762539,1100.469988,3,7922.061698,16.64113617,6.727863312,4,215.6876678
18965,22.00975037,36.92920303,15.81524944,9.036100388,3.57378149,411.8608088,3,8697.709114,16.82505417,5.434025288,4,193.9384766
18966,26.24482918,33.17144394,14.91784573,6.210632801,3.966527224,491.496606,3,8587.383824,12.99733067,4.650130272,4,280.4219971
18967,86.06854248,28.59282684,17.55377007,10.40210819,5.76535511,1122.918298,3,7587.246353,25.56429482,8.833685875,4,159.6835327
18968,19.48176765,55.70264053,23.75735474,5.832124233,2.853430986,4727.538275,3,16.79439645,8.491364479,4.232948303,4,231.3401947
18969,174.8865814,29.00559425,17.11533737,8.618156433,4.813192368,4120.597544,3,22043.15023,27.00907135,7.845884323,4,91.87787628
18970,43.94190216,31.26508522,19.91408157,8.268054962,4.038815022,2228.505303,3,32438.21477,18.86347961,8.128730774,4,125.7799454
18971,131.7406158,27.9897995,16.02120399,8.070270538,5.20778656,1713.45537,3,32166.25102,19.87034035,6.645083904,4,139.9344177
18972,156.7874298,28.55243492,19.85670662,9.41016674,5.451097012,7515.523389,3,27426.18952,26.65925789,8.798704147,4,237.9074097
18973,146.8117218,21.96443558,16.71210861,8.009384155,5.592923641,7651.363861,3,27826.70014,26.92660713,7.916325569,5,104.5850906
18974,117.5005035,19.09567642,13.57471943,6.926824093,3.996855974,10722.40554,3,4529.590468,24.95069885,5.830099583,5,110.7900085
18975,170.5355225,19.56435585,15.28088474,7.871264458,5.100780964,5975.939452,3,3355.790492,29.84583473,7.69247961,10,149.7435608
18976,14.41817188,50.4390564,23.15248871,7.414011002,4.269218445,3047.958448,3,1492.065333,11.03537178,5.400849342,10,104.7435608
18977,40.45462799,52.48015976,22.98153305,9.758247375,5.136162758,3182.366701,3,1754.715275,14.53095341,7.562367916,10,70.93321228
18978,205.9458618,24.4774971,17.23131943,8.015938759,4.588946819,2544.105463,3,1232.780639,28.70389175,8.725292206,10,95.02867889
18979,203.7940369,32.11553192,24.85588074,8.574859619,5.050393105,2228.965083,1,1062.977007,28.54282761,8.6435709,10,39.41275787
18980,146.6253357,32.99418259,26.953722,11.33552361,6.699827194,1124.615113,1,3.331937111,33.95518875,9.787512779,5,322.5449219
18981,74.6474762,31.35814857,17.58150101,7.043167591,3.883178711,3628.517166,3,30005.25936,17.46793365,5.853260994,4,98.35160828
18982,109.6748276,30.67131615,18.17389107,7.412344933,3.701678991,2942.18985,3,30692.2779,17.02686882,6.028570652,4,217.3025818
18983,59.59579086,30.70302391,17.91261482,9.263685226,4.592358112,4617.261257,3,26239.22319,23.72573853,9.918092728,5,209.0545959
18984,132.4971924,24.93820763,17.68183327,9.045625687,5.694082737,8530.459238,1,8776.030672,29.15266037,8.665787697,2,60.35084534
18985,126.0460739,32.75048828,20.94978523,6.596260548,4.759856224,5749.547045,3,912.3658272,16.04948044,9.003404617,4,267.6721802
18986,194.2993927,29.13057709,18.59321404,11.44422245,6.676905632,1216.490146,3,11816.07887,29.57118416,9.637179375,4,165.3248596
18987,214.0078888,42.3785553,30.51430321,10.79046631,6.666973591,1841.334228,1,16850.203,32.71261978,9.376689911,4,313.2501221
18988,92.36824036,34.9381485,16.72678185,9.639406204,5.005888462,1691.70207,3,33726.85987,20.70320702,7.779729366,4,146.0673218
18989,63.24613953,33.81299591,24.39310837,6.926506996,3.978916168,1385.596231,3,34668.64637,18.55171204,6.374938488,4,292.7509766
18990,208.5364838,19.4028244,14.4115324,7.500584602,4.582125187,9815.491646,3,7418.815506,28.57870293,8.602796555,2,118.8397369
18991,80.13282776,56.17499924,26.76207161,9.466571808,6.255998611,5805.634375,1,3548.730906,27.62125397,8.240609169,10,26.56505203
18992,165.599823,27.03223801,15.61710548,12.3434267,6.731321335,3472.131047,3,9368.294735,33.61305618,10.30721378,4,133.0185852
18993,109.8735504,19.53801727,13.88106537,4.889945984,3.806671858,11492.76749,3,5043.476192,20.85737991,4.08268261,4,244.2900391
18994,91.19913483,35.43451691,24.46605492,10.22497654,5.58228159,7820.252831,8,6601.31087,25.2282486,11.85263729,10,85.5436554
18995,37.26547623,27.70412445,18.00132179,5.991084576,3.753818274,342.0006889,3,8691.537263,12.8707428,4.950932026,4,215.5376892
18996,60.61899185,33.23994827,18.3281517,5.665831566,3.509541512,1033.351444,3,7937.847784,14.60220623,9.125322342,4,243.8059082
18997,109.8336945,31.28778458,16.81441879,6.849382877,4.263324261,5920.482075,3,1166.664013,15.89596844,9.144459724,4,167.3196106
18998,87.0940094,30.1475544,18.98591232,10.62914371,5.718749046,357.710791,3,12605.00849,26.8595829,11.13734722,4,124.9506531
18999,157.612915,27.43413162,18.88445663,10.22136021,6.872086048,1480.415955,3,16902.95671,32.70307541,8.539090157,4,87.46847534
19000,182.1081238,37.2728157,26.38643837,8.679424286,5.720013142,5294.654426,3,22345.66598,23.45067978,10.06278896,4,310.135498
19001,55.23009109,33.96390152,19.6812458,7.686761379,4.067282677,6616.900779,3,25424.6655,17.42359543,6.756269932,4,69.53376007
19002,90.95193481,27.51232719,15.4312849,8.071426392,4.959619045,4358.811128,3,29554.27294,24.75174522,7.521144867,4,151.3558197
19003,55.25111389,56.83686829,23.58392334,6.783789635,3.584129572,1226.278816,3,34964.55851,14.4799614,5.055443287,4,306.2037964
19004,124.045517,23.69700241,14.88385963,6.051399231,3.77210021,1857.961466,3,31806.54271,18.91420555,5.735267162,4,251.5650482
19005,92.11232758,31.56300926,17.04548454,6.893062115,3.986776114,2686.248083,3,30958.30015,17.47593689,5.777823925,4,111.3339844
19006,77.7950058,27.04595375,14.48848724,7.019174099,4.458758354,10099.28497,3,6868.49365,15.94443798,8.419817924,2,102.4259415
19007,139.1587219,27.23566055,18.11310005,9.518998146,5.438978195,616.520569,3,9743.027375,26.5898819,9.427046776,4,56.89993668
19008,25.37279129,41.37242889,18.67934227,6.509597301,3.47355938,301.8348589,3,8782.290044,11.55639172,5.379994392,4,259.777832
19009,153.0812225,40.72933578,25.50609016,11.38628101,5.628433228,522.8153943,1,13468.44612,32.72004318,9.297870636,4,309.0342102
19010,130.7537842,23.0812149,15.26078033,8.809077263,5.389814377,416.2945537,3,13620.47725,34.59955597,6.683580399,4,249.341095
19011,22.14971733,37.66104889,23.13000107,11.32313538,6.292443752,6726.848554,3,25894.94137,17.00755692,7.498243809,4,234.7652283
19012,88.20281219,28.82258606,17.57388878,7.552736759,4.05976963,5115.572021,3,28313.36802,20.93395805,6.953884602,4,145.3048401
19013,85.81868744,17.15192223,12.79269218,7.933316231,5.412623405,9790.718144,8,7177.68025,23.17586517,8.100194931,2,162.2589417
19014,67.4271698,27.13786507,15.75622463,4.825810909,2.850674868,8470.885518,3,6167.761515,10.7179594,5.869421959,10,180
19015,90.56481934,34.13113785,26.73560715,6.260685921,3.851738453,6455.885371,3,4717.000793,17.44459534,9.59240818,10,304.0772095
19016,169.1474457,29.18351364,16.46785736,11.31620407,6.144657135,4772.351782,3,8290.183334,29.44306946,8.494555473,4,150.0847931
19017,188.6708374,28.55450439,16.52374077,9.424466133,5.231731892,1370.944526,3,5571.085173,27.36684608,8.147788048,4,181.563385
19018,182.8371582,21.87241364,14.79105949,7.433609962,4.515859127,2080.14125,3,19103.1213,22.36096191,7.567996979,4,245.5560455
19019,102.3089981,26.28567886,16.72008896,7.320570469,4.211052418,3201.150078,3,30635.05917,22.37713432,6.191851616,4,223.2642975
19020,165.8332672,28.93192101,19.28311539,8.275947571,5.030703545,6837.670419,3,27652.88449,22.55200577,9.789793968,4,175.3141022
19021,126.1751022,24.52557373,13.40223885,10.48925495,5.445064068,650.4626946,3,9834.046558,28.86109734,7.038846493,4,104.7083054
19022,160.331604,46.91669846,27.4145565,8.999524117,4.681220055,4516.998182,3,22143.16795,23.50563622,7.89441061,4,57.62657928
19023,231.2214355,23.77539444,16.78436279,7.333673,4.803141117,5934.599002,3,22974.30557,21.26108932,8.099377632,4,108.9704056
19024,78.05472565,31.780159,18.61733818,10.01832294,5.823801994,5875.73813,3,27595.659,26.2083683,7.708177567,4,205.8518677
19025,117.3963928,31.00519943,19.09892464,8.243140221,5.783653736,640.7319434,3,35035.65052,18.1805954,10.74580383,4,199.440033
19026,28.07007599,40.09036255,19.20444298,5.953333378,3.303434849,3955.951769,3,26284.41791,10.30017185,4.549937725,5,293.1986084
19027,160.375412,22.515131,18.20930862,7.040330887,4.859416008,10179.7586,3,7205.199349,25.52877235,7.471690655,2,67.02305603
19028,191.104599,30.63388252,27.56415367,8.192453384,5.327947617,10453.05541,3,6845.42196,26.5569458,8.002676964,2,325.2568359
19029,18.01286507,23.8514328,13.15664291,4.747182369,2.224817753,8360.00832,3,6421.662741,9.521495819,3.540361166,10,185.9061432
19030,209.2602386,30.20631599,17.10159111,11.96057606,6.795322895,5938.512226,1,6325.467303,32.09838104,9.676600456,4,143.0242157
19031,131.9742889,43.55661774,28.03835106,8.81817627,5.023756981,5288.337169,3,24031.30678,26.35165215,8.916592598,4,305.7059326
19032,17.70426941,56.54750824,23.93917656,8.816504478,3.52789259,6683.261309,3,25739.33402,13.66652489,6.985402584,4,48.4336319
19033,108.5253525,36.31754684,23.31599808,8.442830086,5.210278511,5223.984368,3,27157.53859,20.28084373,10.59458542,5,282.3453674
19034,77.86756134,30.62432861,17.08458138,9.505355835,5.249131203,2036.801662,3,6639.823617,22.44141388,7.450446606,4,170.7219849
19035,126.1117172,35.79501724,20.46703911,10.46626091,5.807422638,2533.70754,3,6156.288573,26.79815292,9.057375908,4,280.7625427
19036,95.77735901,40.0018158,28.43209076,9.088206291,5.201476097,6959.115924,3,25822.52057,25.52709198,6.748205662,4,50.53883743
19037,83.03721619,36.76130295,22.62577248,8.627979279,4.714981556,1450.703053,3,33630.10305,20.19950867,8.123497009,4,69.53772736
19038,32.85506058,29.25636101,19.02389908,11.40010929,6.432338238,1502.342925,3,34303.62607,18.66768074,8.838466644,4,81.2094574
19039,125.4692459,29.81642342,22.74715233,8.950141907,4.811199188,5669.465735,3,26798.94083,25.16965866,8.414135933,5,280.222168
19040,128.4645691,34.66725159,27.38383102,9.005498886,4.68951273,5582.810728,3,27359.29189,22.92385674,8.815729141,5,38.9909935
19041,204.3565521,21.50404739,16.88599205,6.974741459,4.752901077,9545.03136,3,7859.988783,28.87928391,8.601290703,2,263.9645386
19042,123.1361008,31.83652687,19.75553322,9.776461601,5.137384892,2994.247278,3,5693.177071,27.57144547,8.238700867,4,252.9945068
19043,75.63182831,29.83859825,17.0970974,7.047558784,4.15802002,913.6146479,3,32926.62635,16.65641975,6.730709076,4,231.040741
19044,56.09262848,33.32652283,15.04671383,5.566482067,2.809702158,5157.267341,3,28537.59664,12.96068859,4.216692924,4,169.9082642
19045,37.49155807,29.05874443,17.75669479,5.618971348,3.155135393,5475.3066,3,28364.09992,12.03096104,5.852673531,4,107.1027298
19046,95.0773468,25.78664398,18.09844589,8.337810516,5.792167187,8461.717024,3,7008.435716,20.72303772,11.48864269,10,128.9176636
19047,19.90820122,22.09642029,9.343334198,7.264121056,3.579532623,8348.867233,3,6596.485127,14.13387775,4.472660542,10,124.508522
19048,184.8014526,38.65856171,23.34580803,12.41796303,6.986914158,6429.766832,3,1783.582415,32.02238083,10.97327518,4,305.0036621
19049,258.8299561,29.5563755,16.7278862,12.27526474,7.944741726,3642.119273,3,1125.40275,32.88299942,12.77786827,4,63.02275848
19050,154.4832764,29.36215019,16.21382523,11.4583683,7.097714424,1162.956031,3,3335.556194,29.66721344,11.4274168,4,160.5952759
19051,174.1374207,26.32476997,17.5849762,8.666404724,5.101764202,1172.875425,3,11618.75334,29.05393982,7.455539703,4,70.79602814
19052,81.93222046,34.91546631,18.0921917,8.797318459,4.832546234,1868.433653,3,32986.24518,20.17571068,7.16714716,4,104.3002777
19053,71.74728394,30.22712326,15.44595814,5.901271343,3.357078314,4613.885302,3,29031.62265,13.33500004,4.835011959,4,186.0265503
19054,65.54814911,30.48612213,16.37262917,5.269298077,2.84861064,4948.629891,3,28713.68485,13.81333923,4.456614017,4,90
19055,47.77899933,32.19480133,21.2123642,5.103729248,2.731920958,5507.358069,3,28590.53355,12.5766592,4.600236416,4,276.34021
19056,21.25200272,45.16821289,24.27092743,4.28256464,2.48232007,6341.717004,3,27927.30824,7.634545326,4.472379684,4,243.4349518
19057,38.90695572,48.65385056,23.59933472,6.367066383,4.025305271,4569.357301,3,26689.46749,10.72629833,6.69777441,5,252.8127289
19058,183.0683136,31.52314568,16.82904053,11.15385628,6.007861614,5699.631736,1,6181.386598,29.94920731,9.411850929,4,214.7324524
19059,120.7529221,30.96325874,22.69968605,8.668043137,5.383144855,5291.626942,3,3493.409765,26.62672615,7.976737976,4,41.09950638
19060,15.70954895,45.04714966,21.32023239,15.84995747,6.257325649,5820.924064,3,3003.669324,18.69592667,10.13865185,4,217.6310425
19061,45.77889633,56.61212921,28.46085548,11.028162,5.916450024,5721.160268,3,3127.629704,31.8322258,7.76050663,4,16.2037468
19062,54.01330185,33.01171875,23.13997269,14.24001217,8.149419785,948.587137,3,34015.63501,26.04523087,11.93477345,4,97.95752716
19063,75.45121765,25.92291451,18.88304901,9.956115723,5.814995766,940.3104878,3,34379.66695,24.14330864,8.038911819,4,271.4013062
19064,89.59892273,38.79044724,19.97970772,12.48560238,6.6213274,852.6356917,3,34003.15285,22.83314705,9.486377716,4,130.7283325
19065,61.27864456,32.60590363,21.93327332,5.401250839,3.233123302,4187.394773,3,29332.32543,12.55458736,4.8160429,4,247.3145752
19066,73.22542572,28.43905258,18.60609436,4.800565243,2.682947636,4248.637396,3,29396.86715,12.56981277,4.812579632,4,78.69006348
19067,142.9212952,37.27139664,26.57050514,10.71089458,6.128193378,1959.056158,3,6702.800486,29.03746605,7.845683098,4,327.5558777
19068,134.2286682,31.26757622,18.00719643,6.429530144,4.200473785,4656.011083,3,63.71919243,17.02950287,10.7364893,4,67.93209839
19069,145.7754211,29.32952118,18.5754261,8.026460648,5.529958248,3789.828591,3,26845.51105,10.50076962,5.089589596,5,124.2156982
19070,195.0638733,23.42162323,19.22587395,8.031723976,5.119157314,12208.79019,3,5386.775572,27.71635246,8.355591774,4,74.5665741
19071,51.54207993,32.02812195,17.88138008,11.67218399,5.980679989,2139.678348,3,10476.01039,26.03022003,8.228517532,4,202.981842
19072,45.50941086,33.3690033,22.13631248,11.90996265,6.733406067,2360.074636,3,10214.71275,23.88711166,8.565172195,4,43.66249847
19073,100.2020645,38.8602829,28.6938343,9.347647667,5.129926682,5977.028034,3,3056.381229,27.25600624,7.370021343,4,28.59413528
19074,131.8207855,32.50748062,18.57896233,9.406119347,5.947246075,6549.999857,3,2573.549773,27.66629028,8.482827187,4,269.8749084
19075,175.9324036,35.94517899,28.21855736,9.555994987,6.006682873,2161.119193,3,18023.54747,29.92019463,8.771645546,4,40.07549286
19076,53.75698471,29.2228775,21.09014511,9.261921883,5.269426823,6884.516356,3,26249.92079,21.51133919,8.118612289,4,220.3511047
19077,24.54810333,22.39670181,12.47902679,8.692094803,2.1140306,2041.342151,3,32645.73019,21.61571312,5.932868481,4,129.8258362
19078,94.85062408,27.39306259,15.89531708,6.748777866,4.122512341,2149.63729,3,32224.65263,19.84994698,5.096401215,4,282.6193237
19079,73.14163208,32.70338821,19.56682396,7.497046471,4.589053631,4059.14499,3,29641.00816,16.83863258,6.999435902,4,135
19080,22.98990059,51.97686005,26.89712524,4.735012531,2.392455101,6026.384378,3,28033.28474,9.204001427,4.012704372,4,34.69515228
19081,56.60975266,45.24941254,27.85483551,9.68778801,5.724141121,6866.455997,3,25563.51668,23.62757111,8.78629303,4,305.1341858
19082,88.82720184,31.86711502,18.86065102,8.043952942,4.610626698,1258.050143,3,33172.06645,19.89681816,7.811408043,4,282.8627319
19083,72.66309357,25.34707451,17.16923904,7.326341152,4.417882919,10362.56666,3,6598.161073,18.402771,8.496376038,2,96.20344543
19084,188.568924,30.57739639,17.95448494,10.8805151,5.905907154,1036.840908,3,11016.33114,28.14055252,7.697463989,4,233.3592834
19085,74.90709686,32.59104156,18.44272423,8.732920647,5.041079521,1253.858728,3,33614.40356,19.76738548,7.930155277,4,117.8972702
19086,63.47705078,28.96425629,19.61920166,6.42473793,3.452480078,3580.692781,3,29981.64805,14.37438774,5.134576321,4,309.95755
19087,109.8887329,19.87711334,16.77692032,6.662396908,4.417918682,11236.26547,3,4552.949242,23.07317924,6.117688179,5,249.4439545
19088,158.912262,29.30811691,17.89500427,10.15893555,6.185777664,236.2461218,3,4651.54801,29.99331474,9.566436768,4,266.1203613
19089,217.7293091,37.76053238,28.26112747,9.988445282,5.989747047,2442.92935,3,17383.73874,30.13463211,8.589734077,4,303.4533081
19090,80.63814545,28.52689362,18.82222176,10.87615108,6.226394176,627.702204,3,34844.57816,26.7272892,9.504576683,4,166.6607513
19091,82.31647491,31.20504379,19.51492882,8.835455894,4.62882328,868.947072,3,33990.47874,22.39015961,6.362639904,4,243.1453857
19092,145.3748474,34.69205475,22.19592667,11.73074913,6.241137028,1225.094815,3,7428.583613,30.97257233,9.939639091,4,311.6084595
19093,112.9243011,20.93454742,13.71891117,7.480594158,4.328748226,10086.33841,3,3917.471656,24.43712425,6.54238987,5,191.3099365
19094,145.2337341,23.36796761,15.72196865,9.869034767,5.791467667,1297.086975,3,10265.58711,29.53003883,9.604078293,4,219.4945221
19095,80.99854279,28.24832916,17.49371147,7.378704071,4.249323368,559.1403734,3,8240.674995,17.25595093,8.082433701,4,225.7911682
19096,96.80233002,32.22319794,17.8045845,8.2894907,4.884122849,1354.087227,3,32780.59629,21.43654633,6.739438534,4,154.7988739
19097,73.20020294,45.68600464,29.02042961,9.394032478,4.991426468,10525.44825,3,6460.118208,19.70709419,10.18957233,2,53.40332794
19098,65.25367737,38.53788757,23.41459846,8.485249519,5.5277071,6177.475462,1,26709.39969,26.9438839,6.498576641,4,318.116333
19099,123.4065781,27.7606411,16.4431839,10.16937542,5.191609383,2922.352683,3,31345.83972,28.08648109,6.941449642,4,141.7668304
19100,50.58985901,28.8366642,15.38254929,6.810768127,4.047134876,8776.431396,3,8587.758997,15.46160126,6.183326244,10,262.5991821
19101,80.73967743,37.72773361,27.06705475,10.70214272,5.774839878,8398.080324,3,7783.299249,23.90122032,10.67441559,10,265.0302734
19102,6.485304832,27.46815872,9.567747116,3.635200262,2.927616835,8588.959668,3,6564.635293,6.339314461,3.124135256,10,139.0856171
19103,122.731514,26.03747368,16.27697945,9.680169106,6.017804623,166.1486274,3,12950.23013,31.9783268,11.09192562,4,292.1113281
19104,87.15039063,41.9223175,21.67631721,8.550578117,4.397869587,5658.28756,3,27499.61514,22.85073662,6.994167805,4,320.6175842
19105,93.10037994,50.15899658,26.9617939,9.569574356,5.428130627,5582.68438,3,27126.72249,25.23129463,7.703782082,4,287.2717285
19106,92.71824646,28.50874901,17.86222076,7.728417397,4.393106937,1402.557174,3,35966.45017,21.63495827,6.471917629,4,250.8663635
19107,71.90092468,30.61823082,18.66525459,5.740359306,3.916470051,7086.895249,3,5084.514453,12.35550213,8.30344677,10,112.3801346
19108,268.6371765,34.11166382,22.61272621,11.81943417,7.069084644,1844.439579,1,2663.251897,35.84653854,10.00612164,4,309.062561
19109,100.285347,39.07167053,21.81045723,8.245229721,4.309962273,5681.459735,3,3370.171983,21.12831688,6.597109318,4,296.7408142
19110,74.36722565,22.29538155,16.66496849,8.598837852,4.588858128,4367.170335,3,29315.32144,22.35659981,7.312068462,4,189.6887817
19111,94.201828,26.97853279,21.51336861,6.747005463,3.961760759,9138.733556,3,8324.693106,24.28697205,6.634072304,10,42.0390625
19112,173.08284,44.28371429,29.41808891,10.80986881,6.097215652,3108.173304,1,3751.602209,29.48984337,7.939827442,4,313.1358337
19113,59.57609558,30.07102966,18.89517593,11.18109131,5.923918724,56.76916771,3,12528.43147,24.16713333,11.69111347,4,303.2153931
19114,51.73765182,34.00033569,19.55661011,11.84022236,6.730284214,204.3333694,3,12345.64624,21.7920742,12.90037537,4,116.3126526
19115,99.88208771,36.95631409,23.52508163,8.355667114,4.892728329,4147.541284,3,28702.98846,22.74238205,7.168308258,4,62.0377655
19116,76.06747437,32.32774734,19.02871704,10.34694862,5.90349865,1341.362541,3,32240.38113,21.85928726,9.463449478,4,244.0256042
19117,89.56452179,38.06370544,19.34520721,8.943981171,5.21205616,1078.670219,3,32724.15174,17.24534416,7.812445641,4,133.8766937
19118,97.22338104,22.86175156,14.56855583,5.923545837,3.54093194,9407.298704,3,3416.213266,22.42812347,5.490307808,5,263.8186951
19119,80.4330368,25.27615356,14.03931332,8.646162987,4.842725754,9950.242236,3,3981.171165,20.68977165,6.967726231,5,283.8093262
19120,177.7455597,28.98119736,18.0793438,11.64478779,6.749211788,3492.14817,3,9030.920441,29.97755241,10.75767708,4,108.4349518
19121,153.8874817,26.63606644,20.33014107,8.091506004,5.084227562,2273.018757,3,17035.96264,28.18957138,7.143125057,4,54.75242615
19122,89.46156311,37.87467194,21.69024277,10.40073395,5.203161716,2636.909762,3,31260.59464,25.4197197,8.530128479,4,45
19123,86.5835495,35.73362732,20.83369446,10.13920403,5.691833973,1560.479158,3,31555.30716,23.46464348,8.663668633,4,76.77552795
19124,101.0144653,27.20025444,15.66095448,5.849869728,3.934997797,9164.426009,3,6927.844065,14.82367039,8.605618477,10,83.15722656
19125,94.23139954,32.24248505,17.04188156,10.93213558,5.826566219,1585.714776,3,989.6930042,25.07276154,8.640130997,10,216.197937
19126,94.62456512,51.65409851,28.89027023,12.5561657,6.970209599,3321.896147,1,9331.290259,29.3625679,10.24376583,4,316.7191162
19127,104.8620911,29.23201752,16.31809425,8.496669769,4.930652618,2827.482166,3,7205.264385,26.02869415,7.51775074,4,160.3769531
19128,93.7224884,21.20767403,14.93841839,6.446620941,3.749831676,9674.849413,3,3501.968955,22.43129921,5.958800316,5,98.7905426
19129,138.5585785,29.00251579,20.90842628,9.549129486,5.915084839,2022.006689,3,10111.42875,27.98538399,9.424843788,4,60.67952347
19130,122.911087,31.58000183,22.39781952,8.871379852,5.273668766,340.5161898,3,9343.581103,25.02732658,7.812558174,4,54.09027863
19131,119.3108444,25.16113853,16.43542862,9.042527199,4.615611076,519.5444638,3,12933.70644,26.27019691,7.28148222,4,215.2563477
19132,168.5248108,23.15492058,15.66502953,9.37434864,5.875254631,1226.703288,3,13767.92023,31.78801346,7.839709759,4,218.7270203
19133,11.32329178,52.96510315,21.51177025,4.877540112,2.322207928,3494.475195,3,2134.203582,8.190390587,3.887852669,10,63.66051483
19134,102.2418747,34.8037262,17.19318962,9.143352509,4.220662117,1782.492511,3,1178.72636,22.62294388,7.258407593,10,127.1376266
19135,123.27005,28.2269249,16.63833046,10.72057343,6.243140697,4501.097551,1,4943.715189,30.17659187,8.654763222,4,115.8898773
19136,137.9167023,26.47927475,17.49873352,8.740858078,5.556499004,529.7643267,3,11708.33576,26.67345238,11.35705471,4,125.5760803
19137,158.5864868,24.14261436,15.41364479,7.683472157,4.571754456,3197.342607,3,19921.4383,25.79417801,6.676695824,4,236.977829
19138,272.5749512,21.83817673,16.00025177,8.714690208,5.271407127,4477.804946,3,3075.085518,28.55658913,10.13860035,10,142.3523865
19139,91.19042206,33.75609589,17.92316437,10.27642727,5.516868591,4816.111146,1,5182.524378,25.88000298,8.000542641,4,257.0053711
19140,143.3170319,32.33123779,18.19891548,10.42830753,6.346338272,5705.451921,1,6077.139513,32.80714417,8.819619179,4,275.4447021
19141,212.7701111,28.72643089,16.78954315,12.76724243,7.969943047,6132.209263,1,6529.798938,35.38009262,11.32786083,4,253.2497406
19142,88.79896545,33.56036377,25.19264603,8.825097084,5.285271168,5282.980849,3,3692.657496,24.04553413,7.90842104,4,42.92966843
19143,92.04692841,31.35085106,19.10183334,7.901176453,4.733161449,7005.160102,3,2405.237538,20.07845306,8.045111656,4,115.9909363
19144,138.632782,32.62668228,24.19734573,8.998414993,5.714993954,7130.068605,3,24951.54911,26.07579231,8.471675873,4,294.3701172
19145,70.92762756,28.80269623,18.26129532,8.782733917,4.642037392,3434.331255,3,29799.78397,20.23155403,7.902469635,4,190.4496002
19146,119.6685791,28.21373177,15.0334549,8.84089756,5.785943031,3071.892118,3,7546.332535,24.4942646,7.757151604,4,268.7269897
19147,163.6151123,32.43411636,22.91218376,8.7501297,5.254721642,6675.584056,3,24377.04192,25.75445175,8.238230705,4,75.49565125
19148,123.774971,32.48203278,22.92561531,8.185736656,4.856277943,7068.058249,3,24705.39425,26.87663269,7.494051933,4,72.47358704
19149,157.6942444,47.35741806,28.08486176,9.146154404,5.030727386,6863.144088,3,24483.3159,24.98175812,7.640554905,4,315.7440796
19150,84.54709625,32.66188812,20.04713821,9.967589378,6.030889988,647.213604,3,33327.33835,22.20870399,11.19475555,4,127.4053574
19151,83.1395874,33.46710587,20.74367142,9.284123421,5.689825058,5439.73146,3,27471.5466,25.20321465,8.702293396,4,264.8516846
19152,85.59160614,30.94042015,18.00726128,9.325340271,4.395779133,10866.38241,3,4562.759435,23.41765594,7.848466873,5,205.8209839
19153,18.76176643,33.46131516,16.74720383,5.894463062,3.474490404,10616.65755,3,4186.592436,17.30071068,4.616631031,5,181.1277466
19154,31.40184784,50.05737686,26.43685722,5.388653755,3.270354748,5985.976661,3,28229.86275,9.657284737,4.417667389,4,33.69006729
19155,91.08821869,24.97115326,16.94022179,5.813600063,3.742778778,9091.143164,3,8376.830687,15.40939713,8.288935661,10,237.4894104
19156,97.34114075,38.50815582,26.89385414,9.790578842,5.667174816,8844.366982,8,7334.989607,24.32819939,9.777247429,10,40.23635864
19157,107.4955292,28.50071716,18.76822853,11.5829668,6.355988026,2284.371663,3,2327.160729,33.71447372,9.629728317,4,150.6871338
19158,89.56650543,21.50994873,14.37299347,8.551943779,5.549323082,151.2868042,3,12167.06038,24.66809654,8.353446007,4,283.6713257
19159,68.57601166,26.3781395,18.09687042,12.02715969,6.351289749,420.0478571,3,35886.94302,24.99353981,9.819403648,4,188.577713
19160,34.83123016,40.78669739,23.61508179,12.13630676,5.937932968,321.8148344,3,35998.78184,20.7742424,10.04446793,4,219.0938568
19161,85.57234955,24.71477699,21.83368874,7.902305126,4.697995186,9908.693308,3,7612.560823,22.73373985,8.946489334,10,76.67546844
19162,166.28125,29.47088242,17.02739525,10.46901894,5.952436924,2120.506369,3,1325.567351,27.80091286,8.966130257,10,177.2661743
19163,129.2007599,60.0058136,24.91843605,12.51490307,6.905993938,2784.455098,3,5912.571177,29.00598335,9.709296227,4,312.2736816
19164,90.32323456,31.79029274,18.43532372,10.07418442,5.590251446,1729.306956,3,30856.34714,24.2953186,8.297446251,4,218.6277161
19165,28.18022346,53.84281158,29.56700134,10.79990864,6.232210159,323.635679,3,35353.34242,21.73999596,7.988275528,4,13.7570343
19166,190.8921661,29.83262634,16.0528183,11.09842396,6.232742786,6119.46088,1,6528.515507,31.30838394,9.257246971,4,190.3920593
19167,185.1846466,28.42625809,15.9857769,11.27849865,6.627223492,6034.657604,1,6456.260589,33.67728806,8.747046471,4,251.8164673
19168,90.35157776,30.58203125,18.34648514,9.772912025,6.469272614,2992.532941,3,5840.578824,25.33341217,10.10709858,4,265.9550781
19169,97.03570557,40.78243256,28.53515434,9.461110115,5.937876701,2131.457899,1,2294.592856,26.26075554,7.818181515,4,33.19481659
19170,106.127327,28.81759834,15.63778305,8.458312035,4.449095249,3376.701264,3,7877.454139,23.3019352,6.921357632,4,206.9574585
19171,70.59261322,24.50352478,19.44308472,10.77602291,6.351052761,483.6419847,3,36222.22828,26.44053078,10.97566032,4,171.8013611
19172,131.1759949,50.26373672,29.11892891,9.193203926,5.34627533,190.7071219,3,35672.42491,23.32304573,7.868299007,4,36.37180328
19173,87.24562073,31.22828102,17.95767021,7.731233597,4.14212656,2979.499503,3,30676.38975,19.30768013,6.089139462,4,138.5118713
19174,77.42375183,31.45724297,25.85823059,7.328416348,4.05331707,9872.261586,3,7721.100637,19.50021362,8.512434006,10,305.2175903
19175,158.1864319,29.88165283,20.63349724,9.584873199,5.048175335,3385.490196,1,4082.51531,31.72673416,7.841470242,4,309.7758789
19176,95.13968658,30.19034195,18.37961578,7.717740059,4.852509499,5959.739408,3,26593.60368,24.73122787,7.112349033,4,278.4475098
19177,43.38427734,57.24116898,27.86370087,11.14223003,6.407366276,142.7231728,3,36355.5334,19.29179764,7.772137165,4,27.48682976
19178,26.28648376,38.16197586,19.66329193,10.64362717,7.714293957,260.5501812,3,35891.22804,15.30929089,11.78862953,4,154.7397614
19179,23.40248108,29.69297981,17.5281353,5.526824951,3.504354239,3284.117154,3,30447.24383,14.87513161,5.405660629,4,142.2531891
19180,87.12633514,25.64123726,15.32239914,8.600873947,5.098985672,7209.670371,3,27936.14344,21.49526787,9.812784195,4,206.2947998
19181,83.50994873,28.10306168,16.19288445,8.665504456,4.977865696,2469.278367,3,6318.867706,23.39285088,8.232521057,4,176.3477783
19182,105.6702118,48.79610443,28.93966103,9.705889702,5.718914986,41.7716563,3,34591.45223,23.99523735,8.471826553,4,317.0213623
19183,145.2453613,30.27871513,22.39748001,8.101277351,4.888430595,1108.280627,3,35299.73798,22.35888672,8.141044617,4,273.6522217
19184,90.88654327,36.37274933,18.60988235,11.48177338,6.251194954,664.9037692,3,35180.75782,24.88868904,10.51566315,4,198.047821
19185,74.04316711,20.53317261,17.1245842,6.267318726,3.498920441,10495.65691,3,4012.456292,23.20346451,6.113399029,5,313.3864746
19186,122.8834991,25.95123291,16.49089241,9.770348549,6.275835037,357.9027441,3,4497.014752,30.47775459,8.178792953,4,241.1961823
19187,78.91599274,57.22811127,28.25249672,9.638390541,5.918608189,56.04078998,3,36143.96324,25.55718231,8.442285538,4,321.0541992
19188,80.50241852,20.19472694,13.97083855,6.96980238,3.981438398,10143.18878,3,3776.458822,23.21824837,6.930130005,5,141.9255219
19189,126.7362061,16.90395355,14.85005379,5.164591789,4.088487625,10152.62262,3,3646.005636,20.13443375,5.863051414,5,288.6962891
19190,7.388335705,47.64645386,18.22286606,2.53443265,1.399837017,8870.278881,3,6151.644093,4.048780918,1.51712358,10,117.0852127
19191,216.0251465,21.47730637,15.58681202,7.894012451,4.667151451,2418.907163,3,1632.951899,29.47564507,9.766036034,10,101.7731552
19192,197.3928375,25.41364288,17.35372734,10.27086258,6.92940855,2746.771,3,2067.374008,33.3380127,11.85871601,10,159.7273254
19193,141.9065857,28.6025219,15.52206135,9.894989014,5.48950386,3767.51073,1,4150.034705,28.67340279,8.778815269,4,95.34708405
19194,168.4585571,22.19439125,13.09836578,8.990579605,5.303042889,4859.060117,3,5239.712126,27.22892189,10.50712013,4,204.6467743
19195,116.5914841,28.70541954,17.71892548,9.006306648,5.179461002,3617.571213,3,8364.049268,29.65889931,7.964073181,4,99.17633057
19196,131.6221313,25.66616631,15.68328857,9.224316597,5.682240963,2427.407802,3,14786.15213,26.13018799,8.366209984,4,188.1300964
19197,126.9523621,23.91218758,12.7653904,7.13697958,4.088856697,2848.744101,3,15222.70345,22.91301537,5.70897913,4,241.8450317
19198,77.96665955,23.91022301,17.30557442,5.960497379,3.908140898,10983.24366,3,6045.951465,15.21833897,7.874122143,2,155.5091553
19199,62.37836075,34.78375244,18.97499275,3.65170455,2.289908648,8755.403313,3,6453.810237,6.313182354,3.456695318,10,213.8432617
19200,104.0238953,41.67401886,28.09852409,11.05331707,6.453788757,2261.888395,3,6433.989621,29.53643417,8.40501976,4,38.12414169
19201,57.20497131,25.15593147,17.80244637,10.38428116,6.827703476,2801.749873,3,9373.481757,28.01951218,8.029362679,4,191.7529297
19202,165.1321411,24.36973,16.44854546,7.90592289,4.7318964,1390.982172,3,10749.39306,27.06822968,7.030529022,4,135
19203,120.2344437,48.54489899,28.9174881,10.76141071,6.389299393,646.9403382,3,12671.72408,29.45391846,8.636136055,4,330.2140198
19204,165.5835266,29.16040421,15.30873394,9.522288322,6.109139919,1546.600057,3,13570.62947,30.93497849,8.89262867,4,268.0519104
19205,126.9344559,42.81298828,30.0091114,9.989741325,6.155560493,1375.443044,1,13203.05945,27.93159103,8.002018929,4,236.3269043
19206,148.0687408,35.49222565,25.33132172,8.72454071,4.88277483,518.1554786,3,36219.62808,24.39533997,6.764853477,4,39.85170364
19207,14.31306839,68.98096466,17.56106377,10.16263676,5.274020195,133.3211141,3,35790.99809,16.6051712,5.960331917,4,31.18206215
19208,43.13944626,32.44132233,17.11483765,6.11063385,3.967474461,4692.84825,3,29147.68302,12.95674133,5.229949951,4,116.5650482
19209,59.68395233,34.15225983,16.58063889,6.482330799,3.507610798,6059.585528,3,28495.75355,14.43279457,6.362981319,4,128.9746094
19210,158.4621277,19.62813568,12.53580761,5.354798794,3.235498905,10399.89852,3,7978.099083,15.19250298,6.485203743,10,175.3645325
19211,164.0782471,52.55905151,29.65742874,10.59331989,6.452129364,3018.068384,1,1330.681283,33.34998322,9.255069733,4,30.06858444
19212,117.5154648,42.88549805,27.055233,10.74867153,7.475561142,1214.460456,1,3147.867466,32.88541031,10.79866982,4,37.05566406
19213,201.4731445,23.23480225,15.00727558,8.849147797,5.702462673,1928.762393,3,2262.362681,31.02366257,8.968345642,4,112.5436859
19214,149.4650116,27.75811386,16.21600914,9.203917503,5.773663998,1627.615702,1,13915.73213,32.66585922,7.641537189,4,310.5425415
19215,75.64545441,29.05356026,20.6914978,9.690027237,5.376674175,28.1615754,3,33408.71502,23.45706367,8.960992813,4,304.9082642
19216,94.61560059,30.88788795,18.34361267,9.621193886,5.405214787,477.0396895,3,34378.27476,23.02698898,10.19267654,4,222.6140594
19217,36.89411163,26.19652939,16.88631821,5.504771709,2.625907421,3265.760927,3,30376.45058,13.85165787,4.628717899,4,256.2637329
19218,31.25210571,29.08449745,17.35556221,8.08958149,3.636397839,6567.474771,3,28285.71767,17.37260818,7.226992607,4,235.4374695
19219,174.5281982,28.48370743,21.06194878,8.607449532,5.148965359,542.6364563,3,3600.360356,28.10287857,8.428436279,4,51.98009109
19220,107.8422318,31.03591537,20.22272491,7.739511013,4.480338097,513.0095564,3,34074.6029,19.36500549,6.694548607,4,271.9749146
19221,122.7670975,44.28588867,28.87989044,8.075252533,4.67531538,555.3118544,3,36031.48172,23.42562485,5.64779377,4,318.0010681
19222,79.60225677,29.88799667,19.77754593,5.832244873,3.368063211,3103.025178,3,30406.2647,16.17000961,5.208142281,4,262.3493652
19223,34.31575012,29.76376343,18.9076252,5.090518951,2.960478067,4886.816214,3,29157.63255,11.1460104,5.14201498,4,289.8909912
19224,204.7441406,42.54714966,24.23464584,13.1430912,7.997079372,4973.663514,1,7957.781901,34.48451614,11.45517349,4,53.23652267
19225,12.91780949,43.66263962,18.45342255,6.975961685,2.839758873,289.4824194,3,3906.221835,11.3361063,4.256449223,4,140.3145447
19226,27.72372246,44.32035065,22.54163933,11.28325367,6.676976204,316.0534872,3,3858.811269,15.76216698,7.993721962,4,52.6196785
19227,193.6421814,29.84030151,17.70934486,9.284763336,5.61856699,1496.776347,1,5683.003091,29.42211914,8.467698097,4,272.9742432
19228,128.7864532,48.52310944,29.39264297,10.80940151,5.924787998,3207.093865,1,8563.792815,28.35693359,9.869582176,4,321.4348145
19229,103.9425812,26.46923828,17.41147614,9.523542404,5.441472054,5091.964024,3,27032.48187,27.24212456,8.154605865,4,159.0888672
19230,109.7190857,45.80334473,26.38164902,8.191103935,4.510491848,4659.119637,3,28272.24355,20.92849541,8.506111145,4,45
19231,111.6740036,45.51565933,28.0435276,9.132357597,5.495719433,312.4423442,3,35904.14633,25.01782227,9.817860603,4,45
19232,123.2977676,40.31213379,27.97479439,8.784729004,5.106979847,730.477105,3,36471.58554,26.17477798,6.974705696,4,305.420105
19233,56.93833542,28.09287071,18.56796265,9.257808685,7.104830742,419.8585468,3,34893.72623,20.70322037,15.16861439,4,178.2428894
19234,92.57875824,40.82961655,27.32279968,6.370360374,3.711779833,2770.638458,3,30743.11414,14.32099533,5.269248486,4,333.8860779
19235,106.8197021,24.81477737,14.26251221,7.46428442,4.050690174,6986.017455,3,27592.63282,23.48553276,7.44067812,4,206.9958496
19236,156.2683716,29.71887207,17.63460541,9.125998497,6.00112915,4160.86463,3,27814.36484,10.99990273,5.049276352,5,147.1485443
19237,116.9204483,22.12150383,15.096982,4.770578384,3.018813372,10188.18399,3,8087.065745,14.79922009,6.092252254,10,128.2042236
19238,41.30539322,27.33169174,11.36132431,13.68932438,6.374876499,4038.084309,1,4463.365563,33.64772034,8.818525314,4,141.8090515
19239,199.6576385,43.51092529,26.46365547,11.5290184,6.484102249,5242.614701,1,7456.967977,32.28720856,10.05611515,4,68.45902252
19240,175.9046936,21.81679726,13.92458344,10.09880733,5.540415764,1294.011909,3,7423.987559,31.6473217,7.37458086,4,208.6108398
19241,133.1171265,29.63906479,18.86002541,10.8118391,5.673383236,1710.78844,3,7200.887132,25.44207382,9.615410805,4,165.5386353
19242,152.9230957,33.65886307,16.71878052,11.88840389,5.784521103,1641.842037,3,6110.800514,27.89614487,9.467041969,4,220.8295593
19243,149.274231,48.12112427,29.21876907,9.000985146,5.690572739,3513.584127,3,19422.09663,23.54214668,8.956023216,4,52.2531929
19244,114.4542694,28.73362923,21.40785217,8.48993206,4.86354351,618.0814455,3,36505.39236,29.33830452,6.029361248,4,57.09475708
19245,32.01924896,35.94331741,21.20445824,12.75212383,8.406013489,344.6315169,3,34597.64148,20.05601883,14.98840237,4,215.8105316
19246,92.01548767,27.08444214,16.51042557,5.957064152,3.431066036,2576.270496,3,31062.31674,15.85139656,5.050374985,4,305.3802795
19247,82.8657608,33.93483734,17.83700371,12.03167152,5.605195045,3068.374051,3,1428.521886,33.89165497,9.445133209,4,122.1607971
19248,186.5041656,25.81263924,15.05134869,8.353668213,5.356696606,4222.200959,3,549.158298,23.97494698,9.948200226,4,159.7024231
19249,54.84301376,57.74092865,24.43628311,7.37428093,5.569223404,21.48859525,3,35248.12696,13.82110405,10.06683922,4,275.1944275
19250,92.92152405,24.63670158,15.9105978,8.991755486,5.249374866,1756.909715,3,10114.46236,27.08896065,7.975019932,4,214.8485718
19251,115.5713196,28.33437538,19.47033691,9.685288429,6.434734344,2969.813277,3,18854.02053,32.70246887,8.917183876,4,275.355835
19252,167.8251343,27.03632545,15.40354538,8.260797501,4.69486475,5814.121187,3,1307.094149,21.43618011,8.688775063,4,175.872406
19253,105.4016724,25.10809708,17.54754829,7.5335145,4.760347366,4044.414336,3,20605.356,22.91817284,7.589287758,4,212.9678955
19254,2.766816378,60.81271362,18.13658714,2.158990622,1.493560433,231.2722149,3,34758.43765,2.933115005,1.714413762,4,303.4648132
19255,69.75881958,57.79127502,27.6023159,5.268352509,2.857509136,3690.562756,3,29818.2371,12.11924744,4.057672501,4,40.71084595
19256,100.2399139,30.09428024,18.02638435,9.141180992,5.106393337,4679.060775,3,27176.50712,25.37713242,8.616931915,4,262.2342224
19257,121.0106201,28.85867882,17.83250046,9.150917053,5.116991997,3570.894618,3,28425.99434,22.88293266,7.563434601,4,178.0250549
19258,38.97929764,33.11005402,20.0945797,6.731950283,5.572053432,329.2643106,3,35336.08818,11.90001965,7.747707367,4,86.24726868
19259,18.10381889,37.70401382,19.15662956,11.35002613,6.830497742,6355.406121,3,28483.40392,18.7216053,8.479654312,4,96.88580322
19260,39.86381149,42.24241257,22.35572815,9.485693932,5.009542465,7215.525257,3,28156.33014,17.8745575,6.752479553,4,299.0546265
19261,98.75517273,25.1913681,16.61616325,8.8524189,5.525337219,6632.363177,3,28851.9194,22.08485794,8.291337013,4,235.2276001
19262,86.94987488,21.20994949,14.63677883,4.825535774,3.205764294,10028.42304,3,7891.73937,14.61569023,7.1297369,10,96.3401947
19263,178.0647888,32.104702,17.3090744,11.74345016,6.394708157,5229.456718,3,7633.382444,30.10869408,9.461764336,4,139.2918091
19264,244.6488342,43.04847717,29.76795006,9.87095356,6.183112621,1975.826424,1,2168.098232,32.65239716,8.707377434,4,309.8055725
19265,32.09208298,35.91527557,17.30549812,11.34263897,5.393958569,2476.503942,3,9593.328472,26.55709839,9.928034782,4,138.9793396
19266,42.38986206,60.17134857,24.61060143,10.47353268,4.756688595,2408.390978,3,9537.61999,24.36444283,7.918632984,4,68.19859314
19267,21.7715416,31.90695953,17.02750969,7.232893467,3.692975283,6476.447516,3,28482.86323,15.61715221,6.914948463,4,211.3343811
19268,107.2371445,32.94257736,26.50123215,7.805529118,4.784151077,10645.50128,3,3972.556359,21.21532249,7.269081593,5,124.3803406
19269,93.25667572,20.63884926,12.11634636,5.982915878,3.165979624,9731.99068,3,7119.240969,16.61468887,5.401425838,10,132.4828186
19270,22.52753448,24.91366386,11.61405945,7.002371788,3.586019278,8986.79234,3,6311.810831,14.52237892,6.288206577,10,178.4721985
19271,54.66044998,26.1378994,16.11746979,4.302126884,2.509207249,9116.040276,3,6743.217808,10.65351486,4.194098473,10,233.2030029
19272,123.4365997,32.84123611,20.82614517,9.729444504,5.924545288,217.4431139,3,8930.194994,26.15932274,8.946500778,4,52.22148895
19273,138.8311615,24.99896431,14.97391319,8.508570671,4.68464613,4313.757959,3,135.0980297,25.39771271,10.03208542,4,90
19274,68.42089081,29.72942352,19.29410362,11.63271046,7.234447002,2807.883645,3,9167.506012,29.57476616,8.832733154,4,37.33319473
19275,96.08421326,43.6801033,27.78953171,9.027905464,5.33150053,6264.908162,3,26062.10057,25.77745056,7.817687035,4,84.8567276
19276,90.93205261,30.77388954,18.03582191,10.48593903,6.086295605,5464.609982,3,26440.22556,25.74864388,8.539996147,4,179.1696777
19277,144.8394775,18.72386169,11.32812977,5.916398048,3.682635784,9976.649742,3,7666.566486,17.16326141,6.862724304,10,164.3577576
19278,145.3583374,49.99488449,26.82384109,8.006795883,5.054922104,4017.982523,3,280.5280488,20.37050819,11.81927013,4,64.65382385
19279,130.8396454,26.71129417,16.3813591,8.70509243,4.998160839,3000.934956,3,15703.62307,24.34821129,7.316758156,4,161.9802246
19280,51.18872452,37.46691132,25.08262634,5.189163685,3.54361248,202.0268858,3,35064.94917,11.4561367,7.102924824,4,46.39718246
19281,79.4536438,31.61092186,19.13563156,7.422835827,3.832612276,5853.125525,3,28731.82747,18.36268806,6.961432457,4,71.74079895
19282,139.2926941,25.43945313,17.21350861,9.338352203,5.426653862,6628.186451,3,27862.18321,28.53999329,8.238612175,5,212.1045227
19283,128.9648743,23.22551346,15.26245975,9.904787064,6.294239044,730.0670937,3,7952.090971,31.28682899,7.696699142,4,230.2374725
19284,110.0821228,27.74042892,18.35126305,8.490094185,4.829050541,3089.914235,3,7618.702337,27.77230453,7.188512802,4,293.8059387
19285,98.01363373,37.36133194,24.66670227,9.470491409,5.849437237,3276.452819,3,29287.08701,24.50491524,8.684458733,4,53.05971527
19286,99.78013611,27.79317093,16.62284851,9.116445541,4.986366749,5517.032934,3,3814.236027,23.80347824,7.360569,4,197.075882
19287,93.51758575,36.46989059,19.29510117,8.256802559,4.600525856,5839.172879,3,29242.53242,19.61425972,7.170188427,4,81.02737427
19288,111.814743,34.04082489,17.91059494,10.0674839,5.427046299,6040.351806,3,3384.29674,23.66672707,8.540829659,4,176.5663757
19289,130.2845612,32.91420364,19.06758499,9.977430344,5.924670696,1351.74892,3,5818.122596,29.2587986,8.437304497,4,129.3824158
19290,77.95572662,27.4461422,16.10844803,4.839049816,3.668910742,8542.783309,3,2622.753315,20.31138229,4.955313206,5,288.4349365
19291,108.5808105,23.94284439,15.53244591,7.431110382,4.417407036,9056.25689,3,2773.290419,22.41225052,7.931158543,5,136.8627319
19292,122.9659042,27.76336288,16.01012611,5.75949192,3.833558559,8468.47407,3,2481.806857,24.29676628,5.484903812,5,223.5211792
19293,21.04495049,38.31772995,19.07553101,10.6095047,3.654643297,246.8726845,3,1373.439079,17.35098648,7.135728359,4,276.5314941
19294,148.0050049,32.29311752,17.70093727,12.21044922,6.931268692,699.4227253,3,9541.750604,27.73283005,10.81451702,4,127.8749847
19295,140.1170807,27.02413177,19.02133179,8.493144989,5.410759926,266.5110511,3,1124.199902,24.80625725,11.30661201,4,246.1940613
19296,130.4842072,26.63024712,15.15503597,7.103042126,4.404653072,3038.010585,3,5952.357909,20.35801697,7.621430874,4,249.9608307
19297,106.1507645,29.9834938,16.64663696,8.427394867,4.728965759,4306.03327,3,4999.580271,22.13951492,6.61384201,4,138.5763397
19298,184.8469238,27.35793304,17.11359978,10.04395962,5.889138699,870.945052,3,5171.438439,31.34831238,7.940457821,4,197.9164429
19299,134.2347412,30.52245712,17.54345322,9.498951912,5.856981754,2011.297596,3,13321.11837,25.69749641,9.308567047,4,164.3377533
19300,50.49969482,32.71614456,17.70195961,6.109142303,3.389875174,5097.660007,3,29240.37487,13.48981667,5.298063278,4,232.5946503
19301,181.5171051,28.88961792,25.49975014,7.930900097,5.129200459,10815.74833,3,6230.056912,27.36223602,8.688175201,4,52.01650238
19302,194.1399841,22.92482948,15.51824093,9.119398117,5.545637131,576.0517433,3,477.6755566,30.99903679,9.411447525,4,85.82232666
19303,251.7637329,30.63512802,17.64118385,12.30754757,7.117251396,2474.530295,3,2924.257224,34.1581192,11.13986778,4,201.1089172
19304,89.03395844,29.47301674,15.40599537,10.67101765,4.881186485,1576.919896,3,7197.453519,29.6791935,8.945550919,4,253.4200745
19305,125.1345673,31.73627853,16.79369926,10.69688892,6.345927238,4718.740294,3,4687.690855,27.89141083,9.305450439,4,237.042572
19306,139.6052551,22.98136139,15.12331104,6.341173649,3.697370529,5446.089175,3,1062.872766,19.10355949,7.480210304,4,257.79953
19307,107.9031525,25.82445145,18.08067894,7.634418488,5.194716454,2698.086738,3,18344.08623,32.94875336,6.361334324,4,46.45832825
19308,89.14738464,27.01412964,18.0160408,7.85147953,4.43944931,1142.965735,3,32866.74576,20.72711754,6.805540562,4,260.8821411
19309,168.7540588,19.78961563,15.00919056,4.957748413,3.385249615,9465.848118,3,2950.497075,16.77216911,6.577353477,5,273.715271
19310,28.5796299,47.85127258,22.46875572,13.33863831,7.262427807,314.1159962,3,8369.43114,20.80780411,10.64575958,4,74.48757935
19311,101.833046,30.38196754,19.07130241,10.61852074,5.997710705,208.8441458,3,8901.747475,26.35401535,9.659434319,4,120.0685806
19312,105.3498459,36.92788315,20.06115341,12.2963829,6.109289169,1121.867898,3,7679.168184,27.26807594,8.667985916,4,238.1725464
19313,109.0287857,29.73475075,19.79889679,8.117367744,4.507385254,2864.948062,3,8769.303374,26.27911568,7.725831032,4,90.50292969
19314,80.06669617,31.43650627,19.25388145,10.71189785,6.96641016,2059.527269,3,9661.435427,29.05542564,9.851511002,4,61.18270111
19315,125.178627,41.48956299,29.1213665,10.94504356,6.712087631,2656.668232,1,8830.551641,27.91627884,9.403923035,4,308.1572266
19316,177.1646423,27.47087479,18.82434464,7.531105518,5.003474712,4934.362919,3,21919.07189,21.90956116,8.253705978,4,80.21759033
19317,126.396019,39.18480301,26.53673553,8.540552139,4.412983894,726.2066232,3,36307.71357,24.58763695,8.024223328,4,310.2852478
19318,126.7458649,43.89715195,24.89058304,8.043394089,5.325501442,4281.30182,3,27389.20224,10.39284897,6.256530285,5,60.29629898
19319,138.1477661,18.47653198,14.10174656,6.825600147,4.005435467,11697.2898,3,4215.385866,24.69856453,8.002363205,4,117.924118
19320,217.3639526,26.99632072,14.28919411,9.014626503,5.195343018,4164.959781,3,3145.086514,30.20370674,6.808236599,10,99.40077972
19321,73.99485016,31.16609001,16.93318939,8.155379295,4.504783154,1474.262773,3,1443.458434,20.67062187,10.19263172,10,213.23172
19322,34.46038437,29.63895416,18.13566208,6.537375927,3.951257229,2547.506232,3,7057.411221,20.2597332,5.6220541,4,210.6714325
19323,100.8037872,25.03212166,20.80568695,8.53187561,6.017890453,476.3005366,3,11228.8568,24.60485077,12.59557152,4,117.8279572
19324,150.7702637,31.06916046,18.70055008,10.22284603,5.633638859,610.7423597,3,12315.31176,30.46230888,9.174489021,4,244.0042725
19325,64.69734192,28.19779205,17.72614479,11.34320259,7.322570324,6.600763566,3,11506.04855,23.25567245,10.07694626,4,298.6018066
19326,147.1111603,25.79006195,14.63712406,6.820922375,3.555442572,3027.456822,3,15093.52226,21.87508965,5.320765495,4,257.6446533
19327,132.7537537,27.87721443,16.56455231,8.31522274,5.018825531,2927.238957,3,17804.03263,27.03627205,7.328276634,4,93.30186462
19328,153.5091858,28.40690041,21.80143356,7.889001369,5.229937553,3201.632169,3,17734.76292,24.10608864,7.387729645,4,34.96737671
19329,73.51326752,30.67381096,17.94353676,6.152659416,3.400451183,3704.410725,3,29936.17267,13.57767105,5.267049313,4,172.5430908
19330,217.9317322,24.05656624,13.35716057,9.540733337,4.858534336,4223.530042,1,3300.464877,31.01327133,7.30449295,10,48.28655243
19331,103.6645889,37.03128052,15.00100327,7.305896282,4.547780991,1285.43239,3,1370.196856,18.1607132,7.924667358,10,133.0908508
19332,235.0012665,24.07569122,15.97726059,9.7396698,5.823635101,2161.855465,1,2534.747433,34.15339661,8.681821823,4,294.9500122
19333,124.1912994,50.12208939,26.73516655,9.792163849,5.410268307,3224.831813,3,9187.633585,21.76515579,8.312037468,4,131.8201752
19334,101.5666656,29.04678345,16.86769867,8.679071426,4.995882511,1851.716273,3,6376.99508,24.28765678,7.903236866,4,148.0978394
19335,109.5363083,33.37208939,17.50921822,11.827631,6.778693199,2196.364391,3,6748.845243,28.90284157,9.2602911,4,272.5335693
19336,171.0902405,32.23213577,18.66407967,9.739555359,5.069475651,2687.114417,3,7242.204722,24.96662903,7.669929028,4,206.9395294
19337,106.40522,22.96530724,15.11366749,7.254876137,4.52121067,4297.234188,3,20630.62701,27.45992088,6.678970337,4,289.7988892
19338,71.12532806,34.10406876,14.84507561,11.98295212,5.020009041,4108.234076,1,4465.973761,25.55262566,8.173126221,4,172.7330475
19339,73.72267914,26.80591774,16.42310524,8.005277634,3.996542931,4285.301095,3,4662.468955,19.48937988,6.470220566,4,205.807663
19340,20.31492615,50.34284973,16.81171989,11.97276878,6.490221024,325.1250834,3,8381.122747,18.68608856,9.154156685,4,132.5300598
19341,156.9597473,28.86143112,22.36304283,9.699983597,5.99039793,2395.376307,3,13343.6472,29.05767822,9.099190712,4,294.04422
19342,144.5301666,21.93708229,17.94811821,8.111405373,5.294008732,3697.705576,3,18958.22907,29.97083473,8.588616371,4,249.6691589
19343,127.5669174,29.01245117,17.07988167,8.915789604,5.192491055,6086.66956,3,25365.68146,24.24374008,7.448029995,4,194.2372742
19344,82.00556946,28.70866776,18.05892372,8.315020561,5.123519421,5548.273657,3,26114.64555,24.14347267,6.832189083,4,77.49317932
19345,152.5379028,22.41999626,11.71977901,11.51537514,6.223819733,2099.773714,3,2572.723164,39.82447052,7.681681633,4,202.3782654
19346,177.0052643,25.40339661,14.67006493,9.579828262,5.904870033,3488.696935,1,3855.397,27.83320427,8.204093933,4,84.32936096
19347,104.447937,30.5005703,17.74625969,7.977890968,3.990997314,3057.808318,3,14905.26462,20.70248032,7.202803135,4,293.1986084
19348,114.184845,23.54679108,13.82675266,7.744185448,4.473103046,3077.883014,3,15948.27163,24.81513023,6.594888687,4,232.4288025
19349,2.148669243,41.48303986,17.54109573,1.993992925,0.887168109,4386.5486,3,29625.77994,3.041854382,1.072475433,4,129.8055725
19350,50.14419174,45.17834473,26.81241226,6.008897305,4.033923149,9501.685285,3,8165.908168,13.95039082,8.156868935,10,59.45792389
19351,152.0399628,30.06554985,17.52762413,10.04398632,5.793754101,2739.12826,3,9033.187984,24.68087196,9.069249153,4,110.5960236
19352,27.19243622,44.12417603,15.4126997,22.78846741,6.620541573,377.3177167,3,8350.793347,26.55451965,13.10618782,4,274.243042
19353,25.05713463,34.17792892,14.26822662,8.01042366,3.772183418,2183.723493,3,6731.796508,18.23343468,5.134147644,4,272.0436401
19354,113.9099808,20.63105965,15.28727436,6.814773083,3.768424511,4788.454736,3,20616.85326,26.13777542,9.128238678,4,243.621582
19355,126.0366287,21.28650665,15.93253517,6.521841526,4.160284042,12488.88493,3,4471.25193,22.36851501,8.498409271,4,258.4812012
19356,118.9411926,41.48947906,28.93289757,10.80164909,6.620494366,4862.576965,3,20262.00759,26.32246399,10.47589588,4,45
19357,44.96447754,44.09014511,21.86343956,4.975405693,2.504720211,4920.215743,3,29480.02959,10.6470356,3.94631362,4,299.0546265
19358,268.835907,19.43522835,13.63953876,9.541679382,6.00098896,5236.552815,3,4244.493716,32.54236221,9.423211098,10,168.8813782
19359,244.2770233,29.78850555,22.15216255,8.599620819,5.268041611,4692.30343,3,3360.952253,28.54293823,8.979866028,10,50.32688904
19360,175.4468079,20.72226143,13.42906857,11.08402252,6.513885498,1714.600055,3,2251.044752,38.47788239,8.317461967,4,203.516861
19361,59.78443146,26.50837708,15.05855274,4.53090477,2.537742376,1826.410816,3,7214.59478,13.71712017,3.444438219,4,249.1022339
19362,208.935318,27.64243889,14.50438213,8.301813126,4.642233372,2477.913741,3,6662.180119,24.00788879,9.722639084,4,228.3109436
19363,107.6339111,28.023386,17.76796532,10.39182377,5.912522316,1287.016438,3,12663.16894,29.5998764,8.2466259,4,161.8008423
19364,109.8564682,43.92991638,29.16223335,6.86643362,4.404476166,449.0437871,3,35318.84929,17.07884979,8.254562378,4,25.48860931
19365,43.27690887,32.11721802,19.19460297,8.426761627,5.108235359,252.8729043,3,34624.79934,17.51522636,12.36837292,4,210.1399536
19366,86.00585938,34.63811874,18.10551643,8.058273315,4.400826454,1471.475393,3,32180.40128,17.97273254,7.663157463,4,135
19367,82.97102356,33.0135231,21.36612701,7.27637291,4.290416718,1625.20949,3,32153.17526,18.36478424,7.682668686,4,278.6444092
19368,87.75048065,26.52810669,14.20842075,4.626782894,2.692538738,3153.91791,3,30506.40992,12.06694698,4.211863041,4,75.25643921
19369,37.1126976,31.53083611,16.48726463,4.427731991,2.836687088,4054.643184,3,29928.2294,9.365509033,5.241111279,4,108.4349518
19370,81.42688751,34.29598999,16.54351425,6.65893507,4.236909389,5042.97995,3,28102.97425,11.32693481,4.741213799,5,138.9451904
19371,85.10559082,26.56054306,20.96556854,9.777780533,5.398610115,11790.10505,3,3916.990032,24.3764286,8.486139297,4,72.32389069
19372,61.80934143,34.09859467,28.14010811,8.075350761,4.198245049,11735.15134,3,4040.811672,22.44111633,7.477349758,4,320.1079712
19373,97.37776184,49.96098709,23.30395126,14.521945,7.800609589,1097.348961,3,7756.67132,27.22875404,11.06880474,4,271.0050659
19374,133.2464294,20.88900375,13.19274712,7.88044405,4.802265644,3198.356251,3,16301.85889,25.13365173,6.940653324,4,219.9753265
19375,53.3850975,36.21807861,23.60604286,5.52008152,3.132579803,4508.467511,3,29829.23464,11.20221138,4.85947752,4,270
19376,178.1276855,30.71291924,23.66616631,9.015233994,5.231562614,6831.470254,3,28382.56669,28.27231979,8.2883358,5,278.8928223
19377,76.06403351,33.65436554,16.90950966,6.735371113,4.175642014,5198.161648,3,28337.90716,13.40467644,4.994668961,5,87.70938873
19378,152.2288818,26.31754494,17.67571068,9.724571228,5.850886345,5732.944511,3,28924.82133,27.37732697,8.788394928,5,228.7313995
19379,120.6459274,41.5764122,24.7727623,9.591169357,5.419658661,270.6966767,3,8718.696262,25.55874443,7.629871845,4,291.8013916
19380,75.65879059,35.07476425,19.15916634,9.323082924,5.572786808,515.1681262,3,33766.50437,19.4318428,10.37539673,4,181.5923615
19381,97.3314209,21.85778236,13.88160324,6.435621262,3.902714491,11189.44699,3,3844.585117,18.73964119,6.260380268,4,153.4349518
19382,97.4262619,36.98386765,24.53503036,7.852138042,5.129315853,11675.42613,3,5355.709918,16.7537632,9.953389168,2,80.75389099
19383,293.3493347,37.67009735,27.10918617,9.206939697,5.17369318,1202.247086,1,3016.756701,31.52258492,8.538562775,4,36.38435364
19384,87.86329651,25.58027267,18.03554344,9.537455559,5.606568813,323.9810427,3,4564.744673,27.96758461,9.542553902,4,222.4552002
19385,119.3125076,33.45314026,22.52939796,10.01276493,6.060285568,1462.973761,3,30310.98184,26.36133385,9.335547447,4,63.9670639
19386,90.97392273,33.1761322,18.64180374,9.894548416,5.591119766,1791.561816,3,29565.76812,22.39361572,8.483202934,4,196.8098907
19387,146.9554291,29.43110466,18.36345673,12.49636459,6.606201172,845.0968325,3,1466.04136,31.25866127,10.38429546,4,193.5358582
19388,107.9087906,30.07998466,16.25886154,8.344128609,4.372231483,6940.849813,3,2164.497277,17.86763573,7.834843159,4,196.6800537
19389,122.2436218,26.29234695,15.56103039,9.04880619,5.181560516,5230.848676,3,1016.121269,23.40347862,9.600286484,4,161.8057861
19390,114.1735306,33.70787811,17.65789986,11.04216862,6.581010342,1533.291366,3,12683.87943,26.97327232,9.863194466,4,241.9275055
19391,106.8879166,27.38638306,17.86141777,7.912909985,4.71120739,3548.617086,3,28056.13788,24.10496712,7.33010006,4,64.23464966
19392,147.8699341,40.02418137,27.90962219,7.962077141,4.56500721,1305.960656,3,34879.14242,22.15740204,7.607336998,4,49.5739212
19393,73.90483856,32.78242111,22.0380764,12.26220417,6.840015888,976.5233662,3,7994.292303,27.53603745,10.95286751,4,225.3924255
19394,116.9486465,32.23948669,20.67015457,11.42865849,6.364669323,3411.555995,3,5735.279091,25.59944344,9.98418045,4,302.8557129
19395,137.8411865,27.5406723,18.72694778,8.876978874,5.603867531,2400.457393,1,6932.344857,29.79043961,8.563012123,4,301.8093872
19396,132.5319061,38.6353569,24.31340408,12.37486935,7.292523861,632.1703396,3,12161.03547,30.62491989,10.89945984,4,314.4616089
19397,178.4389496,29.93578339,18.1536293,9.443184853,5.523982048,3106.414762,3,13553.66762,25.92439079,9.024399757,4,148.8218384
19398,40.09625244,39.93207169,17.58379364,10.17056084,4.182567596,5195.250954,1,5608.187339,19.1242733,7.120372295,4,214.4812469
19399,9.434165001,37.35316849,14.29346561,6.840398312,3.049045086,4833.606021,3,436.0512731,9.938274384,4.020029545,4,189.4623108
19400,144.0484924,36.23282242,27.0528698,9.570699692,5.499275684,1997.684347,1,9000.247769,27.88841629,8.171581268,4,105.8605042
19401,98.97703552,31.40135193,18.48952293,9.054802895,4.839077473,936.2321619,3,36397.77367,22.73661613,7.771194458,4,120.7841492
19402,113.7829819,28.22031784,14.82647133,6.177741051,3.623699903,8459.589572,3,2413.626473,22.81079102,6.010933876,5,246.1956177
19403,211.4862976,29.735075,23.45712471,10.67249012,7.04861927,3097.265214,1,2600.428804,33.85792542,10.15760899,10,30.23913765
19404,163.795929,23.29796791,12.74922848,6.169754982,5.069257259,1959.104914,3,1908.475947,16.74123001,12.30812359,10,108.0425415
19405,114.6731262,22.32504082,13.29314804,7.821268559,4.417285442,4605.815308,3,4995.816486,25.57635498,9.13303566,4,242.6501312
19406,104.9112167,28.89698792,16.03969383,9.930812836,5.615684509,4959.335332,3,5359.47032,26.95288277,9.055851936,4,166.9985352
19407,123.5446472,27.38683128,16.80418587,10.57454395,6.566574574,7122.745539,3,2649.04675,27.3683033,9.372531891,4,82.40535736
19408,140.8340454,27.52290916,17.63219643,8.623637199,5.122713566,2282.288204,3,8970.210775,29.1945591,7.573509693,4,116.0753555
19409,40.02754974,36.23273468,21.26623917,11.9864521,6.418610573,1030.912816,3,10371.4122,21.39482117,9.233262062,4,184.184906
19410,50.8902092,30.51472473,18.93811989,11.94905949,6.395812988,362.5293591,3,32200.36914,23.26306152,11.25639629,4,177.5756226
19411,121.852684,27.38409424,16.57352638,7.107506275,4.448940754,1398.473684,3,32350.17742,20.58065987,5.872256279,4,250.0168915
19412,45.13272476,37.74888611,24.82366943,14.10883045,7.748922348,120.8242252,3,32703.63258,24.69656181,14.23190689,4,170.681015
19413,91.0614624,29.81850433,17.24765396,4.448331833,3.357175827,8027.448123,3,1859.914974,17.51730728,8.124740601,5,201.8936768
19414,108.6558228,21.38940048,15.74286747,6.823373318,4.56836462,11803.39873,3,5536.814206,20.40492821,9.778625488,2,122.0053864
19415,254.3236237,17.97016525,12.98201561,9.45718956,6.276102543,4217.876513,3,3766.122955,35.1534996,9.07281971,10,154.3731384
19416,70.49053955,25.25541115,16.82890129,11.38070965,6.771553516,5077.77054,1,5495.326474,33.11964798,6.21745348,4,332.1681824
19417,139.4339447,46.81930542,27.30614853,11.49515629,6.483798981,5376.77694,1,5811.718062,33.63056183,9.437468529,4,311.8975525
19418,171.2282104,27.03066635,16.75823212,10.75997925,5.75262928,5762.727147,1,6197.809128,34.4420433,7.589314461,4,234.462326
19419,128.7127533,30.20206451,16.06465721,10.40318394,5.971743584,6370.146625,3,1873.71606,25.79945183,9.316393852,4,218.8786774
19420,163.8625793,23.0268364,16.09944725,9.740495682,5.923452377,3267.140651,3,920.2851276,33.28385162,9.410877228,4,139.7970276
19421,195.2318878,34.20801163,23.92917442,8.796503067,5.342376232,1533.65411,3,33180.71159,21.23228455,8.398280144,4,280.2440796
19422,64.68062592,31.50172424,18.00499153,10.22032738,6.178544521,536.3689012,3,33380.67735,22.10268211,10.89037132,4,197.1027222
19423,11.26065826,65.68850708,22.01623344,4.157634258,2.11908555,198.9218078,3,33788.3594,7.139070511,3.144421101,4,315
19424,106.3230286,18.2969265,14.94502449,6.444177151,4.940336227,11690.94411,3,5718.631121,22.24418068,7.948196888,2,74.59114075
19425,180.3034363,19.39477348,14.96889973,6.191716671,3.612140656,10944.69499,3,6525.680783,22.3435421,6.654776096,2,243.4349518
19426,44.73625565,34.65517044,19.95802498,4.627087116,3.028692007,8736.160903,3,6658.515184,8.829580307,5.395464897,10,231.7098389
19427,67.58834839,27.64799881,14.68857956,13.83726883,6.391787052,4887.429858,1,5301.558379,29.40799141,9.843461037,4,307.2351685
19428,27.54149437,38.12508011,19.45889664,9.585155487,6.21350193,194.2964657,3,32383.48808,19.72937965,11.67754269,4,138.691391
19429,86.14474487,46.99441147,25.93733597,8.760165215,4.952662945,370.6944846,3,32605.91976,18.6980648,6.658730984,4,297.1636963
19430,109.9504089,30.58257866,18.22962761,8.08163929,5.064179897,1689.801661,3,31864.71015,18.97328949,7.496520042,4,140.4923248
19431,63.85298157,33.5763855,24.90571976,4.928389072,3.242483139,11938.02343,3,5288.881011,12.24883842,7.224053383,2,295.1447754
19432,249.353714,19.80147934,14.38680267,9.751688004,6.208901882,6066.330874,3,5272.268314,34.26414871,8.83316803,10,176.947113
19433,83.75876617,30.25110054,19.95741272,11.73005867,7.011062145,5281.146094,3,4138.509903,28.16745949,10.79167557,4,119.1569214
19434,128.2660828,29.93319321,16.58094215,9.094804764,5.095008373,6323.77665,3,3264.346116,25.44826126,7.888898849,4,268.8938904
19435,122.4802246,30.71396255,17.75985336,9.830170631,5.373106003,4281.078321,3,27022.01781,24.53531837,8.028457642,4,171.1406097
19436,37.42934036,46.9526329,27.69437408,10.88453674,5.566614151,82.30138613,3,32700.09947,24.24061012,8.985417366,4,337.619873
19437,118.6499252,35.13760376,25.23127174,8.678178787,4.503993988,718.4191521,3,35785.89852,24.05310631,7.507515907,4,47.18183899
19438,2.124983549,41.02411652,13.90805626,1.80276823,0.751486957,171.6951664,3,34596.54483,2.882464886,1.178504944,4,180
19439,56.43637466,40.48107147,27.67336655,6.250442028,3.553507566,270.7242621,3,34849.91071,13.5192194,6.228295803,4,329.0362549
19440,21.32817841,43.76605988,22.55599022,7.264437675,5.184453011,201.5763883,3,33621.57746,10.82705021,10.74619007,4,225
19441,100.1539459,15.62486076,10.84338093,6.470239639,4.428569317,10056.96793,3,3082.67057,21.81337738,6.123322964,5,167.7352295
19442,139.3941498,26.13939095,15.34479141,8.045901299,4.882811546,3481.447682,3,8693.425318,23.07081795,7.979673386,4,191.7934265
19443,109.655365,31.77610207,16.09988594,9.862693787,5.234014511,3960.288103,3,5580.593718,22.69726181,7.706936836,4,150.1251068
19444,142.4456177,26.06559753,15.29914761,9.26802063,5.439858437,2973.278632,3,7473.635878,30.39582634,7.876963139,4,162.6602783
19445,96.39421844,25.73337364,14.91510105,6.555841923,3.96872282,7439.505659,3,23327.68938,18.1215477,5.963643551,4,134.0289764
19446,54.66636276,34.35565186,19.11880875,6.171480656,3.682877541,3837.261213,3,31133.43458,13.56786633,5.723916531,4,127.4505768
19447,156.049057,22.79493713,15.15820313,7.623447895,4.739479542,6029.145184,3,29031.31171,29.33882523,6.919801235,5,113.9451904
19448,25.3231163,26.42420197,12.35040951,7.174844742,3.013112783,3998.896765,3,4383.024791,18.010849,5.52601099,4,178.1668549
19449,182.1287689,26.61935425,15.70491886,10.75809479,6.409625053,4353.644145,3,7821.994617,28.62372208,10.11936665,4,171.5151367
19450,247.4711761,25.87858963,16.09429741,8.274635315,4.941389561,5222.828879,3,15407.21335,25.95499039,8.696457863,4,148.8911896
19451,310.022583,26.65219688,16.48178482,9.61005497,6.432889462,5067.842781,3,16023.15787,27.9018383,10.77379417,4,266.8939819
19452,102.8222275,22.16796875,18.29294014,6.450820923,4.557551861,10800.90774,3,3443.530652,21.78086662,7.215607643,5,70.50944519
19453,54.32053375,32.04331589,18.20607185,9.92990303,6.24344635,431.3845051,3,10860.1677,23.28697205,9.355367661,4,128.2771912
19454,61.10998917,38.5956955,22.94673347,12.75239563,7.086641788,186.6149625,3,11004.40786,26.12283134,16.24240303,4,287.1027222
19455,91.91773224,31.81893349,17.54780197,10.23031235,6.124915123,746.4544319,3,11898.48062,25.79842186,10.00185776,4,222.7758331
19456,74.18265533,33.99382401,25.72323227,9.569202423,5.595609665,514.1292896,3,33607.20279,23.86778069,8.599937439,4,56.10383224
19457,35.15308762,43.32900238,29.31668472,6.568583965,2.946178436,133.837229,3,34853.75651,14.03100014,4.781801701,4,333.4349365
19458,135.3240814,49.49209213,28.69845009,7.597826481,4.414432049,506.9083446,3,34681.65238,17.28181839,8.139965057,4,308.1572266
19459,94.77783203,29.53484917,15.93731022,7.673934937,4.231590748,1564.192525,3,31988.56931,19.78539848,7.093997002,4,176.1859283
19460,97.68498993,25.37141228,15.63369465,6.274282455,3.479572535,1624.562189,3,31884.36697,19.72812653,5.681730747,4,256.2930298
19461,211.4647369,22.70339203,15.61764526,8.384726524,5.225720882,6780.517872,3,29463.97178,27.27108383,7.58928299,5,141.6325073
19462,182.0369415,27.00903893,15.55802822,10.73683548,6.185614109,5496.402511,1,5945.660145,34.69457626,9.980439186,4,150.4977112
19463,96.53314209,27.06149864,15.41384411,7.970428944,4.405032158,7446.778918,3,23674.24131,22.43392181,6.009019852,4,195.7247467
19464,108.603302,31.63214493,18.96837807,9.802964211,5.747649193,4055.56779,3,26990.89377,24.73339462,8.271165848,4,257.4904785
19465,103.1927719,30.63583946,21.95539856,8.368361473,5.017971992,1865.969933,3,36750.48088,23.30776787,7.651979446,4,57.83560944
19466,52.00330353,53.37675095,26.66646385,6.885025024,4.964363575,424.6008575,3,35283.15216,12.85891724,8.154011726,4,312.7094116
19467,51.22458649,40.44345093,25.35107803,7.10699892,4.219072342,135.9936313,3,33958.21571,16.23466492,8.018660545,4,38.85647583
19468,101.1416016,25.06829834,18.42841911,7.541965008,5.281738758,12631.76553,3,4327.763517,19.03053665,9.907467842,4,199.2900391
19469,230.1109619,22.11216927,13.68276215,9.617594719,6.457390308,2867.997052,3,2696.257381,31.7048111,12.77427387,10,153.3822021
19470,216.9547729,21.70650291,13.60825253,10.04340553,5.504785061,2765.728271,3,3147.07679,29.86353493,8.24561882,4,180
19471,79.59378815,31.60142326,17.94477081,11.34084511,5.601246834,4374.916709,3,4776.524826,25.90427208,11.51484966,4,196.8098907
19472,217.3427734,27.37660217,16.93250465,11.11402607,6.256169319,5095.514587,3,7070.961757,31.81946945,8.379238129,4,191.0138245
19473,168.1963196,27.06489563,17.38165474,9.930504799,6.357543468,5538.870733,1,5989.640523,34.03162384,8.605244637,4,239.3493347
19474,154.8139801,27.49357414,18.34056091,9.574802399,7.713145256,937.7806469,1,5315.940018,35.4967041,8.011709213,4,259.6056824
19475,63.73131561,38.94593811,26.65651321,13.48845005,7.447620869,579.9452267,3,11486.61771,28.94196701,10.89484882,4,41.21666718
19476,122.9260864,26.97667885,15.411026,8.127902985,4.807148457,7017.824769,3,23973.99578,23.97706032,7.285382748,4,208.8865814
19477,35.20399857,33.36619568,21.66741371,7.537836075,3.33027792,181.9178575,3,31847.03318,15.00438213,6.997847557,4,281.3099365
19478,95.1833725,30.39869118,18.85990906,8.918253899,5.424756527,7172.14378,3,29276.28754,20.63413811,8.11306572,4,94.99433136
19479,22.15266991,44.8804245,17.82414627,9.760528564,6.909948826,3848.381291,3,4238.282894,19.48428726,5.089003563,4,223.8542328
19480,30.94640541,31.75461388,16.69851875,8.748501778,3.488904476,3817.705235,1,4209.911051,19.56278801,7.768549919,4,219.0938568
19481,47.32943726,32.87477112,16.15637398,10.16074657,6.218510151,3927.242184,3,4320.977256,20.26663399,9.594409943,4,232.769989
19482,111.425621,36.99481201,22.70967484,9.218900681,5.878341675,4268.447887,1,4678.638392,27.11571503,11.91108036,4,307.9437561
19483,129.9236755,48.76799011,28.24509048,9.849603653,5.793958664,4608.125583,1,5037.72439,31.08551216,8.022410393,4,296.6194763
19484,208.2519684,24.75714684,17.16171074,8.206885338,4.419845104,1092.219294,1,3063.004671,28.65344048,8.150965691,4,73.44068909
19485,96.58358765,22.50431061,18.01459885,8.459439278,5.84278059,4879.831824,3,26199.61317,28.65388107,8.042888641,4,91.64355469
19486,94.48712921,28.30130386,17.96077728,12.0106039,7.010303497,4563.805663,3,26592.33423,30.04414368,10.65193939,4,241.7457581
19487,133.1190033,28.46013451,19.75592804,6.313779831,3.544746399,897.3638294,3,34875.92568,18.92507172,6.155825615,4,45.83031464
19488,57.32748795,36.40385818,17.61443329,9.021653175,5.580972672,407.8284679,3,33292.12875,18.91937828,10.82973385,4,194.1846313
19489,174.5986023,26.15713882,17.36819839,7.972085476,4.781735897,7609.475154,3,29295.32475,25.16133118,7.967163086,4,251.1433716
19490,54.87380219,33.3123703,21.64918518,7.26902914,3.949975252,5144.606477,3,28887.16856,13.72696686,5.719526291,5,71.56504822
19491,28.1194725,43.36613464,17.93061256,11.05232334,5.715975761,560.755042,3,10691.51891,21.69021034,8.516599655,4,212.2546997
19492,21.79153442,56.35823441,24.99392128,8.650625229,4.871863365,194.6194139,3,32040.93021,12.55795383,6.199493885,4,319.0856323
19493,117.0859375,28.36826897,19.75341797,8.317578316,5.212796688,1024.315654,3,32380.51655,23.09564018,7.693542957,4,265.9555054
19494,90.58229828,43.79244995,26.26471138,11.1087141,6.055243969,284.3298632,3,32417.39848,22.77968979,9.795530319,4,323.7461548
19495,66.87897491,29.10235023,13.97574139,12.65875816,5.936374187,3704.196175,1,4091.016462,35.41756439,7.621682644,4,118.241127
19496,127.854599,27.74753571,16.71584702,8.95998764,4.723938942,2682.687981,3,6812.952483,29.83828163,6.657979012,4,281.5825806
19497,151.0636597,32.305336,18.02263641,10.51683807,5.91741991,2355.100578,3,6889.405247,28.74564934,9.114145279,4,297.1306152
19498,166.2557983,25.87786102,14.62238407,9.816295624,5.019833565,3163.923494,3,6351.987157,27.34686661,8.20370388,4,185.3752136
19499,82.75593567,21.26581192,15.32301521,9.05626297,7.0214715,94.95830873,3,4155.082218,32.25347519,7.249713421,4,44.44642258
19500,210.621048,25.66674805,16.29257584,10.94957066,6.398795128,3618.166053,3,13857.47816,30.47133255,9.588222504,4,265.5028687
19501,123.2956161,29.96899796,17.852005,6.666775227,4.282147884,8565.353246,3,6943.155108,17.02606964,9.248448372,10,82.37129211
19502,115.7297134,31.03790092,16.39043236,10.68902302,5.513106823,4893.921899,1,5319.376132,31.93284225,8.222079277,4,254.0792542
19503,173.414093,20.08382034,15.04445457,8.862873077,5.572089672,509.7866751,3,4961.683594,35.20571136,8.188766479,4,223.0385895
19504,110.1284866,30.80526161,21.82394218,8.770941734,5.662685394,1187.587478,3,10006.49151,29.78277588,7.476389885,4,48.94518661
19505,94.68023682,28.54251099,16.60062027,9.893112183,5.57641983,711.9991078,3,10371.52773,24.78113937,9.03627491,4,52.59464264
19506,85.217659,29.95261955,19.39283752,11.41968918,6.029374599,474.6777335,3,31521.68139,25.8768177,12.61101341,4,95.19442749
19507,154.4490967,44.46630859,29.45422935,7.823938847,4.380735874,1486.31546,3,32915.80099,18.96178246,7.0731287,4,34.46081543
19508,49.32545853,30.29712296,19.81817055,4.718335152,3.248004198,7968.514008,3,1906.810132,18.46472168,5.186048031,5,215.7184296
19509,58.64585114,24.89215279,14.7075901,4.7517066,2.660079002,9874.726883,3,8193.730681,14.15849304,6.572898388,10,198.4349518
19510,23.47607803,26.20940781,16.1162014,5.814996719,3.776310921,9882.590406,3,7604.607456,12.20719433,4.707579136,10,136.3322144
19511,36.15534592,41.42992783,21.32761765,8.041439056,6.575214863,181.0770492,3,33542.36487,13.13374233,11.64285851,4,204.1932068
19512,92.74177551,18.5530014,14.1916399,6.723057747,4.684573174,10300.55023,3,3200.844922,25.02532768,6.015307426,5,220.9555206
19513,88.78507996,21.47564125,13.4172821,4.986699581,3.145097017,10598.65215,3,7265.127937,14.95180035,4.540522575,10,127.9987335
19514,73.89581299,28.65692711,18.04317474,5.258040905,3.29233861,10964.34586,3,6933.733167,12.81313801,4.808336258,10,74.05460358
19515,20.1963501,25.71665573,16.76739311,5.161581039,2.85017705,9684.946575,3,7508.755834,13.74377346,3.635546207,10,249.341095
19516,138.1210785,21.00916862,14.66563225,7.226445198,4.248039246,4617.485305,3,19407.35544,25.73962402,7.378461361,4,225.8425293
19517,83.52915955,30.68836594,17.64033699,9.02110672,5.051855564,1541.174574,3,36254.05841,21.41611481,7.266687393,4,160.9093933
19518,53.82782745,33.00072098,18.73309708,5.871956348,3.26522398,3831.577221,3,30629.18512,13.63913822,5.061770916,4,289.0256042
19519,198.0268555,22.89338493,15.558568,10.96461773,7.389081001,3112.369072,1,3503.811379,36.02137375,8.621904373,4,115.9404526
19520,138.4221802,21.76625252,16.44135475,7.802479267,5.672025204,275.264802,3,4050.061681,29.68931198,7.017983437,4,62.49575806
19521,189.6889801,27.272089,17.14945412,9.312141418,5.764490128,4116.81757,3,14323.33085,28.45497322,8.589886665,4,131.5663757
19522,58.46505737,31.29067421,17.72979164,5.135744095,2.878852129,4351.736475,3,31007.31343,11.41666603,4.59738636,4,269.3081055
19523,151.0809937,31.36817741,17.3967762,11.54191494,5.654688358,591.2287275,3,8848.328642,28.36401176,9.472239494,4,280.9050293
19524,104.7171478,28.62241364,18.41834831,10.52994442,6.204061508,5016.286235,3,4623.16326,27.75521088,9.27884388,4,175.6290283
19525,202.7646942,28.31620979,16.70268822,10.12316036,5.862194061,3632.213864,3,507.2163943,31.73748589,8.655800819,4,69.07080078
19526,141.1795654,27.32424736,17.55508041,10.05108929,5.756890774,3774.713029,3,27031.9193,27.80926323,8.530106544,4,155.3616028
19527,128.1108551,38.42842484,23.50828362,11.6733532,6.260089874,855.1738296,1,1355.656453,30.88624001,9.280529022,4,327.1836548
19528,45.23130035,31.20318985,14.73714638,7.572276592,3.750073433,3875.477947,3,4279.342715,18.36504364,6.391327381,4,324.4737549
19529,13.57948303,44.52456284,10.8736887,9.952386856,5.325341702,5499.804115,3,4142.348344,17.10725212,7.050244808,4,171.6341248
19530,154.1208954,19.72433281,13.90207195,4.708077908,3.491395235,9257.937241,3,2661.948642,15.45577335,4.967233181,5,255.4976196
19531,88.12109375,18.12239075,13.57909012,5.790180683,3.465070963,9297.24468,3,2328.277057,17.69563103,6.048291683,5,166.6075134
19532,240.2614746,18.46434593,13.77033997,9.208081245,5.764433861,6840.371049,3,5692.247421,32.22922897,8.826220512,10,163.0836639
19533,27.30486298,31.69676018,15.63458538,8.568446159,3.419366598,33.00937718,3,747.2281093,18.43336296,5.474690437,4,233.0488281
19534,203.1943207,31.97885513,17.06835175,8.529306412,4.789858818,3561.719243,3,601.514278,30.2090683,7.865634441,4,61.3558197
19535,146.2614594,24.92163467,17.99820518,7.94410944,4.398235798,3471.505034,3,18155.1032,28.23747826,7.466287136,4,46.48786926
19536,146.3864746,25.86409187,17.5234375,7.677574158,4.508483887,6203.937724,3,24974.3672,23.29828453,7.319078445,4,78.69006348
19537,112.3985519,27.31900978,17.89632416,8.94729805,5.428637505,1385.271661,3,36189.95139,23.06684303,8.240685463,4,251.2666321
19538,136.6623688,25.95874596,15.62831306,8.290927887,4.741983891,3340.863091,3,6292.615085,28.68793297,7.604952812,4,233.5086975
19539,201.6692963,26.11931419,15.65904427,9.855676651,6.104784489,4763.99707,3,14779.14785,29.4044342,9.222545624,4,266.3477783
19540,129.058548,23.56634331,15.01063728,7.726355553,4.333753109,3574.094496,3,16178.06329,22.17036057,5.91804266,4,278.4248962
19541,101.9216843,33.06484222,22.71880722,8.646321297,5.119001865,1520.096144,3,29116.7038,21.87675095,8.091116905,4,46.63657761
19542,56.46215439,39.51044083,18.96508217,8.099124908,4.850417137,512.6322279,3,33166.74942,16.52935219,10.18425083,4,192.9946136
19543,97.52366638,25.42819977,15.25221062,5.25506258,2.85308218,1656.658692,3,31949.59611,16.04550362,4.98019886,4,238.3925018
19544,83.63263702,37.38584137,28.81409454,8.33481884,5.031746864,10961.79247,3,3189.004539,22.37560272,8.619319916,4,300.9637451
19545,13.29219818,27.04203224,13.477911,4.778969288,3.320108175,10058.71503,3,7807.001856,8.438480377,4.886668205,10,98.61564636
19546,108.1344147,37.96189117,29.61340141,9.711402893,5.529206753,5935.53926,3,4101.355381,27.92810822,8.210782051,4,24.22774506
19547,136.7970123,29.20820045,20.38315964,8.723142624,5.389003277,6361.254044,3,3588.966917,27.4330883,8.784201622,4,266.9137573
19548,16.6436615,43.03673553,16.40670395,9.047417641,6.305194855,1314.217836,3,5862.916848,16.18808937,7.644532204,4,193.1340332
19549,87.40859222,30.79681969,19.72844887,9.55362606,6.795547962,98.7008868,3,10898.94598,22.275774,12.12888241,4,259.8499146
19550,114.6763,28.38471031,22.1957531,7.354328156,4.612270832,4105.462387,3,18003.1667,26.28079224,6.760284424,4,45
19551,124.2139664,30.80620766,17.12323952,10.52882195,6.273789883,6382.545022,3,24708.5379,28.55366135,8.282751083,4,162.9297485
19552,163.6057739,46.97121048,29.73159027,8.686078072,4.839900494,1197.567721,3,31891.91053,19.7438755,8.766568184,4,42.39743805
19553,117.6485825,27.18921089,17.5427475,6.673591137,3.65945363,1678.768193,3,34407.0657,19.5116539,5.827108383,4,253.6731415
19554,54.67459106,36.40888977,23.59815598,6.52368784,4.30616951,285.2197533,3,34010.4365,13.88863468,8.271270752,4,59.03624344
19555,64.38943481,23.42680931,16.88961792,7.899372578,4.855856895,6673.900174,3,29664.05261,20.77133751,7.097189903,4,211.5042725
19556,61.13505554,25.06254387,17.08144951,6.239251137,4.01783514,11856.99591,3,5271.210158,15.56530571,8.480894089,2,108.0723267
19557,249.2380829,25.65570259,16.60183334,10.11540031,6.486256599,5611.806964,3,4679.004198,33.78056335,8.176562309,10,98.13010406
19558,186.9309082,21.77152061,18.13539886,9.001548767,5.523199558,503.0531862,3,106.8853628,30.99787521,9.172055244,4,51.74681473
19559,171.9051666,25.18614769,18.49737549,9.682224274,5.379517078,427.2037819,3,939.1369042,29.42406082,9.863977432,4,229.0724792
19560,255.9603577,23.28356552,15.77293205,9.246661186,5.980170727,3380.638276,1,3800.145405,33.34457016,8.597736359,4,281.3718262
19561,147.4301605,23.54735565,16.60956955,9.17779541,5.614733696,395.799074,3,4945.699319,30.79758072,9.828083992,4,227.4199829
19562,71.83592987,22.98213196,22.60912704,6.972615242,3.985166311,4385.364595,3,18584.36075,23.29415894,7.208302021,4,30.96375656
19563,119.0362396,24.22822189,16.7410965,8.372532845,5.028477669,3413.326894,3,27178.92297,26.31440544,7.385855198,4,274.5739136
19564,81.64556885,24.87832451,14.78475761,8.091295242,4.262235165,2871.849632,3,28144.17367,27.7790966,6.671561241,4,118.6104584
19565,109.62854,45.66828918,29.35655975,7.888009071,4.558373451,2204.539691,3,33424.64706,18.72160339,6.08268404,4,48.34168243
19566,183.748291,29.76885033,17.33019829,9.173810005,5.653289795,7551.933409,3,29636.56087,24.75066566,8.146146774,5,157.7144165
19567,90.85716248,24.72505569,17.79634666,8.224127769,5.143061638,9488.289846,3,7702.146008,24.44126892,10.27539349,10,225.875946
19568,130.3647919,18.34538078,14.26158619,7.909054279,5.295907021,7972.949604,3,6434.323091,25.98952293,9.642897606,10,187.2038727
19569,102.6470032,28.12225533,16.32069969,9.707249641,5.259080887,478.1345889,3,10340.09481,22.88621902,10.89823437,4,97.8682251
19570,80.52096558,24.96057892,16.1860981,7.376689911,4.117403984,3792.482388,3,17811.00603,27.10058594,6.775935173,4,96.40500641
19571,113.9280472,26.54823875,19.29532814,6.664245605,3.839808464,2145.409614,3,33805.43475,19.43695831,6.462753296,4,274.6354675
19572,7.07302618,44.06573486,21.52191544,4.926266193,3.188338757,95.18950128,3,33809.98188,6.958391666,2.175661564,4,45
19573,4.668413162,63.17581177,18.08149338,2.882241011,1.335232854,78.42139476,3,33620.91992,4.084476471,1.955245852,4,261.8699036
19574,46.1803894,66.80801392,22.53900146,5.691784859,4.597831726,91.94914064,3,33761.22817,11.49426746,8.029519081,4,168.4006958
19575,77.2061615,27.56738472,18.54166412,6.545008659,4.211053371,10223.22709,3,7732.147687,15.15692711,6.548346519,10,81.67434692
19576,118.0115891,25.93404198,14.07271099,9.658316612,5.635185242,4677.560171,1,5126.258312,27.41566658,8.415054321,4,94.72013855
19577,130.9794159,26.74359131,13.00534725,11.32378197,5.778616905,5097.045127,1,5546.166935,32.12368774,10.01694775,4,197.2095642
19578,132.249054,28.00419617,17.46350861,10.61727619,6.017651558,805.6198583,3,5339.18269,31.94748116,9.80520153,4,173.3332214
19579,148.5449219,47.96086121,29.04830742,7.062850952,3.62214756,1043.29365,3,34747.81613,17.61688614,6.30128479,4,28.50127411
19580,82.0038147,31.63983154,18.10627937,7.370398521,3.990649462,5502.625131,3,29904.60462,19.41005898,6.519895077,4,103.4101334
19581,97.50941467,37.5253067,24.89052391,7.509251595,4.115145206,5386.762416,3,30260.58723,18.3009758,6.462295532,4,45.87718201
19582,37.39691544,40.0776062,20.80729485,11.86840343,5.855236053,1814.173276,3,7582.216457,23.17254829,9.256771088,4,228.430603
19583,137.6268463,28.20342445,17.54499626,10.33319855,5.47325325,2453.891206,3,6913.959613,28.16333961,8.485201836,4,208.8724213
19584,101.6829453,21.0544281,10.19974613,8.905501366,4.550487995,373.6313219,3,4038.644695,30.1197567,7.7273283,4,39.12586212
19585,191.313324,31.42846298,18.51194,12.36515903,7.628453255,1213.263005,3,5709.578124,37.84417725,10.88309002,4,260.148468
19586,58.28694534,40.0573082,12.16168308,10.62449169,5.60281229,1403.674523,1,5937.837347,30.71184158,7.02712059,4,325.3973389
19587,68.37290955,31.38929558,22.46465302,14.05642891,6.862787724,233.1097854,3,31273.09266,28.35032845,13.82505989,4,156.0923462
19588,175.1235657,52.09821701,25.48442841,6.825104237,3.857312679,935.3206159,3,31718.50165,16.24721718,6.27967453,4,320.1558838
19589,77.92918396,28.28248596,14.65776062,5.827785492,3.275504589,2482.925036,3,31269.11144,15.19366932,5.061331272,4,135
19590,54.78848648,30.19470024,16.35226822,4.656841755,2.743515015,3241.459883,3,30820.10818,10.79495811,4.884997368,4,117.9532242
19591,129.3725433,31.0229435,20.42524529,10.49745655,6.387106895,21.54058421,2,9529.014236,32.41049957,8.975720406,4,295.7520447
19592,102.0486221,40.42358017,28.23547173,9.888711929,6.067396164,856.2013021,3,8294.52967,30.03650093,7.820570946,4,31.96664429
19593,154.6134491,31.69807053,25.04396057,8.699902534,4.978071213,1620.071093,3,8160.462038,28.94221687,7.084225655,4,29.31000519
19594,139.5922852,20.28537941,11.86383724,7.058376312,4.008486748,886.3890468,1,3438.046391,30.45698738,6.985968113,4,62.01874161
19595,45.75326538,29.50335884,19.03237724,4.661083698,4.005204201,8118.991807,3,1847.69273,11.41854286,9.203278542,5,181.2687683
19596,36.54198074,38.26051712,24.62322235,6.541018963,4.522206306,7942.799982,3,1590.170203,13.5284977,8.521683693,5,305.5376587
19597,187.3284149,23.46013069,15.75018692,8.625423431,5.448411465,1665.288626,3,9021.025595,30.04937935,8.338779449,4,129.0938568
19598,114.4794235,32.16945648,27.43397713,9.284268379,5.851394653,240.6650381,1,31418.00661,28.01915359,10.60595703,4,330.7388
19599,116.745369,60.38684845,26.65322113,8.322382927,4.678470135,829.9855446,3,35431.40688,21.81542969,7.304057598,4,37.87197113
19600,2.403610468,35.84627533,21.00235939,1.859088898,1.663300157,378.1021107,3,33282.16136,3.38216424,0.805710793,4,168.0806274
19601,6.48193121,52.83898544,29.08161354,4.717031002,2.259232998,200.4605788,3,33460.03164,6.531133652,2.731936693,4,333.4349365
19602,37.06815338,51.92804718,25.63256073,6.568356514,4.461924076,34.12660624,3,33602.64337,10.19328403,6.542295933,4,48.9680481
19603,81.24126434,27.69566345,17.70447159,7.410518646,4.641904354,586.224687,3,33047.02567,18.5045948,10.32415676,4,218.717514
19604,44.68962097,46.51933289,26.75478363,6.05679512,4.141878128,12887.11,3,4311.163683,10.95529175,8.99902153,2,310.1008911
19605,43.88331223,24.85055542,15.18489456,5.449007034,3.56250906,10956.58437,3,7717.21976,12.05214691,6.426251888,10,175.9143829
19606,15.46000385,43.60449982,30.55965233,4.904633999,2.930342197,155.1419013,3,33855.19192,9.703237534,5.179077148,4,28.61045837
19607,80.50405121,52.76860809,27.05285645,6.587880611,3.734684229,535.9294887,3,34214.83387,15.28719044,7.141993523,4,42.26751709
19608,117.1646881,21.68808556,14.60022736,4.765124321,3.058263302,8898.867399,3,2301.413064,15.70887947,5.232130051,5,269.2926636
19609,182.1621399,27.42522812,14.23226738,11.12077045,6.716193199,2531.721843,3,2911.358189,28.30397224,9.822758675,4,112.4964752
19610,168.6420135,25.36395836,14.68091583,9.755171776,5.546655655,1885.63897,3,2270.198656,30.32402039,9.11290741,4,124.8085022
19611,190.2952728,24.96826744,18.55098724,7.769684315,5.153179169,4116.566527,1,4543.606445,30.85824394,9.141430855,4,273.2808838
19612,117.9630432,30.5867424,15.32449055,8.674927711,5.587370872,4648.772361,3,466.8811092,22.61440659,9.144672394,4,248.6293793
19613,105.9741287,17.76961136,12.8542738,5.415766239,3.895380259,10141.98909,3,2966.719345,23.46772385,5.364589691,5,222.2736816
19614,83.61875153,27.21833801,19.40858078,8.474872589,4.929925442,12928.23983,3,4156.337072,22.78778267,8.721294403,4,90.15653992
19615,22.78550339,26.16764832,15.72460175,2.745305538,1.729762316,1126.862438,3,1707.166202,6.597860336,2.042370081,10,128.6598053
19616,142.4341736,20.53711319,13.94656181,6.656511307,3.720547915,5680.461049,3,20103.7283,22.11893463,7.306746483,4,217.9113464
19617,60.28990555,18.04789352,11.41845608,6.319683075,4.41992712,9939.16949,3,2910.048733,19.23490524,5.697502136,5,181.468811
19618,15.42724895,23.82984352,15.29515934,4.70582819,2.551091194,11160.21451,3,6600.868958,11.55170822,3.366157055,10,166.4845581
19619,137.1511993,31.31372833,20.95000648,9.186395645,5.564979076,5310.700948,3,4700.360557,27.85175514,8.552926064,4,304.1516418
19620,104.5810776,47.94032288,28.27827454,7.114581108,4.150554657,697.8788449,3,34339.19618,16.00285339,9.120257378,4,297.2311707
19621,252.8938446,32.7203598,27.5181179,8.470181465,5.239130497,3404.52033,1,4315.408632,30.37449074,8.761029243,10,312.5633545
19622,157.7991943,48.63305283,27.53361893,11.34865093,7.707674026,2728.250901,1,2903.342106,32.25761032,13.10728359,10,30.85420609
19623,247.4714508,38.8441658,29.33895493,8.827806473,5.425039768,2331.669944,1,3278.968427,29.65200424,9.207492828,10,321.9906616
19624,8.820741653,33.05241013,16.0394001,4.239332676,1.839678526,1649.028552,3,2002.275837,7.280890942,2.775515795,10,175.1009064
19625,157.1713257,42.22772217,24.22397804,10.46045494,6.175506115,4918.267594,3,5264.651713,22.69062614,9.331934929,4,288.9248962
19626,142.7728577,29.64701843,16.61236763,9.464483261,5.685564041,3190.923449,1,7605.753733,30.91676903,8.419390678,4,268.0908508
19627,112.5642471,22.88875198,15.01429749,6.564397812,3.389788628,10049.32141,3,2792.879408,22.65856934,6.147726059,5,246.379364
19628,101.5019302,29.23798561,22.01777649,7.411575794,4.394007683,10549.86351,3,2957.622664,23.25094223,7.678425312,5,59.03624344
19629,244.2502594,26.90870476,15.05904579,10.28230858,6.370866299,1076.773752,3,1434.457106,26.7381134,10.33452415,4,192.5288086
19630,282.1907654,25.8812809,16.23680878,11.10253906,6.180908203,1083.96037,3,1456.655167,30.53377342,8.475260735,4,180
19631,75.51636505,27.12858772,17.47495461,8.590581894,4.864973545,2530.56214,3,7210.928078,23.75193977,7.198997021,4,219.8055725
19632,146.6167908,26.36607933,17.162714,9.727956772,5.973993301,7091.705097,3,2866.455874,26.31831741,8.437146187,4,97.50984192
19633,119.4505768,28.90395546,16.38851738,9.722074509,5.387419224,6411.147253,3,2197.826634,24.90880013,8.600201607,4,246.5409698
19634,106.4442825,56.40517807,29.91869164,8.161375999,5.443406105,1076.242162,3,35435.71197,22.39319801,6.469151497,4,14.41947556
19635,97.5061264,40.30540848,27.15164757,6.724359512,5.074051857,13200.5193,3,3952.489913,15.88439178,11.10365009,4,309.0938721
19636,74.16732025,40.44701385,28.72468758,8.755386353,5.460237503,2598.584886,3,28125.54254,21.88461304,7.36104393,4,30.96375656
19637,156.7107849,50.40076447,28.93438911,7.303390026,3.955957651,1200.400706,3,35042.58706,18.94800186,7.240677357,4,58.82865143
19638,102.8010941,32.24052048,26.38005638,7.412220001,4.395475388,11094.24351,3,2839.067167,23.58354187,8.28681469,4,314.4378052
19639,86.0431366,41.2820282,27.24448776,7.458658218,4.559839725,12264.03239,3,3579.58368,18.72992897,9.35962677,4,291.8013916
19640,137.413147,28.03326035,16.83607674,8.806615829,4.832547665,7174.921215,3,3569.068664,24.73326683,7.842503071,4,76.93067932
19641,69.41773987,36.14769363,24.70064735,6.740361691,3.487251282,737.8844067,3,34428.70743,18.03543472,5.258865356,4,43.26969528
19642,99.78412628,33.25274277,18.84360886,11.55139923,6.009406567,1128.440968,3,1267.042375,24.6075592,10.96384144,10,210.6591644
19643,95.83528137,30.67457771,20.29953384,6.9841609,3.882309675,1993.673085,3,35928.56633,18.71931076,6.32193327,4,46.00005341
19644,78.14658356,29.5445919,17.34738731,8.282205582,4.929355621,2012.012379,3,36597.17002,19.43330193,8.112504959,4,67.35440063
19645,73.55225372,35.15740585,26.44222832,10.29239368,5.740727901,1165.231411,3,36290.0991,25.43518448,9.198989868,4,311.4122925
19646,108.7997055,34.09054565,22.30712128,7.05700779,3.811123371,1108.471851,3,34842.64162,20.35391617,5.562552929,4,41.90594101
19647,192.8657837,45.4958992,30.96730804,10.49580383,7.559290409,4097.488523,1,4213.622269,35.01964569,9.943163872,10,74.05460358
19648,7.740600586,21.98365784,13.08961964,2.886483431,0.964605927,751.8816577,3,1426.277072,6.116028786,1.416805387,5,108.4349518
19649,269.3170776,20.10137558,12.53329086,7.212305069,4.372212887,693.1931074,3,3852.439436,28.09459114,7.968935966,4,59.88153076
19650,73.39142609,27.779459,19.39265251,10.44675541,6.327292919,2053.776264,3,37006.54641,24.30101013,10.19143105,4,263.1182861
19651,133.7897644,26.83468628,15.1973896,9.375725746,5.863294125,4691.009871,3,549.199198,25.53842926,7.723409653,4,242.9279175
19652,139.0654755,30.40744781,17.28147125,9.81048584,6.152334213,6291.792983,3,24575.49324,29.87792969,8.180972099,4,67.18490601
19653,100.0684738,31.04824638,17.09547615,9.138777733,4.992236137,4834.897371,3,25651.28178,22.73888779,8.279941559,4,187.594635
19654,105.696167,25.08505821,16.4771843,6.669596195,4.429536343,8267.101746,3,1661.740637,17.51350403,8.589868546,5,201.6147766
19655,99.48920441,20.26764679,12.04815483,4.89759016,2.933097601,11394.34643,3,6194.132536,16.72857475,4.534640789,2,227.2699585
19656,51.49333572,24.79408646,15.28398991,4.844927788,2.589372396,11652.49259,3,6251.089032,11.26130772,5.295670509,10,199.8851624
19657,99.16159821,27.72360229,23.685112,8.888579369,5.560606956,4842.395014,3,18315.93328,24.23888588,8.454165459,4,34.20091248
19658,140.8032684,21.19833565,14.01102734,7.371890068,4.541908264,5767.614328,3,29712.45006,30.46035576,6.607746124,5,233.3929291
19659,80.70274353,29.96185303,21.23787498,8.424594879,4.784984589,10899.54249,3,2841.132231,22.39587212,7.278020382,5,85.74616241
19660,45.97444153,35.50934601,21.94494247,13.30183029,6.913189888,1791.90723,3,2191.683352,23.12834358,13.65472221,10,51.53250885
19661,138.6928101,29.97577095,20.84922791,8.434046745,5.451994419,503.7665452,3,30914.74513,20.22150421,10.58663177,4,304.1144714
19662,155.0390167,23.12548065,14.72994995,7.248497009,4.475330353,7437.535208,3,29718.99967,26.99632835,6.802465439,5,241.0859528
19663,201.3042603,21.65046883,15.36889839,10.58795357,6.884110928,5495.431735,3,4907.113744,36.3205986,9.649744034,10,149.9272766
19664,18.97085381,37.63542557,15.43143272,2.630566597,1.531008363,258.8858729,3,1501.755291,4.579311371,2.297254086,5,168.6900635
19665,134.8197021,57.05705261,25.87093735,12.84991837,7.211649895,1138.910952,3,2052.349422,30.30387878,10.4534502,10,24.32492065
19666,128.9943695,21.07596397,12.25497246,8.017430305,4.222382545,1374.376296,1,2975.628362,26.57219505,6.654140949,4,42.19363022
19667,118.2246704,16.62118912,11.99375153,4.592002869,3.073523998,9225.821723,3,2033.986114,18.59499931,6.100126743,5,281.3099365
19668,120.2781601,20.25443077,13.02856636,6.151803017,3.247143507,9878.235129,3,2543.917367,25.92255974,5.568374157,5,307.1082764
19669,142.905304,24.71461296,21.03199387,8.236789703,5.045073986,1790.443033,3,2581.884089,31.55452156,8.043995857,10,32.6051712
19670,59.44612885,29.45364761,25.07494164,10.63626957,7.440486431,1419.800979,3,2117.584334,31.26922989,10.81280136,10,18.01210785
19671,167.0402069,23.12083435,15.53186417,10.06562042,6.345273018,425.3392246,3,774.0732031,31.41591072,9.999709129,4,241.0202942
19672,69.33583832,31.07743073,16.26729774,7.51584959,4.207245827,2624.503205,3,8411.187067,18.25249481,6.494888306,4,196.9754944
19673,155.4241791,29.23835945,16.1886425,10.77432823,6.054443359,2085.647918,3,6442.553759,33.71170807,9.138963699,4,160.4727783
19674,32.14953232,28.71759796,18.37967491,4.735346317,3.277194977,12024.69354,3,5785.563507,10.38114929,6.240643978,2,81.02737427
19675,179.9984894,41.78400803,27.67515755,9.392841339,5.009243011,665.6267786,3,205.5027339,28.26788712,8.621415138,4,37.72499466
19676,107.8793106,23.58976173,15.41968822,9.186625481,5.140498161,3762.71154,3,6060.262906,26.44162941,7.248453617,4,194.7631378
19677,134.6558075,33.37015915,20.83600426,9.61015892,5.730770588,1116.957539,3,11620.99098,23.52545166,8.521905899,4,254.3577576
19678,288.5663147,29.11764908,18.76932335,10.50920391,6.442352772,5138.35318,3,16458.85388,27.48451233,9.069407463,4,170.6325378
19679,116.5466614,33.68875885,16.11013985,7.085398674,4.041163445,7095.094336,3,23796.86967,20.42061996,5.041691303,4,137.9830017
19680,76.12936401,33.02592468,21.2620182,12.54504585,7.042488098,4421.432153,3,25986.97511,28.94182205,11.3617239,4,98.39292908
19681,58.71878052,31.04201126,19.10499573,10.10514641,5.800191402,4143.918958,3,26241.92854,25.58882904,9.786972046,4,236.6893616
19682,97.99326324,32.67277145,27.5681839,7.121445179,4.516367912,12059.08993,3,5329.589813,20.92261887,8.540855408,2,327.6305847
19683,119.1268311,26.55262947,17.95607185,6.051761627,3.447920561,11221.07457,3,7095.512726,15.82406425,7.121834755,10,83.6598053
19684,181.3963776,35.50257111,28.51312637,10.52772427,6.307565212,3551.897648,1,590.834079,29.74895477,10.0425396,4,84.02568054
19685,64.05203247,37.24448776,20.27702141,7.52810955,5.346233845,725.3535859,3,32981.35671,14.05632305,9.960886955,4,191.9518738
19686,52.79063416,47.8947525,27.41298866,15.59360123,7.967777252,4724.100427,1,4599.738393,29.4220295,9.179030418,10,324.7436523
19687,120.1448975,28.57560158,16.48230743,9.35447216,5.536883831,3548.551864,3,8194.959688,24.21376038,8.60180378,4,102.5538712
19688,115.2821655,28.95539474,15.80550671,10.3386879,5.381497383,3275.101282,3,882.0454809,26.67496109,8.361875534,4,190.0079803
19689,117.7240906,24.57816696,15.74122715,8.96543026,4.903369904,6063.83046,3,24407.68716,26.08408737,8.814639091,4,155.7387085
19690,61.64959717,29.27703857,17.61531639,9.348423958,5.292165756,5117.596196,3,25416.55941,22.3696022,7.887133598,4,226.9562073
19691,110.2290726,32.48794174,17.20298767,9.604554176,5.041134834,3011.04111,3,27133.59006,23.4905262,7.734706879,4,160.2208252
19692,81.82548523,25.84919548,17.43921852,7.627183437,4.370475292,2738.359403,3,27308.57871,20.84321213,6.502417564,4,258.0108032
19693,70.74645233,35.76298141,22.24316025,5.757291317,3.202826262,11693.68963,3,5883.440647,14.69586563,5.564907551,2,301.7594604
19694,113.0002975,23.62562943,15.52468014,9.524834633,6.205547333,2176.614484,3,9323.733522,27.75498581,8.37077713,4,228.456604
19695,175.490799,24.9127903,15.27429771,9.910907745,5.663338661,2807.255511,3,1421.775351,29.06754112,8.805247307,4,181.8495331
19696,144.0543365,30.22867203,18.24640274,11.14944553,5.957841396,3111.184473,3,7662.933405,29.6628952,8.262891769,4,196.1134186
19697,70.38879395,27.54021835,17.51767159,7.393064499,4.609357834,5401.197958,3,25091.25558,20.66284561,8.735958099,4,102.6296921
19698,67.3190155,36.3663826,18.47278404,7.243854523,4.138506889,2413.925793,3,31525.64633,15.10236263,6.170799255,4,53.05971527
19699,34.96224594,30.1795845,21.28252602,7.482322216,4.600187302,6977.071735,3,29995.67722,16.49131012,8.7385149,4,192.9510193
19700,81.0619812,35.19950104,22.58482361,8.960676193,5.361711502,6033.896889,3,30095.24539,18.58167267,8.000684738,4,41.98721313
19701,19.40956879,28.26737213,15.9396944,5.037340641,2.494738579,7397.087644,3,1067.225534,13.29544258,5.497518539,5,241.8214111
19702,116.0595322,55.00476837,29.52451897,9.947048187,6.46765852,5037.545193,1,4988.766132,34.02485657,8.699609756,10,335.879425
19703,199.0430756,28.76742363,17.04470062,11.16992569,6.437458038,4909.134307,3,6527.6694,32.91524506,9.490468025,4,64.75946808
19704,42.22633743,28.97833824,13.90385628,7.850459576,4.006675243,459.9522511,3,10123.08763,18.62734985,9.481307983,4,93.30186462
19705,84.30221558,28.45687294,20.99494934,9.976019859,6.659415245,132.715251,3,10062.14552,28.08322334,13.71121883,4,261.4163818
19706,149.9236603,28.34408188,20.68703079,9.388367653,5.758962154,3001.199015,1,7567.589523,33.02910614,8.11660862,4,313.9713135
19707,85.23869324,28.21186447,17.21250725,7.002431393,3.954511166,899.3326311,3,32639.6508,18.44269562,8.201535225,4,231.115509
19708,74.48904419,35.47994995,18.6898632,7.975858212,4.55972147,1920.415544,3,32073.48786,16.931036,6.156810284,4,72.4744339
19709,33.68947983,30.83562279,19.69295883,4.743851185,2.780287981,2658.44441,3,31589.51496,10.67380238,5.570051193,4,120.9637604
19710,40.26899338,42.54388046,23.13123322,10.84663105,5.865998745,6825.043906,3,30284.20534,22.39422417,8.918079376,4,68.15640259
19711,13.47615051,31.38091469,15.53606319,6.893952847,3.292609215,11795.22851,3,5654.180782,14.30031395,4.276887417,2,245.0715332
19712,31.33664131,23.53294754,17.60810471,5.325810909,3.560942411,10814.53723,3,7566.284682,13.42577839,5.701632023,10,245.6305237
19713,170.0079803,23.44605255,14.47742081,10.20968342,5.621362686,2398.56578,3,1955.896418,29.18558693,8.772228241,4,163.6104584
19714,46.06553268,39.54742432,16.41074181,12.3152256,5.487632751,6961.59208,3,23608.20061,23.80737495,8.285433769,4,201.3457947
19715,13.99029827,37.53090286,19.18151855,5.063144207,3.385549545,377.9584666,3,33317.89015,8.117173195,5.598637104,4,175.7081909
19716,4.057072163,43.45781326,19.8200016,3.048156977,1.163512468,398.2826858,3,33323.34195,4.354587555,2.020532846,4,239.9314117
19717,96.94096375,47.02741623,24.59788513,10.07931995,5.786357403,5748.117762,3,30794.13871,20.52275276,7.942245483,4,93.17983246
19718,53.81442642,22.79445648,15.81938457,6.413310528,3.805208683,12204.66546,3,5235.209124,15.1303196,6.204360962,2,81.15818787
19719,112.363121,22.24251747,16.99390793,6.324382305,3.720780611,12107.31315,3,5408.972513,18.82394218,7.023696423,2,259.5085449
19720,202.6633453,26.52445984,13.75468445,10.63389397,5.913226128,2111.7554,3,2499.948229,31.07196236,8.596154213,4,192.6803894
19721,146.7731476,49.11485672,27.97654152,11.58656788,7.207074642,726.6233703,3,9019.734371,31.11002731,9.207310677,4,325.3416443
19722,36.44803619,31.60219955,26.41071129,7.180911541,4.387816429,2185.761223,3,7619.136207,20.12264061,5.361223698,4,34.17699051
19723,28.14082718,36.12096786,18.22987175,8.635554314,4.433516979,2823.675845,3,7148.09837,15.15342712,6.626037598,4,223.6677856
19724,52.11992645,23.91845703,19.66225052,8.13859272,5.219005108,3363.559931,3,6630.346781,24.44303513,7.625552654,4,208.1416016
19725,79.68710327,39.81298065,18.61645508,17.21807861,13.29176903,249.1361054,3,30369.3925,26.51227951,20.38594627,4,104.0362396
19726,136.5243378,28.30730247,16.79578781,10.92896366,6.266158104,681.2227315,3,9404.643354,28.12310219,10.17690182,4,120.6997223
19727,98.8163681,20.39308739,10.15243053,6.911946774,3.567623377,2092.911011,3,8013.045012,23.72023964,6.264327049,4,59.53445435
19728,166.8001556,27.0812149,12.59651852,9.894782066,5.300118923,2318.464006,3,2113.653848,26.16639709,8.377144814,4,211.2337952
19729,113.5081482,28.4129715,16.40579987,8.439219475,4.944023132,386.4203521,3,10817.44759,21.02653313,9.944215775,4,238.3731689
19730,215.9571381,26.47148705,16.76758957,9.590356827,5.78287077,5545.541731,3,16310.64069,27.2530899,9.598340034,4,266.3085938
19731,133.5176697,33.4027977,19.23770142,10.21619129,5.201032639,2511.919785,3,27295.13766,22.91027832,9.431986809,4,168.8305054
19732,119.6219864,28.37646294,17.45327187,7.729638577,4.777452469,1412.489851,3,28799.62427,19.91600418,8.1098423,4,140.3765259
19733,15.86259365,41.06991577,20.28357315,5.400916576,3.949375153,12.91326816,3,33707.56209,9.096747398,6.226756096,4,40.49532318
19734,165.2108612,27.01883698,16.91241074,9.503243446,5.389543533,6559.804463,3,29493.82991,29.29310417,8.617053032,5,211.8994446
19735,45.52065277,18.83453178,12.16771984,4.132798672,2.871072531,11116.5628,3,7174.057125,11.46478653,5.419059277,10,235.6196594
19736,75.62779999,32.00922775,22.63540077,10.92173862,5.966463566,4081.059336,1,6079.318353,30.41113663,9.979457855,4,333.6000671
19737,128.8206329,52.66400528,26.33472824,10.7295332,5.873988628,4800.167449,3,5751.962992,25.72557068,7.722702026,4,315
19738,77.02011108,33.21857452,22.46729279,11.73554802,8.094769478,167.7615234,3,10260.95563,28.9200573,11.0567522,4,91.72865295
19739,6.251038551,67.99610901,15.57594299,3.139007568,3.261579514,164.802739,3,33556.89157,3.39347434,3.255406618,4,225
19740,19.71711349,54.04645538,25.17827797,5.485719681,3.204322577,118.9794423,3,33664.87016,8.931576729,4.896185398,4,32.19573212
19741,46.77705002,38.18835068,20.828228,4.729509354,3.356063604,524.9660676,3,33255.66013,9.058268547,8.09424305,4,211.4295654
19742,211.1228485,35.61398315,29.50415993,8.815700531,5.797877789,4548.396587,1,5211.580847,31.88389778,8.594172478,10,315
19743,171.366333,34.63004303,27.96398735,8.376331329,5.137778759,1682.434549,3,2767.505533,30.54816628,7.192582607,10,29.18080521
19744,156.1077576,28.08088112,15.99750614,10.18531799,5.704158783,3786.795684,1,4236.265506,29.49978256,8.689361572,4,91.92195892
19745,217.7003021,23.55594254,14.17942142,8.739063263,5.297552586,812.6968402,3,9425.006446,30.95168304,8.444775581,4,240.8711853
19746,106.801712,42.49024582,29.18303108,10.60200214,5.357526779,2986.194668,3,7363.063736,25.63473892,7.885949135,4,45.88787079
19747,120.8770981,23.31492043,14.03496456,6.890093327,4.200312614,7430.590675,3,22367.24139,20.58300972,7.961273193,4,122.8607941
19748,94.23917389,21.70757294,14.40516567,7.87522316,5.075906277,7393.808462,3,23078.76859,24.10725784,7.80343008,4,38.65980911
19749,46.68346405,40.30736923,22.44976234,6.302784443,3.218054295,451.6731366,3,34109.11072,14.01147747,4.904873371,4,92.56376648
19750,109.5749435,34.17084503,18.6311245,8.752695084,4.307476521,5705.199425,3,30491.64855,20.0376358,7.265740871,4,127.9353256
19751,116.5168762,26.385149,14.58662701,9.170398712,4.717301846,5003.554165,3,865.5070362,25.27410316,7.581062794,4,297.574585
19752,36.39573669,22.59383392,15.85523224,7.736511707,3.763277054,353.6527723,3,4866.399113,21.14705276,5.762616634,4,209.5536804
19753,275.2254944,23.06941223,15.69960213,7.727878094,4.737685204,449.3461195,3,4006.369702,27.46416855,8.145346642,4,66.18135071
19754,144.7735748,24.62599373,15.30240536,10.45907021,6.327458382,5032.942982,3,17335.67687,30.73685265,9.711297989,4,172.8867645
19755,67.13393402,29.24501419,16.42075348,6.415840626,3.634431362,2179.533459,3,31834.9779,15.41737652,5.709568024,4,154.440033
19756,73.36746216,22.70155907,15.11731339,6.237290382,4.121706486,12947.07747,3,3469.163094,18.21015549,7.938446522,4,206.5650482
19757,132.0960236,19.27910805,14.32249737,9.103910446,5.92462635,8260.327067,3,7295.142448,28.85691643,8.03335762,10,146.7251129
19758,59.72472,29.95195389,15.04798412,9.477532387,7.520977974,569.6311779,3,1643.365056,18.57552147,13.81153488,5,107.6810989
19759,160.1598816,25.36413765,13.13834095,10.90110779,5.296544075,4094.34159,1,4544.110875,29.22517586,8.387812614,4,165.8688965
19760,162.59935,31.86223793,17.98761559,13.79437733,7.890066624,4294.5834,3,7424.213493,34.27971649,11.33061028,4,81.54424286
19761,130.352417,45.44433594,26.68967056,11.15807915,6.312633991,3634.553184,3,6950.831889,25.97024155,8.705890656,4,289.1336365
19762,135.3067322,29.76027679,19.78185081,10.28613949,6.280293941,4624.043397,3,6160.967322,28.24965858,10.17908096,4,262.875
19763,141.7442627,24.7528038,16.18749809,8.274810791,4.921338081,3720.541263,3,431.6458038,25.86569214,7.376924992,4,122.9694061
19764,154.3173065,21.94965172,14.64989853,9.550431252,6.785942078,1007.047119,3,5404.560056,29.236763,9.453848839,4,219.2176056
19765,149.5613251,25.18086815,14.51969433,12.33480072,6.830597878,2287.13054,3,2689.526666,35.55864716,9.13677597,4,117.0330276
19766,55.9697876,33.18379211,17.89628983,12.10282135,5.935652256,3214.67766,3,7775.640336,25.13150406,9.599963188,4,161.5650482
19767,47.53377533,50.1246109,27.78201103,11.41911697,7.036833763,3469.55401,3,7207.875017,21.9674778,10.90739441,4,329.2587585
19768,161.1827545,31.2430706,16.78140259,9.87040329,5.673522949,5849.119834,3,5197.552111,23.91763115,8.59360218,4,168.6900635
19769,115.6700134,24.27772141,15.62219143,8.896216393,5.227776527,6150.338211,3,1996.050863,26.80851364,7.835153103,4,171.2926331
19770,109.1545486,23.66078758,16.39344788,6.887374401,4.437594891,6901.872494,3,20842.84402,21.00832367,9.096996307,4,236.8222504
19771,66.78821564,24.66431427,17.38570404,8.476398468,5.204824448,7358.625784,3,30355.25501,21.47605324,9.538025856,4,232.5946503
19772,84.80257416,25.2323513,16.06428146,9.788636208,6.430586815,6691.808263,3,30063.32911,28.38016129,9.219446182,5,158.7494965
19773,105.0469284,22.31814194,14.85624409,5.148302078,3.587445021,13751.37874,3,3645.083869,13.64203453,6.634436607,2,99.68878937
19774,116.7439423,50.75511932,29.35839462,12.33474922,6.630102158,6860.350447,1,6318.964523,32.59815216,9.405713081,10,313.6360779
19775,254.640213,44.38349533,31.26266289,8.741437912,6.06584692,5895.770021,1,6054.336942,31.85442543,7.210600853,10,31.28399277
19776,121.6769028,61.8732872,25.0140934,11.17832565,5.399317265,3902.492297,1,4334.405328,34.08707047,7.446495056,4,23.59049988
19777,42.74969101,34.2995224,15.86705303,12.07245636,6.310066223,3668.543096,3,7220.929032,27.63052177,10.05392838,4,129.3455811
19778,152.571701,49.4006691,27.63480759,6.44932127,3.91686058,1176.042201,3,34915.7735,15.34665966,6.606087208,4,323.1300964
19779,65.24884796,36.94603729,20.7449379,10.14281464,5.813047409,6855.497083,3,30601.55218,22.88607025,9.865293503,4,57.14961243
19780,142.7046204,20.76878929,13.15268517,7.120753288,4.167689323,9573.368341,3,1886.113841,23.6211586,6.524113655,5,165.9637451
19781,134.7121887,25.90904808,19.02147865,8.638803482,5.038499355,651.7559176,3,141.5303569,29.0904026,8.066110611,4,60.12400818
19782,92.99040985,34.17245102,22.63293076,8.789625168,5.002868652,3123.261724,3,7362.053004,19.99423981,8.358269691,4,34.99201965
19783,95.34614563,40.49949646,19.02828979,13.47597504,7.637841702,2296.320646,1,6499.851784,33.23827744,10.76824856,4,300.113739
19784,101.4598389,50.71326828,24.98010254,12.60384274,6.618539333,1099.511996,3,11533.645,25.11617279,9.188420296,4,323.0895996
19785,9.409312248,28.52827644,13.12299347,3.890530586,1.141826391,781.3975352,3,32756.32104,7.236620426,2.678865194,4,201.5014343
19786,30.5522213,52.06321716,24.56699753,4.905858517,3.496702433,134.3157348,3,33423.78197,7.828009605,5.309605598,4,60.94539642
19787,163.9121399,29.61617279,16.88132286,8.917161942,4.961417198,6449.798864,3,30798.2281,24.91798973,7.867292881,5,144.6375427
19788,219.9549103,33.60637283,28.51888466,8.486188889,4.898037434,5257.039975,1,5883.627829,29.392416,9.287128448,10,336.0375061
19789,199.0004272,26.77357674,19.57092476,10.18662643,5.974394321,2634.534502,3,3342.017286,34.84003448,9.414582253,10,87.87890625
19790,184.7388611,27.93982124,16.3721981,7.931698322,4.606868744,5450.973598,3,1308.030995,20.21579361,6.249871254,4,217.1847076
19791,118.5931244,58.82783508,25.65598297,6.874429226,3.709429741,1061.44733,3,31519.18625,14.37972546,6.12828064,4,35.99791718
19792,100.2248535,30.07235718,17.51504898,8.424438477,4.607671261,2486.685465,3,35899.6546,19.52737808,6.665641785,4,100.0079803
19793,103.5622864,31.26734924,17.16316414,8.551066399,4.553813934,2760.611416,3,35273.41563,20.22663116,7.783042908,4,152.2056885
19794,112.4863586,28.73019028,17.17306709,10.44164085,6.250892162,4418.737493,1,4869.283655,29.57386398,8.0930233,4,118.6750488
19795,46.73254395,38.484272,21.98368073,12.12500763,7.240801811,4601.580735,1,5053.245063,27.42160988,9.119487762,4,261.4246826
19796,166.256424,26.21850014,14.07408237,10.81984425,5.653329372,2064.629969,3,2264.133842,29.59513092,9.51540947,4,165.3236084
19797,131.4438019,36.86994171,26.28315926,6.749567986,3.832227707,2207.010418,3,34270.20607,17.74697495,5.604239941,4,319.1352844
19798,50.33905792,35.17401123,23.43774605,7.19113636,4.188158512,2851.955566,3,31764.47955,16.96433067,6.505304337,4,277.0283813
19799,61.74960709,26.81068039,15.28107166,5.579485893,3.044332743,12351.97612,3,3249.157621,14.64123726,5.527089596,4,165.9637451
19800,7.542444706,18.59985542,7.886556149,3.802667618,2.295115948,11422.08618,3,7040.232303,7.234530449,1.783943534,10,199.3589935
19801,140.4451141,37.04048157,30.60784531,7.90296936,5.6725564,7738.255967,1,7441.418111,25.19295883,8.942138672,10,331.7409668
19802,137.8762207,26.69967842,18.40937042,8.906086922,5.590859413,1466.016158,3,11481.47323,30.47600365,8.429391861,4,137.3327026
19803,109.9632263,31.60354614,19.01953506,10.12510586,6.351083279,2720.152053,3,12592.62224,26.06853294,7.978914738,4,244.9831085
19804,110.1218185,29.48677826,16.87327194,9.221988678,5.230059624,2399.90526,3,12371.11665,27.42813873,7.659414768,4,126.119339
19805,109.515213,34.57120514,17.43595314,9.091567039,5.21523428,1752.696124,3,36079.07467,22.28419113,8.518028259,4,204.6502075
19806,35.44312668,58.61652374,25.09124756,6.991878033,4.028540134,130.2474629,3,33524.27465,11.73429585,6.206804276,4,315
19807,10.14422321,65.27039337,18.26381302,3.707154512,2.100380182,277.2558944,3,33234.71358,5.308277607,2.913488865,4,293.9624939
19808,108.7583923,25.85620499,17.33374214,10.13829041,5.521512508,6183.306394,3,30117.6756,29.94085312,7.890590668,5,321.3636475
19809,89.85497284,51.53401184,27.50178528,7.02483654,4.644412518,13607.51982,3,3713.428367,14.45901299,8.69121933,2,308.2110291
19810,150.7771149,30.37401009,18.42654037,9.749918938,5.700695992,206.5638553,3,9312.029628,25.1612072,9.739674568,4,279.8658142
19811,185.8095398,44.25590897,28.54187965,10.94241619,6.549589634,1368.228764,1,9081.557858,31.34660912,8.975103378,4,69.44395447
19812,114.6126404,38.73033142,26.8846302,6.333231926,3.914594412,7818.424124,3,1060.690406,16.50917625,7.070782661,5,304.8499146
19813,65.93462372,22.76957703,17.62275887,6.586391449,4.207687378,11661.84876,3,2813.240696,20.67039108,8.619137764,4,96.48686218
19814,139.7944641,30.43665886,16.70121956,8.425972939,5.009749413,1826.699651,3,2362.295346,23.81293678,6.912947655,4,226.3562927
19815,107.891037,28.07491684,17.71603394,8.843032837,4.48412323,2136.181459,3,27567.82333,23.70257187,6.863451481,4,272.593689
19816,145.3209991,34.85060501,20.98455811,7.659966469,4.100047112,1130.32916,3,34810.74235,19.06501389,8.597800255,4,58.60897064
19817,66.20288086,37.65634918,28.81138992,6.766823769,3.96126771,8330.564006,3,1207.269343,18.57541275,6.422227383,5,26.88923645
19818,76.74062347,44.20197678,26.16089249,4.756981373,2.957039118,13630.71123,3,3640.631606,11.16743755,6.965588093,2,71.00334167
19819,65.04568481,31.75623322,18.32724953,8.978788376,4.66512394,2205.231471,3,8454.684487,20.20619392,7.352719784,4,176.9872131
19820,34.94325256,36.47372055,16.61010933,6.125899315,3.560640812,2604.661991,3,7984.064176,14.67401505,4.502254486,4,65.89776611
19821,80.904953,33.62976074,16.05990028,10.39107132,5.912991047,6829.53763,3,23499.93788,27.27158165,9.593914032,4,69.85966492
19822,18.2805481,44.65317535,16.73110771,8.4983778,4.682608604,6561.192132,3,23760.05441,18.87437248,5.401887894,4,152.2414551
19823,99.91317749,46.73262024,26.67541122,7.680650711,4.03095293,464.3051383,3,34211.21166,17.44584656,7.472007751,4,41.18592453
19824,145.7112885,26.46792793,18.51225662,6.492624283,4.008322716,7315.756362,3,7446.412595,20.22471046,9.412420273,10,97.02351379
19825,240.1258392,25.8652401,15.26686478,9.833665848,5.187365055,978.1372895,3,1360.047222,32.67166138,8.110396385,4,235.5277863
19826,158.4367981,28.56614304,17.42722321,9.998161316,6.253380299,5135.835228,1,5589.097666,28.98718071,9.437085152,4,227.2394714
19827,174.9983368,27.77338791,16.72232246,11.24263763,7.08907032,4118.906172,3,6252.777307,32.01804733,9.393868446,4,103.1408844
19828,135.3009033,28.1708622,18.75343513,7.909362793,4.929740906,2735.619593,3,7381.623715,19.56123924,8.292705536,4,62.71579361
19829,105.1489182,49.89562988,29.07812119,8.877230644,4.885072708,2183.307764,3,7666.200466,21.89887428,7.616714954,4,331.1443481
19830,119.8279114,28.62012291,18.38062096,12.54057312,7.758777618,1103.401491,3,8887.2094,29.67737579,11.31434822,4,213.0675964
19831,117.5314178,37.14751434,25.23125648,10.81238174,6.498380661,2329.064582,3,8077.256223,29.19567299,9.051685333,4,46.69725037
19832,112.8841324,21.16409111,13.84877777,7.705931664,4.766682625,1139.334908,3,5439.826723,26.38814926,7.69721508,4,216.8699036
19833,151.3979187,28.42296028,17.82274055,9.378961563,6.498645782,696.4319695,3,10831.94876,25.9251976,12.27338982,4,265.7483521
19834,87.39492035,34.70677185,19.73777771,20.19508171,10.89118671,171.1359956,3,29914.77827,38.83880997,16.01296234,4,160.2935791
19835,98.66529846,22.94684029,15.29326344,7.375460625,4.371234417,390.7938513,1,30445.12958,24.55156326,12.01074219,4,305.2175903
19836,117.8444138,30.30074883,19.13240814,8.524555206,5.34976387,1758.359798,3,35440.34255,22.15361595,8.100952148,4,87.27368927
19837,28.30484772,45.46564865,19.52044678,5.864744186,3.925520658,968.3945898,3,34627.63786,9.393521309,5.256853104,4,41.90594101
19838,121.8770294,21.82443237,14.20841599,7.205600739,4.571973324,11698.01704,3,6546.293094,19.82038116,8.525492668,10,138.5328369
19839,36.79710007,38.13841629,26.37125778,7.555070877,5.089906216,12761.63161,3,4402.592449,13.32994652,8.872476578,2,88.36342621
19840,142.3908539,21.39920044,15.86709499,6.834430218,4.107687473,2544.25443,3,2962.823118,33.1680603,7.74039793,4,261.2910767
19841,134.492691,43.02890778,28.05233383,9.242275238,5.172468662,5607.017048,3,24439.16864,26.69958496,8.516798019,4,45.55090332
19842,10.59962559,49.69896317,13.23575115,7.039886951,3.702039719,3900.718859,3,26159.81568,11.26284695,5.550942421,4,182.9242249
19843,4.963757992,24.82404518,11.38558197,3.132136106,1.35317111,11551.33611,3,6602.473844,4.53140974,2.043393135,10,181.1453094
19844,55.77994919,22.23403549,14.66996002,4.992882729,3.956732988,11057.38035,3,6913.580131,11.06715012,6.178946495,10,245.7338562
19845,153.3729248,24.84629631,16.32751274,7.539821625,4.863896847,748.2299145,3,1957.305765,25.02293587,13.12568951,10,95.1370163
19846,82.90142059,38.37303543,26.2961483,8.380299568,4.817632198,1918.942799,3,8043.653174,19.51567841,7.267203331,4,30.96375656
19847,117.5905075,27.17551994,17.07088089,9.37498951,5.241623878,5929.454108,3,1791.587985,24.89658356,7.944771767,4,295.7407227
19848,169.480423,26.69955826,15.06535053,7.784498215,4.367153168,4038.088205,3,117.6468271,25.27554321,8.181884766,4,127.2079163
19849,132.1551666,31.26499176,20.62338066,14.31175518,8.511116028,610.4684294,1,4635.262073,35.65125275,13.75563049,4,281.1855469
19850,56.91492081,53.62721634,25.99766731,8.844032288,4.459151268,2710.822538,3,36232.40152,17.17045593,7.277220726,4,323.4859619
19851,122.8191833,35.00341034,23.40347099,6.367671013,4.105280399,2290.207897,3,36014.62429,15.8916626,7.812656879,4,278.1300964
19852,139.1137848,47.01987839,28.42207336,6.948310375,3.870739698,626.0829271,3,34442.78893,16.3711319,7.316349983,4,38.70949554
19853,191.4781494,23.56680489,13.04819393,9.291294098,4.869549274,964.500576,3,2576.6785,28.59342194,8.914321899,10,148.3282776
19854,131.5737457,23.46207619,15.89589405,6.947639465,4.094260216,4176.627918,3,9.903294447,24.73547363,6.730204105,4,65.63253784
19855,109.3619537,22.7785244,22.19909096,7.2230196,4.096010685,5391.726246,3,19052.58649,23.72100067,8.089677811,4,29.4758873
19856,133.7323608,40.88538361,29.13884544,9.138594627,5.178852081,7028.672957,3,22646.43607,23.36641312,10.27577114,4,328.1585693
19857,106.2621155,32.07513809,18.48003387,8.371912003,5.057561874,1246.085906,3,28661.76183,19.36546326,7.613459587,4,63.43494797
19858,40.90946579,38.28139496,13.7658987,12.99549961,4.995734215,294.421379,3,29668.62993,37.49393463,6.962668419,4,191.8702698
19859,49.37927628,30.80164719,14.92965603,14.25976372,7.495594978,353.9596544,3,29518.69143,35.52141571,12.75296211,4,120.9637604
19860,79.14453125,60.29431152,23.47831917,14.06108665,5.738695145,236.614461,1,30125.57244,31.58883858,10.08916759,4,88.54982758
19861,97.86904144,29.67938042,19.00583839,6.556190968,3.449941397,2317.310206,3,32609.74507,19.31568336,5.084443092,4,281.5466919
19862,107.4363632,25.43124008,17.42882538,6.512039661,3.809192181,3245.834886,3,36664.50392,19.0039978,6.057741642,4,287.6212769
19863,127.2123566,30.22789574,23.79280281,6.702141762,4.063401222,2783.703474,3,36458.58821,18.59531403,6.679218292,4,62.39801025
19864,82.39073181,25.01785851,19.24388123,5.596677303,3.769444942,13608.37934,3,3613.530858,20.71143723,8.703185081,4,75.90726471
19865,6.806511879,39.33520126,17.22140884,2.315146208,1.380869985,8.079274492,3,1749.80186,3.678241491,1.980163693,5,119.7448807
19866,199.8012238,23.52090263,14.94898796,9.054633141,5.354044437,2233.239182,3,8983.84656,24.73966217,8.384267807,4,181.6602783
19867,115.5590057,23.80397034,15.70918751,9.045498848,4.774983883,607.2235978,3,9748.853781,30.22337914,8.570472717,4,123.4861679
19868,79.89975739,41.30598831,28.28803825,8.179154396,3.964992762,6208.713127,3,19246.64171,20.15008926,7.31498003,4,307.0730591
19869,14.45964432,31.44775772,18.92614365,3.466897726,1.792200446,6220.52593,3,19868.11183,9.668244362,3.35172224,4,248.7494965
19870,168.7314606,41.31510925,26.70673752,6.814128876,4.295378208,3249.648108,3,32267.03416,15.05454159,7.752694607,4,311.5314331
19871,82.03980255,21.26151276,16.47811699,4.82197237,3.196877956,8690.519909,3,1430.467004,15.21722031,5.250439644,5,273.8140869
19872,146.3478241,24.06184387,13.31576633,9.812684059,6.30656004,629.803775,3,2118.01753,28.23999596,13.286273,10,77.77407837
19873,143.7765198,33.96663284,23.67013931,9.801534653,5.797876358,620.8283303,3,9618.077051,31.88653374,8.747810364,4,61.95281982
19874,107.3964005,31.00781631,19.18231773,11.62611675,7.096607208,79.38083747,3,9982.59563,28.64821815,11.39848804,4,84.59272766
19875,121.3691635,22.30669785,14.43827915,6.752895355,3.906985044,7490.65594,3,22540.47379,20.63500977,7.186562061,4,110.8977661
19876,67.19164276,30.33314323,20.24156189,11.84762287,6.562492371,4325.136062,3,25820.02022,28.21136475,9.487394333,4,153.711731
19877,145.9776764,29.45598984,18.72595215,6.000198364,4.201243401,3326.266074,3,32664.40461,15.47350597,6.551915169,4,281.9335327
19878,74.41062927,30.45626068,19.04621315,6.300954819,4.073153019,846.4567384,3,33188.53401,15.64589691,8.535626411,4,226.4146423
19879,134.8809052,25.57882118,17.55792236,8.69048214,5.062065125,7541.654015,3,30326.67226,22.52942276,9.238653183,4,192.0305939
19880,6.957607746,54.63550949,29.76238251,2.168906212,0.934491813,12974.77608,3,4348.744983,6.850606918,1.300983906,2,15.94539642
19881,66.26152039,37.614254,26.14979553,7.543731213,5.083949566,13170.92507,3,4260.556546,15.57971287,8.364929199,2,98.13010406
19882,107.6250153,35.16571045,21.48415184,7.491968155,4.875887394,12007.45898,3,6345.293097,18.45064735,8.430458069,10,88.1467514
19883,194.8456879,34.4094696,23.3195076,8.999868393,5.04382515,3947.941849,3,6095.730155,23.99634361,7.578026772,4,63.43494797
19884,185.762085,27.58626938,16.59098816,9.600418091,5.665419579,1145.973439,3,2697.630817,29.45491982,9.323117256,4,98.53076172
19885,113.9731979,40.48194122,24.60082626,10.00419712,7.728489399,7838.668152,3,21959.19912,20.45100975,11.21376228,4,66.9828186
19886,150.6553192,28.28845406,19.25720787,7.657958508,4.647787094,6793.959805,3,22601.84162,21.47206497,7.726499081,4,90
19887,25.12119102,36.56504059,26.41628838,9.774171829,5.313346386,4168.893137,3,25817.50365,17.17684937,8.6096735,4,27.17360306
19888,116.4217377,36.49633408,25.07802391,9.176966667,5.313242912,3898.153391,3,25750.91025,26.14927673,9.048728943,4,67.97271729
19889,80.94818115,27.36059761,16.14817619,9.193229675,5.640269279,3375.035996,3,26466.79856,24.69488716,7.905044556,4,223.816803
19890,25.64694977,38.46125031,24.53585243,5.76855278,3.425140381,12786.34235,3,4699.07857,11.56179714,4.886029243,2,48.09630585
19891,175.8793335,25.94518661,21.83753014,7.750920773,4.397843361,4796.726687,1,5242.995338,33.55825424,5.898561001,10,42.67847061
19892,77.9229126,28.22924995,15.34653664,6.797183037,4.132302284,588.0990463,3,1260.906464,17.89655304,11.98176575,5,267.5563049
19893,139.4997711,24.47683907,17.23277855,10.4602623,6.65096283,1973.542289,3,2382.224437,33.41265488,9.109026909,4,139.9697418
19894,206.8918152,23.07456779,13.557868,9.885660172,5.59721899,931.5795605,3,3002.164467,30.56400681,10.04071903,4,188.9483032
19895,218.891449,21.67855453,14.5069561,7.255360126,4.704761505,319.9971774,3,3930.484856,27.8757,7.000407219,4,94.08561707
19896,160.40802,23.88933945,14.96068859,9.545972824,6.382013798,5204.798351,3,17797.31431,32.37784576,8.626725197,4,223.0908508
19897,45.15693665,30.29953957,19.77840233,9.277080536,5.372546196,4687.641318,3,25353.23438,23.29726791,8.924090385,4,29.74488068
19898,62.90704727,23.39646149,15.69675446,5.08006382,3.334140778,10940.90606,3,6547.642136,13.103652,5.491045475,10,239.3493347
19899,91.97026825,22.35829353,18.29224777,8.600942612,5.744584084,8898.709036,3,7667.076435,24.71163177,7.841756821,10,187.523819
19900,270.289032,25.02944946,14.50716686,8.911881447,5.067260742,3031.572099,1,3470.073348,31.5848732,8.289788246,4,254.6323242
19901,174.6452942,22.23750877,14.8013773,7.930159092,5.075128555,5515.18411,3,17793.4198,31.52933884,10.06126595,4,227.3215332
19902,83.50640106,27.74707794,24.43377686,7.959168911,5.586997509,6060.594289,3,18827.06667,25.9167099,8.076194763,4,57.43956375
19903,15.63546658,45.70427322,23.19298172,4.025491714,3.10763526,12665.17377,3,5393.175494,6.307823181,4.139055252,2,62.98025513
19904,50.34870529,33.53971863,20.54674149,6.271774769,4.273346901,10078.82702,3,7033.132254,13.11987972,5.973325253,10,93.12213135
19905,80.97103882,36.23999023,22.88312149,5.738042831,3.204671621,9875.676376,3,6863.777593,14.69587421,6.008653641,10,40.60129547
19906,108.2541122,33.88367462,21.55513,8.341485977,5.669883251,9416.323648,3,7028.832618,19.89007378,8.195908546,10,39.93437958
19907,5.832896233,35.5060463,18.93714714,2.786807299,1.787016153,250.3603116,3,1708.79307,4.179487705,2.383234739,5,296.5650635
19908,109.5052338,42.21372604,26.75826263,13.57191944,9.175455093,133.1555873,1,29833.14925,31.49640274,14.73953247,4,327.364624
19909,9.726882935,52.37916183,23.58158493,4.267077446,1.875271678,352.9425554,3,33177.45642,6.318434238,2.691311359,4,83.6598053
19910,97.05686188,30.8713932,17.9794445,7.042256355,4.121469021,970.1931907,3,34625.58332,17.64320946,7.225558758,4,83.61816406
19911,60.15037537,31.02608109,17.81448174,7.282238483,4.169853687,1548.746018,3,32793.95853,16.02596283,7.652015209,4,122.6192474
19912,45.28333664,34.83768463,21.28938484,6.13366127,4.189297199,2022.175391,3,32717.20776,12.46668434,7.628354549,4,276.6711731
19913,37.48806,30.96801949,18.76002502,13.6579504,7.477070808,7571.348734,3,30602.82543,28.24634552,13.28601551,4,187.7500305
19914,104.1190033,21.97774506,14.16174793,5.606236935,2.674065828,12448.15216,3,5143.485035,18.56981277,5.915986061,2,225
19915,129.4944305,22.19063759,18.27310562,6.154858112,4.399746895,12070.51373,3,6287.433795,18.08609962,8.133982658,10,96.04409027
19916,197.6340027,28.96852493,17.25762558,8.935899734,5.581976891,1124.758017,3,1178.628893,27.3368721,11.71413422,5,271.1852417
19917,235.5888519,22.58275795,15.05591583,8.68183136,5.470375061,2017.806946,1,2448.94431,34.46694946,8.521273613,4,296.5650635
19918,219.46492,26.58771324,16.81833649,10.94975758,6.78329277,2572.257143,1,3009.324039,35.24139786,10.4856081,4,302.1839905
19919,101.6306686,28.94036674,18.61053848,10.32001114,5.848896027,4835.387769,3,5528.27061,29.36486053,7.553313255,4,270.2628174
19920,64.5315094,26.6663208,21.95838928,6.76950264,3.410613298,6412.696777,3,19578.64924,19.87280273,6.814518452,4,44.1039505
19921,141.4116974,41.65158844,27.29782677,9.500461578,5.770559788,4817.543234,3,24780.39811,26.45746803,8.468267441,4,61.92751312
19922,147.666626,30.49315453,18.88969231,12.54817963,8.311372757,444.6544817,3,28708.88638,31.07172203,14.45660973,4,111.4767914
19923,181.8309479,31.9851265,20.40785027,12.03682995,8.621016502,421.631084,1,29359.21471,31.4287262,15.10004425,4,278.408905
19924,116.2725906,40.14450836,28.46967316,7.140690804,4.111451626,3487.309566,3,33268.85676,16.87589836,6.26424408,4,34.0554657
19925,127.7083435,40.34689331,30.15484238,6.205392838,3.4510746,3753.330225,3,33479.60591,16.4850502,5.128959179,4,324.3674316
19926,85.62869263,27.72013664,17.4002533,7.066123962,4.516934395,2039.598737,3,36283.46271,24.37581444,5.998648167,4,273.4336243
19927,116.5297165,33.62787628,20.23090744,10.16075325,5.606032372,2369.616954,3,36460.47664,22.62452507,9.011530876,4,221.8123779
19928,92.98320007,51.74954224,25.19451332,9.704586029,5.500374317,6141.325007,3,31502.46093,20.64240074,8.424718857,4,55.00798035
19929,27.15643883,33.11588669,19.03786278,6.400281429,3.841870308,8022.120353,3,30588.0317,17.91817665,6.568323135,4,235.479126
19930,201.9141541,27.37471771,16.19672203,12.74090195,6.780340672,1164.433656,3,1567.805212,32.59941101,10.48816681,4,156.6071777
19931,182.6513214,41.38349152,25.86746979,11.56537151,6.895439625,842.1706849,3,9890.179019,29.49454117,9.93802166,4,288.7333679
19932,60.20122528,36.60067368,20.48239708,11.78083706,6.303812027,378.9014757,1,30243.46376,27.90761185,9.845010757,4,274.531189
19933,75.25811005,33.23472214,24.76927948,5.653680325,3.111737251,3331.115617,3,33967.86762,16.81076241,4.892054558,4,276.8500977
19934,46.91876221,62.67734528,22.12536812,10.79516506,5.686228752,7476.686878,3,30864.18815,19.40432549,8.245763779,4,53.31465149
19935,16.99755859,44.00289536,24.48301697,4.828076363,3.298555136,12679.51342,3,5527.430489,6.973726273,4.463230133,2,279.4623413
19936,113.7498322,27.92678833,16.86478806,8.700676918,5.350447178,1113.647757,3,28071.40761,22.22848511,8.295089722,4,230.9061432
19937,123.2540665,33.30705643,20.66641045,5.956862926,3.469224691,1422.767212,3,30947.38492,13.65512371,5.51165247,4,290.0596924
19938,84.97531891,35.92002869,17.88565445,9.242306709,5.176355362,6227.984383,3,31068.04887,20.31866074,7.336671352,4,141.9320984
19939,254.207962,19.4004631,13.8779192,7.64418745,4.2040205,1502.651714,3,3127.0211,28.25709343,9.381879807,10,113.6705399
19940,214.7702484,20.53457832,12.32470036,7.227285385,4.444032192,1210.051771,3,2837.023395,31.0774231,6.965409756,10,96.08853149
19941,101.5428085,26.56414413,15.67730522,8.239402771,4.544302464,2875.088739,3,8070.811837,22.65263557,7.075644016,4,178.0384827
19942,65.56306458,39.82707214,28.62417221,13.489398,7.417945385,841.1625509,1,5017.871777,31.75470543,10.98086929,4,24.22023392
19943,50.76833344,25.48620224,19.13522148,8.736373901,5.036137104,1499.910091,3,5678.411477,26.93391037,8.884243965,4,209.8590088
19944,108.6687698,29.90473366,17.05483437,6.738361359,3.773839235,3012.07944,3,35072.53246,17.39988136,5.5073452,4,61.76032639
19945,114.0577164,53.4979744,29.02349281,8.277831078,4.181731701,618.8039733,3,34413.8757,20.48771667,7.880177021,4,48.44061279
19946,82.05756378,32.35214615,21.78656769,6.553688049,3.804354668,570.0817004,3,34395.78253,18.59669495,6.539409161,4,47.04541016
19947,129.7983856,24.97592545,15.89251518,8.556806564,5.211407661,6681.938924,3,30398.62263,27.01594353,7.197448254,5,293.3109131
19948,220.9226074,26.40723991,19.57650566,9.313275337,6.038223743,3771.212647,3,4384.858654,33.30706787,8.731437683,10,82.11685944
19949,136.1374207,38.17647934,24.80813599,8.686794281,5.229501724,5876.701778,3,1727.066294,23.25293541,7.816858768,4,279.9580688
19950,177.8237,25.20163727,15.31546688,7.498847485,4.670203686,3287.35371,3,764.4271878,24.89032173,7.681280613,4,68.96248627
19951,230.7143555,24.70682907,17.86710548,10.3867836,5.88862133,2941.800173,3,6939.790348,35.92066574,10.56478596,4,221.6981354
19952,151.3191986,27.77888489,16.34651566,9.849440575,5.372529507,1792.839929,3,11764.10915,28.81552505,8.600083351,4,248.0088654
19953,153.3900452,24.54191971,16.39489937,9.085963249,5.537998199,6326.02929,3,17474.91086,28.79258537,7.490476131,4,162.349884
19954,135.8962097,28.96112251,17.49390602,9.488034248,5.49238205,5108.258794,3,24662.36979,28.88637733,8.515850067,4,113.4023438
19955,103.5101166,54.23167038,23.81928062,7.818732262,4.490250587,1039.795123,3,30002.59955,15.30305481,7.135427475,4,303.3306885
19956,41.25026321,50.36093903,28.82711029,7.691167355,3.280514479,590.0456788,1,30036.44784,17.83861542,6.612249374,4,334.2306824
19957,79.4184494,46.33627701,26.87418747,4.737962246,3.217872381,475.2969612,3,34016.17249,9.576900482,5.781618595,4,299.6973572
19958,21.46896935,48.58965302,19.18629837,20.91365814,8.447348595,7881.701254,3,30718.10736,26.19200897,13.14933205,4,57.23616409
19959,20.81451797,42.26688004,25.49866104,4.837440491,3.11200738,6500.847754,3,117.0992851,11.01545048,5.779664993,5,296.1024475
19960,47.20940018,39.33472824,26.95882797,4.859364986,2.860000372,6357.451847,3,227.5839538,11.83163834,5.256547928,5,53.13010406
19961,4.405916214,40.9081459,13.21716976,1.653703928,0.907454669,113.7733423,5,1898.547485,3.063372374,1.174111128,5,173.840271
19962,243.5859528,26.46719742,17.79596519,8.767139435,5.221916676,643.9931382,3,296.7520462,29.09591866,10.06394386,4,67.98871613
19963,59.33234406,29.67121887,16.86922073,12.14805412,6.199394703,4140.267534,1,4591.953759,26.68594933,8.884768486,4,143.9614563
19964,150.3723297,34.03410339,28.06013298,9.006972313,5.426253319,1658.958836,3,5254.54047,28.46234703,9.876177788,4,38.90570831
19965,34.23713303,55.51609421,22.77865028,15.10091877,7.622811794,1585.89375,1,5666.56147,23.40594101,10.87539101,4,327.4586792
19966,47.4245491,35.12253571,26.63032341,7.20999527,3.664220095,3169.848065,3,35752.5296,17.75204277,6.332238674,4,327.2647705
19967,26.11344719,46.80004883,16.84333992,12.5678606,6.788003922,7390.174828,3,30719.18569,16.25404739,9.8403759,5,135.8425293
19968,113.3577347,21.43516922,15.27263355,5.952490807,3.764601469,10763.95646,3,1915.227969,20.54089355,5.884279728,5,109.1336441
19969,77.16533661,32.55254745,19.69185257,7.373083115,6.489788055,273.7728956,3,2251.922149,16.15344429,14.09258461,5,116.6829376
19970,53.17964172,37.91444016,18.92702103,9.474979401,4.529124737,7413.713189,3,31411.06047,18.87167931,7.276165962,4,110.796608
19971,17.62607574,62.53083038,13.94666767,16.73306084,6.680383682,7903.52445,3,30816.36603,19.77952957,10.81256866,4,89.89590454
19972,136.0410309,25.72663116,15.35060215,6.43510437,3.765449762,9699.02118,3,1704.930086,19.74791336,6.170148849,5,256.0615234
19973,124.7628326,18.29308128,13.60239983,5.291873455,3.78094244,11997.45976,3,6006.180232,17.83647346,7.795871258,10,94.52587891
19974,126.6218491,27.40795326,15.31655312,9.489096642,4.954482555,6525.573734,3,3780.612034,26.53874207,8.52395153,4,149.0362396
19975,95.87195587,33.64704132,22.77575874,6.976510048,3.738672256,1243.963238,3,30416.61295,15.31765366,5.6763134,4,312.6079712
19976,44.02703476,24.65715027,13.23327732,6.980622292,3.620490313,847.8619669,3,30417.22461,17.78928566,5.881457329,4,313.7269897
19977,64.40403748,35.0406189,15.24094963,7.999839783,4.041547775,3137.8603,3,35370.72009,16.87955666,6.424341202,4,113.3852234
19978,17.88366508,38.97958755,16.48865509,5.443205357,3.258030176,475.3478377,3,33156.2086,9.257873535,6.805725098,4,205.1148376
19979,54.43146133,34.57926559,19.18149757,5.851714611,3.415182829,4727.870499,3,31951.02829,12.55552197,6.461593151,4,213.0238647
19980,111.0837021,20.46837234,16.88646507,7.016432762,4.396597385,7093.821278,3,30707.28798,23.55260277,7.486409187,5,274.3323364
19981,194.2221527,26.40319061,16.29436874,10.45270252,6.255584717,3152.237961,1,3603.187602,31.57574844,9.148809433,4,144.0664978
19982,16.06619072,37.66781616,12.26702023,7.848482609,3.680320024,6774.814882,3,2636.132346,19.00109482,4.441511631,4,271.735199
19983,21.37088776,46.24342728,19.00999641,12.32176399,7.010187149,1341.798896,3,5440.168435,21.88382721,7.964512348,4,270.520813
19984,184.7416992,28.363554,17.30016518,8.903082848,5.985066891,2644.940949,3,6196.253723,23.56509781,8.943649292,4,290.3497925
19985,28.86065674,56.16474533,20.95260811,9.422041893,5.20327425,1932.493879,1,32349.51565,17.2824955,7.698255539,4,327.8608704
19986,101.3005981,27.02783394,16.6180439,6.49028492,3.798987865,3723.201634,3,34279.08881,17.11341286,6.13420248,4,72.05410767
19987,145.5014648,21.47467232,12.89979458,6.605448723,3.795619726,9942.918174,3,1710.936354,20.79381943,6.344509602,5,208.6104584
19988,65.5280838,24.33817863,13.8274765,5.48237133,3.110099316,12313.67115,3,3013.454681,14.62904167,5.38305521,4,230.5275421
19989,46.34879303,36.54235077,21.71550941,4.366036415,3.062735319,12872.94857,3,5004.868517,8.718387604,6.398109436,2,236.7682953
19990,2.260776758,35.42787933,18.94536209,1.345213532,0.612608969,33.07853986,5,1968.522333,2.827240944,0.756845713,5,112.5
19991,2.269094467,45.90917969,17.75963211,1.264940023,0.754216313,58.66445029,5,1988.971056,2.271924973,0.981283128,5,98.13010406
19992,11.19766808,54.15633011,16.35082626,8.906511307,3.867940187,4157.123169,1,4609.443951,13.10152912,5.961686611,4,293.0807495
19993,168.5967712,39.08642578,25.07554436,9.599669456,5.9231987,4802.00081,1,5257.139104,27.77527618,8.931519508,4,305.0099792
19994,28.78301239,38.94850922,15.67237473,5.261371613,5.4040308,303.8002831,3,1805.281297,9.10532093,11.3753767,5,278.1300964
19995,176.4736633,40.01457977,22.94466019,10.86914539,6.249883652,1187.234303,3,1521.274749,27.22805405,10.41393089,5,305.7236938
19996,97.54669189,41.13991165,27.13105202,8.114545822,4.478405476,2556.168293,3,6928.607771,21.61632347,8.149614334,4,32.55557251
19997,131.5895386,30.04534912,18.45156097,12.41487503,6.372525692,7326.166964,3,3273.762853,25.69708252,8.641446114,4,192.3680725
19998,41.30747604,34.71881485,19.53043175,9.230742455,5.752048492,6768.622042,3,2955.605941,23.55198288,8.909615517,4,126.1090012
19999,92.18766785,32.1321373,18.87356949,10.61942673,5.088691235,6718.762352,3,2764.445229,28.65213013,9.450514793,4,279.7824097
20000,165.5156097,26.4309597,15.51076794,9.029018402,5.477366447,4553.926622,3,726.7374596,22.88489151,8.969595909,4,205.4782715
20001,194.3901978,33.14603424,18.42758179,10.84448528,5.725428581,734.2141493,3,9329.774367,28.88880157,8.804683685,4,158.9306335
20002,201.9154968,28.03315163,17.07260323,11.09814262,6.455922127,1031.348698,3,8622.980777,30.68130493,9.753290176,4,193.3392487
20003,63.56200409,44.53466415,25.09877014,9.454213142,5.275086403,7803.6174,3,31766.05968,20.204422,8.088445663,4,274.9344177
20004,80.79281616,31.15929413,18.92716599,5.829830647,3.640028954,9483.634851,3,6278.356422,12.60597706,6.345579147,10,82.87498474
20005,215.8977509,21.30298233,12.57787228,8.794106483,5.562242031,1375.265248,3,3201.211484,33.66285324,8.618288994,10,97.33937073
20006,117.5230637,24.64763832,16.64557648,7.575276375,4.229373932,7332.999199,3,31208.35034,22.84018898,8.516702652,5,232.5946503
20007,71.0292511,23.62158394,16.66870499,7.510819912,4.35948658,13021.67876,3,4581.944751,18.7076664,8.167816162,2,256.53479
20008,157.201767,27.77643204,18.61752892,7.756392002,4.476246834,6122.342964,3,5219.079657,23.11551094,6.989177227,4,266.423645
20009,213.170105,38.82794189,23.64671898,11.41469002,6.609669209,3097.14524,1,6873.396129,29.71037102,10.1822567,4,299.2999268
20010,155.6296082,28.73747826,18.60166168,9.826798439,5.997400761,6065.570051,3,16185.80396,29.16715813,10.27116776,4,157.1094513
20011,104.8598938,39.67606735,25.72816086,9.493702888,5.655732155,7118.711135,3,20354.3429,20.52800751,10.6770668,4,268.7269897
20012,105.2708588,27.25665283,23.97499847,7.73718214,5.182236195,7389.372246,3,19290.23925,25.24308014,9.267191887,4,57.63058472
20013,127.6220169,40.93370819,26.58252144,6.538660526,3.613434076,3839.912136,3,34658.23744,16.30704117,5.386282921,4,32.66091156
20014,53.25344467,33.64881134,20.24447823,6.963104248,4.366868019,2546.400176,3,32710.33472,13.73829174,7.766458988,4,182.8623962
20015,2.436743021,46.54409409,16.17630386,2.134225845,1.065319538,6401.970845,3,60.67552601,22.4458,7.84759,4,164.2958221
20016,82.59111023,25.32661819,16.30036163,4.858118534,2.849611998,7128.744967,3,468.2497238,14.83357525,7.709037781,5,240.6795197
20017,74.75760651,19.7572403,11.9995327,4.861096382,2.960494041,12715.03307,3,2979.288012,14.95034122,5.948395252,4,216.4692383
20018,192.3625031,28.4425602,20.33903122,9.673244476,6.088069916,4299.971093,1,4755.568134,31.42939568,8.403224945,4,270.8466797
20019,196.7790375,26.77472687,18.71336365,10.7519598,7.179896355,1223.77018,3,8260.073163,34.97265625,9.805216789,4,70.60475159
20020,145.8684235,28.2698288,16.71720314,10.36217976,6.143496037,5776.413942,3,17695.10134,32.13090897,9.383770943,4,297.8972778
20021,145.5538177,25.31301308,17.67882538,7.333390236,4.548020363,4650.940834,3,34043.35026,19.04873657,6.460702419,4,89.2559433
20022,93.37904358,28.89689827,17.19692421,8.333199501,5.093962669,2347.884218,3,36175.51082,23.41210365,6.932709694,4,210.7911682
20023,59.8875885,23.03822136,13.42089939,5.385728836,2.700389862,11882.10061,3,2845.039151,16.26676178,5.289665699,4,214.0771942
20024,119.6174774,17.47105026,10.6644392,4.553546429,2.840504169,12814.35202,3,2745.71976,19.74406052,7.290304661,4,227.4895477
20025,3.171417713,56.93525314,18.25224113,2.95441556,2.059203863,46.24217132,3,2187.909838,3.478631496,2.415823698,5,260.5376587
20026,118.4601822,36.32649994,17.56222916,9.440777779,5.073074818,1437.648715,3,27843.38519,22.50258446,7.793717861,4,147.8580933
20027,34.39309692,33.14806747,25.73866463,9.780898094,5.285523415,2462.213103,3,37015.5246,20.62536812,8.219696999,4,34.28510284
20028,23.9509716,36.64865494,23.32831955,8.478348732,4.198942184,2296.530661,3,36814.63668,16.65983772,8.614422798,4,232.1713257
20029,44.07587433,56.11217499,26.66017532,4.234817982,2.914983511,529.1498823,3,34057.35476,7.567599773,5.065876007,4,90
20030,243.11203,25.72006226,17.60215759,10.98089218,7.431856155,1288.424626,1,1717.648233,34.21127701,10.29598904,4,298.1625366
20031,162.5734711,26.4699192,16.54230118,9.803619385,5.913298607,3504.059989,1,3957.519577,31.76379776,8.408265114,4,284.6843872
20032,22.11170387,37.50391388,19.76231766,8.935120583,4.477766514,3031.319021,3,26536.66856,18.56881523,5.117825985,4,257.9575806
20033,103.5779572,31.82058716,21.26737785,7.141493797,4.022036076,3513.089359,3,35928.43289,18.79261208,6.962520123,4,70.60048676
20034,100.1956177,23.49291992,15.91308212,8.327569962,4.695592403,8219.641366,3,21295.51585,23.25239372,8.46540451,4,149.2756348
20035,131.8404694,32.23047638,19.56315613,9.978964806,6.131318092,515.0667972,3,1997.117828,27.22498703,12.92237473,5,290.3361816
20036,221.4471436,26.69329262,14.59641838,9.683081627,5.542387009,1011.98577,3,1377.50241,30.76794243,7.68885088,4,255.4655457
20037,94.36975098,41.37373734,25.64085388,6.715512753,3.514000654,1429.188925,3,30816.16087,13.52869415,5.779286861,4,295.7099609
20038,77.4087677,33.3357811,23.65658569,7.195782661,4.924561977,1115.167272,3,34930.20817,17.16621017,9.628531456,4,264.0831909
20039,47.69882965,29.76153564,18.55540848,4.278068066,2.885411501,13242.28604,3,4236.422817,8.629016876,3.935591698,2,79.09583282
20040,107.3276749,22.94471931,17.32159615,7.68103075,5.454126835,10495.26792,3,5685.80584,24.74124146,10.8201685,10,239.1670532
20041,244.8832397,21.61772537,14.82829952,9.929316521,6.132981777,2229.901275,3,3907.785929,33.27614975,9.491653442,10,153.104187
20042,140.9168091,47.17683792,28.3712883,8.037922859,4.225634575,3272.169399,3,37540.84507,20.43925285,8.223808289,4,315
20043,103.2020798,26.17192078,14.98963737,7.124955654,4.107958794,11086.13441,3,2072.076301,21.03875351,6.131816387,4,192.8843689
20044,122.7487488,25.43129349,17.94352341,6.597930908,4.421320915,627.8641194,3,2714.121032,18.21579742,11.19758606,10,133.1960144
20045,98.18888855,27.91143608,16.2902832,7.32275629,4.131922722,3039.123556,3,6666.499177,17.47574997,6.128856182,4,53.74616241
20046,114.8354721,23.45007133,18.30111694,9.045192719,5.57374382,3402.112914,3,25990.28753,31.45406151,8.189594269,4,45.51155472
20047,49.0084877,33.92059326,19.97646713,13.30978203,7.900149822,3002.544128,3,26450.15515,26.01766777,11.24164772,4,225
20048,41.6531105,34.5953064,22.87154579,4.117499352,3.168669224,6123.760564,3,261.852195,15.32750034,3.565429926,1,291.2040405
20049,40.50518799,29.71788597,13.11943913,5.144387722,2.889156342,12156.99542,3,2599.998953,10.92824936,4.129001617,4,164.9315186
20050,110.4401855,28.55743217,16.96207237,10.34744453,6.143079758,1699.261672,3,27363.17348,26.40517426,9.619926453,4,208.9509888
20051,61.51292419,32.16291428,22.64488411,11.84546757,7.202794075,7918.491261,3,30924.45156,26.95352936,10.85910797,4,43.47732544
20052,76.8556366,32.04104996,22.58298874,11.09401131,6.344956875,7963.514862,3,31605.89967,25.96696472,10.76282597,4,57.78602982
20053,47.70179367,27.55176353,19.6499157,9.302506447,5.415998459,23.60303631,3,356.0997394,19.22803879,9.213246346,4,184.2891541
20054,142.9019012,29.50946808,18.84515381,8.196495056,5.151762486,1256.56717,3,8067.662481,20.75666046,7.432697773,4,55.72600937
20055,128.4639587,24.3628006,12.36634445,7.448224068,4.045270443,3521.903474,3,7641.511465,20.90241241,6.675906658,4,246.5014343
20056,210.5381317,32.08840179,17.07358742,7.418132782,4.395744801,3856.497954,3,7560.545481,19.18102646,6.239066124,4,248.4286957
20057,130.4057312,43.0128212,26.82821083,10.10443211,5.515616417,4376.101888,3,6619.278172,22.80334854,8.056303024,4,47.43677139
20058,53.34137344,29.09365845,17.70859337,8.346625328,4.218086243,2267.559751,3,1713.878465,24.70527458,8.220140457,4,196.1122437
20059,123.4266739,27.35957146,16.79245567,8.567044258,4.602398872,2663.133816,1,1151.432839,25.05008507,7.691824436,4,71.06686401
20060,108.3730469,23.08032608,20.1305027,9.872946739,6.309053421,1028.968136,3,10699.33378,26.59466743,10.17741966,4,186.7795715
20061,53.29071045,22.84272766,12.08807755,5.979168415,3.625927687,11659.35107,3,2252.159423,15.32736874,5.40103054,4,234.8658142
20062,44.70238495,53.76216888,23.82452393,6.110085964,4.732935905,12994.95792,3,4788.592723,11.16597176,8.776848793,2,299.0546265
20063,107.1873322,19.61963844,14.59222412,5.328453064,3.501318216,12623.93504,3,4993.182267,16.6843853,7.517398357,2,109.0256042
20064,86.48194885,46.76793289,27.79904938,6.26316452,3.720373631,12144.66422,3,4862.083715,13.40460777,6.363799095,2,54.09027863
20065,105.9234238,27.48726082,22.50119781,9.067530632,5.496828079,11138.87205,3,5322.709574,26.04415703,9.987709045,2,94.12759399
20066,204.0365295,51.6323967,26.54489899,10.94404984,5.353843212,2473.157422,3,6400.916257,22.52569771,8.795228004,4,305.2175903
20067,3.467781305,67.17079163,18.22797585,5.388829231,3.855380058,372.5576422,3,33908.00232,3.553331137,1.909596205,4,286.8450317
20068,166.5580139,23.7955246,14.85558796,9.93079567,5.563194275,2433.715481,1,2883.989641,28.6717453,8.813620567,4,183.081131
20069,126.653389,23.19093132,13.67026901,8.865146637,5.127850056,1602.686652,3,9682.646286,24.67391205,9.64111042,4,180
20070,99.1255188,29.16314316,15.44358921,9.391894341,5.54087019,6466.655797,3,3314.812945,27.15523148,7.464076042,4,127.6735916
20071,110.7131119,23.69895935,14.59351063,9.872368813,5.697131157,6454.680732,3,2904.184609,31.13890266,7.881372452,4,273.0211182
20072,186.2034302,25.09689903,15.35370255,10.43602276,6.343163967,255.409142,3,3586.891517,33.03570938,10.24710274,4,138.4685822
20073,253.6537476,28.51966095,19.25836182,9.631363869,5.920715809,1397.308026,1,4612.363015,33.56586075,8.727478027,4,273.4349365
20074,1.407914162,70.60578918,8.896528244,1.185434341,0.396048576,439.1892191,3,33332.35244,2.465265512,0.670040905,4,26.56505203
20075,75.97689056,21.46687889,14.33102798,6.738226414,4.17753458,11279.68443,3,2083.61181,22.56112671,8.06516552,4,115.6410065
20076,139.6946259,30.1314106,17.80542946,10.71514416,6.391756058,1245.243478,3,8993.767614,26.39259338,9.888372421,4,173.0245667
20077,125.7844467,39.99877548,25.556036,13.04759884,8.781759262,318.7768243,1,3831.588016,36.19788361,12.2888689,4,316.1191406
20078,181.5063019,28.80307961,18.12462807,11.38222408,6.238499641,1132.672785,3,8019.039447,30.39296341,8.741362572,4,201.4794159
20079,52.50917435,27.62775803,24.86512947,8.287517548,5.355944157,2698.980629,3,37155.70328,25.30978966,6.20633173,4,28.88556099
20080,27.27585602,14.70241165,9.858953476,6.835026264,4.596310139,13362.95916,3,2980.887936,19.88634682,4.588543892,4,174.2893982
20081,13.57375526,45.21831512,18.5469265,3.628812551,2.998581171,13822.82938,3,3481.420483,5.027505398,4.304145336,2,71.56504822
20082,75.59247589,46.48449326,25.65433121,12.6677103,7.772217751,34.89031082,3,2468.202078,26.25235367,14.52953243,5,319.9697266
20083,115.3759003,24.67432976,17.00494003,5.333742142,3.362962961,7347.963906,3,413.5967187,16.98439217,7.583099842,5,232.3057556
20084,239.0869598,19.00198364,13.46477318,9.168123245,5.763916016,4184.623092,3,5740.481426,35.46104813,7.303510666,10,190.479126
20085,146.5180511,38.95645523,26.98078537,9.07469368,6.127185822,6443.373651,3,22867.47568,21.98179245,10.69329071,4,303.3078003
20086,149.1924286,43.31604004,29.39898491,7.614296436,4.377667904,4576.610576,3,34516.63338,18.06614876,8.168561935,4,317.4540405
20087,117.3936691,32.58661652,24.6559906,7.098681927,3.853357553,3160.731893,3,37318.52784,22.75327492,8.080387115,4,52.66680527
20088,99.65298462,23.81742096,12.29718685,5.974942684,3.32878685,8521.910478,3,972.5928115,18.52066803,5.203253746,5,174.2256775
20089,171.8015289,20.19120216,14.00353813,9.179476738,5.366281033,4870.305265,3,6089.384615,32.97132111,7.670721531,10,149.6208801
20090,255.5489502,24.09401321,13.99706554,8.773481369,4.689968109,3781.941289,3,5543.055102,30.84337044,6.842559338,10,144.090271
20091,137.9523621,27.72870636,17.61322021,9.194547653,5.249652863,6249.317461,3,4102.261548,25.5813179,8.657423973,4,75.25643921
20092,111.8057556,26.34082413,18.07728767,9.809994698,5.404249668,1681.575637,3,2053.000898,27.23966599,10.29472828,4,211.5618134
20093,158.1376038,29.96520996,17.29561615,10.53722382,6.572061062,6383.723122,3,16490.01798,30.39943695,9.51926899,4,288.4349365
20094,105.6999588,18.70893097,12.59468555,4.999211788,3.196998835,8055.856122,3,519.7889408,19.546278,5.304969311,5,99.21102905
20095,35.28349304,17.66250229,8.606836319,4.423755169,2.31711936,12695.56852,3,2842.196872,13.01662636,4.418148041,4,214.1083374
20096,50.96151352,29.8357563,18.00323296,8.175824165,4.779414177,352.5483587,3,8303.814541,17.40752602,10.60324001,4,124.4873734
20097,99.59503174,31.61101532,16.22127151,9.321080208,5.058069706,685.3411815,3,10451.16007,27.36322403,11.02258492,4,249.1576385
20098,98.46905518,29.22010231,16.76062393,7.738258839,4.112607002,2658.846117,3,36424.22413,23.98971939,6.262834549,4,272.4825439
20099,108.0308609,51.55946732,28.5030098,7.786361694,3.768966436,1992.622108,3,35661.13976,18.81895065,6.108811378,4,324.7824097
20100,126.8071747,16.39444351,10.39542294,5.080000877,3.194718599,12923.55207,3,2411.160536,19.66321754,5.816033363,4,217.7999878
20101,228.0296631,17.37035561,12.12368202,9.092278481,5.842764854,3548.369015,3,5260.78571,32.73490906,7.629063129,10,177.739502
20102,299.9448853,25.02742004,13.85768032,10.0885973,6.184051991,2351.174923,3,4229.299251,33.64076233,9.158260345,10,86.45131683
20103,271.140625,15.59334755,11.21701908,8.952554703,5.714017868,3063.118629,3,5175.185004,33.69392395,7.990249634,10,171.339386
20104,190.2886047,23.79987335,14.01320553,9.417977333,5.250717163,1273.830636,3,3461.495571,30.32030678,10.72426033,10,147.6377563
20105,95.76927185,25.96616745,12.46526623,9.548635483,5.60314703,857.52526,3,3130.77074,26.49520302,11.60894489,10,98.61422729
20106,72.12316132,29.46617699,21.80408478,5.084169388,4.914699554,647.9170875,3,2943.723097,13.91284847,12.52038002,10,114.7751389
20107,14.90257454,20.02524376,15.69408512,4.185311794,1.49254334,532.5950197,3,2789.367588,11.56727886,4.397606373,10,125.1780319
20108,20.46677589,38.92502213,21.74458694,8.415763855,4.834740639,239.6287296,3,137.2668354,12.62305069,6.809080124,4,200.5560455
20109,187.2524872,24.31361198,16.01239014,9.905056,6.23942709,3292.125137,3,430.5997618,30.59643745,8.863378525,4,146.5921783
20110,111.4365311,29.98586273,19.24726105,11.12854099,6.209677696,2086.325659,3,1547.703524,35.50726318,10.60257149,4,77.31082153
20111,107.1722794,23.49775696,14.19534683,5.689811707,3.575123787,7365.56353,3,329.0592815,17.7970829,5.675957203,5,266.2384033
20112,13.70810795,16.72623825,7.552498341,3.342550039,1.719989181,12130.52188,3,2385.010409,12.97660732,2.016611814,4,219.8055725
20113,49.61475754,24.97126579,14.09689236,4.045618534,2.689200878,13555.20133,3,3907.409218,8.555569649,4.144585133,2,78.69006348
20114,18.22982216,43.86836624,23.74855232,7.54827261,3.437459469,13313.82136,3,4273.00309,9.865260124,6.754410267,2,264.1467896
20115,63.0548172,23.45500183,15.78143787,4.637156963,2.742950678,13670.46727,3,4165.975388,12.57101059,5.745178223,2,241.6992493
20116,178.7951202,33.58130646,25.22121429,9.385072708,5.701189518,809.4926794,3,424.7587346,32.75191879,8.943083763,5,42.3965683
20117,94.18737793,35.49951553,24.10572052,8.964731216,4.767470837,3304.583146,3,6157.878904,21.8759613,8.981063843,4,38.7933197
20118,178.6853943,23.8901062,15.29370785,10.15799141,5.40469265,5492.492141,3,4368.883523,32.62838364,8.72104454,4,196.2476349
20119,153.2280579,28.53726196,21.08867264,9.783922195,6.202280998,688.644626,3,9157.577202,33.44429779,8.065712929,4,70.18021393
20120,96.76826477,46.81869888,18.89331627,11.79146576,6.51657629,90.00307746,3,9766.606752,25.91864014,11.6880579,4,70.2011261
20121,85.37765503,29.54844284,20.05623627,12.57069778,7.323410988,2356.784978,3,26848.3571,29.7138176,10.79498196,4,194.4979095
20122,63.22887039,61.93630219,21.74788284,8.138455391,4.478218555,2671.90509,3,32475.62535,19.71164513,7.001958847,4,337.4630432
20123,141.3728333,27.35722542,13.34818172,5.792105198,3.185180902,7050.608251,3,587.9096975,15.47644424,6.402071953,5,149.7435608
20124,133.2986908,23.02748299,15.17404079,5.742488861,3.322574854,7366.005577,3,353.3612585,17.6511097,6.292338371,5,207.4410095
20125,9.362956047,43.50430298,19.48952866,5.851173878,2.597833395,13394.22425,3,4163.403017,10.17613125,3.450083494,2,60.29998779
20126,73.360466,49.20363998,28.94075394,9.487318039,5.187420845,295.2157,3,93.93525571,24.87818527,9.742750168,4,17.8188858
20127,197.7083588,27.7606945,17.33261871,11.38248444,6.251366615,514.3511873,3,911.3575916,29.59340286,11.00359631,4,209.1198578
20128,90.59778595,23.91090965,15.17253017,7.611928463,4.058390617,4096.538697,3,5524.496859,23.13764572,6.999550343,4,56.76828766
20129,170.5152588,35.77323914,19.20081329,10.18437481,5.638238907,1114.316712,3,7853.738919,23.91325188,8.872810364,4,100.8403015
20130,83.67935181,26.00182915,18.22839355,8.012818336,5.303509235,7591.570632,3,19911.20981,19.77773285,9.236061096,4,276.1027832
20131,119.1952438,23.41796112,15.50663376,5.949066162,3.3971591,9688.406339,3,1306.822522,20.03431892,6.587019444,5,290.5014038
20132,33.26576996,66.96001434,24.94343185,11.67844582,7.679602146,351.1070909,3,30.88239666,24.67887115,9.65150547,4,312.3122253
20133,205.0513611,42.60462189,30.44244003,8.315260887,5.014494419,1223.977131,3,820.9111935,26.76298141,9.969678879,5,45.92667389
20134,127.1958466,24.9828434,16.21987915,9.492120743,5.398493767,2071.769827,3,11800.02776,27.20763588,10.57426929,4,197.0028534
20135,97.68032074,24.15512848,16.7863102,9.633394241,5.611945152,4062.819113,3,25179.88126,25.54794502,8.290510178,4,165.2964478
20136,71.62150574,37.55399704,19.71587181,9.637876511,6.922713757,2477.957721,3,31278.71392,16.57194519,11.71329403,4,194.4207764
20137,36.00556183,33.90285873,22.69736671,3.361515284,2.105964899,6529.879817,3,375.7171039,8.306726456,5.153405666,5,244.7988739
20138,84.35583496,27.02867699,14.46941662,6.651755333,3.747484922,11494.49911,3,1704.525434,15.771595,6.786664963,4,159.0540161
20139,27.40055466,54.86561584,25.78108978,8.104516029,5.217735291,13809.21436,3,3772.442753,11.7127676,7.300819874,2,293.1986084
20140,161.7185822,21.81012917,14.24159908,8.480814934,5.655244827,6030.96507,3,2992.672858,32.42554092,7.301678181,4,253.810791
20141,112.9213562,28.07953835,18.2055645,11.3933363,6.822044849,65.91663163,3,9456.832828,32.58387375,10.7040329,4,113.064003
20142,142.2460632,30.06116295,20.02981186,10.28787327,6.275057316,775.7023632,3,9847.999658,27.35015297,10.77445793,4,303.6245117
20143,194.022995,27.41445923,17.06758881,9.459592819,6.339354038,6514.746149,3,18083.171,29.53642654,8.503182411,4,257.5853271
20144,85.77978516,29.24012375,18.55637741,6.565292835,3.933239937,1257.628891,3,35151.023,15.8508997,6.537144184,4,70.46334839
20145,55.20907593,34.53308868,20.11120224,11.05100346,6.880727768,293.7569239,3,2814.33636,20.80705833,13.90048695,10,258.9695435
20146,71.76127625,34.42115402,19.99879456,8.063727379,4.102403164,4097.398314,3,5018.988253,17.99660683,7.554180622,4,221.4236603
20147,53.37132263,29.01195526,13.11115932,11.53788471,5.763453007,688.7118785,3,8041.677939,27.43086815,8.055132866,4,106.3523865
20148,31.20317459,26.02033615,17.3780899,5.305500507,2.555594921,2825.005182,3,8764.185898,17.86986351,3.328626633,4,226.4616699
20149,113.0962296,30.84943008,21.32178688,10.5947504,6.825738907,2855.068748,3,26272.92676,29.47735023,9.332852364,4,45
20150,115.2681503,20.77795219,12.83298206,5.660792351,3.633126974,10282.70123,3,1177.202219,17.72189713,5.551588535,5,167.2756348
20151,55.37764359,24.35952187,14.23171711,4.278923035,3.363128662,13785.94285,3,3680.305304,9.015528679,5.394056797,2,74.05460358
20152,61.43629456,24.67969513,14.70551682,3.617448568,2.666148901,14013.48822,3,3465.843789,8.617431641,4.604679585,2,90
20153,226.7177429,27.65509033,21.02098274,6.282672405,3.675753832,5599.901364,3,6139.337286,29.17098999,5.668447018,10,40.44821167
20154,43.99616241,12.2364645,11.64937592,7.25109148,5.69302845,5314.047916,3,6388.955047,28.14972305,6.831009865,10,144.0017548
20155,224.903595,39.25415039,24.09713173,8.387075424,6.871735096,1683.64758,3,1309.028782,21.66278839,14.05361652,5,60.91067123
20156,120.8243027,32.48792267,18.37030792,9.602060318,5.72742033,4030.524022,3,4490.954289,23.41925621,8.896979332,4,98.37940979
20157,187.3793488,27.03146935,13.41594124,10.24909592,5.610325813,1038.901876,3,7661.993094,24.72603226,7.891287327,4,127.2079163
20158,127.900322,31.00787354,19.40546227,9.796896935,6.172978878,5818.016551,3,3739.068759,27.55904198,8.656206131,4,83.97600555
20159,125.3310013,26.08558464,15.19603634,9.596714973,5.394518375,1853.013648,3,7419.269215,24.85316658,8.329305649,4,204.5170288
20160,85.28435516,34.88434219,20.26627159,6.671463966,4.153090477,8410.998824,3,21150.19524,15.38927269,7.358488083,4,63.43494797
20161,186.7098846,25.00456238,16.59594154,7.846971989,4.715892792,5807.703473,3,23144.85695,23.76194954,6.677508354,4,114.7751389
20162,52.07655716,27.13353348,19.18324661,5.906751633,3.684099674,1514.19457,3,30749.2297,15.71625137,5.677144527,4,293.8560181
20163,107.781723,24.82280159,20.55285454,7.423467159,4.622177124,3258.01968,3,37624.09682,25.70972633,6.356179237,4,57.29553604
20164,38.95158005,34.7793808,24.21842194,11.35558033,5.755556107,2865.633925,3,36893.98951,22.21098328,12.80407619,4,224.6102448
20165,58.08479691,29.07202148,21.6886158,6.334835529,3.930536032,5837.087875,3,585.5042338,13.59941292,5.273098469,5,330.0932617
20166,133.2598724,24.46046829,16.21088982,5.115447044,3.043276548,6870.492027,3,235.1907013,16.04405975,6.480109215,5,206.5650482
20167,148.3018799,34.20143127,26.78656197,6.699157238,4.007403374,6802.901363,3,7404.443973,20.01870918,9.94948101,10,298.7629395
20168,269.9511719,18.18738747,13.2804451,7.798344135,5.225130081,5566.672311,3,6924.938051,30.96040154,8.532333374,10,142.4762268
20169,125.8664474,23.8075943,15.52163124,8.107714653,4.584276676,5029.313402,3,1334.028892,26.46297455,7.530561447,4,119.4758911
20170,103.5448685,26.01746559,20.07058525,9.363540649,5.308850288,2356.321069,3,7024.924932,28.75425148,9.197617531,4,96.60483551
20171,52.95191956,29.12180519,19.46024895,13.42190266,7.888683796,1422.452436,3,11048.27491,27.76321602,11.53790092,4,172.7367554
20172,102.9649658,35.22156525,27.35197067,9.805597305,6.714336395,7993.870601,3,21357.36232,25.33664513,12.6005249,4,36.34745789
20173,2.429473877,48.68931198,19.44342613,2.556056499,1.762171626,3633.863483,3,32636.84407,2.581618071,2.122253656,4,245.8167725
20174,42.25702286,60.04018402,23.80294609,4.624252319,2.72825551,4574.353148,3,32462.18268,7.764510632,3.889714003,4,293.1713257
20175,156.0908813,30.79132652,19.28908539,9.977490425,6.068623543,2070.458892,1,2520.771383,25.41968918,11.07831287,4,82.22628784
20176,87.07780457,44.00851059,28.12557793,12.90419769,7.624581337,1939.23075,3,11347.83883,32.07042313,10.16792774,4,332.4747925
20177,91.63134003,23.34206581,15.11225033,7.27599287,4.611589432,8253.664282,3,20731.88651,21.13126755,9.161605835,4,216.0273743
20178,100.3333511,29.38467026,18.44645309,6.922768116,3.953328133,3092.475585,3,36749.06614,20.19839478,6.669517994,4,238.2405243
20179,1.316956758,57.94984055,16.92485046,2.061005116,1.096781254,3475.477828,3,32718.77755,2.322039127,1.616296053,4,219.2894135
20180,90.68353271,27.17238998,28.32387924,7.733091831,4.194937229,729.3200863,3,337.0021815,30.53138161,7.993440628,5,12.54812622
20181,130.7146606,26.31962204,15.66979313,9.078051567,5.01914835,6023.862149,3,2445.663135,24.7942543,7.626510143,4,192.8518982
20182,112.620163,26.23715782,16.73209953,10.65556145,6.792668819,2179.975927,3,1317.899931,31.85760117,10.50541401,4,149.3565979
20183,12.70078754,36.01489639,24.52715111,7.635663509,3.247589588,1568.379679,3,11054.07592,15.22631264,3.603956699,4,335.1677551
20184,78.57552338,37.97069931,26.100914,6.046958923,3.493857622,8614.231776,3,6454.66548,15.43473816,6.785387516,10,297.3498535
20185,109.9587784,48.88975143,25.87565041,8.890953064,5.214562416,3293.751196,3,5732.067776,17.79699135,8.749720573,4,45.80757141
20186,34.28901672,29.67197227,18.20530891,9.965644836,6.916777134,2462.312628,3,11986.82875,18.91174698,13.42262363,4,207.1968689
20187,31.89745903,34.77170181,14.75922489,6.750822544,2.941079378,8190.531841,3,21369.22386,14.37458515,4.557339191,4,107.6752777
20188,68.9666214,35.69256973,18.74759102,7.96802187,4.429545879,6520.340556,3,31844.00851,19.1633606,6.323028564,4,129.6826172
20189,96.46001434,18.59249496,9.125491142,3.744423151,2.146598101,12126.44813,3,2039.718828,13.60388756,4.804703712,4,220.8389893
20190,88.86936188,49.20950699,28.90327644,11.07221317,6.661202431,358.1893768,3,2275.327599,28.63946342,8.434448242,5,27.88753319
20191,51.97038269,26.78502655,15.29926872,9.528160095,4.457292557,85.64277883,3,2587.675881,24.72567749,7.670776367,5,215.5376892
20192,213.4674988,30.01435852,18.24184799,9.36469841,5.552265167,3763.286604,3,7967.734006,25.64375687,8.762644768,4,297.4744263
20193,87.6266098,27.19780922,15.44441032,7.636006355,4.351084709,5453.739469,3,6422.975524,21.09066582,6.721060753,4,180
20194,55.84127808,52.13058853,28.79886055,15.79788113,7.491475582,2435.241532,3,11815.67265,29.8868866,11.48670864,4,18.43495178
20195,124.7825394,28.72059631,17.57872391,9.406071663,5.435563564,3724.822319,3,13214.39445,25.31671333,11.5115881,4,195.0563507
20196,61.55411911,32.25989914,24.53440666,8.268555641,4.214445591,3158.679719,3,37267.364,20.46341133,5.818691254,4,33.06847763
20197,51.71399689,52.59046936,27.80181885,5.068294048,3.049338102,2720.760493,3,33234.92861,10.45432472,4.633121014,4,225
20198,49.41209412,44.03991699,28.71423149,5.530926704,3.407379627,3402.595871,3,33240.67496,11.90789318,5.837884903,4,28.04944992
20199,19.7100296,33.5948143,19.98950958,5.466961384,3.386143446,3919.914631,3,32731.40279,10.08663464,6.252086639,4,243.1037598
20200,28.70490646,29.16893959,11.86625862,8.60365963,4.258861542,8577.706406,3,725.3428448,18.50694084,7.426496506,5,172.2552795
20201,61.27837372,23.57314873,16.28795242,5.610019684,3.169456482,11272.16632,3,1645.967186,17.31298065,4.676399708,4,240.2551117
20202,129.0260315,30.20317841,14.09890842,8.359828949,4.691729069,4194.470516,3,714.0897313,21.70580482,7.019802094,4,185.4403381
20203,166.4867706,26.06850052,16.64322662,8.434444427,5.028797626,3262.149649,3,234.6109539,27.20885849,7.726520538,4,70.79602814
20204,103.2063751,44.09597778,31.3472805,11.81302929,7.994459152,1134.535861,3,10483.24557,30.16583824,13.37399292,4,295.1447754
20205,54.53860474,34.61016464,22.0731411,13.95257759,7.529325962,2936.316796,3,12405.97599,23.72069931,14.03344345,4,185.9013977
20206,41.85714722,31.65440369,19.98871422,11.12493134,7.291317463,8371.707967,3,20769.0137,22.67355537,8.792150497,4,68.39949036
20207,71.29217529,33.84973907,19.24830437,6.356893539,3.228015184,1539.626014,3,30352.1923,12.91999626,4.310851097,4,299.1260376
20208,126.4273148,28.97952461,15.81001472,11.43512917,6.315081596,955.2839237,3,1969.699865,26.68971252,9.80527401,5,213.6900635
20209,103.3466721,29.1188755,14.63981915,9.334943771,5.169744492,202.0960996,3,8605.293247,23.03333473,8.00408268,4,268.6028137
20210,100.1081696,28.38293266,15.84722233,10.71511173,6.527856827,5343.117522,3,6770.791943,22.12463951,9.411865234,4,94.26277161
20211,175.321106,24.61616898,15.45018864,9.2069664,5.705495358,7601.121902,3,18274.77568,29.15911865,8.04428196,4,198.6872101
20212,113.5228729,41.6624794,29.0464077,6.305300236,3.383614063,3632.220052,3,37816.26706,18.81350327,5.431941509,4,70.46334839
20213,90.22751617,18.11035919,11.66278648,4.404780865,2.807956219,8721.784393,3,635.2972441,18.02340889,7.134382725,5,260.7262268
20214,68.10632324,31.67997551,22.2866745,7.388740063,5.246926308,613.9079559,3,3302.688763,18.76202965,14.42448235,10,53.27853394
20215,58.48300934,33.42922974,16.93899918,7.799873352,4.237084866,3718.99431,3,5588.151615,16.75667191,6.468462944,4,72.31651306
20216,190.5533142,29.42893219,15.97431278,9.808209419,5.259516716,1380.815745,3,7337.086348,24.79971504,8.521994591,4,85.56201172
20217,127.1471329,38.50524902,24.55513191,11.43913364,6.321021557,1623.785155,3,10599.34307,32.25217438,8.537107468,4,53.00473022
20218,133.039444,45.82575607,29.64625359,10.96898365,6.249898911,3002.944165,3,12137.71257,33.33021545,7.935629845,4,295.20578
20219,138.5135498,31.35165977,21.30594635,9.556946754,5.240567207,3629.391276,3,12329.51497,28.48592949,7.995141029,4,73.20162964
20220,85.2640686,53.66489792,28.2154007,5.969470978,3.089730263,3540.517339,3,33621.00707,16.25171089,4.726739883,4,33.36636734
20221,80.73633575,29.26216125,23.22594452,7.418886662,4.354755878,3462.611893,3,37435.3944,21.98383331,6.16699791,4,47.46281815
20222,60.93626022,24.55418396,15.72474861,8.305766106,4.53238678,3197.992553,3,36966.72783,24.24095535,6.384765148,4,234.5931396
20223,67.45053864,40.14281845,22.19392014,9.089243889,5.122212887,6453.900634,3,32122.05185,19.53882217,6.899042606,4,59.74356079
20224,55.05452347,23.10265541,12.96305847,6.173933029,3.677765846,5476.866461,3,934.1050836,13.96484184,5.318843842,1,239.8264771
20225,8.059500694,45.40436935,27.23826599,3.505905151,1.691779852,6041.854423,3,531.7635107,6.432864666,2.850730419,5,323.5664978
20226,68.40048218,28.12776375,14.3806715,5.557877541,2.730132341,5372.002538,3,1172.524144,16.28600121,4.939984798,5,187.5884705
20227,76.05506897,22.84223366,17.53934097,5.709785461,3.726432085,10804.43169,3,1326.667929,18.84379387,5.955474854,5,99.27259827
20228,89.82700348,27.68596268,15.00972843,9.462339401,5.132299423,147.4542679,3,2660.18907,26.39774895,8.717646599,5,228.0967865
20229,11.24158859,34.62585068,17.35755157,7.869520664,2.673835039,243.4373354,3,655.9869167,11.99735546,3.431070566,4,255.0685883
20230,185.6087799,46.25773621,30.30077553,9.913015366,5.46672678,3947.666806,1,4403.18493,28.79199791,8.302790642,4,32.82023621
20231,150.2891846,33.93016434,21.18458748,9.811174393,6.001039505,2679.410829,3,6251.099567,26.02346039,8.743581772,4,79.82658386
20232,160.9367218,21.14910889,14.76755619,7.519562244,4.394084454,1557.290203,3,7019.833742,27.48861122,8.055301666,4,120.1735229
20233,158.0204163,30.23840904,17.41107941,8.128454208,4.584118843,5061.393514,3,7127.826065,19.13612747,7.393484592,4,189.3446655
20234,145.714386,36.4614563,29.0293026,8.46844101,4.901143074,1904.875097,1,10859.74514,29.96336174,7.522419453,4,313.958374
20235,203.6412048,33.41456223,25.76735878,9.884664536,6.51013422,2383.932676,3,10963.54103,28.56732941,9.080751419,4,62.72323608
20236,30.27691078,38.5285759,20.32782364,7.356376171,6.102282524,293.8321127,3,2993.093652,12.27095604,11.90980244,10,223.0250702
20237,99.92502594,53.23843384,28.13788986,12.23750401,6.750868797,892.9147131,1,514.8456968,37.9054451,11.11273098,5,55.89344788
20238,163.5835876,44.22502518,29.81432533,10.80583096,7.133716106,257.7668478,3,142.2113303,29.56724167,10.26952362,4,25.49755096
20239,22.77541924,45.25705338,16.31967545,5.346822739,3.453480244,4039.387399,3,5391.221244,17.503582,4.219902039,4,114.7751389
20240,37.02986908,28.29104996,16.1857357,7.490134716,5.275033951,346.4247209,3,7942.616275,13.81403065,9.34326458,4,99.65319061
20241,115.8795242,27.32696342,15.10566521,8.240996361,6.27649498,310.7515155,3,8368.713879,21.33277893,10.07467556,4,262.4385681
20242,182.937439,26.21826172,16.36128044,8.080447197,4.64359951,5307.559229,3,4761.19639,27.84431648,7.256263733,4,95.11042023
20243,82.94821167,26.76495552,17.64663696,10.51823711,5.716036797,3157.005419,3,25785.58168,25.62791061,10.22809696,4,178.9949036
20244,93.53122711,24.15804482,14.88686752,5.490848541,3.330759764,6706.198501,3,467.0449382,16.66223145,6.204469681,5,230.5062714
20245,297.8539429,22.54764938,14.06997871,8.621035576,5.013446808,771.2236239,3,1212.614557,29.08832741,11.3401556,4,239.0362396
20246,92.08578491,23.59673882,12.05909824,9.516181946,5.585715294,1987.878243,3,9549.558381,25.23966408,8.361802101,4,207.1213074
20247,24.3186264,34.30503845,17.08148766,8.487649918,4.806603432,2059.377163,3,9671.344158,15.2981739,6.176505089,4,157.9604034
20248,55.16247559,34.25273514,25.55799675,12.42251492,6.715797424,1853.882647,3,26916.77924,29.49950409,8.720014572,4,53.13010406
20249,134.5080414,26.91445351,16.51075172,10.98459148,5.655651569,895.955965,3,2362.062746,30.97219467,10.97915077,4,206.4045563
20250,107.1034164,33.50456238,20.31113625,12.55712795,6.836978436,344.2917414,3,2825.191668,32.78706741,11.71913624,4,119.0546036
20251,24.72623825,64.21946716,22.89494705,7.792143822,5.140511513,3665.940746,3,12938.35716,13.24799633,7.140628815,4,30.95141983
20252,74.65373993,40.99040985,28.64491272,10.5920496,6.63052845,2264.992831,3,26480.17398,30.2918663,9.286376953,4,327.0114746
20253,68.97181702,30.43595314,18.92638779,11.219841,6.667628765,2624.724014,3,26280.97601,29.203619,8.985135078,4,140.9644928
20254,78.24376678,52.89971542,25.84943581,8.693849564,4.420472145,6847.063022,3,32782.37726,16.87020302,6.483321667,4,300.291687
20255,109.9316864,23.43185234,15.04549789,5.112108231,2.937779665,9906.892868,3,779.031443,16.11597061,4.946320534,5,74.05460358
20256,190.1464539,36.43900299,19.89018631,8.97200489,4.993723392,1054.838525,3,2005.252597,25.79699516,10.4445982,5,293.8179932
20257,202.2450867,25.77763939,14.18144321,11.16300583,5.411683083,1514.885206,3,1966.135642,32.21976089,9.701286316,4,194.337616
20258,101.4677124,30.9765625,20.59954262,8.663971901,4.533191204,2198.045531,3,6431.983185,23.28697395,8.701964378,4,127.7939453
20259,201.5907593,32.14587784,23.83855438,9.25760746,5.473987103,2242.995989,3,896.6779582,26.14240456,9.123963356,4,31.80939102
20260,191.5400238,24.30332947,16.21704483,9.61679554,5.746147633,1442.400777,3,1612.793971,29.08141899,8.471658707,4,48.36645889
20261,70.00297546,35.17703247,26.16820717,8.244072914,5.676410198,1226.213632,3,34765.72182,20.79592133,9.052938461,4,284.5344543
20262,53.30686569,31.71785545,18.95083427,9.138895988,5.800350189,8454.266266,3,31941.50063,21.94620895,8.668665886,4,193.1340332
20263,31.03889275,43.14406586,24.83729362,4.497647285,2.979671478,14372.09907,3,2539.115112,7.848903656,5.191186428,2,230.1944275
20264,43.06454849,34.79150772,19.78240776,10.45417786,5.902217865,2676.215338,2,9240.082788,20.26353455,7.419429779,4,315
20265,147.8892975,36.50473022,28.17395401,8.906923294,5.138481617,2165.729403,1,5188.921162,32.28951263,9.402511597,4,39.38093567
20266,49.9615593,36.97459412,28.80122948,7.920404434,4.946325302,4159.300973,3,13211.36636,19.46398926,9.542967796,4,25.12981033
20267,87.39619446,24.00675011,16.56942749,7.803931236,5.287279129,4579.409805,3,13765.74789,23.58278656,9.577095032,4,210.7189026
20268,86.66648102,37.69339371,19.94652557,9.83151722,5.232808113,4043.942671,3,25042.34366,21.67577744,7.525324821,4,66.6746521
20269,67.14303589,36.02797699,18.41664124,8.896772385,4.79053688,5843.98199,3,32796.69335,19.19943619,7.401261806,4,100.3048477
20270,49.29898071,34.52619171,20.23928833,10.67926311,5.380226135,6593.73389,3,32322.60109,21.19327164,8.79566288,4,136.1691437
20271,106.1197357,29.12169456,15.67710781,4.927994251,3.046643734,6312.877016,3,1250.010453,11.55457592,6.564519882,5,153.4349518
20272,159.7525482,20.51704979,13.55841637,4.733160019,3.017964363,8645.077405,3,313.3677785,17.82103729,7.241590977,5,244.1790009
20273,68.53507233,11.99002266,4.444544792,5.579673767,2.938542366,5050.969492,3,6343.83995,33.5651207,3.491326809,10,134.1816406
20274,110.09021,39.4433403,28.57851982,11.02918911,7.56124115,1040.195264,3,3622.989148,29.42592812,11.02932549,10,21.98524475
20275,143.9489441,35.98184204,19.79737473,10.90059853,6.903083324,4994.46604,3,7441.418911,24.50267982,11.63607216,4,100.8138733
20276,83.77739716,40.72606659,30.5528183,9.324638367,5.172994137,2640.974017,1,5681.899418,33.29265213,8.803641319,4,27.0308609
20277,63.51448059,27.8158741,18.14769363,9.263348579,5.652155399,4201.096779,3,24719.8784,25.1899662,8.103037834,4,163.8521423
20278,124.16185,24.12221146,13.21991158,7.238409042,4.285062313,859.3685491,3,7479.328581,19.24711227,8.178972244,4,110.5560455
20279,126.0826569,30.92418289,17.56299591,8.276144028,5.049713612,3119.172677,3,9058.421997,21.53380013,8.674643517,4,247.0733948
20280,66.8392868,37.06193542,20.06511879,11.44966602,6.052457809,8476.661847,3,32215.51257,21.84548187,8.598291397,4,79.11824799
20281,59.69173431,34.29744339,15.80892277,8.859235764,4.569944382,8280.860425,3,32408.29996,20.6845665,6.904444218,4,181.1233063
20282,47.82471085,24.94391632,16.37450218,4.032877445,2.491719723,5241.746245,3,1215.571743,16.4424324,2.524249792,1,241.6698608
20283,270.8549194,18.11306763,12.35559368,8.498897552,5.358989716,2321.636746,3,4575.406916,33.68631363,9.339923859,10,138.7084351
20284,8.27832222,50.75292969,20.35431862,4.276736259,2.462608814,2310.047652,3,9762.600315,9.102301598,2.886479855,4,313.5687866
20285,66.78333282,20.38884735,16.82538033,7.412549973,4.442465305,7853.975299,3,46.30305627,21.70308876,8.055821419,5,93.88790894
20286,139.6991882,18.72814369,12.01323223,4.492837429,2.822771311,12617.4309,3,1870.702392,16.03687668,6.548093319,4,225
20287,147.4527588,46.98099136,27.33941078,7.49920702,4.749312878,1847.057309,3,1460.22367,18.10888672,11.36346817,5,201.1787262
20288,194.4171143,26.3710804,13.34834862,8.041865349,4.613912106,4083.900298,3,8193.442495,22.25386429,7.385462284,4,242.5255737
20289,170.1981049,35.46520996,24.81852722,9.071774483,4.936909676,2853.91177,3,11467.25711,27.8842392,7.988530636,4,309.1932678
20290,5.603018284,53.79965591,17.152565,3.812982321,2.976190567,1616.337035,3,33560.90251,4.928516865,3.95767808,4,210.9637451
20291,82.68829346,27.4040966,16.52576065,8.259448051,4.783585072,7460.538331,3,31803.67715,21.52407265,9.280625343,4,208.3007507
20292,191.2048798,28.59665489,18.0640583,11.42206001,6.799878597,288.4600707,1,3315.754746,36.54960251,9.408586502,4,284.4258423
20293,239.5892792,40.62727737,28.33624268,8.764083862,5.223144054,1252.185916,3,4190.620756,25.94598961,8.542561531,4,37.95082092
20294,13.07298851,61.22160721,20.47666931,8.040811539,3.431937456,3518.88825,3,12772.37279,12.22580147,5.392606258,4,276.7661743
20295,7.689378738,48.80842209,26.09611893,2.943544149,1.400439501,1702.118932,3,33830.35841,4.711004257,2.546558857,4,300.2198181
20296,57.03525162,29.88303566,20.68040657,5.515900135,3.317768335,2839.607313,3,33996.25802,14.31677437,6.525835991,4,244.0934906
20297,54.28574753,47.98033524,27.62881279,5.281406403,3.091510534,2650.153644,3,34488.14157,10.38831997,4.966011524,4,40.7578392
20298,11.53131962,49.22842407,25.43176079,3.715168715,1.871510744,3710.084399,3,32991.88495,6.04283905,3.150726557,4,47.73248291
20299,58.76722717,35.46363449,19.34890556,6.152442932,3.46926856,4875.219681,3,32921.14723,11.53521442,5.316801071,4,246.0375061
20300,246.1412048,21.76152611,12.61915779,7.542447567,4.399424076,3373.052047,1,3828.144676,30.84356689,7.573188305,4,261.1932068
20301,130.5849609,25.53126717,14.86498356,7.15239048,3.726662874,3055.704867,3,116.2078594,27.2159996,6.753568649,4,94.02826691
20302,159.4411621,30.42549324,23.16001701,8.886808395,5.29170084,2987.433479,1,5880.090137,26.50774384,9.968751907,4,265.7946472
20303,133.7120667,24.871418,14.96347237,8.302197456,4.629312515,2389.462823,3,6589.811564,26.8326664,8.43789196,4,146.3379364
20304,112.0665512,26.49857712,18.49755096,12.47597694,7.03277874,689.417928,3,27859.57896,29.98326302,11.88422871,4,189.2740479
20305,172.6856079,24.53880692,14.16911316,8.028796196,5.692879677,812.9485665,3,29313.27187,22.80798149,11.70242023,4,231.6798859
20306,102.1768799,24.52158165,16.7364502,5.390009403,3.128924608,4645.031265,3,34831.61679,16.41583633,4.783942699,4,83.33334351
20307,40.42374039,26.00087929,17.94052124,6.562029362,3.149723291,4205.339365,3,35730.03705,17.91462708,6.009783745,4,103.1092072
20308,32.38619232,23.90912056,14.79975128,6.121344566,3.564689398,4044.495423,3,36035.63706,19.92632675,3.881257534,4,302.3806763
20309,11.0217638,45.00624847,31.62017822,7.096103191,2.761900187,1220.424946,3,34770.08799,13.48027229,5.412149906,4,23.42869568
20310,46.99857712,38.13430405,25.11055565,8.423247337,5.449326992,2156.372482,3,34610.97592,16.15667725,9.341443062,4,269.4543457
20311,156.6088409,18.53450012,10.18276787,5.027374744,3.098446369,8596.100134,3,35.38380841,18.87273979,7.686750889,5,225
20312,31.86219215,34.8337059,23.73172188,4.557972908,2.701689482,14199.8143,3,3532.271844,9.248375893,4.904561996,2,61.69924164
20313,54.68755722,36.90196228,23.10925484,3.379859924,2.196065426,14778.36517,3,2744.8574,6.568490028,3.93340683,2,93.12213135
20314,77.99465179,27.51907921,16.59911346,8.295322418,5.146993637,5696.15763,3,2292.086721,22.94259644,6.78900671,4,277.5552673
20315,73.66928101,27.18463516,16.01140404,9.684573174,5.137697697,3797.277026,3,25112.58227,26.90848351,9.13850975,4,145.5402679
20316,104.0699615,29.89702034,23.52405357,12.22638416,10.24867249,290.3800527,3,28291.26865,30.13806534,13.84011364,4,107.9188232
20317,36.3393631,32.85356522,14.7748518,6.555990219,4.4678545,1602.574679,3,30005.88758,11.99348736,5.103432655,4,257.9834595
20318,114.7070923,27.57466888,18.45697212,11.91395664,6.883470535,1717.941328,3,29665.28768,30.83696556,13.27822495,4,145.7187805
20319,55.04994583,29.81906319,21.79448318,5.586314201,2.985875368,4480.444385,3,33561.27163,13.41539574,7.002604008,4,282.9946289
20320,33.07583618,31.60776329,21.82616234,4.42072773,2.733514071,6252.545737,3,585.6425797,10.28161335,5.051306248,5,59.03624344
20321,63.4625206,29.02921295,15.69149303,4.782305241,2.98127389,5439.848781,3,1267.024453,12.30384064,4.295462608,5,252.2774506
20322,58.75493622,24.33387756,16.36849213,3.777126789,2.40777874,14408.57133,3,3052.622523,8.704026222,4.377610683,2,94.51708221
20323,231.8608856,22.28511238,10.81645107,8.551322937,4.749197006,4425.855898,3,5951.595373,33.30519104,6.423817158,10,150.9454041
20324,104.3578033,24.95881462,12.28855419,10.85038185,6.678189754,4532.556227,3,6225.443871,34.37213135,8.514499664,10,136.0609131
20325,65.73738861,32.92443848,17.4055748,10.24516773,5.791638851,2477.494961,3,2930.59832,26.79216385,9.71348381,4,161.5493469
20326,113.6702118,26.15382957,14.56925488,11.82333469,6.976906776,2620.400679,1,3074.622188,35.91905212,9.512260437,4,281.1738281
20327,59.84664536,27.71697426,14.93650818,7.59659481,5.262420177,210.7463473,3,8000.652841,18.44410896,9.075546265,4,259.9920044
20328,9.391248703,38.31519699,16.06638336,2.979479551,1.486711264,2216.295449,3,9642.243101,8.392366409,2.13519907,4,277.2351685
20329,46.45598984,56.24804688,26.27552223,10.90703201,6.343648434,2774.361443,3,9606.172896,21.36334991,8.696162224,4,40.36453629
20330,122.0597,47.94696808,28.32813644,7.216399193,4.368456841,2560.186468,3,9325.394714,18.48752403,6.129367352,4,315
20331,70.46226501,28.79565811,19.27422905,5.881153584,3.325182676,2643.045316,3,31254.47673,16.09536362,5.850182056,4,293.5427856
20332,116.3563156,56.24762344,28.29153824,7.309759617,4.1348629,3713.241623,3,37359.47638,18.11647797,6.011350155,4,35.53767776
20333,84.98535156,31.67667007,17.25458145,7.878664017,4.677769661,583.8663775,3,7500.871271,20.03977013,8.373628616,4,55.68531036
20334,133.9198761,39.82315826,25.80268288,11.27139759,6.75544548,1300.036453,2,8563.567979,29.64488411,10.2213583,4,313.948822
20335,113.8613663,37.6323204,26.12837982,9.111377716,4.570713043,2222.928796,3,9118.515551,25.00819588,7.715493679,4,36.86989594
20336,150.3140564,21.91738129,15.46030998,7.925226688,5.351516247,4750.956773,3,1664.524976,29.84763908,7.171088219,4,128.8479309
20337,127.5074692,33.88972855,23.52602386,10.35692215,6.353622437,4196.906629,3,12600.29783,26.37917137,10.41057682,4,297.0154114
20338,105.3473969,21.88036728,16.65279961,6.65623188,4.012182713,4163.615288,3,37833.75857,20.67844582,7.001860619,4,279.6132813
20339,76.04177856,36.1185379,25.89012527,5.561341763,3.557972431,676.3803837,3,34187.9882,13.63242435,7.913865089,4,36.51105499
20340,70.7199707,46.55095291,26.57221603,10.21456432,4.899297714,7928.747287,3,32363.39898,20.58884811,8.285025597,4,46.67653656
20341,58.31005859,18.8573761,9.472753525,3.664921045,1.930025578,12293.23226,3,1832.215163,12.32900143,3.788955212,4,225
20342,9.908360481,48.04468918,20.32875633,7.3675704,3.845164537,213.3579634,8,2995.504662,8.505941391,5.743936539,10,191.4395294
20343,136.0478821,25.15734863,13.28077412,9.585518837,5.446516514,1459.584796,3,6884.552957,26.52926445,8.283319473,4,78.94358826
20344,124.3285141,22.40352631,12.97683144,7.941249847,4.387442589,5533.415708,3,3289.858076,33.62680054,6.342954159,4,261.4308472
20345,131.7943268,27.47314644,17.30715942,8.358994484,4.665455341,5095.597424,3,23525.24982,25.99787903,6.946603775,4,95.45842743
20346,57.87696457,24.56367302,15.70868206,4.632043839,2.59915185,3826.797926,3,33612.17274,13.32087803,5.090677261,4,62.35402679
20347,59.6949501,36.33407211,18.54854774,16.88843346,9.942064285,8187.582137,3,32221.77976,30.53971481,14.0990057,4,132.7542572
20348,215.0750122,31.74044991,23.20024872,10.3613615,5.788820744,901.0424421,3,3749.081972,30.01325989,12.3971777,10,46.29705811
20349,211.1249084,21.84182167,12.13265228,8.615158081,4.467841625,3189.601399,1,3645.426669,31.99659538,6.81878376,4,287.4801025
20350,89.00363922,42.36608887,29.55335426,9.993453026,6.879684925,3053.317181,3,25607.5615,30.82218552,7.791265965,4,23.51818848
20351,113.8249512,47.1182785,29.07708359,9.121501923,4.98158884,1856.720429,3,26436.9044,24.31597519,6.967122555,4,327.9992065
20352,27.47094345,39.31695175,24.42515945,17.2810688,8.111064911,1249.832935,3,27334.03663,26.44927216,14.0845089,4,196.9470825
20353,39.85906219,25.52353096,20.46280861,14.57215214,5.652067184,7363.867703,3,31984.24623,27.44301796,10.33787823,4,180
20354,137.4993896,24.72673225,13.22409725,8.557846069,3.803047657,3358.493577,1,3816.191173,28.72221756,7.788901806,4,221.4964752
20355,193.3984833,28.56142616,17.50586319,7.783864975,4.281945229,3200.107825,1,3658.458861,27.10900879,11.00868511,4,258.4325562
20356,96.34078217,29.20438766,17.19967651,9.728727341,5.721573353,3824.109816,3,654.9001585,24.81416702,8.46844101,4,265.1008911
20357,132.7938995,26.24281693,18.04100418,9.06731987,5.896959305,7513.23599,3,15999.12836,27.23057556,9.475942612,4,147.1237946
20358,137.8186646,27.40094185,16.42775154,8.798175812,5.345901966,7852.663835,3,16267.09895,26.40336037,8.417264938,4,275.7441406
20359,145.6927185,27.26700401,16.49455833,9.63599968,5.254655361,7005.570651,3,17740.85787,27.21241188,8.051779747,4,237.1059723
20360,132.7335968,50.45576096,28.14100075,8.648523331,5.073194504,4812.314831,3,23594.20548,24.02782822,8.294817924,4,55.46447754
20361,104.6917038,30.27970886,19.85656738,9.617305756,5.27001667,2062.85623,3,26336.47757,27.69081688,8.080734253,4,84.81515503
20362,79.32460022,31.35032654,20.50140953,12.37390041,9.087366104,313.8728946,3,28163.99381,35.19786072,11.59907627,4,122.3466797
20363,152.7020569,21.84567833,16.19368935,8.576041222,5.365828991,228.245147,3,28453.31003,29.64600182,8.277791023,4,278.8203735
20364,120.52314,41.67711258,24.25391769,7.529765129,4.134677887,1004.142326,3,29177.20207,17.68232536,11.8726244,4,298.9600525
20365,56.86009598,28.46356583,20.11815071,4.967417717,2.899160624,4228.62966,3,36517.92885,12.02774525,5.653000832,4,267.5057373
20366,97.09511566,51.44592667,26.04909706,8.151335716,4.315514565,6090.36144,3,33179.05937,16.74815941,6.164155006,4,28.21343613
20367,64.1914444,41.56384659,16.55739975,8.599649429,5.582448006,21.51784152,3,2846.620873,17.75046921,10.05947971,5,235.7843018
20368,144.1456299,25.24073792,14.86707687,7.948865414,5.639398098,5363.72127,3,5571.377176,23.54902267,9.075159073,4,218.098175
20369,145.4146271,26.33338165,16.0835247,9.965563774,6.522894382,5254.505688,3,3972.345318,30.85679054,9.163586617,4,135
20370,52.01932144,28.0983448,16.10149765,5.563860893,4.332292557,5747.492561,3,14570.28849,12.29890251,7.51505518,4,203.1985931
20371,112.0079498,45.23275375,27.6763382,9.548710823,4.997437477,3404.188157,3,25056.95255,26.17207146,7.825860023,4,279.4007874
20372,94.88193512,33.93104172,27.82753754,8.762088776,5.402513504,2493.523505,3,25838.10201,27.43943977,7.888679028,4,310.1148071
20373,78.07866669,31.67989159,19.70433617,7.701755047,4.576602459,1789.550747,3,35618.19558,18.33225632,6.971564293,4,108.4349518
20374,99.98001862,39.77815628,25.31151962,7.750813484,3.898432016,1965.137227,3,35776.42291,18.49238777,7.722742558,4,35.21759415
20375,4.079656601,40.4091568,21.95760727,2.885077,1.385972261,14422.65023,3,3123.906544,3.716989517,1.730385423,2,60.36774445
20376,43.16187286,27.37120056,17.20073509,4.250654221,2.692181826,14186.21217,3,3327.535424,8.989463806,5.225203991,2,135
20377,166.6251984,33.00205231,21.61157227,8.604808807,5.255714417,1228.299717,3,4008.015189,27.44191933,8.075996399,10,56.54795837
20378,82.56498718,28.93558121,14.59106064,7.328107357,4.807370663,1802.118072,3,7156.728753,20.68135452,7.888796806,4,144.325592
20379,46.52805328,28.07941246,13.99536037,4.685278416,4.06011343,6157.443526,3,14915.55948,10.50335693,6.983601093,4,248.1985931
20380,89.80070496,39.68379974,27.25371361,9.104232788,5.575850964,4179.934253,3,24509.15912,27.16391182,7.521532536,4,27.73419189
20381,79.08436584,27.55395699,18.2661705,10.0952549,5.657037735,4805.410229,3,35258.36002,22.71490669,9.464942932,4,89.32596588
20382,60.76222992,33.72565842,25.83612442,5.339374542,3.308711767,4319.543212,3,35939.22319,15.61410809,5.498135567,4,299.8381958
20383,12.33151817,52.32699966,13.21161175,5.254809856,3.156549454,1747.337107,3,35322.44888,14.00512218,4.992657185,4,71.15011597
20384,107.5950317,38.60254288,25.35524368,5.785161495,3.228656292,2331.43241,3,36084.8322,14.80270481,5.239501476,4,73.30075836
20385,33.03832245,55.99153519,24.72035789,13.19922352,5.312664509,7438.628046,3,32182.23443,20.33939171,8.632647514,4,334.7079773
20386,75.53244781,49.56160355,25.49412727,9.901176453,5.28237772,7908.959888,3,32812.13374,19.82118225,7.422625542,4,284.8374634
20387,1.658758283,58.0595932,16.92977524,2.726603508,2.242006302,408.2997331,8,3214.63925,2.255309105,1.507515907,10,162.4030457
20388,5.568613052,60.70321655,19.17817116,6.983438015,7.167067528,288.2388694,3,3162.156608,6.608291149,8.308073997,10,101.3099365
20389,96.36207581,35.97044754,25.21640396,7.74263525,4.157153606,1759.333842,3,1364.016288,20.68143463,8.666140556,5,39.14398575
20390,31.88083458,29.30794907,16.80091858,12.72116375,5.244547844,2244.401913,3,2697.593542,23.10285187,8.719985008,4,201.2602081
20391,98.84970856,29.46962547,17.10153389,10.44939518,5.821564674,7262.732907,3,17312.84735,27.23701859,7.781350136,4,311.2472534
20392,41.15914536,37.12594223,15.57790756,9.742465019,5.179636478,147.1984954,3,28584.06167,31.76720238,5.649935246,4,321.1123047
20393,116.7400131,31.63565636,14.14316082,6.654612541,3.8245368,1194.787217,3,29533.61382,16.91781807,6.027598381,4,251.2841949
20394,13.59264469,34.81484222,19.74679375,6.98940134,3.058107138,1851.99579,3,30167.43305,13.5568819,4.023105145,4,249.498291
20395,96.59996796,26.69763184,16.50261688,5.949147701,3.958942175,3136.585223,3,31424.4834,16.39030838,5.700866699,4,258.1785278
20396,33.06143951,23.24905777,10.87925053,6.84745121,3.184027672,1835.611358,3,35405.46747,18.12730598,4.905390263,4,46.59114075
20397,149.9075623,21.60387802,13.37651539,5.198401928,3.034407616,12282.47242,3,1263.350362,14.87531567,6.074440002,4,207.8972778
20398,116.5729523,21.66874886,16.01290131,9.27746582,4.572976589,3629.011075,3,5854.197893,28.69882011,8.47947979,10,147.6201172
20399,251.0211639,27.33767319,16.20957184,8.23746109,4.634177685,615.2573278,3,2527.605605,26.00725365,9.528880119,5,271.8475952
20400,50.57495499,43.05675888,19.37062263,17.17101097,8.796637535,2201.877463,1,2655.591382,33.51931381,12.41095543,4,294.0755005
20401,204.3940125,26.42157173,17.19275856,10.03922176,5.779589176,1887.359598,3,6407.453355,28.93834114,9.727597237,4,57.69470978
20402,45.04642868,36.03516769,20.14091682,10.29867649,4.41526556,3246.553329,3,9283.249283,18.039814,7.088839531,4,309.1843872
20403,176.013855,30.78097534,17.82920265,9.582159996,5.153591156,5075.43191,3,3360.58869,28.42988777,8.322575569,4,288.3354797
20404,148.1049652,20.78639412,15.56772614,9.175717354,6.045069695,5234.453853,3,2127.106238,31.01620865,8.358391762,4,175.7026062
20405,127.2994232,38.22876358,27.59789658,11.53011417,7.450564861,751.1722941,3,27487.99622,32.6006546,8.616791725,4,40.82552338
20406,35.78344345,40.80133057,24.41182709,12.43274498,6.800859451,311.2182121,3,3266.456047,19.97699356,14.25516224,10,94.82076263
20407,97.29894257,29.17737198,15.71262264,8.258090973,5.863676071,5067.960693,3,5720.102218,22.42418289,9.057519913,4,271.6525879
20408,130.0718536,39.02116013,26.56903267,9.331539154,5.032534122,4704.144517,3,13105.38205,25.67371559,8.215847015,4,312.6862793
20409,83.65021515,36.71403503,25.62805748,13.20128441,7.451529026,4958.029866,3,13551.89043,33.45635605,11.10147476,4,38.41805649
20410,136.759079,23.83610344,15.10169983,6.475310802,4.29968214,6563.062625,3,15258.19438,18.28386879,10.0734129,4,209.591156
20411,118.6941757,38.05249405,26.66097832,8.643210411,4.982346058,3795.063246,3,24512.43391,26.34817314,7.529976368,4,302.0925903
20412,133.6719666,42.94623947,27.66892433,9.504229546,5.433103561,1357.805842,3,26884.18413,27.37031174,7.777367115,4,45.59680939
20413,95.59205627,29.67092705,17.31527138,6.952668667,3.88790679,3162.013086,3,31199.95313,16.69175529,6.595467091,4,306.0273743
20414,132.2291718,30.75164413,16.86024857,9.051671982,5.173014641,2272.272063,3,30135.72599,26.01420021,8.581860542,4,264.8055725
20415,90.46855927,28.5565815,18.10248566,9.582304001,5.524645805,4071.567791,3,38018.33734,22.91358185,8.720011711,4,100.0079803
20416,170.62677,26.10353279,14.51105881,9.969552994,5.23863554,1306.686875,3,1757.691935,31.74246979,8.376695633,4,142.2220154
20417,222.6820679,25.33193398,15.34921741,10.41919041,5.5892272,440.0447542,3,889.2433501,29.6089592,9.53911972,4,223.6980438
20418,87.66472626,27.55316734,19.44596863,6.8509655,4.789421082,8952.752872,3,19942.43486,17.86592674,8.455951691,4,96.1155014
20419,15.34109402,32.49192047,21.70173454,10.56121635,5.281737328,8530.638026,3,32440.56322,15.92191887,7.903967857,4,192.6296997
20420,189.5141144,20.96393394,16.31259727,10.00478745,6.561284065,1698.91157,3,2151.271744,35.22219849,9.090156555,4,136.8039856
20421,189.955307,25.23696327,16.70970345,10.40880108,7.079140663,1504.820261,1,1959.471015,34.77323151,10.4202137,4,298.116333
20422,157.5503845,23.51387787,15.35707855,8.576469421,5.292576313,2593.457639,1,3049.24485,33.93175125,6.981817245,4,239.5023804
20423,97.57378387,25.69714928,14.3796196,6.889469624,4.455135822,484.9064426,3,7462.655965,18.42988014,9.497610092,4,88.22551727
20424,24.54896927,31.62262154,21.03515053,8.391819954,3.791697741,3010.61424,3,9536.262548,16.9485054,7.57974577,4,53.97262573
20425,102.7720261,27.22322655,17.44187737,5.978800297,3.512575865,2486.484111,3,36040.98831,17.25370789,6.419988632,4,77.67073059
20426,21.09215927,30.724123,13.03844833,2.808566809,1.665003657,14495.71158,3,2996.29922,5.516949654,2.647630453,2,71.56504822
20427,45.85337067,27.3134861,18.13123894,3.614704609,2.19752121,14795.34833,3,2494.617037,7.723330021,3.321886778,2,90
20428,81.26299286,25.27984428,17.69596863,11.51414585,6.093729973,3904.273766,3,6040.783235,29.60996056,10.96538925,10,185.7406006
20429,43.66750717,30.29075432,16.01408005,4.906919479,2.542212963,5994.171657,3,1046.949966,11.93912888,4.569637775,5,144.1623535
20430,22.04483414,31.50113678,15.57136726,5.478764534,3.001696825,10862.63647,3,1029.559583,12.49409485,4.455495834,5,218.0189362
20431,22.03486443,28.87526131,19.00968933,4.12374258,2.350172281,14758.41893,3,2667.104893,11.66924381,4.585264683,2,94.5739212
20432,125.8681107,29.09170151,19.57500076,7.865006924,4.462188244,4551.589147,3,7869.852868,22.91756821,10.39195633,4,275.8886108
20433,147.7977753,31.14779854,27.26673889,8.210352898,3.901667833,2444.962092,1,5280.699769,31.03999329,7.410661221,4,38.89377213
20434,75.36933136,36.99938583,25.34001732,7.631073475,3.796996355,6360.412699,3,33320.36299,17.97585297,6.71155262,4,37.00829315
20435,43.52080917,33.14957047,19.59515953,11.08877182,4.371300697,8769.1555,3,32557.27172,24.56183815,10.20432663,4,141.6544189
20436,22.04579163,50.91825485,25.10216713,13.51267147,7.802152157,8634.25427,3,32573.29038,24.60222435,9.871213913,4,48.65877533
20437,56.93828964,24.39616013,14.75971603,4.440296173,3.05752635,5673.113854,3,1325.741639,13.75586796,4.574377537,5,96.91122437
20438,49.92537308,23.96626663,12.48921299,4.282494545,2.086652994,11454.50836,3,1310.723416,11.52932835,3.794042349,4,204.2930298
20439,221.3730927,21.40888977,15.05586433,8.424062729,5.185388565,7875.47893,3,5542.318018,30.81365776,8.731803894,10,206.1610718
20440,201.6548767,23.33902931,16.22736359,8.988821983,6.282326221,338.6999227,3,80.81646796,31.85861778,9.146481514,4,50.33215714
20441,302.1671448,25.52964973,15.18943024,10.10111427,5.850899696,1680.407464,3,6337.819248,28.25695801,9.826363564,4,117.6459732
20442,22.70849228,38.98477936,21.35966682,7.412221909,4.998733044,22.59498644,3,7676.297163,13.07720089,8.502933502,4,257.5105896
20443,202.8283081,30.13694191,17.25910759,7.34381485,4.677410603,4293.380261,3,8346.585483,22.35102463,8.612161636,4,242.8600922
20444,104.1796646,37.58687973,26.04823112,8.517306328,4.825165272,4459.47053,3,12932.17023,24.40018272,6.818781853,4,47.20259857
20445,36.41852188,29.00078583,19.9874115,5.577810287,5.068982124,5165.069918,3,13929.57662,9.65798378,4.664909363,4,255.9637604
20446,62.93074036,36.1817627,18.9801178,9.204583168,5.146872044,7958.099594,3,32597.29201,19.40475082,7.409345627,4,75.61860657
20447,27.3273201,34.33958054,19.26035118,8.587663651,4.343700409,5140.482497,3,6341.354871,17.51623154,7.326365471,4,241.6992493
20448,69.8405838,26.88723755,15.17407036,10.96855354,5.69722414,26.70692495,3,8904.066474,32.99090195,11.53900719,4,120.8636169
20449,56.68554688,26.98179817,21.24607277,7.588419437,4.605650425,2011.63133,3,35735.82702,19.63679695,8.503317833,4,260.5376587
20450,96.90735626,32.15761948,16.70106888,8.725113869,4.770962715,7407.595834,3,33302.23076,21.33957863,7.754992008,4,119.7160339
20451,26.35455322,10.67078114,6.554438591,4.101261139,2.386720657,13159.37372,3,2031.330729,22.0292244,2.723574877,4,201.8384094
20452,218.1503448,32.32252502,28.7438755,9.438551903,6.378769398,2165.610013,1,4854.074668,32.79782867,11.04130173,10,330.3008423
20453,55.07954788,45.51514053,22.49171448,8.193359375,4.542440414,3483.01607,3,5067.167291,15.95800495,9.439576149,4,202.380127
20454,90.40493011,28.30348778,15.19342136,10.98605061,6.356413364,5301.540004,3,6753.218081,25.42705154,8.675857544,4,93.62148285
20455,94.61767578,29.37958527,15.88047028,9.533892632,5.68444252,4259.276072,3,1356.787463,26.87484169,7.546372414,4,278.6651917
20456,113.6262741,33.94405365,19.61148453,11.07851791,6.384211063,188.220374,3,8536.02846,33.31523132,9.612352371,4,125.7066956
20457,162.5982056,22.51775169,16.16421318,8.703151703,6.057798862,430.3374165,3,28182.52903,29.8714695,8.628615379,4,263.5648193
20458,43.3902092,43.5080719,25.70020485,11.37835693,5.104810715,8161.37114,3,32345.41874,25.17449379,8.451255798,4,320.5722046
20459,80.33589172,40.67609787,26.29411888,8.281684875,4.677152157,8540.869823,3,33120.93812,19.90994644,6.58071804,4,267.1375732
20460,65.81672668,34.97811127,21.53722,6.533175945,4.528045654,3377.942836,3,9233.18079,17.55272675,5.318255901,4,282.1732788
20461,78.21408081,24.65235519,16.5802784,4.636198044,2.8379879,4714.574172,3,36879.99568,12.03978252,4.615787506,4,70.2011261
20462,85.1897583,43.27886963,26.53360939,10.21379948,5.45612812,8888.56355,3,33241.01179,21.97703362,7.917181492,4,65.55172729
20463,260.8892517,25.15206337,16.45078087,9.066954613,5.481688499,5393.37239,1,6996.309169,32.03784561,9.244539261,10,44.03652573
20464,249.2097778,22.39261055,15.12320423,9.073216438,4.991640568,7191.247619,3,5705.567588,29.61343765,8.093065262,10,139.4846039
20465,187.23703,25.33898163,16.06755447,7.750146866,5.16879034,4101.893517,3,5918.643793,25.80017853,8.495286942,4,109.1129761
20466,37.99305344,41.37446976,14.81425476,8.617015839,4.443357944,321.4108344,3,9132.29442,21.40263939,10.05921173,4,273.4134521
20467,130.8314056,30.29549026,19.27732658,12.48629379,8.234319687,296.8433165,3,27512.28396,34.20890045,11.18740749,4,93.56054688
20468,45.14696121,31.7041378,15.43463421,3.11732173,2.000857353,10551.06326,3,435.543344,6.381101608,2.794872761,5,204.5604095
20469,148.2569885,18.56478882,11.33886623,5.417397976,3.221880436,12997.11776,3,1069.119875,16.45616722,5.947593212,4,195.9454041
20470,58.51721191,24.89932632,15.97720814,5.704040051,3.871137857,13723.33592,3,3206.299495,12.87296295,6.632236004,2,238.0432434
20471,113.2762604,20.69779015,14.03586769,6.175429344,3.777632475,12242.21667,3,4169.995716,18.27987671,6.993793964,2,141.170166
20472,137.6833954,48.18138504,29.65521812,10.38094616,6.27069664,2141.339649,1,2597.529552,30.95400429,9.977858543,4,313.4518433
20473,19.84358597,24.83937073,14.34035587,5.479363441,3.082483053,239.7337342,3,7461.76235,9.909901619,5.113127708,4,68.74949646
20474,187.1988831,25.3411026,14.4726429,7.470479012,4.592529774,4152.759461,3,5400.384922,23.26072884,8.790424347,4,161.5650482
20475,129.8731995,21.74297333,16.29536438,8.867271423,5.469520569,8678.634433,3,18723.88972,27.7078476,7.25754261,4,171.8699036
20476,125.6590195,15.20837784,11.91166878,5.996494293,3.66130805,4808.113765,3,32422.21777,20.17289162,4.778923035,4,192.1723785
20477,34.94721985,25.95968437,16.62113953,4.935389996,2.733250618,9312.744931,3,432.7903241,14.32458401,5.147130489,5,215.073761
20478,188.9872437,33.74686813,17.01903534,8.831274033,5.104597092,9501.789046,3,4805.831878,24.90913391,11.91207504,10,142.9696045
20479,284.3997192,21.54906273,14.64300537,8.374770164,5.327105522,751.3883579,3,313.4563213,30.15991783,9.270940781,5,71.39752197
20480,86.59876251,48.29217529,25.74167824,8.68682766,4.458883286,2873.24332,3,9221.420024,20.07851028,7.009016991,4,59.26369858
20481,112.3035889,27.71107101,20.33849525,8.970241547,5.916705608,2847.992461,3,25491.86653,30.46102333,7.287267208,4,79.60429382
20482,100.1849594,25.60786247,15.30496407,6.841749191,3.721487999,4201.826676,3,31930.86468,19.44300079,6.4689188,4,194.2645111
20483,68.02700043,23.99827194,15.62286472,7.800628662,4.912951469,4368.655005,3,37438.26129,19.57383156,7.429283619,4,178.4518433
20484,71.99948883,25.17099953,14.02540684,7.351777077,4.18358326,2112.707057,3,35872.0271,18.86445236,7.010028839,4,63.43494797
20485,65.69050598,29.01374245,15.7690258,4.48777771,2.584561348,4936.50626,3,2080.090789,10.4180603,5.562958717,5,216.8699036
20486,110.3580093,22.21835899,15.86662769,5.667615414,3.577354193,8563.639962,3,558.458354,17.91508675,5.640268326,5,126.7028503
20487,117.7477341,19.83501434,12.38750267,5.354949951,3.208982944,8829.762711,3,725.4475728,17.79419518,6.494898319,5,210.5147705
20488,233.0721436,20.92053604,14.80611229,8.026471138,4.817048073,6335.47297,3,6085.715569,28.6206398,7.682135105,10,166.0881805
20489,154.7598114,28.60078812,17.20684433,8.787261963,5.440896511,618.8328586,3,6811.937823,20.13350677,9.424544334,4,75.5989151
20490,179.571167,32.46222687,16.13240051,9.61205864,4.879470348,4373.089228,3,8392.686262,24.76529503,8.439261436,4,291.9744873
20491,158.5189972,47.12499619,27.78171921,8.164694786,4.770510674,2836.817322,1,170.939029,25.43507004,8.026410103,4,47.95470428
20492,271.4997559,38.04751587,29.52714157,12.85912895,7.479520798,1694.675879,1,9736.856346,36.86306763,10.87032604,4,28.58921432
20493,237.3172607,26.04826736,16.63191986,9.553013802,5.68297863,1878.718887,3,10118.62714,31.54642296,8.18225193,4,248.1386108
20494,78.52348328,49.05591583,25.60625076,10.20560741,5.632752419,8890.176208,3,33207.34928,20.62085724,8.031873703,4,292.7921753
20495,55.85982132,59.54840469,26.25806999,11.7042141,6.111698627,8826.426331,3,32772.86286,23.53728867,8.585488319,4,333.8911438
20496,54.19471741,25.28999138,14.71485615,4.859548569,2.943454981,4821.733702,3,2061.836684,13.31481647,5.778926849,5,199.1620789
20497,121.6570969,24.34321594,14.7544775,5.780134201,3.256508112,9313.138458,3,635.28781,15.7827816,5.825713634,5,112.5205688
20498,208.4948578,28.33905029,16.20368576,10.24686241,5.718582153,8357.500523,3,5220.61983,29.07273293,9.006735802,10,106.5933304
20499,184.9284058,26.12803078,15.77223206,11.80085945,6.668876171,701.2905279,3,1153.254162,33.75899887,9.613974571,4,172.0106812
20500,63.18689728,50.03063583,27.04169083,8.046117783,4.133827686,3212.300737,3,9538.233228,19.26570702,7.315557957,4,331.2037659
20501,99.54405975,23.50860786,16.05067253,8.961285591,4.739031792,7431.676798,3,21214.75959,24.72185707,9.034946442,4,174.5952454
20502,36.58200455,31.14707756,14.77465439,4.569317341,2.715495586,4864.479513,3,1803.219482,13.75746632,3.983205795,5,232.1424255
20503,62.15844727,30.82024002,18.2080574,5.201169968,3.139632702,4910.710597,3,1868.342078,13.5834341,6.288128376,5,235.6196594
20504,17.13562393,32.24519348,10.76199627,5.263833523,2.242766857,11338.78906,3,1150.679129,11.2830677,2.700885773,4,219.8055725
20505,54.03421021,37.77093506,22.3919754,5.199590206,3.190269232,11927.39616,3,1258.773231,10.90208721,5.783025265,4,264.8055725
20506,190.6756134,25.35178947,16.18263054,9.876875877,5.543889523,8696.151808,3,5009.016071,30.21998596,8.171679497,10,208.3007507
20507,219.7740326,29.8113575,24.32915688,7.346311092,4.440618515,3490.312174,1,6141.750721,33.46697998,6.576008797,10,35.53767776
20508,76.99765015,13.40049648,6.880121231,6.457832336,4.328598499,549.7969497,3,120.8741269,28.0994091,7.021765709,5,86.18592834
20509,25.70412827,31.09445381,16.60997009,4.868822575,3.32020092,3319.605332,3,9337.989466,14.46848965,3.543773413,4,271.3971863
20510,217.6378174,20.07606316,13.84613037,9.11562252,5.468347549,2083.095916,3,506.4167676,27.71955109,8.624520302,4,159.2667847
20511,51.62917709,25.18071747,13.06784534,4.992824554,2.454036236,7101.182809,3,1065.415112,14.147542,5.762917519,5,158.7176514
20512,77.51670074,25.22958565,13.17366886,5.010846138,2.596180916,10263.31185,3,590.4057243,17.72747231,4.609607697,5,68.33404541
20513,9.685640335,36.44010544,15.45166206,5.03023386,3.097248554,10733.33453,3,829.1592648,8.673961639,2.365796328,5,226.9091492
20514,39.1765976,24.98187828,13.78849316,8.975886345,3.114433527,3463.820815,3,5772.832771,27.76792908,7.804981232,10,128.8849487
20515,310.1844482,33.02756882,20.47844505,9.540865898,5.391100407,2351.073502,3,5552.885685,25.0441761,10.81984711,4,64.02560425
20516,95.37805176,31.99787903,17.95999527,12.70735168,7.589737415,4680.795684,3,6846.513204,27.65055084,10.30966949,4,110.6954498
20517,195.3020782,31.84340477,17.36886597,11.40084267,6.919604778,4088.929136,3,5261.875714,28.50645256,9.854040146,4,209.2680054
20518,224.7217102,29.11994362,16.4636097,7.941972733,4.28324604,1291.31375,3,1508.69563,27.61389542,8.790237427,4,110.1484146
20519,126.0626526,30.76672745,20.30323029,9.777506828,6.383471966,4120.172324,3,24271.66269,29.22849274,7.995611191,4,69.92847443
20520,186.134491,27.83861351,15.31501007,7.520845413,5.199388027,2880.722373,3,30632.97386,21.06766701,8.123679161,4,221.7295074
20521,55.05133057,31.32489967,17.13097763,10.05583382,5.53781414,8346.6752,3,32942.67915,21.12168694,8.307490349,4,113.3555603
20522,4.802343369,27.05261612,7.76470089,2.873288155,1.414515018,10905.47179,3,944.9225246,6.386510849,1.508083224,5,217.2503662
20523,210.3020172,19.94350243,13.23893452,7.950874805,4.836353302,6861.963038,3,5786.662263,32.83560562,6.951020241,10,204.0888672
20524,179.2042542,24.02739334,17.59420395,9.879213333,6.581960678,907.7531698,3,4005.158567,32.16748428,12.77052212,10,83.38427734
20525,167.5525818,26.90759087,19.80047798,8.450263023,6.287172318,1185.055515,3,763.0525083,26.07290268,11.1978817,5,55.10503769
20526,141.5337219,38.43585587,17.31567383,13.42500973,6.884021282,3334.059589,1,3795.272291,29.23962784,10.46580887,4,110.5560455
20527,66.9761734,30.03135109,18.54398918,9.567592621,5.953683853,4453.291293,3,6506.00835,24.50707054,8.448662758,4,250.5953522
20528,57.66426468,27.36108589,17.77889252,7.62296629,4.470756054,1231.109547,3,7443.207882,20.54643631,7.84011507,4,207.4397278
20529,22.33038521,34.90411377,19.72781372,5.938379288,4.727951527,5768.506036,3,14271.23983,8.976769447,4.102482319,4,210.7467346
20530,129.0458679,27.2144928,15.08237076,9.441915512,5.435576916,6886.935933,3,15478.32349,28.24881554,9.038518906,4,283.3245239
20531,106.9447021,29.41770172,16.9059639,11.62347221,5.991466522,4211.107906,3,6344.626121,33.78932953,9.426720619,10,47.38594437
20532,99.34437561,60.73166656,25.03456306,13.24410534,8.200603485,3272.07667,1,5727.42907,35.12792206,12.74704456,10,336.5797424
20533,45.4449501,22.90449524,17.39277458,8.611562729,4.130412579,101.6523281,3,2630.759462,25.49773598,8.720581055,4,289.2306519
20534,44.62308121,37.30586243,28.61574745,9.629642487,5.476336956,2650.439379,1,5272.45282,23.76487541,7.38196516,4,23.00887299
20535,136.2411499,25.55036354,16.00653267,5.983130932,3.90933609,9732.921625,3,82.49859717,15.99428177,7.330649376,5,179.3969116
20536,84.59216309,25.77242279,15.06535912,7.145018101,5.132713795,10141.11033,3,146.5478704,19.52908897,8.974177361,5,111.5927124
20537,84.48587036,21.57219696,13.67397881,4.360562801,2.500276089,12471.21068,3,837.6657694,13.61741447,4.50551033,4,123.338501
20538,162.2068939,21.16786766,15.04622936,8.17410183,6.026566029,9995.391618,3,4700.294219,32.97174835,8.364138603,10,225.4957275
20539,193.5228882,28.02021599,16.18514633,10.93266487,5.947660923,8949.309386,3,4838.647402,28.62327385,8.695979118,10,129.5962067
20540,173.2493439,24.90844154,16.54683495,8.242229462,4.584060192,9277.703418,3,4790.111334,29.34646416,9.237168312,10,215.6913757
20541,54.75599289,33.58428192,18.77325439,9.562497139,5.009220123,445.2358473,3,2264.913754,22.91639137,7.599676609,4,110.7589417
20542,114.5545273,22.56595039,16.36001778,8.907452583,4.146591663,111.0641937,3,2677.771576,22.30165863,7.186820507,4,287.7582397
20543,39.46696472,28.00725555,13.85861301,4.847353458,2.556037664,1589.393433,3,7319.562781,12.27035809,3.196473598,4,154.114502
20544,11.27395535,27.20755005,16.69925117,5.686708927,2.000174284,3648.580222,3,31410.26205,13.56893826,3.623412132,4,220.2792816
20545,65.93023682,27.40330505,22.55944252,5.278064728,2.870349884,4703.001645,3,35635.24238,17.26300812,6.410242081,4,299.9621887
20546,43.52461243,48.42165375,28.94627762,4.967209339,2.749836922,4831.829766,3,36024.93251,10.60223579,4.418958664,4,58.73626709
20547,13.51204777,47.27154541,21.32013512,7.707458973,3.794127226,2530.434525,3,36356.79346,12.35272598,5.144902706,4,48.8241272
20548,68.331604,34.08347702,20.12759018,6.689966202,3.974795103,1889.819452,3,35007.9163,15.01096535,6.630172253,4,82.2664032
20549,100.1300507,21.41433525,14.1315012,4.513842583,3.106312752,7916.23747,3,776.5854477,14.39334202,7.499695301,5,253.237442
20550,122.74617,35.5208931,25.86360931,6.948785305,4.198470592,11904.6704,3,3944.402322,19.21792984,9.240882874,2,36.86989594
20551,145.8043518,21.51046181,14.64424801,9.446106911,6.209193707,4353.406659,3,6606.768727,32.71421432,8.981414795,10,122.9272308
20552,234.0579834,25.93909454,14.3363924,7.226169109,4.538765907,429.8030349,3,2815.318551,25.20509338,8.973767281,5,261.2431335
20553,91.4371109,33.25598907,18.82849503,9.779821396,5.656548977,269.767537,3,7547.847807,20.78588104,10.20455551,4,246.1134949
20554,132.7931213,36.50458145,23.64204025,10.57563686,6.28679657,4059.972241,3,8844.483879,25.20736313,9.538061142,4,312.7760315
20555,190.9454346,31.69955635,16.05375671,10.48735523,5.299793243,4512.704872,3,8324.870958,25.71422958,9.03237915,4,240.8025208
20556,181.0402832,24.10382652,16.11659431,6.811251163,4.071441174,2409.004562,1,6299.532555,30.05619812,10.5308857,4,54.74319458
20557,215.1452637,25.74892426,20.21631813,9.187917709,5.678202152,2273.54888,1,6210.830322,32.3492012,10.15432262,4,49.21348572
20558,64.04799652,27.95391083,17.02924728,5.362281322,5.91644907,7387.97777,3,870.6838471,13.92257881,12.01768112,5,139.0986786
20559,27.96751595,26.79771805,12.67231369,2.91716814,1.677542329,10683.95091,3,479.70793,6.904942513,2.521052837,5,194.6390076
20560,79.98052216,22.6710453,14.80507374,5.351287365,3.280919313,10994.61613,3,619.3961688,15.0317173,7.408833981,5,251.5650482
20561,151.3179016,55.99081039,29.72532463,10.76148605,6.479340076,3619.809789,1,6109.881502,35.42714691,9.331343651,10,343.6812439
20562,124.695076,30.65582275,17.55699921,8.700575829,4.768374443,5207.95375,3,2398.780128,24.0107193,7.601354122,4,80.78897095
20563,138.813858,25.93807602,16.62525749,8.812285423,5.647445202,4449.764441,3,3068.690552,28.05694008,8.266572952,4,82.30394745
20564,210.2534332,21.16147614,13.98350716,7.449519634,4.472980976,772.2860537,3,3407.017301,31.47502136,7.038523674,4,251.2622375
20565,111.2941742,24.01820374,15.09290314,6.322830677,3.756196976,6876.012225,3,15096.87845,19.57213211,10.6431694,4,239.5133209
20566,106.5779343,46.89559937,27.87192345,8.266474724,4.299280643,5003.069248,3,34723.70505,17.35776901,5.906299114,4,62.35402679
20567,62.88383102,33.17159271,20.09493828,9.562472343,4.640558243,8011.65998,3,32699.30763,21.65407944,7.422275543,4,61.88162231
20568,18.20199203,16.94079018,7.954523087,3.527817726,1.587792158,8111.62885,3,350.2767034,12.34461975,3.864984512,5,266.81073
20569,232.4054718,21.91076469,13.8052063,9.141679764,5.830906868,5489.522173,3,6292.176459,31.24812508,8.250519753,10,143.4269714
20570,124.5992508,56.30134964,30.27760696,11.45644951,7.657250881,5879.15192,3,14089.89135,31.39432907,9.805025101,4,330.5789795
20571,182.1303253,29.80843163,23.47304535,10.69669342,6.962044239,4030.121504,1,6521.764839,36.02533722,11.35994053,10,318.5118713
20572,260.5926514,21.01115417,14.71312237,7.725094318,4.916520596,85.56199814,3,3240.281472,26.34894943,10.47043324,5,244.212677
20573,185.1856232,26.89392281,16.8177433,9.689405441,5.621923923,1330.651035,3,8213.758787,27.84503746,8.330798149,4,220.9858246
20574,220.1255798,25.01388359,16.68749619,9.02729702,5.394318581,3912.945969,3,4305.788433,31.59632683,8.43129921,4,264.0938721
20575,171.1065826,27.58184052,16.68372345,8.940188408,5.02376461,4016.202976,3,1346.225383,27.17476463,7.969390392,4,243.741333
20576,154.0437927,27.23507309,16.16877556,8.817090988,5.372331619,8063.39863,3,18161.65868,24.79159927,6.947235584,4,293.4507446
20577,117.8161545,28.09490395,17.82848167,9.233207703,5.401651859,3501.864044,3,30889.27868,27.03417397,7.999840736,4,174.2256775
20578,49.92187881,27.03883553,15.17961979,2.827991009,2.194027901,5498.37343,3,1807.041412,7.065774441,5.293480396,5,145.3861389
20579,33.62295532,29.86642456,15.7204504,3.532887459,2.051809311,6029.175033,3,1421.22021,8.340521812,4.849133968,5,210.068573
20580,8.089499474,24.09037399,10.60275555,4.156855583,2.384761095,7843.454362,3,491.1090817,7.531865597,3.209235668,5,255.7714844
20581,114.2326965,23.20980263,14.7263813,5.369276047,3.189437628,13630.76001,3,1375.622423,15.15797329,6.210203171,4,185.0636139
20582,109.1789932,40.31693268,27.98450851,11.05801868,6.108994961,2491.973659,1,2950.744679,33.60079193,8.729047775,4,335.8208923
20583,158.7478333,21.41860962,13.54558372,8.061002731,5.361665249,2961.923248,1,3421.088096,34.24333954,7.875363827,4,233.852005
20584,110.0949554,32.77396774,18.94404984,10.51617813,5.99289465,3499.515619,1,4461.259498,26.01101685,10.07947159,4,268.331665
20585,60.36090851,18.89441872,9.289006233,7.546153545,3.999198437,2276.335388,2,6375.1267,30.79442215,8.059364319,4,81.86989594
20586,120.0313187,27.99855614,18.23176003,9.09842205,5.814111233,5166.177973,3,12870.65643,26.32727814,8.17162323,4,81.63411713
20587,78.62539673,21.21704102,13.80010509,6.069693565,3.674913883,5270.180425,3,32927.94763,20.08680153,5.585114002,4,226.041626
20588,109.616188,23.73784065,14.3528862,6.322052956,3.876150846,5768.276977,3,34023.54069,18.29185104,7.108156681,4,117.4309387
20589,79.51598358,24.2549305,17.18350601,5.05653286,3.546693802,5661.347912,3,35489.49513,13.69674587,6.292414188,4,273.0857544
20590,107.6046295,27.12042809,21.51037216,6.852821827,4.369223595,6027.899348,3,34736.40466,19.6171608,7.62812376,4,63.43494797
20591,67.24123383,53.70037079,25.25049782,6.766662598,4.022045135,4966.006899,3,33347.07978,11.82279015,5.735743999,4,317.2905884
20592,67.19088745,31.46978951,18.69268799,5.786887646,3.36111784,5690.939232,3,34112.60771,13.52744293,6.393193245,4,208.8865814
20593,93.74708557,25.45959473,14.86667538,4.696381092,3.029803991,15152.82525,3,1838.157282,11.58356571,6.053179264,2,222.1009521
20594,142.1337738,25.89119339,16.36276436,7.908278465,5.003018379,4092.189929,3,4936.230751,28.52140808,7.488268375,4,136.0609131
20595,193.9663544,21.91479874,14.16034985,8.011242867,4.550619125,1057.73884,3,1589.262838,30.77179337,7.912503719,4,62.91202545
20596,31.76141357,27.32772064,15.73749352,3.238705397,2.475123405,5671.954037,3,1604.48061,6.645940304,5.368954659,5,123.5489426
20597,243.4666595,24.5352726,15.07263279,8.097201347,4.582279682,4254.48166,3,8692.081494,19.01521492,7.643414021,4,175.6012878
20598,153.0252228,25.83294487,17.27443504,9.603988647,5.612852097,475.7304569,3,1937.507808,30.59095955,10.73376656,4,85.40945435
20599,79.81164551,17.92963982,11.54542446,6.837578297,3.412576914,2721.014604,1,5860.997371,29.00302887,8.179964066,4,73.25802612
20600,52.87404251,34.59477234,21.05488586,5.44924593,3.419499159,3821.605355,3,34798.51829,11.57799149,5.514945507,4,80.53767395
20601,156.2360992,24.78750229,17.6373291,10.0978508,6.012188435,2621.788124,3,4947.762445,30.02203941,9.008179665,4,193.4174805
20602,116.8928986,24.20423508,12.77688313,7.18887949,3.658461094,8334.407424,3,17975.19577,23.42176628,5.66940403,4,237.4649353
20603,49.8611908,49.28564835,22.34489441,10.02058029,5.642526627,3527.926163,3,4935.593421,17.81579971,9.180345535,4,296.7828979
20604,35.07183075,18.40579033,10.87319946,7.034209251,3.557579041,178.8198341,3,2792.728392,23.87005997,4.22218895,4,284.5657654
20605,118.0367126,26.24947548,15.92797661,9.422424316,5.088644028,8376.740695,3,16562.46193,25.32549286,7.560631752,4,148.5479431
20606,66.05007935,24.98184967,15.54751778,7.202958107,4.346195221,4776.153125,3,2112.80849,22.84948921,5.706677437,4,120.7627182
20607,91.38699341,30.65010643,16.31728935,8.384750366,5.088475227,8547.143567,3,17766.83458,20.5057621,6.175671101,4,297.8637085
20608,100.1164627,44.65726471,25.44924164,8.284207344,4.397781372,8228.543505,3,34087.84827,19.13245201,6.752099514,4,60.12400818
20609,88.11790466,47.37424469,25.48536491,8.52060318,4.864558697,8659.014326,3,33878.46202,20.07225227,6.943405151,4,311.8315125
20610,162.0741577,24.79140472,12.26846313,7.666958332,4.64981842,308.4734472,3,2979.521108,26.40063477,11.03738785,5,295.8634644
20611,147.4335022,21.60214615,13.34146309,10.66375732,6.199040413,228.9877603,3,679.3540989,31.29791069,9.664308548,4,213.99646
20612,123.1488571,24.65234184,16.93652725,10.05784988,5.591096401,2940.241064,1,3402.210623,30.19491959,8.568678856,4,199.0811157
20613,81.16151428,28.18789101,18.2700367,11.54611874,6.214216232,664.0337734,3,7767.602093,28.19270706,8.799190521,4,196.5220947
20614,181.2287445,28.09331512,21.40836334,9.036896706,5.257656097,1650.150814,1,6764.126211,30.08883286,10.27848244,4,42.36923981
20615,132.4666595,18.45707512,13.75988293,8.22172451,4.886857986,642.6554141,3,27046.42014,26.2386055,7.232956409,4,169.5625305
20616,18.6901226,47.15359879,24.05118942,8.924042702,5.082677364,4439.811067,3,34093.72342,12.65929508,10.05813408,4,264.9532471
20617,101.4250412,23.31992531,14.28288078,8.570576668,4.75626564,9001.938204,3,17827.66873,24.10287476,7.312367439,4,170.9605103
20618,61.21363831,31.30873108,18.63834763,8.411741257,4.42935276,7679.777823,3,33320.42029,6.757220745,3.88149929,4,45.65097809
20619,149.230011,24.89522171,15.49418163,8.208853722,4.55136013,1981.852315,3,4973.296105,27.53941154,8.820859909,10,134.4212799
20620,197.13591,28.16544342,16.22150993,9.175056458,4.805785179,1063.152948,1,3492.976757,32.8860321,8.278196335,4,297.8024292
20621,178.6859131,40.87090302,28.30041885,10.02378845,6.286759377,5813.576785,3,22680.42148,23.58114052,10.28370857,4,85.15633392
20622,150.4608917,26.06517601,18.54390144,10.38038063,6.041667461,1528.568192,3,26087.11822,27.50938988,8.026751518,4,190.1620789
20623,24.63677788,28.62935829,15.20414066,3.968531609,2.71013093,14548.65549,3,2719.44034,8.181838989,5.612994194,2,98.13010406
20624,263.4737549,21.61928177,17.55830956,7.882827282,4.649065018,1236.031568,3,789.1248285,31.50705338,9.378687859,5,47.70397949
20625,126.0918045,24.25023842,22.11458778,9.440953255,6.372331619,347.8190061,3,102.6813723,30.53432846,10.52170849,4,30.8505249
20626,70.76560211,20.91303062,13.97339725,6.193090916,4.686333656,1170.469281,3,7187.279347,24.02836609,7.73122263,4,87.35745239
20627,140.7458191,31.38290405,17.07705879,10.15157986,5.711914539,2816.758908,3,24975.95583,26.15944099,8.560310364,4,173.853363
20628,66.42147064,58.96330643,23.37334251,4.316316605,2.513839722,4153.816302,3,35045.82841,7.666292667,3.742012024,4,85.04173279
20629,45.34618378,30.68462372,18.07354355,6.561238766,3.847445726,4822.328641,3,34199.6759,13.56941128,6.873063087,4,218.325943
20630,76.43569183,44.86575699,27.78556442,8.054738998,4.640654564,6641.795771,3,33367.41365,17.24963379,6.039291382,4,315
20631,86.86408997,23.88437271,12.12154961,6.497629642,3.419044018,6922.208756,3,582.1973131,19.95417404,7.271134853,5,208.8556519
20632,133.4028625,31.73981476,15.86028862,11.43566799,6.229728222,1087.625632,3,1334.089884,29.62536812,10.32715321,4,165.2172852
20633,109.3944778,24.51163673,13.59059334,9.279436111,5.596425533,8864.980537,3,19047.29467,30.26801109,7.402560711,4,230.4399872
20634,49.85729599,16.82036591,10.73632908,7.166958332,3.208348989,7358.950812,3,795.2696629,20.74672127,7.569185257,5,150.7147827
20635,168.2681274,29.69126892,15.77545452,8.846563339,4.68168354,3991.056024,3,9255.893985,21.18039894,7.921307087,4,160.7808533
20636,249.9543304,22.24832916,13.72237206,9.988071442,6.533278942,571.7615631,3,2912.796576,28.97747421,10.53248692,4,258.9486694
20637,127.351799,24.15051079,17.43706512,8.373373985,5.335805893,1700.06541,3,3919.683562,30.75959206,7.577404976,4,136.5911407
20638,132.0688629,29.08981133,17.53194427,12.69141197,7.151937485,2065.864815,3,4311.234765,31.09259224,10.18752766,4,187.8743286
20639,128.9281006,35.67984009,21.55358315,12.18154812,7.605170727,340.0694656,1,8807.742727,36.61720276,10.13996029,4,302.3626404
20640,139.9758453,28.69005013,17.38228798,9.287085533,6.02157259,324.2462475,3,8562.799718,30.97631454,8.640392303,4,261.2488098
20641,150.1417542,24.59238052,17.84644508,10.81039524,5.631060123,1007.049389,3,26717.11942,28.59810257,8.754571915,4,173.3751831
20642,141.1357269,27.13468361,18.17172813,9.138297081,6.309113026,1039.592647,3,26505.43999,31.08110046,8.350197792,4,86.77547455
20643,63.97885132,42.8731308,23.70002937,5.078293324,3.079622269,4394.147677,3,35294.23582,9.776478767,4.455707073,4,51.34019089
20644,19.46682358,40.94067383,21.62178993,3.6743927,2.336538315,14473.64514,3,2479.313694,6.294656277,3.937837362,2,55.49147797
20645,122.3746185,23.02300072,14.99568653,9.631867409,5.433156013,13289.35683,3,2884.920344,26.44848442,8.112395287,2,172.3852234
20646,218.6378174,29.84919167,21.47813797,9.530884743,6.324803352,771.9930434,3,7285.936146,30.7624836,11.09835911,4,44.16968536
20647,49.56430435,31.29510689,15.96667862,9.470978737,5.683058739,110.8813351,3,8152.397156,27.85759544,7.153896809,4,124.7432098
20648,127.9576416,21.79727173,13.98100758,5.318180084,2.881594419,4503.479031,3,38151.55536,16.61924934,5.567978859,4,242.5255737
20649,168.9936523,22.66114044,16.35068321,9.166322708,6.115343571,10640.08447,3,4201.33309,31.86322975,9.036462784,2,72.40757751
20650,138.5670929,35.7688446,21.36170197,11.43942451,6.788974762,1703.360245,3,25800.45039,28.80069542,9.397611618,4,79.87257385
20651,62.08288574,52.19332886,26.49560738,4.729775906,2.59625721,4604.35131,3,35248.89389,8.807008743,3.446714163,4,306.4134521
20652,204.2062531,31.7812748,25.2226162,8.80177021,5.489268303,5090.515232,1,5774.182076,32.02007675,9.794859886,10,314.0592346
20653,246.5530243,28.08997154,18.44858742,7.075169563,4.498316288,696.8976673,3,2823.596402,22.01424026,10.78655338,5,233.3964233
20654,244.379776,37.59736633,21.50341606,6.479981899,4.156458855,1351.798327,3,2415.406303,17.38255692,12.70078468,5,230.8394928
20655,86.1910553,45.41833115,26.21975136,8.346652985,6.068350792,3203.026119,3,9413.031866,17.45560455,8.603007317,4,320.0795898
20656,139.0908813,26.84067535,18.32551384,10.88795567,6.628759861,4743.986886,3,2636.268254,32.09596252,9.208294868,4,194.9950867
20657,208.6112976,22.55759621,13.98018074,8.988893509,5.759230137,2928.891282,3,5126.743189,27.25035477,9.175979614,4,225
20658,140.5924683,23.79693604,12.63762283,7.520087719,4.653987408,9223.252488,3,18976.17802,27.26024246,7.758026123,4,232.539444
20659,79.73577881,23.52691269,19.29813576,10.46199131,7.111938477,7110.618465,3,21367.08469,27.08426666,10.76657391,4,286.4732971
20660,84.48353577,32.6333847,22.60016441,6.788488388,4.14803791,5271.099923,3,32323.14499,15.89543247,6.255867004,4,285.7511597
20661,117.7264557,49.94939423,25.15746117,9.143976212,4.838854313,7522.988071,3,33887.12796,19.62470436,7.767400265,4,61.97035217
20662,149.1490784,26.56359673,16.6455307,9.258063316,5.604886532,12192.39182,3,3191.624855,27.80161858,8.147901535,2,182.8726807
20663,181.0134277,26.41189384,16.78689575,9.856886864,5.768612385,11028.47888,3,3647.498512,29.21465874,8.741505623,2,144.3982239
20664,247.1024017,23.24144554,12.63165951,8.631918907,4.977931499,1512.810517,3,1971.264015,28.4626255,9.211504936,4,230.3165436
20665,243.3321075,38.2366066,26.07512474,10.22014618,5.787692547,1502.851815,1,6610.652269,33.6402626,10.66411877,4,41.70586395
20666,232.5198059,28.35251236,18.23737717,8.464297295,5.482528687,1803.680355,3,6383.977823,33.87701035,9.252846718,4,85.93881989
20667,87.66860962,24.23561287,18.64365196,8.042235374,5.084469795,8664.761973,3,19653.47698,22.01829529,8.863315582,4,107.7063904
20668,188.0154572,27.4071579,15.73444939,7.909588814,4.647678852,4542.816867,3,23212.61197,22.3832531,7.562668324,4,180
20669,98.23355103,26.50740051,17.39457893,11.3210783,6.03251791,3461.092123,1,3923.068926,28.35406113,8.870195389,4,191.9538269
20670,85.64847565,52.84319305,25.481884,9.975004196,6.028547287,8432.463952,3,19671.67984,21.03724098,10.72526264,4,63.3404007
20671,126.9180222,23.65592575,15.39024448,8.500038147,5.480077744,7117.324601,3,20763.27541,24.64474678,10.61964035,4,246.6147766
20672,40.23549271,26.40722656,18.5667305,7.8647995,4.873648643,1983.857222,3,29476.76138,23.78519821,8.405614853,4,224.4743652
20673,85.17184448,28.32364655,18.01797295,5.92869854,3.479245663,5036.942269,3,32296.25127,17.64262009,4.883141994,4,217.5041504
20674,33.48200226,33.51213074,17.32820702,5.294822216,3.399537325,5250.314751,3,2105.32119,9.786130905,5.150984764,5,99.33667755
20675,3.298886776,40.49314117,16.45708275,1.924317956,1.212872386,7283.266452,3,1027.597206,2.827829123,1.155864716,5,202.5
20676,90.50844574,34.18976593,20.16095352,11.01988316,6.646348,2637.596212,1,3099.670955,25.79408264,9.899092674,4,75.640625
20677,109.4725189,26.82013321,16.09943962,10.48484516,5.83228159,2295.271764,3,2757.506201,26.50005913,8.828802109,4,188.631897
20678,101.406517,26.32626534,15.59032822,6.407757759,3.495811224,2968.615017,3,36673.12687,15.86887932,5.624214172,4,135
20679,12.14334679,28.78855896,15.95744038,3.515168905,1.953181386,2718.289552,3,36506.40748,6.158346653,2.496138334,4,51.17459869
20680,182.5558624,23.90311813,14.43621826,8.993104935,5.552546024,2038.160108,3,8088.181025,23.87023354,8.502820015,4,179.225647
20681,121.4813461,24.9706955,17.22189903,8.687498093,5.278705597,3358.201635,3,11334.85538,30.00051308,7.346138477,4,90.4814682
20682,162.2393646,44.71061325,24.47790337,9.309357643,4.965859413,3660.936073,3,11459.59527,28.88741493,8.39522171,4,36.57303238
20683,18.02248383,30.92428017,22.40833664,4.854168892,2.195706367,4050.59066,3,12070.51266,14.14017582,2.537756443,4,301.1321716
20684,116.0481339,22.66495132,17.85355759,9.815285683,5.941610813,1284.64964,3,28799.0021,31.05550003,9.644299507,4,144.5853882
20685,90.05113983,23.80511665,16.88770676,9.070138931,6.286948204,1708.652663,3,28978.70538,29.32283211,8.743742943,4,280.9806519
20686,140.7215881,19.01257133,13.87484741,6.142892838,4.146626472,2895.925751,3,30480.92107,22.31160736,6.695291042,4,270.7073364
20687,85.88508606,21.22267914,13.55922794,5.781725407,3.089351654,4339.690006,3,31897.09916,20.27649117,4.467854023,4,221.9059448
20688,136.8324127,20.86262894,16.22230911,5.553312302,3.428925991,4508.051306,3,38178.22436,18.10204315,6.20994854,4,224.1185913
20689,50.18068314,27.0270462,20.68634033,6.584372997,3.793845654,2421.091258,3,36297.18667,15.06832504,7.157857418,4,243.6174164
20690,28.63049889,26.31633949,14.9743824,4.804574966,2.672358513,4872.220021,3,2475.405814,10.14430809,4.6031003,1,204.5901184
20691,84.51771545,42.93516922,22.37726402,13.47643852,7.584313869,534.0402662,3,987.384779,30.15963554,11.0969286,4,292.7144165
20692,284.7078552,27.68809128,15.81705284,9.9581213,5.560184956,1970.726477,3,5565.206146,28.19841766,10.21392822,4,117.8493652
20693,239.6732635,21.56806755,14.59235287,7.896681309,4.747947693,2656.390691,3,163.8105038,31.02761841,7.491034508,4,68.74949646
20694,110.9884872,30.96238708,18.25559044,8.6245718,5.355760574,8705.811181,3,16974.95021,25.50243187,7.982503891,4,274.2678833
20695,21.74705124,39.96004105,22.30783272,9.654351234,5.362534523,4186.172066,3,31468.15589,21.44753075,7.009604454,4,204.2577209
20696,50.05257797,28.96630669,15.59776115,4.336694241,2.426563501,12124.37751,3,948.7695911,9.514855385,3.739190817,4,256.5185242
20697,74.39829254,34.3530426,23.50701714,4.438483238,2.545024157,11234.2292,3,196.1117463,9.7380476,3.724783659,4,268.2338562
20698,238.6293945,20.12163162,13.3975544,8.280212402,4.979125023,952.0672007,3,1407.614854,30.86590004,7.725851536,4,220.446228
20699,160.2685547,35.5633812,21.06956291,9.735834122,5.107709408,1034.552413,2,7784.658725,25.69954491,8.653278351,4,305.5376587
20700,17.47899055,43.85592651,15.34370136,7.686079502,3.988474131,118.4009541,3,7076.219708,12.83949089,10.086339,4,259.7960205
20701,135.6801453,38.28627014,26.92450333,11.33299828,7.458565712,6395.167297,3,14312.80037,29.60625076,9.699928284,4,61.83166885
20702,118.4838638,24.14115906,16.95469093,4.226996422,2.225697994,5153.760231,3,36896.45666,12.57769012,4.07349062,4,55.83491516
20703,79.11634064,38.20148468,20.33176613,9.31170845,5.190241814,8138.633131,3,33552.14346,19.17831993,8.690616608,4,85.65676117
20704,7.276961327,31.75243759,14.03104401,2.414128304,1.313154221,6333.328708,3,1527.846254,4.951333523,1.654208183,5,180
20705,138.1569366,41.58286667,26.33245277,6.438574791,4.332345486,6003.348583,3,36552.06878,13.5392704,6.266059875,4,38.9909935
20706,23.93509865,24.20858574,13.6214571,9.184373856,5.232842445,104.7511638,3,6922.692536,15.31247807,6.801492214,4,89.29869843
20707,69.45185089,33.96819687,16.52561951,10.18469524,6.06842804,499.8554348,3,6622.412049,18.9803791,8.225989342,4,113.8059464
20708,29.5652523,31.09365082,24.83382797,11.85529804,7.097167969,6981.878902,3,14779.73964,26.73784256,9.386994362,4,29.29136276
20709,18.3199234,38.46861649,21.63552094,8.657905579,3.841947317,7116.36709,3,14961.92206,14.91081047,6.081668854,4,239.8392334
20710,75.61299896,44.1160965,28.72182846,12.35140133,7.065123558,1986.922391,3,29332.36104,30.35261345,10.41047478,4,25.24053192
20711,62.17862701,22.96363068,15.25418568,4.471317768,2.377516985,6257.732069,3,33296.58027,12.96856594,4.08792448,4,128.6512756
20712,131.0100861,51.17716217,28.8502655,9.151005745,5.4284482,4544.834412,1,6083.4249,30.67565727,7.892356873,10,39.91278839
20713,181.91362,17.60209084,11.31227207,7.362008572,4.636983871,605.5837735,3,154.1157067,27.14547539,6.208230495,5,56.88865662
20714,118.2592545,29.65682793,16.69091606,9.551309586,5.804232597,3242.981688,3,8681.455182,22.63004875,10.98611259,4,115.2572174
20715,105.9811478,28.06907272,19.08679771,9.683467865,6.215296745,2761.768666,3,29969.97193,25.26287079,8.05059433,4,233.5752258
20716,111.4653168,27.34793663,18.39156914,8.104872704,4.883443356,3889.85978,3,30957.23965,23.22793388,7.157748222,4,267.6263428
20717,34.10894394,26.63134193,15.37387848,9.219252586,5.335321903,4292.025188,1,31492.16819,24.70148659,5.452232361,4,320.8394775
20718,6.684578896,56.72330475,24.45075607,6.834716797,2.986175537,3749.638724,3,37574.02844,8.236068726,5.091229439,4,88.63684845
20719,129.9934998,24.08769798,14.04902267,5.676413059,3.395915508,3341.634218,3,37063.85043,14.69221878,5.55708456,4,80.81330872
20720,88.13249207,40.15706253,17.9820652,10.40250111,4.972570419,8420.565516,3,33896.02675,18.78806305,5.81879425,4,194.046051
20721,41.99727631,37.62088776,20.95970917,7.7506423,5.33135128,13982.07953,3,2620.672182,14.07762241,9.685130119,2,97.73273468
20722,83.63784027,30.46517944,17.62262154,11.83106709,6.130671978,176.4431387,3,629.8490319,25.64076996,13.18995667,4,219.1932678
20723,135.285202,29.91114426,18.16891479,9.147833824,5.215852737,2942.055116,1,3887.736935,27.80282211,9.513677597,4,262.536377
20724,91.83984375,34.40432358,18.97032166,9.036292076,5.479867458,323.2187695,3,7075.035368,21.81220436,8.630205154,4,272.2905884
20725,184.6210938,23.15424919,16.03331375,8.040952682,5.299861431,675.6173477,3,8711.606278,28.75415039,8.108869553,4,240.3386383
20726,163.6124115,32.63241959,26.48254585,8.3580513,4.610665798,4330.454429,3,11637.93928,26.94343567,7.515930176,4,316.293335
20727,117.2436829,39.09454727,26.64587593,7.2807374,4.042960644,4669.71519,3,12225.02307,21.77083015,8.287923813,4,294.4439697
20728,143.4248505,46.48871231,29.46536255,10.47425079,4.952951908,6861.695091,3,14242.55914,27.39590263,8.44948101,4,327.6650696
20729,117.32621,22.83603477,13.25587273,8.957387924,6.4621768,9358.115616,3,18958.30477,27.31371498,8.466129303,4,281.7944336
20730,105.8303299,24.10115433,14.4389019,6.180682659,3.845133781,9459.850257,3,18053.67432,20.30812836,5.430002213,4,273.6522217
20731,113.6527557,16.04487228,9.881422997,4.750859737,2.843216181,4438.180848,3,38184.31293,15.80931282,5.244471073,4,226.789917
20732,89.19944763,24.09113693,13.64567661,5.694950581,3.413742304,11015.703,3,472.4403615,15.63176632,6.196498871,5,224.1048279
20733,33.69607925,25.25393867,12.39374828,10.1670351,4.002808571,1538.842766,3,1996.023048,25.75787544,8.306927681,4,202.2758942
20734,69.09671783,36.81126785,26.92012787,11.49925327,6.706129551,7250.938552,3,14860.09946,34.20272446,9.78766346,4,26.23716354
20735,107.8323669,22.6178112,17.87596703,8.264591217,5.158928871,8131.670875,3,15733.5588,27.57218933,9.425702095,4,221.0740967
20736,52.54792023,31.46653748,17.99701881,5.684218407,3.282682896,3292.680028,3,35328.62688,13.34456348,5.12877655,4,259.4863281
20737,26.13238144,41.89398575,24.05155563,5.874103546,3.210987329,10540.61358,3,16.37121135,12.74565411,4.793261051,5,288.4349365
20738,67.54760742,32.55913544,16.91083717,12.41576099,5.648474216,3053.936055,1,3525.366845,26.27580261,10.2730751,4,136.1017151
20739,152.8333893,27.19310951,18.09791374,8.012346268,4.655473232,5910.822094,3,13443.56832,26.42922974,7.457425117,4,292.8305054
20740,82.9585495,26.94214821,21.36525154,11.5436573,7.700061798,1098.110582,3,28360.78892,30.40516281,9.753959656,4,169.8544617
20741,62.6244812,28.1276474,16.08193016,5.650588036,3.179088831,3072.279654,3,36982.87905,11.76537132,5.026722908,4,123.4398651
20742,23.40694046,48.5970192,25.5519352,6.200778008,4.700312614,4618.624599,3,34571.98062,9.258077621,6.713880539,4,57.33908844
20743,48.44255447,36.22958374,21.35260582,5.283761024,3.338418245,5019.963558,3,35529.40068,10.25063705,4.699064732,4,71.56504822
20744,42.19855881,43.49287796,25.48095894,4.381566048,2.855467319,5652.680324,3,35008.38803,9.285740852,5.493484497,4,84.28940582
20745,40.8221283,30.91451836,16.1097393,5.449758053,3.171069622,11294.44062,3,306.5675185,11.75525188,4.807548046,4,275.5275269
20746,24.0405941,26.56561661,12.9150629,3.949812889,2.781088829,11958.24057,3,690.4543326,9.516213417,4.352750301,4,251.5650482
20747,122.5752258,23.23227692,14.44853306,4.686319828,2.985561132,14625.3971,3,1346.484563,11.76855278,6.069944859,2,130.2363586
20748,228.9228516,26.69972229,15.71993256,9.381937027,5.312253475,1882.653115,3,5309.192622,27.13183022,8.840797424,4,73.51124573
20749,118.223381,29.29871368,16.15810013,8.291205406,4.523599625,446.483589,3,6390.025551,23.55368423,7.334750652,4,83.34028625
20750,117.247757,24.78196335,15.89429188,9.242464066,5.262823105,3347.97041,3,6551.373401,24.64681435,8.302743912,4,199.0577087
20751,26.89850235,35.23402023,25.98295021,8.471305847,7.141849041,7487.477449,3,15189.19348,13.67203236,7.765701294,4,218.5006561
20752,78.72662354,28.56038284,16.7707386,6.674003601,4.253740788,5586.409136,3,32212.31866,17.20622063,8.634192467,4,171.6315918
20753,28.36729622,17.25069618,8.511990547,4.401320934,3.109819889,4075.898867,3,37904.01805,10.663311,3.849782228,4,195.3847656
20754,45.78554916,34.66320801,21.21687889,6.400551319,3.85000062,3240.938518,3,35908.56394,13.68706703,6.597541332,4,270
20755,49.52668381,55.45920944,22.07594299,11.6807003,5.134025574,572.0525759,3,6459.200692,24.53529549,7.232498646,4,27.52522659
20756,186.5516205,26.93689537,16.46023941,9.340982437,5.512097836,1152.508404,3,7621.006176,26.57606125,7.750566959,4,218.9909973
20757,158.668045,29.16425323,15.8819418,10.3506918,6.253437042,2503.085509,3,8191.984492,28.03269768,9.435317039,4,267.510437
20758,193.8375397,30.28780556,16.94286919,9.545978546,5.390303612,3768.035431,3,3098.007058,29.19472122,8.810015678,4,133.8387604
20759,229.7032623,24.93857002,15.2858448,9.262129784,6.014405251,531.5588158,3,2699.178721,30.07196808,10.25631809,4,247.7220764
20760,37.82162476,29.25543404,17.40005112,7.11036396,3.717657566,6288.727526,3,34270.04966,15.31149864,4.718241692,4,299.4758911
20761,60.34536362,36.84714508,18.00620842,8.544618607,5.223417282,6646.497335,3,34725.67344,19.49384499,7.547149658,4,139.2918091
20762,12.99842262,30.59399033,13.62389374,2.154957533,1.120509267,10030.66665,3,334.8433893,3.997673512,1.589577436,5,182.7263184
20763,45.73765182,25.83775902,15.85224533,4.560027599,2.688771486,10290.57745,3,253.2175899,12.06180573,6.369134426,5,253.3007507
20764,100.7389297,18.90464211,11.66493225,4.761118412,3.265326023,13545.62199,3,883.3000633,16.32813072,4.72079277,4,223.0585175
20765,184.0412903,29.84869576,16.04094505,9.213210106,5.240195274,3350.88862,3,3842.289647,30.11581993,7.013669491,4,127.2069397
20766,100.2368393,30.45042038,21.71171379,12.976161,7.535354614,716.2092248,3,1631.955807,33.32550812,11.18755817,4,155.2248535
20767,96.98558044,43.17750549,28.58237457,11.14534855,5.693775177,760.9407085,3,1520.985855,30.1608963,8.102015495,4,27.84757996
20768,115.4939804,22.07017708,13.22916317,3.686166763,2.333197832,3826.443152,3,37462.85069,10.12722015,3.804427624,4,60.25511932
20769,68.2858429,23.20735359,13.26663303,3.398308754,2.054170609,3376.339716,3,37176.62176,10.1094141,3.462242603,4,68.92855835
20770,72.56298828,35.36539459,18.54314995,9.526447296,5.189146042,9499.346006,3,34357.62697,19.54567719,7.698031902,4,204.0755005
20771,51.04053116,28.55402756,16.34215546,6.846475601,3.75131321,9086.380302,3,34189.75789,18.02120781,5.837982655,4,82.69424438
20772,67.79892731,24.19439125,13.50493717,4.593208313,3.112543583,14204.34437,3,2270.121494,13.04768658,6.237131596,2,108.4349518
20773,263.5387878,30.64409637,26.2867527,7.900627613,4.811720371,1456.524847,3,1007.111749,29.84359741,9.794453621,5,37.03038788
20774,77.72197723,45.622612,24.15028191,10.17459583,5.520405769,8540.787999,3,34279.14492,16.80132484,6.374128819,4,102.6296921
20775,77.73278809,30.491045,17.80728912,8.404519081,4.362845898,800.9919086,3,4199.581906,26.51449776,10.89164257,10,59.42077255
20776,200.7801056,34.73804474,17.49212456,6.488079071,3.647982359,889.4979549,3,2720.446462,18.57268524,10.01857853,5,267.5667114
20777,28.13953209,42.59043503,20.17903328,12.57437992,6.823618412,453.3742434,3,3896.908954,21.05811119,11.6213131,10,233.6738892
20778,240.7924957,21.39716339,14.44388199,7.379603386,4.782517433,2382.072368,3,44.95762138,28.00019836,7.101716995,4,67.02951813
20779,133.9577026,20.44872856,13.23276138,7.744651794,4.82324028,9317.354459,3,18671.98832,26.51471138,7.909626961,4,212.3998413
20780,76.05796814,38.81311417,26.07988167,6.963306427,3.673465967,5913.874385,3,34437.77375,16.71936226,6.588111401,4,314.5724487
20781,86.92453766,29.95980072,24.9924984,4.126196384,2.294493437,5633.187478,3,37371.35814,11.56848526,4.550994396,4,31.50426483
20782,9.158234596,40.91268158,26.21803284,3.217154503,1.972022772,5234.998289,3,37993.49667,6.597112179,1.900849938,4,35.78252411
20783,17.10469246,28.22597504,18.27464294,4.075699806,1.96654892,4974.519871,3,38324.19872,10.2916584,3.745254993,4,242.0149689
20784,12.03901768,52.37750626,29.98140335,3.660174608,2.028706551,5208.278355,3,38113.90887,7.479868889,2.985534668,4,18.43495178
20785,91.41996765,18.13986969,10.38872719,4.018387794,2.325921059,3736.542191,3,37516.65177,12.55109119,3.377380848,4,101.7682877
20786,27.46820068,32.08488464,22.52201271,3.680223942,2.348103762,2858.507857,3,36760.01026,8.416053772,4.820692062,4,238.1340179
20787,53.06763077,30.32939529,19.15626717,5.315318108,3.153877735,3073.165345,3,36204.58284,13.00793552,5.098761082,4,72.5136261
20788,38.54642105,29.34426308,22.42539597,10.51481628,5.154954433,392.39032,3,3873.705188,24.58796501,11.51235008,10,218.1572266
20789,78.90428162,21.60170746,15.14575672,7.979349136,4.538331032,255.8435384,3,3765.390432,32.24345016,10.53404427,10,225.9545746
20790,107.8373871,28.44870186,16.89721489,8.050331116,5.044788361,1997.416344,3,2459.413239,19.66777229,7.970415592,4,98.13010406
20791,96.11833954,27.93143272,20.83779716,8.932717323,6.045611382,8054.761775,3,15057.2235,26.05620766,7.917269707,4,286.0845947
20792,69.16908264,28.73042107,17.1261425,6.852953911,4.15278101,6831.871184,3,34695.52914,21.06992531,4.989885807,4,241.8583984
20793,58.87373352,31.80074501,19.56751442,8.766880035,4.865395069,8844.213235,3,34570.76266,21.09570885,7.57264328,4,236.9441833
20794,115.2371979,23.71178246,14.57160854,5.576137066,3.734958649,11468.56084,3,124.8214991,15.42854214,7.6884408,4,186.0958557
20795,142.1536255,24.38558388,21.17370415,8.15229702,4.914134979,4252.604705,1,6195.992737,30.05519867,8.52977562,10,305.9492798
20796,227.1730652,32.64602661,25.32380295,8.134778023,5.172173977,3316.488945,1,6110.030081,28.97668648,9.22972393,10,273.576355
20797,198.9129944,21.91110802,13.40179825,7.644447327,4.504637241,2489.714757,3,5538.117991,29.76901627,8.337465286,10,65.88580322
20798,143.9385986,24.7432251,14.17216873,10.24842167,6.077221394,4394.002153,3,8039.391441,26.12355614,9.586040497,4,204.4784698
20799,157.1864166,33.61366272,19.77472687,11.39409351,6.697780609,3258.103044,3,7172.410847,31.14527321,9.624599457,4,73.96641541
20800,68.56119537,43.38737106,27.32010078,8.312286377,5.413333893,6883.697703,3,33602.1958,16.51062965,8.53290081,4,42.61405563
20801,70.73780823,37.68852997,18.41292,9.479510307,5.254971504,7012.174042,3,34808.97349,21.03007126,7.734101772,4,164.0027924
20802,61.33364487,39.34740067,19.77597809,9.92768383,5.530230045,9115.349842,3,34564.43755,19.44034195,7.780557632,4,102.4499969
20803,295.2877197,20.64384842,14.94987297,7.324986935,4.066728592,1143.413048,3,691.9855212,28.52722359,7.713448524,5,55.92948914
20804,276.3128052,31.11114883,18.12511826,9.466402054,6.020397663,2436.332195,3,4970.556475,23.6129303,10.40018272,4,74.76974487
20805,23.08146858,32.8050499,13.67786312,12.39342976,4.483777523,1204.803649,3,1119.592617,27.08364296,7.61438036,4,71.29297638
20806,44.23886108,35.98032761,19.21472359,8.87293148,5.044278145,65.05082006,3,8004.343454,22.28568077,9.014202118,4,104.788681
20807,83.3921814,27.54821396,19.18834496,10.32891178,6.063175201,9369.010372,3,16991.83761,23.99366188,8.26715374,4,178.109436
20808,65.26258087,16.67403603,14.32260036,5.150693417,3.68811512,7767.611055,3,1269.579201,20.75216484,4.686820507,5,263.9667358
20809,108.0488968,27.57506561,17.61826324,7.18713522,3.923086405,13631.94496,3,2200.326957,20.82147408,6.775606632,2,74.26268005
20810,192.8947601,22.55986023,13.63159847,9.522696495,5.71118784,6566.005406,3,5659.594978,31.3293972,7.69316864,10,145.0079803
20811,127.1446075,30.37832451,19.25583458,11.3730011,7.183356762,1240.817096,3,4511.299965,30.70092583,11.25098324,10,163.7621918
20812,29.46747589,31.65961838,22.91179657,11.11509037,7.998970985,80.3211825,3,534.6964774,16.39418793,9.500315666,4,197.9454041
20813,41.86505508,41.35363007,19.08982277,13.19754887,5.39474678,4448.135225,3,2379.905417,23.61262894,10.2124052,4,171.8699036
20814,147.4887543,23.76158905,12.8785696,12.86495972,6.332147598,1593.918005,3,3763.719665,33.60017395,11.93871212,4,132.1170349
20815,41.56796265,34.95368576,24.12389374,13.36791134,7.849112988,324.568762,3,27037.93605,28.28208542,11.70362091,4,158.9076538
20816,98.11751556,28.17428398,22.42020226,13.21498108,7.672930241,531.8976092,3,27789.56458,31.0428257,10.28821182,4,196.3995514
20817,73.66267395,26.37395859,16.54296494,5.465325832,3.171919584,6041.881665,3,32513.1188,15.97138596,5.902084351,4,257.0053711
20818,80.74993134,26.56627464,16.38481712,4.499209404,2.678627491,5687.061806,3,36451.34008,12.16740513,4.412928581,4,68.09365845
20819,51.92318344,36.06275177,19.08617973,7.979576588,4.564239979,7227.993809,3,34952.80964,16.26281929,7.029541969,4,265.3999023
20820,16.94249535,30.77854156,17.36032867,9.852568626,4.572702408,582.3746013,3,4071.832285,16.01508141,6.259440422,10,53.61564636
20821,46.45803452,19.15065575,9.622832298,5.14807415,3.171308756,312.8925083,3,139.8942591,25.72403717,3.679672241,4,75.49481964
20822,248.695694,26.97514343,15.93621922,10.69691563,5.99545002,1655.322795,3,4018.944175,28.22349739,10.16834736,4,194.5344543
20823,195.1534271,36.46627808,24.5026722,10.2071476,6.066168785,1663.570553,3,5260.135515,24.62184334,9.334202766,4,56.30993271
20824,95.19582367,27.66981888,16.42645454,9.071090698,5.927795887,2426.101682,3,4589.846868,24.89044762,8.620803833,4,253.4212036
20825,93.03507996,39.06148911,28.25933456,10.39862251,6.438224792,2786.558908,3,29692.70947,27.99048996,10.14388466,4,95.95968628
20826,79.021698,50.81012344,26.32346725,4.569964409,2.884078026,3611.305317,3,37519.94845,7.97795105,4.002185345,4,45
20827,131.1136475,21.43523407,13.66646957,5.592746735,3.294908524,13909.21246,3,631.564791,14.91775799,6.155532837,2,180.7252197
20828,102.2502747,16.64115334,9.269262314,4.897684574,3.110538483,13574.533,3,423.1527003,14.35486031,6.437709808,4,199.9341431
20829,62.04647064,21.32906914,16.81878471,10.53503799,6.936068535,9322.102275,3,4148.795027,31.44650269,9.765973091,10,195.736145
20830,125.947113,33.00275803,26.85272217,10.29381752,6.891251087,2072.838104,1,5524.915718,31.42911339,11.12541485,10,314.4543457
20831,112.1547089,51.42127991,31.0851841,9.355004311,5.468926907,415.8009791,3,38.10214985,33.01150513,7.338468075,5,34.69515228
20832,169.9899597,19.04883957,10.65943813,7.546703815,4.482362747,717.4272949,3,1173.537082,33.6738472,6.038235188,4,221.0353394
20833,94.83798218,26.57783127,12.25367737,10.81017494,5.361898899,4346.47505,3,2280.339568,30.96540642,6.616549969,4,301.2579041
20834,153.2522125,25.77027321,17.17597389,7.434768677,4.867513657,3689.640957,3,1216.952887,28.03212929,6.816729069,4,253.4967194
20835,118.0239639,35.59178925,28.00820351,9.011698723,5.838312626,4233.765576,1,1794.945239,29.16336823,8.750758171,4,303.1663513
20836,258.6972351,25.28830338,16.83432388,11.5269022,6.371636391,1256.664151,3,6592.418389,35.08675766,9.549906731,4,152.8786926
20837,143.8883362,32.60326004,17.75775146,10.4305191,6.156322479,227.970945,3,7574.540635,32.41560364,9.25047493,4,95.00582886
20838,112.5957565,48.98625183,25.79748726,11.89644051,6.825831413,470.0485365,3,8085.842093,26.3037796,10.15651417,4,285.3762512
20839,279.9818726,24.33099937,15.68105984,8.635609627,5.235718727,2054.714051,3,9548.484122,29.62244987,8.468950272,4,237.6803894
20840,188.7716217,30.43254089,19.97847939,7.621970654,4.765215397,4907.438795,3,22721.63187,20.80195618,8.490887642,4,72.8972702
20841,96.31367493,30.49345207,17.71676064,5.334524632,3.393183708,6755.020427,3,36607.32462,11.54406738,5.471896648,4,90
20842,82.90485382,33.27565384,17.25831032,8.56669426,4.727648735,8220.542755,3,34917.4819,20.49422646,7.096709728,4,227.3859406
20843,66.06125641,20.88134003,14.3172636,4.665893078,2.703541756,7400.181874,3,1577.651181,17.34966278,7.974973679,5,236.5921783
20844,78.82978058,25.6103096,16.79018974,6.393093586,4.248028278,7567.64548,3,1850.397263,16.87649918,10.215415,5,201.9139252
20845,110.3803558,27.72764015,20.67358398,11.68733597,7.070327282,9781.097795,3,4139.526328,29.37605286,9.961194038,10,186.3774109
20846,75.11250305,23.14733887,15.24215794,6.553806305,3.658009529,2963.619382,3,555.8303502,27.50154877,6.7528615,4,87.93634796
20847,124.8483963,23.04137802,15.4783411,7.709118366,4.985085964,7387.724535,3,14532.25542,23.30010605,6.736502171,4,70.7407074
20848,33.46079254,48.19985199,24.50338745,17.42444229,8.809984207,191.4030775,1,27090.78478,33.72211075,10.44476223,4,327.0507813
20849,88.0667572,22.1789608,17.83592033,13.82240868,7.819399357,1314.849806,3,28362.50218,36.07411957,10.27140045,4,336.1505432
20850,44.64202118,26.87106514,18.88821983,5.061561584,3.218742371,2649.874616,3,36226.70876,13.08957672,6.283842564,4,265.3645325
20851,163.1456757,24.34661674,18.88916779,9.179351807,6.580821037,33.10509373,3,3659.216605,29.52694702,10.87797356,10,251.9335022
20852,85.46726227,52.32972336,21.63917351,6.640155315,4.091742516,1797.736397,3,2094.829298,11.96066952,7.997428417,5,278.1300964
20853,215.7707825,34.08172226,27.15668678,9.203778267,5.690837383,1947.208858,3,224.3900758,26.81729698,9.705385208,4,76.49055481
20854,213.4091187,23.98493004,15.88833141,7.917768002,5.389361382,2215.828837,3,25.77780651,27.38035393,8.554981232,4,86.49646759
20855,101.9588013,32.92938995,15.70078564,15.01613617,8.062384605,1885.403669,3,4076.200956,37.46263885,12.97402954,4,230.3774414
20856,113.5804825,44.14344025,27.57324409,8.743159294,5.010127068,2659.080842,3,29018.66929,21.03570938,8.049209595,4,59.30027771
20857,50.29901505,36.06468201,24.01420212,6.775815487,4.097650528,6628.520541,3,33261.5656,13.4867363,7.872485638,4,51.85010147
20858,40.98285675,33.77635193,24.26740265,3.644138575,1.869314432,5621.964754,3,38012.88677,8.309027672,2.671815395,4,29.20617867
20859,95.17095184,20.16267014,14.36557484,4.190214157,2.688164711,4754.713793,3,38520.78188,13.63621426,4.614881039,4,233.7461548
20860,84.51338959,23.89965248,14.31903934,5.30648756,3.132613182,11062.27914,3,338.9690203,13.73569489,5.863427162,4,197.1985474
20861,65.53059387,26.56786919,17.81460571,5.769472122,2.897078514,14107.58717,3,2068.772266,15.1275816,7.230021954,2,52.80018616
20862,77.3785553,29.62184143,27.59754944,11.2468853,8.709271431,9985.007676,1,3772.39799,36.36754227,8.804403305,10,17.72763062
20863,94.32808685,23.56900787,18.04812813,11.04638481,6.735164642,8593.962225,3,4347.655184,24.55936813,10.39615631,10,172.4259949
20864,118.9889069,34.98760223,22.92980385,9.788435936,6.15115118,6625.560931,3,14109.17385,27.62373543,9.771046638,4,64.87217712
20865,125.4977722,27.13278961,16.93280792,6.767663956,4.419864655,3232.346344,3,29692.50287,15.94537449,7.468481064,4,250.7693329
20866,67.29387665,24.85585022,20.03819466,4.361586571,2.526058197,5831.43046,3,37375.77804,12.77979279,5.333654404,4,41.68222046
20867,21.07966232,33.95380402,14.66738033,3.158449173,1.796966195,4600.436603,3,2602.76482,6.053126335,3.199238777,1,155.5560455
20868,37.91397095,11.04374123,10.65885639,5.286367416,4.281826496,8085.470827,3,1256.642607,20.03404999,3.631127357,5,91.63844299
20869,61.33728027,50.38834763,29.19723511,9.880877495,5.105315685,8031.538116,3,15384.0098,23.41404343,7.153044701,4,20.97975159
20870,112.2190857,29.49020767,19.49569511,10.06387234,7.192131996,16.83742428,3,27039.24522,26.78786087,9.446014404,4,272.6079407
20871,61.60066986,30.75187111,21.92069435,7.525114536,3.998091936,6699.8384,3,33948.06755,19.96211433,7.198049068,4,305.1759033
20872,61.02638626,22.36880112,14.84681034,4.553833961,2.570811749,8067.04483,3,1519.22774,14.43886566,5.876771927,5,100.8824768
20873,70.73966217,24.40498161,17.64202309,10.5267601,5.823530197,6202.775728,3,5401.91654,25.87490082,10.95991611,10,156.7034607
20874,125.0535736,46.44984818,30.11683464,9.840957642,5.784833431,6188.092428,1,5078.563472,26.74854469,10.22683907,10,338.085144
20875,211.7893219,22.84825706,20.15529823,7.25558567,4.996055126,5742.821517,1,4651.58493,29.86114693,6.772955418,10,304.8753357
20876,143.5125427,20.10961342,12.54976463,7.273341656,4.434030533,3010.387598,3,6114.913151,26.36285591,6.190641403,10,148.4190063
20877,39.43426132,31.77933502,20.87965965,10.79054165,7.075530052,588.3478337,3,4147.174258,19.6724987,12.22090435,10,57.24681854
20878,87.36257935,21.89438438,15.83256912,7.365842819,3.804238081,1645.264747,3,2105.565751,25.29421806,7.40850687,4,250.6768188
20879,121.7783585,27.29788589,16.71705818,9.764104843,4.870512009,4486.830615,3,31328.40881,25.46911049,8.703701973,4,213.4398804
20880,150.0552216,33.8163147,28.10915375,7.787483215,5.483030796,12465.73606,3,2400.20901,26.9112606,7.792263508,2,28.20162964
20881,137.535553,37.80340195,27.74028587,9.92843914,6.309757233,1373.129146,3,4833.522513,30.20337486,10.8312006,10,43.09084702
20882,112.9200211,23.32427597,19.83374596,10.76041031,6.37582016,456.5735501,3,913.4655183,30.18880653,11.69699955,4,217.2348328
20883,188.9795074,26.30830193,15.6371088,9.144948959,5.731369972,3847.848622,3,2513.931875,33.1380043,7.751113415,4,269.2046204
20884,107.6229248,26.26787376,19.06207657,7.963925362,5.221319675,9219.810721,3,16528.37294,23.78104973,8.238869667,4,217.1260681
20885,106.8340683,46.16010284,30.79765701,12.12449074,7.395096779,541.6036028,3,27543.20835,31.5886364,8.81183815,4,313.3267822
20886,107.4284592,28.91417313,21.11697388,9.045983315,4.922991276,1315.400634,3,28079.70755,30.60228348,7.47880888,4,305.6599731
20887,33.22201538,14.13839912,8.019892693,3.450612068,1.997314095,4443.650601,3,38271.93499,11.70549202,2.878582478,4,201.3706207
20888,61.87175369,24.6010952,15.04706383,4.655044079,2.844086409,10104.52529,3,756.2849179,12.38101578,5.135355473,5,247.6198578
20889,88.31188965,22.42153168,12.92583656,4.732977867,2.937600136,11598.58409,3,240.9020027,12.89728737,5.499290943,4,212.2756348
20890,72.37264252,24.7527523,16.13751984,10.43554974,5.078465462,6884.789568,3,5032.558926,26.16878128,10.38157082,10,157.3641205
20891,146.8682251,25.11550903,16.5151062,8.568996429,6.102284431,2347.621949,3,5609.342978,32.12841797,7.544268131,10,103.2992477
20892,221.0705109,35.99140549,19.72603798,7.184839249,4.39379549,1290.419012,3,2598.709034,16.13913345,11.29669762,5,238.5467987
20893,283.5076904,34.69094086,27.9669342,8.745872498,6.261000156,701.9335458,3,246.0221438,32.88447189,7.397731781,5,30.84658813
20894,70.23219299,30.59844208,18.21401978,10.72717476,6.350664139,2425.309553,3,2910.278358,29.75878906,8.902870178,4,152.4957581
20895,62.53932953,26.22522545,16.67264748,8.860154152,4.968323708,234.1020771,3,6810.305325,23.20471764,9.542518616,4,244.375946
20896,113.6892166,38.5069313,29.22582245,8.851734161,5.32723856,8808.78956,3,15747.46762,27.93131447,7.59921217,4,42.70938873
20897,65.16532135,23.61173248,16.52921104,9.284282684,5.582279205,485.0082886,3,26665.34124,30.83834267,6.806782722,4,100.6196594
20898,37.8240509,32.12218857,23.012537,8.11726284,5.501346111,3630.70116,3,30509.19475,19.2884922,6.244914532,4,226.5647888
20899,20.21619225,31.82644081,15.7482338,3.228205442,2.113518953,8241.82444,3,1518.856468,5.316819668,2.673365116,5,178.3634338
20900,62.20514679,25.19803047,15.01503181,5.642865181,3.651340961,10637.40411,3,747.5899732,15.19494915,5.860778332,10,127.5685883
20901,282.3924255,19.55894089,12.97460938,8.269485474,5.276483059,791.3643836,3,1251.654647,32.6983757,8.147759438,4,233.8579559
20902,127.7167892,26.1625061,17.6210041,8.786658287,4.664457321,2380.168365,1,3114.335298,29.88228989,7.475960732,4,289.4958496
20903,117.193222,43.66215515,28.25124359,8.09820652,5.544203281,6983.57864,3,36761.39587,17.23028946,10.9468298,4,48.87852478
20904,5.265262604,42.93567657,21.37656021,2.988393784,1.327510834,2691.123117,3,36447.56835,5.196666718,1.746938825,4,32.90524292
20905,70.74261475,23.02588844,14.53926563,5.989783764,4.235007763,11890.46245,3,405.1472967,13.57342339,7.530493259,10,172.35466
20906,140.3905792,23.33037376,17.11846352,10.45118237,5.740918636,7477.006079,3,4898.222724,27.68087959,10.4032917,10,169.8753357
20907,15.02345943,40.04484558,16.49332619,6.326540947,4.370245934,6541.631976,3,5094.798963,11.5937376,4.813073635,10,152.8188934
20908,38.71994781,26.99833488,20.39489174,5.871213913,2.759332418,385.2159108,3,68.28012339,30.60949326,3.548120499,5,29.00793648
20909,245.1490479,19.13003159,14.56509972,7.212536812,4.797457695,1324.64138,3,872.4547731,32.75385284,8.245083809,5,39.28940582
20910,30.34733009,33.16297531,23.97192383,8.696775436,5.360658646,24.53710599,3,6461.564098,19.93270302,6.886568546,4,48.17982864
20911,183.7461395,25.52397537,14.41901588,9.182956696,5.291326523,3481.212818,3,3565.98486,29.39234543,7.533995152,4,197.6073608
20912,130.569519,27.30927849,17.95604515,7.651900291,4.43696785,9139.561879,3,18533.00647,23.21008873,7.278479576,4,297.4744263
20913,110.2944489,21.68139839,15.12690163,7.02231741,4.574522495,7841.270901,3,19863.00908,22.25049973,8.220662117,4,85.33314514
20914,35.07032394,36.27416229,23.27688217,3.445733309,2.031083345,3393.929581,3,37253.1546,6.854699612,3.070505619,4,36.86989594
20915,33.94568634,26.54424477,18.68893814,4.527915478,2.794206858,3180.492016,3,36713.25957,10.94096375,5.776279449,4,259.2868652
20916,65.77980804,28.47096634,19.716259,12.62295818,6.878612995,8225.703171,3,4460.395109,26.9740448,11.72999287,10,162.9289856
20917,143.1795349,21.01982689,17.56933594,9.128257751,5.877636433,4137.074448,3,5715.684504,28.23262024,8.410222054,10,165.866806
20918,173.546463,21.70545769,13.33325386,6.603355885,3.886601686,3202.342276,3,6116.039613,26.23043823,6.003282547,10,91.43299103
20919,194.8535004,25.31596184,14.01596546,7.972502232,4.978017807,4263.863244,3,5536.739509,25.25137901,9.780749321,4,198.181427
20920,30.9636364,36.44641113,17.87670326,9.393671036,5.714745522,9360.157185,3,34116.09112,19.72641373,6.664706707,4,197.7446747
20921,74.82337952,34.11811829,17.4307251,7.921226978,4.464330196,9112.967629,3,34574.62965,19.37609673,6.959272861,4,99.60977173
20922,168.3499146,25.1317997,13.74685478,7.923589706,4.657895565,769.5124322,3,5893.656738,26.4664917,8.116586685,4,77.16175842
20923,95.63516235,23.04919434,13.93096161,8.790156364,5.092528343,3884.36723,3,8140.092581,26.34072876,8.124135017,4,216.6743469
20924,154.0846863,35.06494522,24.16287994,9.763933182,6.000064373,3999.004767,3,11171.60222,30.92076874,8.262696266,4,70.97665405
20925,95.18444824,21.7253952,15.22780895,8.971176147,5.798810482,6527.702186,3,21077.12613,27.46620178,7.23600626,4,171.8699036
20926,65.99105835,19.18770218,12.53641319,3.52354598,2.065156221,4882.862064,3,38711.26672,9.954094887,3.532221556,4,218.884491
20927,5.372092247,52.15862656,19.30786514,2.456863403,1.34287858,2877.459788,3,36666.56727,3.392119408,1.682996988,4,92.8553009
20928,55.7665863,26.28754807,21.63861465,7.956127644,5.542626858,674.5730299,3,220.6060449,33.11466599,5.659597397,5,19.70797729
20929,190.8015747,28.17738914,17.66652489,9.61058712,5.753780365,3161.166352,3,4741.153067,25.40969658,9.651376724,4,218.9909973
20930,88.68402863,48.15173721,28.9202137,10.50898647,6.066017628,9917.172849,3,17379.13532,24.63382721,7.765078068,4,335.8977661
20931,48.2041893,35.27916718,17.14485931,10.26178455,6.606480122,9738.678009,3,17731.10886,19.59525681,9.218223572,4,244.1790009
20932,112.2011032,29.54512596,17.5761795,9.050113678,5.070560455,4546.544185,3,31236.06802,22.49478912,7.612968922,4,299.7384644
20933,54.98558426,57.72740555,24.2858429,6.665681839,3.676420927,3345.222075,3,35606.43845,13.38861752,5.34944725,4,323.1300964
20934,18.6775589,44.55615234,26.19772148,9.343358994,5.312164307,7850.996902,3,4545.441079,13.86925507,7.487789154,10,172.9232941
20935,166.2532501,32.72009277,23.92998886,9.362977028,5.786853313,6634.70426,1,4345.512155,30.17886543,10.0453577,10,306.7241211
20936,219.545517,20.99264145,14.24365616,7.729435921,5.313497543,62.68783464,3,3753.228329,30.22714806,7.905805111,10,252.6398926
20937,206.5943298,29.35128021,18.06509972,9.858761787,6.047781467,2519.380366,1,4774.053552,30.90174675,9.759572983,4,286.0202942
20938,186.8557892,24.76200485,16.68266487,9.290246964,5.83891201,4795.488526,3,22478.26357,27.71884346,8.295665741,4,158.1063232
20939,42.89601898,40.32763672,32.08751678,11.88503551,7.939284325,3509.339068,1,30314.80238,34.24293518,8.83725071,4,22.26399231
20940,52.89100647,29.74182892,16.74371147,6.271453381,3.297363997,4231.535446,3,36093.05559,14.48649883,5.578068733,4,233.4099426
20941,45.32072449,33.09534454,18.07125854,6.332695484,4.010110855,6310.469718,3,34914.17853,14.05782223,6.646952629,4,213.8432617
20942,72.19870758,26.48464775,21.93981171,11.46714687,7.744884491,9071.561575,3,4157.207629,25.65016556,12.05612659,10,180.8722534
20943,137.8010254,29.74649429,18.02706528,10.34802914,6.33955574,9889.861406,1,3649.390647,27.52737045,9.646559715,10,43.13725662
20944,103.3983154,24.28641319,16.74940681,9.260617256,5.558424473,772.9473406,3,4438.694419,27.24253082,12.32245159,10,82.2097702
20945,164.1848907,40.53629303,20.06143951,6.992715836,4.0475173,1570.726515,3,2461.56123,14.71134853,8.884915352,5,292.8336487
20946,126.8111877,29.32785416,17.14698982,11.2179718,6.421355247,1126.978324,2,7404.106942,27.97397041,8.602458954,4,293.9967651
20947,95.21564484,37.65996933,16.64048386,15.59458256,8.084854126,3670.873335,3,8239.75305,31.05686188,11.79483032,4,273.5517273
20948,8.646699905,28.96828461,17.51419067,4.368988037,2.798174143,3003.064335,3,5545.225085,7.904409409,2.761394024,4,181.8346252
20949,85.48790741,22.08648872,14.96544647,6.905242443,3.94640255,7993.508883,3,19222.11101,19.15603447,7.202514172,4,194.6208801
20950,150.3739777,30.79887581,18.85083771,9.912138939,5.556735039,3002.282677,3,24511.36287,28.39322472,9.162714958,4,66.33686066
20951,101.2514648,46.13670731,27.56856728,11.43183613,6.129812241,2235.498596,3,24747.39958,27.48390388,8.462520599,4,54.31233215
20952,108.5407944,29.64688873,18.03062057,10.7001524,6.000025272,446.998022,3,6442.472363,25.60470772,9.478734016,4,259.0625
20953,170.3696289,26.41153908,16.42996979,10.35209084,6.130189419,540.0120474,3,1627.232587,29.8668251,10.87532139,4,72.4744339
20954,96.60305786,30.3423481,21.20804787,12.66668892,7.169849396,1155.58459,3,25927.92876,28.91281509,9.838896751,4,181.9484558
20955,128.2013855,37.45563889,24.25074196,10.0923605,6.369498253,1313.287502,3,25544.3728,30.25624275,7.983052254,4,52.05784607
20956,119.8383636,46.56430817,31.3770771,10.32408524,6.847811222,8107.379457,1,4186.944071,31.24202156,8.184137344,10,52.95752335
20957,165.8728027,35.49381638,30.16283417,8.799331665,6.885232449,7363.890433,1,4312.382636,31.05290604,7.897128582,10,32.46014404
20958,16.48952103,48.82426453,26.1997261,16.21155739,7.843010426,6559.619845,1,4995.230372,23.10572624,12.20825768,10,12.54364777
20959,29.28145981,32.32681656,26.50995445,10.45793056,6.038142204,1869.064746,3,1419.773614,21.58387756,9.253383636,5,27.25532913
20960,110.0973663,47.98642349,29.55912018,8.754179955,5.562721729,4693.150887,3,30796.55321,23.47775459,8.802713394,4,63.27710724
20961,6.252437115,43.40565109,16.42601967,2.193340302,1.421043038,9611.898328,3,1008.734079,2.633658409,1.447852969,5,176.6335449
20962,123.9722061,28.19835854,17.49119759,11.01941872,7.438061237,11370.29361,3,3188.075632,29.61707687,10.43133163,2,166.5169373
20963,50.32604599,65.39064026,21.94953156,12.17277908,8.261939049,11360.68619,1,2914.991019,31.28894424,9.248369217,2,319.7067566
20964,118.4006119,37.11034393,29.49738884,9.289855003,6.499091625,10661.06992,1,3276.586135,31.27845764,8.029551506,2,338.4429321
20965,46.30648804,32.25283051,27.24629021,12.45559502,8.985342026,7540.412146,1,4547.223623,29.30312538,13.18766403,10,19.22826767
20966,179.1389008,26.05811691,25.46709824,6.879771233,4.436486244,8159.939955,1,3746.236129,29.24501228,6.293536186,10,28.14160156
20967,26.6337471,14.10923004,7.515471935,4.731381416,2.525074482,653.5807245,3,1111.749561,26.82420349,2.186378241,4,210.068573
20968,23.22072601,16.86857033,12.50510502,3.25593996,2.343784571,3656.065235,3,37465.75717,11.12996292,2.993195534,4,92.73248291
20969,38.39238739,41.858284,21.54307938,5.192120075,3.087433577,6096.018494,3,35298.63973,11.44320774,5.312815189,4,72.75854492
20970,92.12117004,25.68905067,18.98792076,5.702115536,3.95024991,13797.928,3,1530.756726,16.14816475,7.14839077,2,69.67050171
20971,94.97990417,37.25894165,30.71993446,11.97008801,9.073817253,9277.972461,1,3839.137864,32.03263474,11.14967632,10,46.24477386
20972,297.2338257,27.08277702,16.2595005,9.043623924,5.22803688,2888.912761,3,2747.208005,29.43282127,8.376490593,4,151.7983704
20973,112.7784882,29.42500496,19.96479416,7.630837917,4.432272911,9402.519174,3,17900.13547,21.60276413,6.409506321,4,306.119812
20974,51.38512802,22.17279243,12.82194614,3.451835871,2.101314068,4922.835566,3,38738.45357,7.930001259,3.215176821,4,208.0724792
20975,30.7165184,23.62483406,12.14781094,3.663085461,1.890126824,4021.142135,3,37718.49433,10.55818081,3.319035769,4,78.3106308
20976,4.193816662,34.86704636,15.20541096,1.158892393,0.629752874,7036.825055,3,1948.647191,2.18213582,0.672235429,5,158.1985931
20977,171.1306763,28.09257317,23.69984627,7.741223335,5.265070438,10621.10882,3,2245.088834,22.18592644,9.043036461,2,74.53878021
20978,119.6511688,39.1681366,28.5446682,11.17913151,7.773246288,9051.991134,1,3779.00559,33.96987152,8.190185547,10,23.89516449
20979,194.2485504,24.36209488,19.08832359,8.071230888,5.162555695,7222.273932,1,4061.998777,29.08037186,6.962869644,10,63.23249054
20980,245.9463196,29.7942028,17.11539078,6.82827425,4.471387863,813.5183736,3,3166.397072,19.84202766,10.88258743,5,233.3658905
20981,5.902719975,66.31744385,15.27442455,4.568455696,1.975616336,2126.583432,3,1676.901236,6.775074005,2.943707705,5,54.46232224
20982,229.8903503,19.94668579,10.84527969,8.553808212,4.703412056,1022.766738,3,1485.442406,32.6355629,9.37934494,4,217.6476135
20983,249.1384735,25.28149223,15.46643543,7.555881977,4.679394722,1295.714725,3,5299.952423,21.28987122,10.00024319,4,71.56504822
20984,230.7416992,24.36358261,13.79255581,9.492854118,5.666178703,624.4760213,3,5513.233007,25.26085472,9.478410721,4,82.77568054
20985,67.4132843,26.58380508,16.864048,8.429040909,5.081134319,2876.030386,3,6078.088059,26.14574051,8.297506332,4,143.3507538
20986,30.95353508,31.95718193,18.22871208,11.22470665,6.481044292,2885.619687,3,5492.087613,21.92643356,7.507412434,4,288.9465027
20987,138.3625641,32.16534805,22.1102581,9.997345924,5.946345329,2744.317909,2,4918.977785,30.60326576,8.533287048,4,303.5397949
20988,181.9311523,23.48890686,16.03155708,11.33878803,6.898256302,1009.309654,3,3210.563478,35.70274734,10.37525177,4,157.6677094
20989,92.76330566,25.63263512,15.99405003,7.591318607,4.777176857,9744.296785,3,16894.11326,26.56339645,7.164135933,4,312.7589722
20990,3.567562342,46.89940643,12.4197979,1.943184853,0.873343408,9494.868898,3,1087.192681,2.935422897,1.002337456,5,198.4349518
20991,61.35848999,32.40533447,27.62110329,12.43902206,6.759190083,8315.704147,1,4189.67605,27.38539886,8.783535004,10,344.9816284
20992,164.348053,22.27013588,19.84174347,6.759505272,4.423954487,8759.273407,1,3333.223219,30.05425835,6.864246845,10,304.472229
20993,102.7557373,30.70915222,16.60996246,5.994826317,3.354103565,1098.593722,3,2957.358932,16.29789352,6.525420189,5,256.3594666
20994,21.63861656,43.08909225,18.9805336,5.018342495,3.052073956,2351.345986,3,1900.755644,8.184019089,4.289070129,5,194.4207764
20995,81.01733398,68.14485168,23.10518074,9.606725693,6.439591885,749.1936994,3,294.6091204,31.34267616,7.800219536,5,332.581604
20996,168.910202,23.43744278,14.62857151,9.54241848,5.669264793,1003.659765,3,4146.866982,27.59404182,9.378321648,4,188.0316467
20997,105.0618286,29.69760895,18.6613369,10.43517685,6.164441109,866.8473344,3,6651.807797,27.12625122,8.8670578,4,153.0904846
20998,228.6556396,28.41139412,18.26061249,10.3535862,6.823101044,347.6416337,3,7041.378188,33.5165062,9.526743889,4,85.50228882
20999,59.63074112,38.63989258,22.35899353,15.13471222,8.630659103,399.1597827,3,26477.57864,31.00424957,12.71985149,4,81.326828
21000,199.3120422,28.31936264,24.38059616,8.234753609,4.613241673,1577.559151,3,1124.349313,29.06450081,11.48492146,5,29.63391495
21001,103.1870041,22.91596413,20.41307449,8.922055244,6.856451511,6.528304019,3,463.2326,34.05838394,8.528595924,4,37.99211121
21002,7.344230175,34.31694031,21.34068108,5.948328972,4.632051945,2924.416013,3,5669.883834,8.643162727,4.540648937,4,192.5288086
21003,165.8267212,24.77131844,17.44680214,9.596007347,6.314195156,1132.497768,1,3387.399248,33.24623871,8.912391663,4,301.7314453
21004,87.55339813,26.96637535,20.82873535,7.627059937,4.669163704,9462.46245,3,16060.75726,20.32729149,7.370905399,4,64.17900848
21005,52.46868515,18.01232338,9.988560677,4.639275551,2.544749737,4842.776809,3,38649.71429,13.98620796,4.032327175,4,228.5763397
21006,62.42477798,21.26511383,11.63400459,3.96022439,2.478293419,4450.509628,3,38181.95916,9.772853851,3.768282652,4,98.13010406
21007,238.1175232,24.60600471,17.61616135,8.486942291,4.955996037,402.4683906,3,56.34481494,32.70274353,8.043701172,5,55.58732224
21008,30.57577324,31.29174423,17.5573616,3.101483345,1.873396754,5031.10982,3,38791.30932,5.653955936,3.306835413,4,211.2856293
21009,35.53503799,21.15509796,9.623181343,3.874064445,2.094408512,4069.132022,3,37818.98122,12.19588566,3.219113111,4,119.0677032
21010,96.63244629,36.40872574,21.40629578,9.012731552,5.459549904,9754.953847,3,34909.59061,19.17752457,7.65000391,4,62.68296051
21011,55.83234406,35.74648285,23.28768349,9.91893959,7.143719673,2763.747377,3,4160.450208,19.10560989,12.7517128,1,54.03948212
21012,2.329702854,48.86914063,16.3294735,1.408073187,0.748496115,3111.202492,3,3785.728586,3.139695406,0.295050144,1,176.0999146
21013,140.721344,28.97887039,22.69722748,6.880835533,4.191139698,11703.20422,3,1706.228715,20.43250656,8.261907578,2,60.09157181
21014,8.988277435,51.19748688,22.93154526,9.75693512,6.076954365,1975.865498,3,1525.675968,12.60438919,7.600592613,5,59.6208725
21015,148.0546417,26.03811455,16.43048668,8.775957108,5.923235416,3082.070245,3,8213.188409,20.33270454,11.10394192,4,180
21016,235.9852753,24.73674393,16.31045723,8.077691078,4.907286644,1242.138248,3,6434.434935,30.53841019,7.424187183,4,52.50734711
21017,111.5617981,25.58434868,16.47192955,10.02772999,5.672045708,2957.607045,3,23827.8589,27.3175087,8.667150497,4,212.8697205
21018,124.9704056,26.94530296,17.35250854,8.517185211,4.722723484,2544.71068,3,24579.94742,29.61204529,7.289165974,4,104.243927
21019,114.0022583,27.52362633,17.87287712,8.590083122,5.309945583,4769.471625,3,31226.11076,22.21289825,7.665547371,4,225.7430115
21020,72.64733124,19.04247665,14.26861191,4.998304844,3.384683132,6716.591735,3,32856.11207,15.12143326,5.676983356,4,193.3924866
21021,21.35506058,31.53845406,18.92853928,3.01581049,1.415245295,5646.130377,3,38225.89728,6.332377911,2.188166618,4,42.13759613
21022,13.60304451,24.32503891,13.34853363,3.03387475,1.667484164,8338.665692,3,1394.159523,6.430733681,2.453023911,5,151.3895416
21023,215.4515839,23.21508789,13.55226707,6.28954792,4.046260834,816.3085838,3,3346.23784,23.42462158,9.647755623,5,225
21024,88.76374054,27.85701561,17.2986145,7.300717354,4.600637436,1958.292957,3,2477.157983,18.48453712,8.957048416,5,203.6134491
21025,218.6092072,29.35681725,15.9037323,12.10809994,6.802232265,1699.644381,3,3487.698179,32.14791489,9.980969429,4,106.9492264
21026,108.854332,38.42757034,26.67334938,10.64182854,6.788605213,2537.805693,2,5797.194979,30.3541851,9.336511612,4,318.1798096
21027,189.9031982,47.28020096,29.19900703,10.02430534,5.632166862,5206.610198,3,11895.72068,29.65784836,8.968797684,4,40.97800827
21028,78.09780121,49.8699913,25.9516449,7.617874146,4.069872856,6962.679873,3,34319.48882,15.99856472,6.953769684,4,52.69605255
21029,66.55465698,30.28012848,21.76267052,5.255422592,3.107407331,6270.544021,3,37012.45048,14.01343155,4.989011288,4,45
21030,204.5321808,41.44816589,29.74287796,7.922934055,4.395969868,8062.286281,1,3551.44303,26.19636917,9.057555199,10,326.5331421
21031,103.6614075,24.95271301,16.15454865,9.297555923,5.496555328,6396.203292,3,20973.87171,26.81528282,7.713783264,4,272.5791626
21032,57.88145065,31.8890667,20.64602661,8.446106911,4.89747715,7068.102191,3,33972.59038,18.26048279,7.964729786,4,70.69338989
21033,71.34115601,26.60452461,16.69147682,6.562634468,3.833743095,6576.111816,3,35230.9424,15.84855747,7.254162312,4,280.0206604
21034,14.41020107,45.19197083,23.06346703,4.186884403,2.499102116,5850.958983,3,35307.83237,9.573048592,3.46873045,4,52.76516724
21035,44.67536545,28.72762871,20.42700768,9.076219559,5.549526215,6579.904582,3,35162.3124,18.8986187,8.034420013,4,206.0260315
21036,22.51151276,35.92424774,15.2250824,12.1547966,4.060387611,2079.956885,3,2591.972432,23.96720314,6.457706928,4,140.1944275
21037,230.8888702,29.06872177,15.66207981,11.75400925,7.412151337,1326.881866,3,1825.51284,29.67944145,14.02832603,4,167.4711914
21038,64.62026978,37.07132721,24.09300613,14.20450687,9.110958099,3463.398032,2,9012.111655,27.25432396,12.56323242,4,318.1105652
21039,37.69746399,20.83556938,15.10676861,5.087687492,3.049539089,6710.747338,3,34657.83633,19.1534729,4.301580429,4,71.56504822
21040,56.3736763,52.10323334,25.0257473,6.131138802,4.495868206,6652.73727,3,36029.85276,11.29820824,7.545674324,4,66.80140686
21041,49.41665649,28.6332531,16.20791435,5.531990051,3.302954197,2409.070623,3,4550.512423,14.02141762,6.294341087,1,178.2642975
21042,51.45106506,41.63083267,20.91934586,7.635833263,3.892599106,2001.765551,3,1549.927172,16.14943504,8.784103394,5,76.3730011
21043,258.2577515,29.12989807,17.80645943,11.34076977,7.606165886,1405.37993,3,2089.401536,31.62130547,10.94298935,4,263.2637939
21044,40.52038574,35.8154068,23.44898605,9.559654236,4.795388222,5712.483545,3,12606.66645,21.60053062,6.87074995,4,50.23090363
21045,151.5382233,26.16601372,16.64662743,7.381128311,4.037998199,10286.4577,3,16833.38142,23.85004234,6.211738586,4,293.8569946
21046,186.4051971,30.70609283,22.1474781,10.12722111,6.29106617,4872.288956,3,22060.12703,30.8608036,8.526695251,4,42.46644211
21047,105.9541397,27.84009171,19.79869843,9.887429237,6.676933765,18.36310934,3,26822.39459,29.57619095,8.665475845,4,269.7779236
21048,153.8132477,29.55571747,18.53381538,9.974001884,5.805393219,460.9943405,3,26954.43243,28.56629372,8.860547066,4,248.9624939
21049,38.36392212,40.42755127,22.22616196,4.395534992,2.88147068,2113.525202,3,5056.770629,7.35759306,4.140603065,1,81.02737427
21050,137.6314087,30.59820938,26.14326859,6.678523064,3.816731215,12005.67914,3,1756.246895,21.66222572,7.022544861,2,320.826355
21051,64.23111725,18.4066658,10.45806026,9.450660706,4.709773064,3066.71114,3,7638.399737,29.28520966,9.467139244,4,198.1697083
21052,172.9294586,30.17640686,17.41249466,9.883807182,5.806324959,2752.650218,3,3991.722224,27.13554764,7.717267513,4,144.1416321
21053,247.139679,23.30813408,15.80635071,10.48807621,5.976042271,1304.212168,3,5991.060907,31.91142654,8.539573669,4,184.9780273
21054,13.53243065,36.05784988,21.25602722,4.142892361,2.038795233,6388.963507,3,36542.9274,11.20250416,2.412145615,4,46.97727966
21055,14.32184792,38.22048187,17.28576469,8.413208961,3.583193541,6937.80417,3,35352.94274,16.71403694,5.235753536,4,191.76828
21056,147.6257019,23.4414196,15.01637936,8.295833588,5.259596825,5032.392366,3,11881.01268,30.65761757,7.662770748,4,86.28360748
21057,138.8168182,24.49674416,17.72146797,7.754048347,5.270820618,6233.789157,3,13137.2389,24.44935608,7.262588978,4,287.7838745
21058,115.2583618,23.62730026,14.77399349,7.573295593,4.397756577,7197.591113,3,13971.41783,23.37075996,6.594331264,4,110.9426498
21059,8.816308022,29.30401993,12.96236801,2.527803659,1.348877072,8249.027319,3,1736.44125,4.33438015,1.674606919,10,152.1027222
21060,225.9251251,25.94839478,17.87416267,8.076134682,5.100781441,1588.872107,3,5510.85116,30.97535515,8.311971664,4,71.56504822
21061,79.09557343,43.31506348,25.04070473,10.75899315,5.391664982,1056.015382,3,27757.41244,24.73436356,9.987136841,4,48.33415985
21062,51.49044418,55.38008881,25.33977509,6.773221493,3.792820692,4423.990663,3,36501.0834,12.44415569,5.065405846,4,308.267395
21063,83.03410339,34.40377808,18.32148743,8.684351921,4.744022846,9455.215878,3,35927.17643,19.73725128,7.363327026,4,217.2851868
21064,92.22148132,47.17038345,24.7005806,9.289904594,4.956898689,9551.360084,3,35846.38335,18.82596016,7.322031975,4,77.3073349
21065,88.8801651,20.51329613,16.1500721,10.98491478,6.649486065,3418.485241,3,5698.032343,31.23216248,9.584594727,10,173.7996674
21066,180.5124359,55.66572952,27.73766899,8.74050808,4.733887672,1807.936861,3,1351.203488,19.99074554,9.743695259,5,315.9629211
21067,153.5911255,27.29657936,15.50991344,10.15316963,5.983067989,2681.098153,3,7636.86208,29.11841583,9.253716469,4,155.5811462
21068,109.392807,26.96062088,19.26223755,9.569187164,5.821589947,239.2751492,3,1973.10215,26.15322495,11.50577736,4,62.49170303
21069,106.9932938,24.78284073,18.35341644,10.65512371,7.378097534,240.6203784,3,2448.378447,33.77172089,10.69506741,4,228.6138763
21070,73.37857056,22.52468681,11.86735058,4.152300358,2.240833521,7084.845535,3,33140.90834,12.71480465,4.266087055,4,263.3674927
21071,61.17609787,52.18300247,25.31702423,4.652272224,2.973058224,5274.286066,3,35739.98847,8.315988541,4.729194164,4,79.69515228
21072,35.481884,37.09737778,21.25668335,5.054041386,3.052899837,6027.503857,3,36163.05763,10.01835632,4.969837189,4,98.57320404
21073,76.83998871,35.23405457,17.84658051,8.748784065,4.623727322,7817.019116,3,35105.59913,20.14426422,6.987337589,4,110.5560455
21074,67.70875549,30.89863586,20.82211494,11.38970757,6.018064499,7886.633047,3,35646.22092,25.81299782,10.86649036,4,192.4476624
21075,6.007175922,32.06599808,12.61641121,2.822301865,1.141975045,8094.523152,3,1886.907439,5.081597805,2.20476532,10,180
21076,143.1320496,42.16896439,27.21763039,10.05401039,5.451336861,4565.268644,3,11912.54372,29.19693184,8.066431999,4,41.73264313
21077,64.27352142,27.04812622,20.70648766,6.934535503,3.753776073,6959.951605,3,34550.53553,18.24829102,7.802968502,4,72.86700439
21078,12.78645039,31.65340996,16.77258492,3.386198282,2.038807869,5329.954552,3,38849.52299,5.854244232,2.903511286,4,254.7448883
21079,56.13251877,29.99513245,20.90488815,10.92174816,5.835785389,7316.180931,3,35482.18071,24.16108131,9.252289772,4,215.9492798
21080,4.600268364,35.5721817,14.50510788,1.316342115,0.831542909,9240.229879,3,1249.064895,2.746968508,0.952961683,5,236.3099365
21081,90.24609375,20.00558853,11.43089771,4.847688198,3.168726683,13262.19259,3,341.241895,14.57506561,6.410347462,4,192.1797638
21082,158.7195587,24.7582531,23.92767334,7.104881287,4.21856308,10115.07549,3,2465.538962,23.68080521,8.388725281,10,304.0193481
21083,318.0101929,38.13988113,29.21390724,9.091321945,5.535507679,2423.03305,1,4968.965185,28.13424301,10.40382385,10,320.0319214
21084,304.3628235,23.61104202,17.69621277,7.437914371,4.651809216,2731.20783,3,5052.591691,25.90097427,8.826734543,10,84.21760559
21085,145.247345,23.07842064,16.4972496,7.825976372,4.676225662,899.4687146,3,4817.014585,29.89256096,9.820288658,10,60.65834808
21086,162.9567261,21.67431259,13.88104248,8.253968239,5.524491787,122.6054208,3,4097.502352,32.40091705,7.42414093,10,229.8852081
21087,111.3707657,27.30209351,16.40343094,8.013681412,4.444859505,1915.005228,3,7460.655838,26.65590096,11.09705734,4,252.9848938
21088,119.0181122,34.99644089,20.72211456,10.51990414,6.046136379,1203.830279,3,6561.152339,26.42837715,9.084951401,4,306.3444214
21089,175.8617401,25.34252739,15.79167271,8.424716949,4.923169613,1250.543414,3,902.9238507,27.27897263,8.035140038,4,114.7751389
21090,133.7048492,39.12750244,27.09344101,11.93048286,6.223367691,810.7023854,3,1389.540288,32.34580994,9.929507256,4,305.727417
21091,11.71326733,27.68992424,12.87198734,3.369961977,2.19378829,7253.729386,3,33573.85679,9.546110153,1.406716943,4,277.8973694
21092,9.14612484,32.20835495,20.71492004,3.689266443,1.696538091,5342.751361,3,38735.04486,5.316597939,2.497715235,4,266.528595
21093,80.85441589,44.94524002,28.32121849,3.953868389,2.336637259,4860.09047,3,38393.65585,7.969992638,3.487954855,4,325.1755066
21094,38.92002487,22.33818054,12.67545223,6.957212448,4.105849266,8677.025943,3,1535.869872,16.80197334,8.71158123,10,201.5713043
21095,6.576473236,24.34586716,12.08930969,3.952257395,2.316521883,12663.93459,3,197.8719613,5.858988762,2.940081358,10,174.6305542
21096,77.34968567,23.26625824,12.25080109,6.002365589,3.610784531,1483.523218,3,2804.987267,16.61520386,5.792345047,5,234.868866
21097,36.88663101,24.61109924,19.72185707,6.643515587,3.970891476,7882.891777,3,14516.89444,20.10381317,5.410908699,4,58.19061279
21098,93.20096588,35.16606522,24.95525551,5.419018745,3.631291389,6490.396142,3,37653.47296,12.56519604,6.516155243,4,38.22369385
21099,24.42886353,34.66991806,25.04871178,6.38297224,3.968400478,3972.999661,3,36610.82706,13.42156219,6.365919113,4,271.4320984
21100,8.264861107,26.72309875,15.7106905,2.809906721,1.602201939,12534.31419,3,276.3696505,4.710571289,1.672255993,10,165.2564392
21101,121.2191391,23.96146774,13.65787315,7.089179039,3.933861732,2652.266864,3,7824.245402,21.78487587,8.015295029,4,184.2263184
21102,187.3403778,20.93458366,14.43008709,10.65945625,6.245637894,2115.379214,3,4413.694117,34.88452911,9.737085342,4,186.798172
21103,54.5178833,29.51624107,16.67450905,7.608686924,4.02686882,8187.886455,3,14877.10293,23.74695778,6.629266739,4,255.4257813
21104,120.3499832,27.70379639,20.02190208,8.592321396,5.043290615,8809.906907,3,15196.95824,25.43893814,7.898896217,4,270
21105,82.39645386,37.21910477,19.62834167,11.48107815,6.483921528,8192.035292,3,35519.15262,4.571986675,2.618366957,4,159.7869568
21106,162.3466034,24.63984871,12.65429211,10.32108688,5.912751675,2733.232951,3,7765.509299,29.64103317,8.777152061,4,198.7586517
21107,284.1795654,29.11307144,19.58792686,9.434768677,5.911317825,2909.445586,3,2330.892123,31.35329628,8.989899635,4,265.4177856
21108,311.4350586,42.01765823,26.74163437,9.962447166,5.893586636,1980.790786,3,9225.92515,27.61094856,9.351345062,4,293.3109131
21109,140.8678894,28.90209961,16.66818237,11.15896988,6.159322262,460.5276895,3,7775.413267,33.12916183,10.69502068,4,270.4735107
21110,165.4133148,37.45288086,25.24187469,10.09326458,5.475227356,6111.546491,3,12467.04321,30.61222649,8.111914635,4,56.37921524
21111,16.54562759,21.5255909,11.16349983,6.138830662,2.345073938,6844.995536,3,20430.63554,17.99940491,4.337049007,4,217.7467957
21112,83.30144501,21.46229362,16.14299583,3.279815197,2.282697201,15068.50248,3,840.8280848,10.56652069,6.653985977,2,255.9637604
21113,125.4019547,28.53651428,24.2159214,6.791901112,4.239397049,11225.42278,3,2002.330037,21.14001274,8.01645565,2,289.4189453
21114,212.1409912,32.98666763,28.02390099,8.536052704,5.131418228,6225.877381,1,4374.798166,30.14592934,7.731018543,10,47.85059357
21115,119.269249,24.90812874,23.78668594,9.595612526,5.404253483,2682.755811,1,5777.763514,31.31215096,10.59826756,10,315.8955383
21116,189.9286804,31.33560753,17.50144768,11.60556698,7.114014149,1587.471754,3,6423.648425,32.43181229,10.1597414,4,260.6650085
21117,165.6325684,38.83520889,28.95570564,9.774561882,6.104081631,5695.096539,3,12017.17877,30.80385017,8.860477448,4,53.43314362
21118,155.0018768,32.25473404,23.97114182,8.716954231,5.420354366,6491.606608,3,12865.38346,29.03506279,8.028869629,4,290.0316772
21119,88.61921692,23.6870842,17.93322182,8.012681961,4.553415298,5983.755025,3,32066.62414,22.31591988,7.142026901,4,220.5328369
21120,4.976694107,64.83496857,20.00900459,3.365455389,1.318977952,5485.789874,3,38579.00845,4.96040678,2.117671013,4,309.8055725
21121,25.13257217,34.83681488,18.64356804,4.551062107,2.719410181,3867.367175,3,37089.71149,9.541638374,5.635257244,4,145.1246643
21122,3.328873158,49.92256927,18.35168648,1.279832602,0.875876844,3077.578168,3,4021.990748,1.994113922,0.965593755,1,180
21123,86.55885315,27.30836296,16.12210846,13.28393841,6.676160812,3172.229031,3,5786.118075,31.99226952,9.724887848,10,162.072525
21124,49.73400116,28.49732018,16.8123951,10.90699005,7.121674061,2857.291896,3,5891.696507,29.8150692,7.897480965,10,96.24024963
21125,176.4169312,25.52487755,15.02293777,8.558001518,5.252521038,565.7814776,3,4021.647348,25.76149178,9.548660278,4,211.2661133
21126,134.1541748,33.87692261,22.54333305,10.2426796,5.55385685,2056.590383,2,7349.697755,30.54471207,9.179467201,4,302.4711914
21127,111.968399,27.28759003,16.76304436,8.277273178,4.587025166,2401.124125,3,7758.842652,22.75430298,7.675503254,4,213.6900635
21128,83.5304718,26.83440018,19.28791428,7.012191772,4.133190155,7864.15397,3,14303.05029,22.67762375,8.538375854,4,78.50817871
21129,86.9998703,26.54174995,16.4968338,7.802168369,4.73656559,7176.212568,3,19786.4691,22.13928604,7.097503662,4,113.7907715
21130,125.976738,22.45041084,14.1445446,6.608985424,3.916347504,6266.717254,3,20578.21221,21.47891426,6.463006496,4,264.5794067
21131,105.8022003,27.13049889,15.06694889,8.632421494,5.381645203,2301.588703,3,24254.73652,27.20721245,7.384649754,4,110.112587
21132,84.87607574,28.36545753,16.17418289,8.348385811,4.93394804,2016.860257,3,24555.57126,23.18922234,6.73709631,4,217.5162964
21133,100.3872299,30.29573631,19.25764656,11.11058331,7.059950352,341.686929,3,26145.09941,30.6134491,9.280303001,4,63.60006714
21134,119.5665436,24.48038483,15.43377495,11.11264706,5.969147682,1519.882121,3,27850.8795,30.71625519,9.240483284,4,180
21135,53.04078293,33.11341095,21.80674553,3.14561224,1.727095127,3592.060947,3,37380.18307,6.823295593,3.568074226,4,39.95755005
21136,20.65904236,27.67330551,13.1483593,3.763354778,1.875404716,3874.720026,3,36735.11894,8.736397743,3.733928919,4,75.46554565
21137,145.9181061,28.7167778,18.42115593,9.899381638,6.064278603,1623.557634,3,7092.547946,31.53809929,9.083691597,4,104.198555
21138,53.4779892,30.95849991,15.33579636,5.230199814,3.911089659,4803.47729,3,38576.45731,10.89501762,6.595591068,4,145.954071
21139,77.57414246,58.64527893,26.42472649,4.343287468,2.367096901,4752.892215,3,38662.41397,9.752386093,3.436052799,4,63.43494797
21140,172.1983337,25.22609138,16.62353325,9.505925179,5.74345541,2420.300925,3,4413.52883,26.54178429,10.05083275,4,179.045166
21141,83.06960297,24.38648605,16.18210411,5.325978279,3.207317114,8388.235559,3,18809.80278,15.49754333,5.993554115,4,84.3693161
21142,6.466851234,52.68503952,24.96913338,1.800938725,1.409901381,3776.875771,3,37343.51098,3.103727579,1.491110802,4,45
21143,148.3532562,23.44581604,17.72244835,8.233531952,5.615446091,9353.79387,3,3076.848251,30.05581093,7.095117569,10,80.77607727
21144,134.3543091,28.24028206,18.22308922,9.837108612,5.665878773,5449.403857,3,12013.78485,29.2105217,8.129229546,4,71.23475647
21145,52.103302,28.92382431,18.11936951,6.230624676,4.121239662,6818.506365,3,35533.38465,12.90775585,6.567384243,4,243.8531647
21146,118.0648499,54.72267914,28.63256454,5.511476994,3.869990826,6439.240794,3,38012.45857,12.71297359,7.960459709,4,32.85572052
21147,7.603285789,42.64223862,11.51368141,3.679106474,1.603140712,3993.589393,3,36823.10194,7.459896088,1.89935565,4,124.8435822
21148,22.36250877,41.83617783,25.00037193,2.600268841,1.644400477,4642.635233,3,37381.47859,4.968597889,2.434274197,4,36.86989594
21149,50.93995285,27.34174347,18.49739838,7.559468269,4.422649384,4493.082605,3,36891.51841,16.88859558,7.841995239,4,237.5288086
21150,47.97811127,22.93440056,15.45520401,6.130838871,3.302729368,9961.015049,3,1289.890306,14.99130154,6.881103516,10,199.9831085
21151,8.321658134,42.87524414,23.13803291,2.884860516,1.494768977,5661.418552,3,38643.25973,5.053982258,2.509100676,4,331.6018066
21152,30.02232552,46.29582214,27.12481117,3.785953045,2.072191477,5943.310081,3,38638.94024,7.052830696,3.537009478,4,315
21153,54.05192184,36.27922058,22.21973038,4.35056591,2.765758753,14615.06647,3,367.8089253,8.269683838,4.206376076,2,274.3987122
21154,138.2107086,29.5294075,18.39068031,11.74690533,6.838728428,854.4998388,3,7872.982626,33.79906082,10.31243229,4,190.4496002
21155,83.42861176,28.44094658,20.0278244,9.710510254,5.599429607,8314.449088,3,14644.38254,29.43553543,7.820820332,4,298.1625366
21156,120.2532501,36.66947556,27.89631653,7.817052364,4.039896488,9812.662994,3,17470.29547,21.06965256,7.096509933,4,43.78112411
21157,142.6126404,30.78688049,19.80325127,11.87802219,7.30855608,1133.403684,3,25179.0388,31.35086823,9.912607193,4,46.90915298
21158,80.52311707,28.30302238,18.45976257,7.361682415,5.168134689,7350.896748,3,34272.23872,16.02526474,9.373936653,4,90.90937805
21159,23.60392952,58.42647171,26.05205154,3.556361198,2.443509102,5844.029863,3,38770.71383,5.464235783,2.708221197,4,315
21160,7.855635643,51.58650208,19.59088707,5.752430439,2.744438887,2297.468025,3,1844.894171,7.904199123,3.488191843,5,306.7028503
21161,187.7077332,27.35402489,17.31592941,9.503822327,5.887461662,3045.555852,3,3433.113776,29.43374443,8.903125763,4,232.3523865
21162,109.3551102,31.31072617,22.40644646,8.715456963,5.146300316,7308.422044,3,13836.64799,23.68502045,7.363093853,4,45.76389694
21163,131.2886353,26.88636398,17.11884499,9.520219803,5.860095501,3320.740176,3,23255.79257,28.49632454,8.241980553,4,64.84367371
21164,117.7678452,28.70116234,16.71681976,10.59053135,5.595901966,1022.029187,3,25443.19859,30.49700928,8.854012489,4,163.5000763
21165,58.87178421,28.75705338,19.65821838,4.939692974,2.587075472,7285.974718,3,35019.99824,12.09855175,5.944869041,4,299.744873
21166,85.90465546,29.56679726,19.56045341,3.240878105,2.034401417,4223.10254,3,37984.43033,8.416945457,4.096366882,4,43.21009064
21167,187.4667206,21.64172745,15.06982422,7.318643093,4.306849957,4618.805181,1,5097.985542,27.15197945,6.805221081,10,38.48019791
21168,28.07073021,33.83303833,19.57857132,3.13167429,1.631246209,4206.93356,3,37488.56047,5.87693119,2.806635618,4,45
21169,9.74176693,60.23644638,23.24999237,2.903420687,1.833827376,4215.135135,3,37018.23538,4.711146832,2.02386117,4,38.26739502
21170,45.1283989,29.59009361,18.95944786,10.18432236,6.066691875,8612.944543,3,35406.60447,23.75177002,9.241181374,4,234.277832
21171,34.40338516,42.24567795,23.24322128,6.030003071,3.009126425,2427.089672,3,2099.184999,12.69417763,5.905260086,5,266.7294922
21172,234.324707,25.70362282,14.70777225,11.61017895,6.667007446,1361.558906,3,2650.275601,31.52698898,9.57933712,4,175.275238
21173,36.33550644,50.14768219,26.47529984,14.77483273,7.712911129,3228.532643,1,5578.269507,30.12079239,12.855196,10,26.04576874
21174,142.8665619,35.23657227,28.10334206,7.932723522,4.829197407,10496.62107,3,16142.83124,22.24401855,7.843855858,4,37.04345703
21175,7.566130638,46.94348907,23.7650795,1.845048189,0.990744352,5474.447607,3,38986.87291,3.907876253,1.233647823,4,315
21176,42.45666885,22.85021782,14.53498554,5.168154716,3.508531809,4415.973817,3,38269.12079,12.10706902,4.429719448,4,91.78990936
21177,3.666357517,53.73114395,14.7010603,2.707383394,0.950871289,13930.74465,3,155.8722597,3.838589191,1.820418835,10,263.65979
21178,33.6644783,59.89885712,25.13972855,15.39177418,8.138222694,3490.039247,1,5463.50749,33.63345337,9.157501221,10,38.41805649
21179,135.7018433,42.10142899,30.4815979,8.104372978,5.018515587,3021.821904,1,5239.047458,28.83883095,6.746779442,10,336.456604
21180,89.64568329,27.89570045,17.49911308,7.524700642,5.448941708,258.999305,3,4297.726348,29.41025734,6.928459644,10,253.7048492
21181,154.5757751,27.60881615,15.31020737,8.190907478,4.80722332,3622.818418,3,8999.909726,18.9300251,8.155720711,4,189.6887817
21182,183.0347748,21.47300911,11.92490673,7.738047123,4.327346802,4405.352777,3,8922.446586,20.42567062,7.895107269,4,207.5651245
21183,92.05754089,30.05066299,16.8950367,4.713169575,2.802480698,2629.311689,3,8596.840979,10.99978924,4.869889259,4,167.0053864
21184,79.98874664,25.27064514,17.80381203,6.053377628,3.833436251,7563.334469,3,33221.19357,16.32016373,7.412624836,4,228.9909058
21185,50.98665237,26.82018089,15.23049164,5.388121605,3.486358166,5403.84158,3,36916.39339,12.25323868,6.822289944,4,192.7243652
21186,23.67886353,25.25374031,15.68275547,5.367594719,3.201612473,10258.21703,3,1340.140335,12.11238194,6.581692696,10,173.0948639
21187,1.265950084,65.58364868,17.98297882,1.184692502,0.556817114,13598.34843,3,40.99342825,1.658563733,0.799171209,10,251.5650482
21188,100.6744232,34.93830872,25.80758286,5.325616837,2.977524757,13229.63334,3,1590.067591,14.7918539,7.427897453,2,312.59729
21189,131.7833099,25.45454597,18.41917801,7.16847229,4.413841248,12453.95493,3,1702.133597,21.84134674,8.673791885,2,83.33334351
21190,196.1192627,23.96042252,16.5019474,7.227565765,4.539293289,5828.009154,3,3551.210898,22.70491791,8.927549362,10,110.4256287
21191,215.7193909,21.33366776,12.52891636,8.799014091,5.334458351,899.7879679,3,3497.713637,29.89350891,10.31576729,5,196.3895416
21192,53.1456604,51.72631073,20.9359169,5.906787395,3.939172268,2483.42153,3,2028.633147,8.817083359,5.40489769,5,259.2868652
21193,143.0467987,26.40829659,16.09208488,10.81344128,6.449676037,2863.807749,3,7989.425721,27.99787712,8.984755516,4,158.7494965
21194,252.3959045,28.89725685,16.39620018,9.677985191,5.822408676,3373.515611,3,2748.483914,29.4513855,8.724522591,4,213.6156616
21195,101.9329453,27.70362473,18.04274178,8.690267563,5.367322922,3404.57612,3,1234.424574,26.12593842,7.099862099,4,124.4444275
21196,174.4142151,30.48347855,17.97216606,8.601516724,4.183256626,2173.893644,3,25.95215949,24.05688858,9.599586487,4,119.3378906
21197,140.2396393,23.85394287,16.52761841,10.022192,6.314536095,434.0809295,3,2723.842337,31.66234016,10.31966496,4,230.4763489
21198,31.52740097,27.63871384,19.48141289,3.648586988,2.05136776,3669.385113,3,37574.18108,8.12717247,2.964052916,4,24.14553833
21199,86.56651306,34.10618591,18.01161003,10.32044792,5.471364021,9461.726132,3,35449.10018,20.73743057,8.205187798,4,180.5168457
21200,58.35496521,35.45537186,18.68127251,10.49087334,5.761276245,8898.927226,3,35478.90068,22.15952682,8.976860046,4,87.81816101
21201,118.634079,38.72891998,23.42403603,12.84582138,8.189551353,2744.389218,2,7931.952928,31.90650368,12.2251358,4,285.875946
21202,208.9178162,22.32473946,14.37198925,9.76622963,5.627968788,3776.52865,3,10470.1748,30.88058662,8.912744522,4,199.6538239
21203,129.483017,26.11100578,21.79936218,6.873702526,4.182631493,9692.549023,3,15241.04564,20.94825363,7.418278217,4,60.18583679
21204,69.53694153,38.16248703,27.21276283,10.44912243,6.192517757,8247.596049,3,36141.66403,25.30199051,9.052507401,4,49.47623444
21205,147.1369781,37.48537064,25.46860313,8.01181221,4.573979378,1804.24958,3,1349.150889,21.63965607,11.46641636,5,44.46674347
21206,75.34027863,34.97190857,25.45746803,3.748592138,2.158079386,4718.914173,3,37982.96708,8.85529232,3.926751137,4,31.88243103
21207,55.2430954,36.97547913,20.99437904,8.177462578,4.907522202,7248.53526,3,35989.46205,17.58068657,7.467895031,4,67.22401428
21208,213.9629211,25.81866837,18.7781105,8.281610489,5.696702957,4752.633039,3,3723.607926,27.25403214,8.977846146,11,82.97160339
21209,195.5112915,34.26634979,26.29880524,7.830647945,5.054738045,4278.394804,1,3850.656262,23.56837273,10.02628803,11,315
21210,170.0533295,37.48341751,28.86788177,8.427021027,5.08979845,3299.975817,1,5128.954839,30.34154701,7.229567051,10,34.51714325
21211,166.6932831,25.12486267,15.32668114,7.630124092,4.810217381,1979.592479,3,4755.327401,26.65861702,7.885680199,4,80.75389099
21212,147.734375,31.87640762,25.1026516,8.728658676,5.417993069,10165.84165,3,15553.52068,22.46120262,9.237865448,4,287.2160645
21213,35.26890945,45.58892822,23.83805084,4.172950745,2.555948496,5862.034524,3,37255.57824,7.583469391,3.876755953,4,281.3099365
21214,0.872493982,62.78626251,18.58339882,0.965876877,1.104511023,9873.675332,3,1569.792258,1.248557329,0.458780915,10,235.9006958
21215,201.5958252,30.21984291,26.87447929,8.21944809,5.333787918,5247.224034,1,3611.443613,25.74666595,9.428947449,11,330.420929
21216,24.47789001,41.56238556,23.39848709,13.54571533,6.540826797,557.8295118,3,4608.09344,25.50606918,8.519715309,10,39.75799179
21217,58.18625259,26.9726696,21.46334839,8.256292343,5.780063152,329.5893941,3,4398.445709,29.82711601,8.546972275,10,228.1589355
21218,201.0733643,24.00973129,13.66242599,11.17402172,6.265381336,546.089036,3,4376.715797,33.00610352,9.24588871,4,191.3099365
21219,166.1528625,23.62266731,15.61551952,9.07092762,5.800582886,2334.607403,3,9224.542076,28.37380028,7.958181381,4,228.6711426
21220,69.5544281,53.49507141,27.89334106,4.813729763,3.289644003,6399.109075,3,38835.24993,9.465056419,5.252614021,4,29.05460358
21221,79.12219238,44.05458069,27.64193916,5.649013042,4.029024124,6668.850433,3,38325.63832,11.97188568,6.920191288,4,38.29016495
21222,51.43519974,49.96379089,27.8981781,3.072840452,2.134535551,6001.541775,3,39502.57171,6.415661812,4.186542511,4,57.17976379
21223,8.294117928,53.74979782,24.43659401,2.335227489,1.239287972,5670.892752,3,39104.41086,3.457900524,1.607066989,4,315
21224,161.0536957,21.66428947,16.12607193,7.522293568,4.725235939,1.957246627,3,4223.320475,30.2480278,6.501800537,10,247.1451874
21225,149.9660645,30.09979439,19.27959442,11.02324867,6.60571909,274.3796876,3,187.3903139,32.29007721,9.719265938,5,59.05767059
21226,149.7600555,19.77630043,12.39618015,8.951828957,4.743885994,492.6719737,3,956.2223749,29.0841198,8.288744926,4,223.5121307
21227,61.70543671,62.83919907,23.68984795,3.976952076,2.856359482,5605.819384,3,39489.56666,7.779471397,5.270615578,4,298.3007507
21228,55.09518051,29.49353409,18.18008232,5.465928078,3.576138258,4939.124295,3,37059.45412,13.0290556,7.351182461,4,210.5297089
21229,53.1664772,22.1540451,8.440238953,10.09120846,4.480524063,163.3726183,3,298.0323442,41.04624557,6.217350483,4,67.98871613
21230,195.1517181,23.83416748,12.36133194,9.506277084,5.12554884,634.2967191,3,4692.027695,26.6286068,7.9375,4,181.5481567
21231,154.1800232,24.08345604,14.63928795,10.24086475,5.929500103,961.7577558,3,3282.332302,31.99252892,10.7063942,4,170.4284821
21232,117.1727753,29.75603485,18.26359558,8.573040962,4.663285255,7396.294223,3,13659.68256,24.81329155,7.234866142,4,96.03325653
21233,152.9882355,29.25691986,17.31888199,10.43731403,5.714859009,1915.024827,3,28102.48289,30.39800835,9.48340416,4,281.8886719
21234,73.34524536,49.3237381,30.08093834,7.813799858,4.342983246,5819.850517,3,31623.24294,18.58102036,6.605112076,4,21.29429626
21235,46.18413925,50.75003815,28.57978439,6.257402897,3.617590427,6440.175743,3,32124.78729,17.67217636,6.615669727,4,340.3095398
21236,47.93359756,58.57115173,26.59577751,4.245879173,2.550005436,4905.25439,3,38800.78964,8.108537674,3.339909315,4,19.81594086
21237,60.00660324,24.2328167,18.56590843,3.88160181,2.096288204,4286.871514,3,38137.00899,10.54913425,3.706286907,4,40.16863251
21238,30.2052536,32.5603714,14.15147877,7.788348198,3.037733078,145.1447725,3,4284.59975,25.58366203,4.132350922,10,275.4147644
21239,93.26286316,50.57303238,23.16496468,7.720869064,4.561328411,2242.176847,3,2375.650048,13.4650526,8.285730362,5,295.7099609
21240,229.4253082,27.21967888,13.03359318,8.776184082,4.52832365,1256.716134,3,5851.129086,26.94240379,6.609941006,4,216.6070862
21241,145.1117096,28.90662575,18.97363853,9.93179512,5.927679539,401.8429387,3,1862.570543,28.13491821,10.2801199,4,53.26643372
21242,143.0335541,25.35514069,17.52421188,7.627612591,4.738977909,10132.941,3,16751.35708,23.69274712,8.305632591,4,270
21243,28.06003189,43.44480515,24.34533882,5.152599335,4.250658035,5230.224571,3,38981.0994,8.5041399,6.735855103,4,128.4749756
21244,146.391571,24.55838966,15.01619148,6.711149693,3.843872547,1323.029198,3,5351.064307,26.59783745,9.214873314,10,55.71190643
21245,124.3787689,28.03835678,18.23169518,11.06312943,7.510514736,661.9257691,3,4835.664129,36.13800049,8.813063622,10,52.62815094
21246,160.1479187,31.70113564,16.67688942,10.69687557,6.021929741,1535.854628,3,6641.899858,24.19977188,9.274834633,4,240.6422424
21247,33.93808365,33.05700302,17.10660553,4.179593563,2.237892628,2979.177807,3,8924.848498,9.250044823,3.113522053,4,90
21248,72.96155548,40.97557831,27.32533455,8.162487984,4.853560448,7842.960287,3,34275.66993,18.31539726,10.17570782,4,91.30262756
21249,3.529200554,54.94639969,17.2599926,2.086358547,1.291679144,5432.337521,3,39131.03268,2.441587687,1.492789865,4,232.1250153
21250,164.8773041,35.79739761,23.54413414,8.431862831,4.928215981,1273.182743,3,5373.674176,28.16309357,8.956302643,10,34.32728195
21251,41.20965195,26.34570503,10.47972012,15.03107834,6.076271057,248.6659897,3,212.4857878,38.64146042,9.400508881,4,71.70722198
21252,207.9612122,27.40395546,15.87658978,8.660102844,4.830069065,4004.231285,1,10495.49495,31.32391548,7.187654495,4,291.7407837
21253,53.2493782,40.47204971,23.30529404,8.25360775,3.604444981,4604.294363,3,11196.37916,26.82221794,5.877505302,4,292.6593628
21254,155.2830353,35.62152481,27.61557007,7.823748589,4.293401241,8570.323629,3,14077.40506,23.47842026,6.973563194,4,45
21255,142.1774292,25.68318939,15.33115864,8.991909027,5.264304161,4662.681172,3,21827.81808,26.4853344,7.52006197,4,161.5650482
21256,67.08960724,40.63430405,26.01623154,11.39060688,7.774189949,8067.502366,3,33666.21824,21.39962769,10.88236141,4,86.42366791
21257,97.16896057,39.40029907,25.52739906,7.460845947,4.665871143,8121.012303,3,33892.53647,17.12373924,10.24979496,4,288.4349365
21258,97.88002777,49.54443741,28.13193893,3.993906736,2.40020752,5225.501713,3,38378.67381,8.111554146,4.044919968,4,27.47443008
21259,36.42622757,32.74733353,21.58127213,6.306400776,3.38409543,7719.226193,3,36002.13168,18.178339,5.277507782,4,286.2202148
21260,191.7436371,25.6708622,15.21438217,11.00969601,5.866932392,1082.485591,3,2544.896857,31.71871376,8.674544334,4,221.7557068
21261,90.70281982,23.7996788,14.87580395,4.367020607,2.558459997,2348.011947,3,8932.612345,13.45012188,4.27684021,4,105.6967087
21262,163.9109344,26.76530266,17.39221954,9.268713951,5.75620985,2280.955235,3,81.94170049,26.85365677,9.092801094,4,73.838974
21263,145.6786499,54.83127213,29.52879906,11.27927303,7.371295452,1864.911942,1,362.1453127,31.96208382,11.3591795,4,277.125
21264,204.1314392,20.9616375,11.71371746,8.649655342,5.131309509,1982.720742,1,4342.891796,33.7674942,7.408172607,4,287.6843872
21265,205.4283905,23.65896225,14.12171268,9.393312454,6.768330097,2331.730384,1,4664.738713,30.92027092,9.045683861,4,255.9444885
21266,186.8455353,26.55734825,15.26751328,10.90860653,6.259921551,420.157855,3,6670.497709,34.27591705,9.347332954,4,117.8104172
21267,122.5114288,29.1769886,19.53964043,10.01449108,5.620478153,203.7611066,3,6975.637728,32.37326813,9.203141212,4,288.8690186
21268,113.1774826,51.4343338,28.07065773,9.601498604,5.364155293,8744.238688,3,14984.38841,28.26963806,7.522402763,4,275.1944275
21269,67.40068054,30.32416725,18.54389763,12.93905449,7.454124928,269.573323,3,26007.47336,30.622118,11.44683552,4,146.3718109
21270,36.3692894,28.19512367,16.31262016,4.397149563,2.208500147,7018.743015,3,35317.97953,9.199442863,3.404050112,4,288.4349365
21271,33.87870789,62.22112656,22.85966682,5.173253536,3.398684025,5270.36113,3,39068.69819,10.07455254,5.830125332,4,122.0825882
21272,39.55945969,43.72471619,22.64139938,6.360287666,4.249349594,7521.205311,3,36563.72146,13.06940556,7.427005291,4,80.54493713
21273,117.5846405,39.31180191,20.19206619,6.150058746,3.761931419,1929.273705,3,2688.971254,13.52060509,8.572021484,5,265.1965332
21274,247.7815247,30.0391655,21.79935455,8.095472336,4.241356373,1246.586784,3,787.3036712,26.50344276,8.883135796,5,61.76255417
21275,107.6940613,21.90330505,14.38605595,8.437679291,4.954564571,3862.567221,3,10466.27448,31.60203552,8.200271606,4,207.8014526
21276,132.3378296,47.60718918,28.73426056,11.19273758,7.084948063,789.7680944,3,26675.06436,31.99271011,9.76253891,4,319.2020264
21277,110.2050705,29.89684486,18.17353821,12.61983681,6.332087994,737.6788696,3,26901.14981,30.42038727,9.449082375,4,199.8372345
21278,79.13571167,26.41362762,16.81389618,5.408678532,3.519523621,14895.29488,3,414.3963959,12.49722004,7.442301273,4,209.8874512
21279,97.38556671,23.93733788,16.23179436,8.978419304,5.590407848,408.0275226,3,873.1318704,28.49611282,8.558504105,4,221.2236328
21280,95.34823608,29.42185593,18.30312729,13.42546368,8.40099144,21.30774702,3,5201.228749,27.73314667,13.48663712,4,81.02737427
21281,145.0717621,30.82502937,17.3550663,12.04335976,6.424346924,1532.200353,3,6552.549036,27.99271584,10.39808846,4,131.4025269
21282,30.92824364,17.94202042,7.351344109,6.21027565,4.475009918,1680.878642,1,4013.213696,25.64464569,5.654058933,4,260.3400879
21283,133.7645874,26.3756218,14.49448681,8.250966072,4.834619999,3598.249046,3,22791.17811,26.5953083,6.649456501,4,131.7678833
21284,17.84482765,53.92509079,26.39801025,7.652031898,3.103629827,7463.659735,3,35417.98011,13.38196278,4.994847775,4,329.3227234
21285,42.41920471,52.92462158,25.16851044,6.147309303,3.275767565,8289.037734,3,36851.17712,11.89870071,5.93042469,4,51.58194351
21286,49.80211639,52.78893661,24.22589493,9.278260231,4.758862972,7779.909463,3,36513.41916,17.00977135,8.754430771,4,306.5247803
21287,132.9580841,47.87853622,28.47607422,9.108501434,4.195825577,6986.284073,1,3391.213574,24.82172203,8.029708862,10,34.38034439
21288,100.5241394,15.96841049,9.640597343,7.711290836,4.060898781,1259.881286,3,801.5070759,28.57450676,6.427497387,5,83.25797272
21289,51.04964066,33.5466156,19.21815109,9.112342834,5.282895565,418.2787379,3,5473.944184,19.22910309,7.737337589,4,250.3670349
21290,93.69313049,31.79322815,15.79558754,10.69723797,5.910910606,3023.396653,3,846.5740176,24.78029251,8.459342957,4,239.2815552
21291,178.5848389,28.62696075,17.22377586,8.897489548,5.17747736,2166.340561,3,2.608402193,29.69634056,8.055768013,4,59.30826569
21292,122.4220734,19.81266785,10.26108742,7.298205376,3.981633902,2244.318171,1,4592.017283,33.8972168,7.498584747,4,289.0935059
21293,168.3491516,29.64309692,21.12925148,8.65459919,5.552642822,9023.578559,3,14555.36909,23.77467728,8.255005836,4,280.3562622
21294,84.18359375,29.37943649,16.02447128,6.184310436,3.773745298,2658.402146,3,8378.521744,16.2437973,5.196192265,4,112.8207626
21295,93.83691406,25.74994278,14.66506863,6.78517437,3.677692175,8463.571265,3,18431.63929,18.012743,6.484528065,4,141.9343567
21296,39.77674103,38.72650909,24.31008339,7.636389256,4.048476219,8300.671203,3,36525.32759,14.54488945,6.788666248,4,264.2894287
21297,51.52820969,57.60863113,21.85280609,9.648810387,5.052822113,2084.824773,3,1626.636957,15.30072975,8.08787632,5,71.56504822
21298,336.2221069,28.26991653,21.104105,8.248971939,4.693906307,1315.631933,3,854.1604569,28.75999069,9.141645432,5,52.0667305
21299,59.82042313,23.0030632,16.92253876,8.580296516,6.378613949,220.07156,3,684.0874958,28.13465309,7.941133022,4,215.5376892
21300,194.7833862,48.94314957,28.4868927,10.63080025,5.9573102,893.0669603,1,7551.083648,31.91860962,8.332091331,4,313.7473145
21301,184.9279785,25.49985504,19.07362747,8.376077652,5.21444416,1801.806297,1,8290.938196,32.79096985,7.969869137,4,273.1221313
21302,105.0724106,29.63028336,24.40865135,9.367207527,4.745325089,7178.216828,1,3423.508254,27.18020439,9.703517914,10,312.193634
21303,82.09407043,23.99913406,16.05807877,8.877225876,5.507479668,1672.177733,3,24462.07403,27.23327637,7.883358002,4,215.4030304
21304,98.34428406,33.78998566,22.5814991,5.201574802,2.948146582,6480.695742,3,32068.5822,15.447505,4.775217056,4,305.895752
21305,64.90548706,19.6724453,13.28322792,7.157488823,4.523491859,14249.01747,3,478.6379604,18.06733894,8.545355797,4,201.8014069
21306,60.65985107,30.37769508,14.89686394,6.691677094,3.620984793,2703.811138,3,8163.569995,16.87619972,7.860195637,4,196.1674805
21307,45.11385727,23.08882904,10.42174435,9.469942093,4.037796497,3595.172486,3,10247.27787,36.36092377,4.040378571,4,223.8716736
21308,106.779335,33.24774933,23.61825752,7.518461227,4.623737335,8581.556841,3,18120.09524,18.86186981,8.183839798,4,49.97955322
21309,91.56951904,25.67551041,16.1117382,9.36139679,5.123632908,2367.305384,3,23993.16056,25.6151638,7.809610844,4,174.2373657
21310,136.3371735,23.53188324,16.09937477,8.579909325,5.421990395,7583.007423,3,3453.749331,26.54220581,7.030622482,10,86.11209106
21311,206.4963074,23.02974129,14.33602619,8.73381424,4.88374567,4225.00382,3,10547.06887,29.17061806,8.261922836,4,208.0091858
21312,58.63319016,23.59805489,13.10375404,6.94183588,4.173675537,7270.919551,3,19473.09086,18.73833656,6.330267429,4,173.9698334
21313,138.6704254,47.4303093,29.21381187,8.94619751,5.201102734,3332.734324,3,22682.35841,24.15530014,8.054358482,4,96.57723999
21314,19.47953415,43.84170151,17.91982079,11.80281067,5.720423222,105.3853219,3,26064.25472,21.92687416,8.913304329,4,305.2475586
21315,144.9964447,24.94023895,16.59716034,9.38242054,5.48237133,2424.234206,3,28325.82978,27.58146095,8.04158783,4,222.2072906
21316,58.60233307,22.30535507,9.462983131,5.97820282,2.997837305,4619.340939,3,30405.26039,16.92993736,3.863849163,4,293.6835938
21317,22.16696358,30.25231743,17.33003998,8.127548218,4.232378006,14070.50259,3,192.4264287,13.79939079,6.881073952,4,222.7057343
21318,64.29003143,23.04727936,16.87667847,6.254198074,3.779790163,13502.89926,3,662.4313361,14.18188763,7.904378414,4,198.4349518
21319,314.7998657,24.255867,14.83918858,8.04436779,4.544836998,1164.566779,3,703.9312304,29.29175949,7.961174488,5,71.84489441
21320,206.6551666,31.72183037,16.98282242,10.84386539,5.80096817,778.1647218,3,2377.784603,28.52528954,9.827293396,4,190.2671967
21321,127.6413193,28.26264763,16.3019371,11.63427734,7.096381187,195.6561173,3,4748.122667,25.15055847,13.30361176,4,191.0471191
21322,7.921840668,46.22332764,21.29901123,9.007359505,5.313870907,2189.113812,3,8212.420539,16.48632431,6.354766369,4,160.1148376
21323,158.7447357,25.51563072,15.74372005,8.721373558,5.215308666,2958.714752,1,3000.062056,33.36495972,7.783268929,4,277.7211304
21324,110.6527786,29.70821762,19.44667244,10.83404636,6.213860512,1027.006687,3,24817.01459,25.60403824,9.512886047,4,186.0724487
21325,134.31633,27.4175396,19.05409431,10.6781683,6.643330574,249.846782,3,26021.73296,26.7913475,9.838086128,4,246.5927124
21326,150.4949951,45.82640457,29.75473595,12.16326427,6.992359161,2171.300573,1,27858.68854,31.85788536,10.59364605,4,338.002594
21327,81.57798004,24.5964756,15.08726311,6.236354351,3.898808718,4180.837459,3,29845.68251,17.91174507,6.085335732,4,230.1944275
21328,78.88841248,31.12167358,21.26037216,4.84680748,3.245192289,5557.790652,3,38456.90837,11.6303854,6.600594997,4,64.65382385
21329,156.9848785,26.77278328,15.95079613,8.077488899,4.573372364,1235.530556,3,6190.709772,23.25656509,7.428619862,4,218.0880737
21330,191.1914978,27.90960693,16.94821167,9.284934044,5.171693802,601.1111813,3,5927.667285,25.26991081,9.470621109,4,204.9547424
21331,26.36547852,39.40010834,16.71611595,6.237257957,3.512027025,2095.056954,3,4034.992508,13.84288216,5.810281277,4,157.557251
21332,84.61040497,27.89136887,17.32844162,9.619254112,5.513123989,2231.84048,3,3804.753938,28.62751961,9.719631195,4,274.803833
21333,77.87657928,28.58518219,18.3191452,7.067558765,4.867009163,3404.331572,3,28943.08524,18.25598526,6.837543964,4,105.4612198
21334,18.7059269,50.95150375,23.65963936,2.399680614,1.414832354,5223.015696,3,37685.52983,4.377846241,2.305130959,4,37.13762665
21335,3.520018578,59.60686493,23.07257652,1.328381181,0.709896386,4952.237402,3,37480.63612,3.37663269,1.357730627,4,13.3924942
21336,107.7401123,24.07345581,14.68843555,9.730467796,5.891812325,942.7383214,3,2023.959597,25.82816696,9.136746407,4,172.0424805
21337,112.2792358,30.07752609,18.24894142,10.72235394,6.400397301,601.7766219,3,25315.44886,29.62993813,9.102157593,4,90.1824646
21338,147.2129669,27.70648575,14.23613071,11.07585526,6.312521458,722.5733703,3,2396.129263,30.3057766,8.508571625,4,235.8403015
21339,187.8015137,21.18350983,12.08293343,10.72738457,7.049182415,565.0933067,3,4237.910103,34.28844452,9.551678658,4,151.4704285
21340,161.4568787,24.37958527,17.75981903,11.59434032,6.670024395,120.9792826,3,3666.90416,32.7567215,9.457528114,4,149.8165894
21341,132.469574,30.32196808,16.81788635,9.962059975,5.471357346,1642.658618,3,7766.877892,22.67209435,10.1937027,4,217.98349
21342,60.61796951,34.74692154,25.78120804,9.953454971,5.398234844,7855.960447,3,34724.09823,22.43266296,10.01430035,4,314.131958
21343,22.87799644,45.78000259,24.9076519,6.833413601,2.81323123,7475.839159,3,35326.6825,16.74350929,4.785605907,4,42.47388458
21344,5.810729504,59.48950195,23.40819359,2.154947758,1.369094014,9617.539212,3,2164.662669,4.559702396,1.529443264,10,315
21345,176.7525482,25.68469429,21.98218536,4.532456875,2.606814146,9636.872112,3,3485.572871,13.83630657,4.928517818,10,317.5171814
21346,151.0204315,53.37877274,30.25495529,5.220312119,3.144081116,10228.39187,3,2695.520966,15.29377174,5.590770721,10,25.11483765
21347,7.951626778,42.79669952,26.32472229,2.212242365,1.290217161,10692.31137,3,1738.536572,5.803988457,1.504396081,10,328.2825317
21348,124.1202011,22.16103554,16.14183426,11.69604111,9.281859398,35.77098569,3,4331.083119,37.82001877,9.97830677,10,199.1795654
21349,60.75432968,31.43440437,20.59065628,10.70823383,7.039378643,92.26626832,3,371.3823265,24.50606155,10.19773006,4,55.08441162
21350,38.16247177,30.85095215,17.41334915,6.834275723,3.289636612,1902.494734,3,8232.98331,13.97145462,4.642427444,4,150.2962952
21351,217.9903564,32.83905411,18.49482536,9.483734131,5.272967339,1426.012219,3,841.2772941,24.7245121,8.107376099,4,119.6498642
21352,92.1991806,31.03026581,16.76307869,8.483693123,4.712450504,5066.439056,3,30630.87823,20.51372337,6.830636501,4,160.6218262
21353,71.23915863,29.83610153,17.49767303,6.974909306,4.115916729,8252.68256,3,34923.45004,16.46315384,6.92688179,4,127.4053574
21354,7.516388416,52.32247162,26.5582428,7.461303711,3.511775255,4709.637958,3,38617.70054,9.070565224,4.817499161,4,29.01818657
21355,71.07738495,51.29821396,27.56765747,4.424615383,2.519039869,8499.62319,3,3032.712447,8.870710373,3.601764679,10,321.34021
21356,13.760849,54.9192009,25.16561317,2.94477725,1.290199757,8902.243702,3,2432.050937,5.667004108,2.56311655,10,335.1181641
21357,62.83633804,61.24106598,24.16140556,4.75246954,2.962938309,9086.215859,3,2576.61168,10.50300694,5.087567329,10,321.7098389
21358,75.971138,57.10140991,27.8253479,5.422738552,3.402048111,9266.812421,3,2639.192897,13.5496645,6.167869091,10,331.6992493
21359,70.48311615,56.72794724,28.34170341,5.168936253,3.06479454,9900.990648,3,2325.569137,11.96296597,6.674486637,10,322.7519531
21360,5.41480875,69.20378876,15.26612568,2.974584341,1.322520614,10394.4653,3,1839.317753,6.752513409,2.242352962,10,308.9746094
21361,78.599823,61.25402069,26.53714943,5.043770313,3.021078348,10134.49724,3,2256.523458,11.9425211,5.816686153,10,322.125
21362,159.0279236,30.01244545,16.69844437,8.960450172,4.648367882,1266.502928,3,6085.406701,21.16679764,6.553257465,4,270
21363,84.58174133,23.52551079,14.86010265,4.066777229,2.253142595,2509.425136,3,8789.157819,11.34851074,3.857766628,4,142.0389862
21364,62.31957626,41.76188278,27.70901489,9.301009178,4.20138979,7909.831445,3,13973.58474,23.97097206,7.260129452,4,319.6668701
21365,99.26480865,39.41510773,28.57031631,8.157831192,4.733768463,7061.042338,3,32658.34619,20.29925728,9.549776077,4,59.28109741
21366,123.0318222,26.01266098,16.71463585,7.938425064,4.626104355,7976.940654,3,3105.101535,25.74754143,8.381605148,10,100.9694901
21367,126.9473877,22.63272095,19.57135963,7.664833546,4.919934273,6727.137838,3,3511.295657,26.93792915,7.214156151,10,290.0715332
21368,248.3505554,36.15071869,28.78449631,9.707872391,5.258677959,1068.042912,1,603.1730714,33.46801376,8.58932972,5,40.60129547
21369,107.1011505,27.22861481,14.87214184,8.1415205,4.508368969,6980.737822,3,13007.87579,25.45116043,7.002196312,4,111.1612625
21370,165.5601501,26.35703278,17.75689316,7.973475933,4.89569664,4968.166111,3,21347.68055,24.68795395,7.908396244,4,68.02548981
21371,132.7084961,50.12359238,29.9074173,5.234045506,3.323657751,11656.18579,3,2114.246665,13.33891773,5.921879292,10,21.37062073
21372,116.2273254,29.76098061,21.02640152,6.829546452,4.071271896,8911.793396,3,2537.632113,22.03878403,7.450866222,10,302.8642883
21373,101.89505,25.7966423,14.44312763,7.309164047,4.234230042,8842.455173,3,2784.890279,23.72967339,7.00148344,10,248.0936584
21374,135.4046326,37.3565979,26.55211067,11.18110657,7.488780499,386.5736307,3,4794.026179,38.51927185,10.6585741,10,35.99522018
21375,137.7088623,27.3164444,13.43447208,8.929724693,4.521440506,1122.090853,3,6102.995394,22.8888588,6.790693283,4,221.8664551
21376,81.29847717,37.82865524,19.26873398,13.07738495,8.010652542,1881.449127,3,7033.593172,21.76286697,11.19365311,4,125.537674
21377,226.428009,25.57695389,17.09998894,10.08043957,5.932069778,1729.374648,3,3990.368886,30.34807587,9.123188972,4,170.3112183
21378,82.28681183,24.27411842,15.5760498,6.006322384,3.431233406,5535.819276,3,31117.00201,17.94849014,6.320389271,4,219.5865631
21379,58.67235565,40.42237091,26.88605881,3.959793806,2.56817174,6159.917985,3,38545.00582,8.191538811,3.966332674,4,29.93151093
21380,43.41362381,47.52513885,26.10406494,3.539340734,2.250191689,6287.25602,3,38265.74539,6.583685398,3.626160622,4,296.5650635
21381,32.04382324,28.93886375,19.58834839,5.248864651,3.256685019,6686.234095,3,37187.11519,10.25404644,5.961488724,4,177.2736816
21382,242.0892792,36.66356277,28.66872978,6.436440468,4.168082237,10527.46898,3,3465.397354,18.29217911,8.750939369,10,304.3009644
21383,1.995550632,64.8089447,12.28449249,2.528750658,1.134229898,13908.6678,3,336.0256138,3.237582207,1.512664318,10,265.6012878
21384,91.77685547,26.56596184,20.66355705,5.667067051,3.458936453,10085.59071,3,1499.695598,17.16732979,8.0443964,10,77.97896576
21385,88.52806091,26.97563934,20.46640205,6.089749813,3.887473345,7506.950785,3,2499.826356,16.59146118,7.343644619,10,287.1027222
21386,89.94576263,32.37849808,21.88417816,5.827684879,3.624295473,8318.924235,3,2103.990675,14.53055191,6.907945156,10,85.60129547
21387,318.321167,24.35134697,15.05496979,8.96469593,5.020718575,1378.810974,3,916.0114324,30.6076355,10.72793865,5,73.09811401
21388,77.02542877,33.70196152,15.14512634,7.63880825,5.128215313,2325.002681,3,8520.189715,14.91166115,8.197753906,4,193.4153442
21389,177.7191772,23.13935471,16.8278904,9.190659523,5.625874996,1002.108193,1,3356.927473,33.51042938,9.773638725,4,310.901062
21390,44.54520416,35.85551834,20.72644234,7.886425495,4.796548843,7636.34778,3,13596.65498,25.29103661,6.045973301,4,63.2204895
21391,146.8806763,27.20975876,16.71261406,9.039072037,5.425587177,6471.278161,3,19841.79085,25.28457069,8.688196182,4,247.0510559
21392,118.00177,37.78389359,23.06630707,11.21656036,6.786996841,2417.063479,3,23655.27562,30.4489975,9.999432564,4,43.51213074
21393,26.78732109,60.94981003,24.46793365,4.633165359,3.360929728,7931.203876,3,2943.697785,9.162459373,5.037806988,10,29.4758873
21394,115.8146286,44.97630692,28.08852959,5.832936287,3.666689873,7908.050577,3,3808.221326,13.6443367,6.669421673,4,75
21395,158.4308624,30.77302361,20.83591652,5.058954716,3.068530083,8361.477,3,3777.377325,12.63297081,5.490913391,10,295.7099609
21396,133.8019257,42.4158287,29.79218864,5.456771851,3.208767653,11555.44933,3,2422.108468,14.99404049,5.063325405,10,41.68152618
21397,59.01329041,55.91584396,26.59832764,4.698510647,2.915706158,12520.52962,3,1375.133252,9.476073265,4.55493021,10,323.5307617
21398,171.8605957,21.08254623,13.96166897,6.838139534,4.083483219,1600.938238,3,5366.43345,27.7856369,7.82263279,10,91.33222198
21399,76.72431183,23.32770538,13.6439085,11.35946274,6.11082983,721.245911,3,4987.43218,33.65935898,7.977609158,10,115.6154861
21400,50.96723175,37.6595459,20.57564163,8.825789452,6.61367178,752.9136814,3,1628.274086,17.91955948,7.622942448,4,112.3194427
21401,186.4977264,29.12317467,17.23122025,13.41047573,7.414387226,350.6706608,3,3001.590183,33.8619194,10.99096012,4,88.76002502
21402,24.53467369,30.0407505,18.9611702,8.753773689,4.074136257,2951.07766,3,9461.124631,25.48639297,6.963967323,4,206.258667
21403,33.63663101,42.4902153,17.48004341,5.892154694,2.920776844,3243.132749,1,9751.125033,20.20726395,3.401293993,4,221.5575867
21404,25.18018341,27.38438034,16.07091141,6.746422768,3.004830122,7361.03245,3,19281.84209,17.27930069,4.393377781,4,58.39977264
21405,115.3167953,24.92932129,15.32097816,7.374456406,4.383599758,7382.98509,3,18972.74356,23.06709862,6.342805386,4,90.61605835
21406,60.2782402,45.01189041,27.22423935,6.026231289,3.201998711,6170.780803,3,31756.12327,13.74352455,4.87950182,4,277.5946655
21407,69.01999664,22.8302002,15.92772865,6.994567394,4.061820984,8446.532391,3,35127.98847,19.07044411,7.216011047,4,250.2011261
21408,90.91777802,36.59788895,26.76314545,5.260058403,3.153324366,6649.941196,3,38018.8026,12.670084,5.773137569,4,32.00538254
21409,22.18851089,34.6750412,19.8698864,6.137804508,3.808466434,6485.551117,3,38375.14386,11.61782932,4.980241299,4,36.57303238
21410,187.9114075,29.26728249,23.70791435,5.138952255,2.923628092,10202.11073,3,3617.564035,15.88760376,6.5777812,10,46.18231964
21411,204.091156,18.62675285,11.46051025,7.59033823,4.734004021,813.9130449,3,3676.604124,34.35525513,7.165481091,5,265.3435669
21412,133.7924652,44.71727753,25.26264191,6.739593983,4.010269165,1591.164424,3,3002.9018,15.79978466,10.6699419,5,296.1309814
21413,34.24733734,37.27615738,16.56367683,5.309155464,2.804637909,3005.000425,3,9468.413546,22.2890873,3.764051914,4,290.8544617
21414,138.2944641,57.76712036,28.06363487,4.823892593,3.101909876,10945.35592,3,2157.193468,12.54242325,6.222468853,10,59.48383331
21415,199.3747406,39.76442719,29.17541122,9.696432114,5.731183052,2203.908994,1,8754.590141,30.78257561,8.598105431,4,32.65277863
21416,25.36624146,46.62088394,25.98824883,3.300410032,1.686228871,5369.165346,3,39276.72809,6.538775444,3.424028635,4,37.40535736
21417,9.567373276,66.74746704,20.28574371,3.68775177,1.854433537,4636.241881,3,38096.51014,11.28871536,1.822289467,4,30.3791275
21418,28.54158783,32.8481369,17.82407379,4.329607487,2.551163435,7660.505273,3,37165.23705,8.499463081,4.291144848,4,208.1416016
21419,84.38632202,32.01070786,18.16686249,10.75503063,7.407325745,1989.776143,3,7177.538232,28.43136215,10.37788773,4,258.5716858
21420,78.06934357,33.82731628,16.97446251,14.44058704,7.663853645,21.90368216,3,2303.123625,35.80659866,13.31705189,4,106.251236
21421,68.60364532,42.7091713,23.7474308,9.752931595,5.936667919,8292.546464,3,36035.76849,15.92019653,7.754752636,4,45.26042938
21422,143.4463043,28.86580849,20.09836388,5.478304863,3.221259356,11898.36526,3,2291.374265,14.37933445,5.557975292,10,54.09027863
21423,122.9245682,31.14705467,22.07044029,7.086185932,4.402870655,8195.246919,3,2781.145948,22.40188789,7.5995574,10,64.64173889
21424,154.9915009,25.63934326,16.81383133,10.56337738,6.025440693,70.57376499,3,707.7639427,28.98259354,11.62076855,4,221.1967468
21425,52.11479187,30.8200264,19.20349503,12.24710178,6.316893101,61.52705993,3,403.5254795,22.94314384,10.60563183,5,61.94922638
21426,194.3488312,22.68756866,14.18122768,12.56958008,7.010333538,250.8001979,3,1301.807057,35.3984108,11.99391937,4,178.3082123
21427,138.0727081,27.12748718,14.64447689,14.45026493,8.125887871,322.459511,3,1635.808727,33.85006332,14.07306957,4,147.1836548
21428,130.0666809,26.31385803,16.59090614,10.97205353,6.480342865,84.48764444,3,3499.111856,34.19324875,9.328661919,4,214.3562164
21429,134.6832581,26.63279533,14.7039299,9.434132576,5.560963154,888.3491199,3,5777.00377,21.43337631,7.609568119,4,175.2718811
21430,66.19184113,26.97241974,25.54962921,8.002349854,4.87856245,2963.053676,1,9262.541831,28.57261086,7.582118511,4,27.85445023
21431,115.3451233,27.46277237,18.10564995,7.988175869,4.774777889,3386.910493,3,9749.933161,23.21843719,6.423566818,4,244.7468414
21432,126.3062515,25.02082062,17.81447792,7.049742222,4.730109692,8622.200952,3,17628.36385,19.69945526,7.943057537,4,59.57766342
21433,73.28046417,24.62507629,14.9365654,5.986090183,3.644292593,7922.975024,3,36055.42168,17.03226471,6.344486713,4,181.0050964
21434,53.9312439,43.46222305,25.7419014,4.229264736,2.564394236,5547.042536,3,39398.96418,9.248125076,5.500450611,4,50.19442749
21435,74.54560089,40.86634064,23.01397896,10.14237595,5.571727276,9202.434838,3,36391.86658,22.43731499,8.760978699,4,51.95295715
21436,116.4958267,56.04703903,26.43472672,5.67466259,2.891060591,8705.375318,3,3329.297724,13.08968925,4.663846493,10,310.9143677
21437,132.2246246,22.65320587,15.34848595,6.700309277,3.965942383,2153.306075,3,3677.655347,29.97053909,7.454022408,4,241.8986511
21438,17.09139633,38.41128159,21.91809464,7.555340767,5.001016617,107.1748816,3,2445.738504,13.82430744,5.158433437,4,288.4349365
21439,198.3670197,24.82265854,14.41590309,9.419992447,5.698216438,2143.359887,3,4347.442497,31.14442635,7.915808678,4,254.7058105
21440,83.32528687,24.13366508,15.61273575,6.285080433,3.683280945,7776.978816,3,36482.90041,16.00876427,5.223012924,4,168.4248047
21441,47.94382095,31.54699135,15.57525826,8.531096458,5.965135574,1372.532123,3,3273.622282,18.37496758,12.45983791,5,214.6551514
21442,302.4503784,20.80506897,15.35638523,8.138168335,5.91011858,562.3316088,3,4012.442863,31.03355217,10.00024986,5,247.3061981
21443,128.736969,25.90109062,15.64599037,9.163389206,4.828726768,6110.527062,3,20019.7489,25.07558441,7.974372864,4,181.3764038
21444,9.207968712,53.84178162,24.58457184,2.20723033,1.127077699,5680.578909,3,39456.35079,3.651635408,1.796052217,4,311.829895
21445,36.36249542,42.32527924,24.15983963,2.92717433,1.663909078,6362.317217,3,39605.94544,5.994970322,2.245939493,4,80.2648468
21446,87.65415192,40.90011597,30.79976845,12.12954998,6.29573679,651.7627556,1,5000.015781,34.23622894,9.559828758,10,341.1615601
21447,30.60168076,44.41147232,24.52901268,19.69074821,8.159883499,39.89248494,3,4490.260014,29.78687477,13.05686474,10,27.68835831
21448,182.6285248,29.6510334,15.62264729,7.923155785,4.404356956,4619.165218,3,10802.08412,26.85835838,6.722735405,4,275.1944275
21449,53.28283691,32.43202209,23.7388916,6.630828381,3.377524853,7879.052666,3,13777.93492,22.42240715,5.903972626,4,289.8851624
21450,85.04402161,29.86722374,17.74761581,8.370113373,5.28779459,8343.577702,3,36340.78227,20.12867737,7.264938831,4,110.3231354
21451,54.59575653,53.3021431,28.93509674,5.264838219,3.306078911,7465.53615,3,3276.174726,13.75149059,6.797661781,4,330.255127
21452,50.27491379,48.64178467,27.3280983,7.305179119,3.792855263,7108.891958,3,3625.339039,14.87499046,7.10787344,4,339.6235657
21453,301.2391357,44.18191528,28.92755699,8.731528282,5.228595734,3680.055034,3,3124.503211,22.41946602,11.63751602,10,314.50177
21454,148.5057068,23.34633827,15.79891872,9.083886147,5.328414917,427.3105941,3,75.21000175,29.51951599,11.41230965,5,63.74999619
21455,247.3915405,29.80938339,15.30170345,6.866827965,3.963759899,1207.387263,3,5518.072268,27.22432899,6.564728737,4,116.4535828
21456,75.61159515,20.31360245,14.47860909,4.07088089,3.044659615,4833.23976,3,38603.31455,11.84144688,5.288365841,4,67.20347595
21457,79.78079224,34.63702011,18.65544891,8.924057007,4.675616741,9267.359783,3,36895.70657,19.5629673,6.981432915,4,110.722168
21458,39.87971878,34.07048416,23.51039124,5.211105824,3.049856186,6980.277131,3,3512.147707,11.94058704,6.676697254,4,328.1178894
21459,10.77834892,27.63110161,17.9799633,5.568862438,4.487602711,14060.36237,3,308.7703504,8.362174034,6.43473959,4,218.267395
21460,189.0200958,23.96385765,12.39607048,8.873064041,5.003245831,1679.965047,3,5142.158957,26.9671917,8.219739914,10,57.20598984
21461,42.54206467,32.87697983,13.51158619,9.999131203,7.487299442,190.0260846,3,2148.444018,28.00543594,6.463042259,4,77.73522949
21462,126.2862167,26.00974274,17.85173225,8.821391106,5.224628925,392.0714288,3,6203.829362,26.67827797,9.114327431,4,85.83171844
21463,205.0127258,22.73235321,14.87269306,9.364235878,6.169706821,454.0134687,3,6922.398274,33.45557404,8.787971497,4,273.7685242
21464,162.3282318,38.54523087,28.36935043,9.370179176,6.235125542,6858.552691,3,12669.7519,28.00925064,8.989077568,4,41.66614914
21465,137.513443,33.72569656,27.29184723,9.169308662,6.269140244,8051.082982,3,13333.45907,25.38956833,8.748155594,4,39.74619675
21466,88.79031372,31.97956276,19.05232811,9.313685417,6.0765481,1909.227848,3,24075.81852,31.16030884,9.350917816,4,50.09713745
21467,87.24929047,41.39913177,22.37916565,9.284960747,5.461638927,8456.186384,3,36596.51602,17.34582138,7.435555458,4,72.33145142
21468,173.9547272,28.55329323,16.55251312,9.042871475,4.937234402,1156.426502,3,5109.128403,28.57077026,8.839458466,4,150.8519287
21469,166.5136414,32.84370804,15.59595013,12.85111237,8.12469101,146.128303,3,2465.761174,32.05250168,12.57192516,4,295.3461914
21470,131.3078308,28.0704689,22.14405251,8.168201447,5.383706093,7319.719221,3,12915.98683,27.18655968,7.61094141,4,39.84441757
21471,169.2820282,48.85996628,29.44969749,10.83078957,6.236989975,7648.305282,3,13153.90971,27.15750885,8.844244003,4,315.6902771
21472,137.3161316,27.36394691,17.33975601,8.578983307,4.639647007,2397.442597,3,23485.21673,25.94741058,9.185902596,4,108.9990311
21473,162.4069519,29.46647072,18.03237152,11.31245518,6.078834057,1008.68104,3,26566.91711,29.36341286,9.835053444,4,199.908844
21474,81.49017334,29.52994537,16.66843033,8.998871803,4.887641907,8491.798023,3,34434.23339,20.4695797,9.007651329,4,192.0947571
21475,44.8853569,23.89318466,15.07397175,5.996977329,3.92304945,13059.93964,3,600.5639995,12.49323559,7.297037601,4,208.1459045
21476,191.6941681,25.2820797,12.39638329,10.11965656,5.689720631,568.1658766,3,4544.67971,31.01212502,7.565930367,4,132.0002899
21477,124.0484085,43.07169724,27.72507858,8.143743515,4.440925121,4488.264167,3,21453.11193,22.45904732,6.980626106,4,48.53311157
21478,111.6614304,40.43041229,25.42723083,11.18503857,6.343454361,1173.781378,3,24512.79641,28.64815331,9.00861454,4,34.44345856
21479,41.8256073,30.50170898,22.2937603,5.019404411,2.852397203,6676.65841,3,38081.3286,11.15799713,4.091166973,4,22.57021713
21480,356.1468201,24.65479469,16.97984695,9.447201729,5.71121645,2464.749821,3,3914.561671,31.21972466,8.324282646,10,105.3219299
21481,205.4897614,22.13385201,17.39184952,9.391437531,6.745659828,661.1154786,3,5131.57178,35.75062943,8.255534172,10,58.74265671
21482,143.3473511,32.09347153,18.26601028,6.642785549,3.823829889,1798.025457,3,2959.023494,17.21660995,10.30924034,5,230.1944275
21483,109.8821259,22.89903259,18.0806694,10.64047146,6.644833088,61.07962015,3,891.8085535,30.20766258,15.05274487,4,189.090271
21484,66.2131424,35.61300278,20.97343063,12.42616749,7.441400528,51.65010984,3,4054.295089,26.78067398,12.82376957,4,204.475647
21485,19.61530685,33.3649292,14.91240788,4.517500877,2.306113958,2417.058579,3,8661.498554,9.259682655,2.871638775,4,149.0362396
21486,139.4374237,32.6679039,22.54916191,11.26336002,6.596987247,1176.879854,2,4629.478435,30.52132416,10.6712923,4,315
21487,130.4871063,24.83917809,16.73257065,9.640188217,6.455442905,462.7152772,3,1880.486109,30.91432762,8.620642662,4,118.0338516
21488,10.16173935,58.71643448,26.65242577,2.380576372,1.285286784,13030.93593,3,1083.18225,4.456513405,1.655495763,10,16.65852737
21489,110.1055298,32.45358658,24.1903286,11.46124935,6.963465691,488.8666418,3,3471.823805,35.11388779,9.842639923,4,320.5993347
21490,99.02248383,30.62391281,15.79259968,9.161712646,6.045680523,2381.130456,3,8019.13184,21.67049789,7.166568279,4,114.0203476
21491,94.82704926,33.13049698,16.42866707,8.116072655,5.340856552,1320.015289,3,8237.351191,16.66943741,8.223608971,4,186.4116211
21492,192.8829041,37.45901871,23.28393173,9.674760818,5.524768353,1522.030002,3,761.8580641,24.36368179,8.698087692,4,46.49012756
21493,108.0207214,32.73827362,23.69249153,7.169892311,4.132156372,8262.066296,3,13703.46691,21.36903191,6.525715351,4,294.1455383
21494,119.9905319,28.85961914,17.03563309,9.379701614,4.985245228,2976.737764,3,730.7547289,28.40101624,9.152769089,4,234.2110291
21495,187.1506042,23.17531967,15.26857948,7.777400017,4.975373745,5305.007216,3,11240.45348,27.70254898,7.063428879,4,215.7384033
21496,175.5308533,29.38912582,17.47690582,10.31574917,6.309653282,1110.57295,3,26623.77548,28.3028698,8.728518486,4,288.8314514
21497,68.99623108,24.13100624,16.18724632,5.919516563,3.666637897,7722.080676,3,36840.39995,17.4945488,5.851503372,4,254.1974792
21498,65.18951416,36.58455276,20.50642776,10.98350811,6.685010433,9128.751042,3,37138.22281,22.28083229,11.21466255,4,205.0168915
21499,106.305603,27.22515488,16.25872612,9.067904472,5.577436924,829.2227663,3,5616.58876,22.70479965,8.998423576,4,240.7671814
21500,143.8967133,28.73489761,16.70275879,11.58260632,6.703355789,2112.421621,3,7273.615592,29.11668205,11.60234928,4,215.7274017
21501,19.939785,36.89087296,18.49285889,3.957457781,2.234860182,1375.201575,3,8267.237861,8.862282753,4.08220911,4,167.0053864
21502,125.0533981,24.20024872,15.40942001,7.152846813,4.227349281,8392.648847,3,18005.90207,19.16351128,6.411270618,4,166.0973206
21503,226.6596222,25.83884811,18.22352791,11.0874176,6.500791073,1566.080882,3,27098.6491,30.16402817,9.612089157,4,179.4616241
21504,202.5950928,29.47926712,18.46372223,10.57034016,6.403484821,1612.868641,3,27193.91188,28.00982666,8.756885529,4,124.1144714
21505,131.4861603,24.48984528,14.39098072,7.30505085,4.673980236,6783.866861,3,32346.95741,20.62451744,7.378334999,4,183.0940552
21506,21.11975479,36.89784622,20.62477112,5.650388241,2.828010321,2266.532974,3,2503.155902,9.066697121,3.914096117,5,253.6104584
21507,96.88182068,24.70407295,14.42662621,6.025111675,3.74440074,4303.95436,3,29860.67246,18.12968445,6.135797977,4,233.213623
21508,126.9994354,27.77547455,17.25969315,9.924510002,6.124537945,5685.11642,3,31275.4653,27.06145287,9.881183624,4,148.4486084
21509,6.542883873,39.50702286,21.59503746,2.957126141,1.315000772,5253.401725,3,39125.32097,5.702898502,2.101247549,4,34.38034439
21510,21.60214996,36.33902359,19.08880997,4.108992577,2.444263458,6479.025644,3,37766.83886,7.045026779,3.959528923,4,107.3443222
21511,51.13032913,55.44504166,25.46012878,3.493992805,2.123413801,7335.437206,3,38612.85144,6.173317432,3.070641041,4,305.895752
21512,12.01106167,41.48577499,25.47433853,3.628339291,1.752716541,12908.47768,3,1278.073309,6.942877293,2.871459007,10,21.20406723
21513,102.5787964,23.15419197,14.07351875,10.02375603,7.16814661,99.74586333,3,1658.015586,37.61183167,9.65559864,4,232.5445557
21514,236.5206451,23.38347244,16.14095688,8.511096954,5.150211334,1107.366536,3,5496.203422,33.20798111,8.175922394,4,71.47322845
21515,129.4800415,39.79649353,29.42118073,8.624177933,5.427159309,3532.493856,3,9392.590233,26.54911995,8.180175781,4,32.57206726
21516,132.8890076,25.50177193,18.40719032,7.121353149,3.949073792,4143.222267,3,10176.50542,24.06920242,8.168276787,4,232.263916
21517,23.94664764,39.33541489,21.49351692,6.789115906,4.441027164,2565.839857,3,5375.354797,10.4716711,7.127435684,1,62.92791748
21518,102.0127258,22.61828232,19.08599663,6.170235157,4.11593771,9338.304613,3,1923.589269,18.84395409,7.811719894,10,268.1221313
21519,200.1575317,24.01745605,14.55294991,8.653940201,5.066933155,2033.81403,3,4119.415915,29.96723938,7.687646866,4,222.2450867
21520,117.4233246,23.83024406,15.05051136,6.255708694,3.641661167,3643.131526,3,29232.18485,16.36434364,5.626194954,4,252.021759
21521,110.7518616,21.18430901,13.61493111,5.794632435,3.808378696,5386.272282,3,30982.44126,19.94453812,4.699752808,4,281.3099365
21522,51.32853317,22.94182205,14.11814117,3.695850849,2.466427326,5486.248869,3,39328.13732,9.021776199,5.077553272,4,114.4439545
21523,52.80685806,38.13824844,21.33980942,4.44601059,2.790302277,7778.899115,3,38753.11855,7.899512768,3.796935081,4,71.56504822
21524,63.49379349,30.16047859,21.10269737,5.649411678,3.617294073,8397.308846,3,38171.24332,13.90767002,6.841759682,4,58.53585815
21525,4.94957304,71.1975708,10.06010246,3.405711412,1.663273335,8197.098482,3,37057.0157,4.333542824,1.919459343,4,225
21526,17.8883667,30.88219833,18.80070686,6.251260757,3.440500021,2251.003388,3,5652.132031,9.555411339,5.160056591,1,190.4914856
21527,32.66950226,61.07668304,23.8873806,7.845691681,8.192858696,265.8623237,3,5088.224152,12.60485363,14.6977272,4,315
21528,71.82515717,22.97173882,12.18942738,5.341900349,3.151027679,1582.84117,3,8669.903645,13.20787811,5.547168255,4,100.6663895
21529,112.8414459,33.65505219,22.73474693,9.836800575,5.820571899,1939.781493,2,3744.991753,29.46665573,9.496218681,4,307.703949
21530,210.8991394,20.16226196,14.12196541,9.454751968,5.913198471,1268.550575,3,5121.993471,31.60874176,9.095651627,4,160.8976898
21531,67.11132813,23.22586632,12.18789291,7.089683056,3.675392866,3652.78586,3,29192.07262,18.7458744,6.007590294,4,182.0454102
21532,198.2282867,27.93194962,17.42914581,9.530653,5.756779194,1831.467028,3,27426.33543,27.23402023,8.368851662,4,246.0837555
21533,164.5966034,17.06500816,9.537712097,8.499215126,4.711480618,977.168871,3,3700.511998,29.27531815,10.13152981,5,211.5042725
21534,183.2208405,22.94048309,14.34379578,8.768035889,5.237690449,1101.300521,3,6335.058056,26.19643593,7.360532284,4,170.4457092
21535,27.01769638,58.96238708,29.64217186,4.485480309,2.58510685,10659.50976,3,2095.243431,10.34415531,3.885593653,10,329.931427
21536,104.1335602,32.09259033,19.73025322,9.073651314,7.01504755,299.5004283,3,25890.51606,22.81266212,9.162370682,4,239.3813934
21537,44.60295868,52.80339813,26.85492897,3.458061457,2.107611179,6339.43309,3,39166.98127,6.628139973,2.994756937,4,63.43494797
21538,118.9659042,44.27481079,23.2386837,8.605008125,4.774880886,9360.558454,3,37350.07652,17.12954521,7.794054985,4,58.49573517
21539,47.76823425,24.16842842,14.85643101,5.458249569,3.352646589,12522.20408,3,588.5751241,12.87888432,7.399730682,4,204.7751465
21540,170.8591156,23.35118866,17.63874435,11.29641914,6.772423744,268.3524284,3,2059.931941,30.65218925,10.95646954,4,203.3340454
21541,177.9643097,43.05931854,29.3208046,12.56905937,7.512486935,618.8086847,3,4211.304833,33.35388565,10.77346802,4,320.7678833
21542,14.02880096,42.88368607,21.09043503,8.269453049,5.152191162,10152.34275,3,36991.07647,14.27130127,5.951985359,4,42.79740143
21543,106.0285034,37.94049454,25.32005882,9.425707817,5.424891472,9618.767826,3,37661.67669,24.35202408,8.384187698,4,49.18491745
21544,31.49860191,25.54221153,15.57065964,4.987543583,3.094732285,6630.474122,3,3722.560877,11.78902531,4.876395702,4,321.7098389
21545,7.121797562,63.92580032,14.09152603,10.1282568,4.434105873,2499.508926,3,2040.017586,9.865235329,6.930821896,5,63.43494797
21546,113.6084061,31.72926903,18.44077873,7.894468307,4.903717995,2231.274117,3,1769.537313,20.47121239,10.32131481,5,122.125
21547,131.3686523,33.45262527,26.35944939,12.32123566,8.123592377,507.9236747,3,3706.890454,35.76940918,10.05832672,4,52.13813782
21548,128.359787,24.68294716,14.61736584,6.908253193,4.080115795,4586.632968,3,21497.23899,25.22441673,6.29202795,4,84.85282135
21549,142.2352448,28.06226349,16.90314865,8.904107094,5.472921371,5781.420438,3,20284.23962,26.45412254,8.252528191,4,274.8439941
21550,72.882164,25.26420403,15.83865833,6.522935867,3.670798779,5045.110766,3,30618.74624,19.30068207,4.437179565,4,219.5076752
21551,68.66196442,59.1653862,26.99772263,3.660670042,1.957546115,5405.082533,3,39312.36031,7.992460251,4.104231834,4,60.94539642
21552,15.30401993,43.55197525,26.80225754,4.581805706,2.99890399,5476.29957,3,39186.78178,9.104125977,3.280414343,4,18.43495178
21553,54.0528183,25.91832924,15.15101147,4.872179985,2.650160074,6435.499997,3,4084.235665,12.72352886,4.767494202,4,287.2414551
21554,62.67384338,44.8812027,29.81776047,5.052982807,2.897664785,12810.52632,3,1521.529242,12.89602661,5.553320408,10,30.25643539
21555,114.3278275,22.4586525,14.08220387,7.368577957,4.339634418,8344.437871,3,33780.68136,20.57189941,7.614691257,4,183.0857544
21556,97.74736023,25.8520813,16.39213371,8.637014389,5.507670403,8700.064006,3,34181.0246,23.01253128,8.860851288,4,82.04949951
21557,79.59446716,27.07923126,17.4111824,7.457046986,3.986435175,8282.681746,3,35763.98979,18.59101105,7.046216011,4,88.15238953
21558,7.515743256,48.85244751,19.94623375,3.636665106,1.573969483,5934.041132,3,39846.05116,5.00127697,2.305738688,4,38.65980911
21559,10.77003574,45.82034683,23.36861801,3.40859437,1.657781482,5915.925172,3,39826.96884,5.457918644,2.481227398,4,40.23635864
21560,85.16529846,44.20116043,24.29191971,8.436915398,4.740258694,10279.66854,3,38476.3427,16.46915245,7.493252277,4,288.4349365
21561,138.6164246,32.28737259,19.32666779,12.75515175,7.262555599,2143.50046,2,7241.284691,32.46251678,10.52888775,4,264.1757813
21562,232.6477661,23.66975594,14.15042973,8.693722725,5.943649292,556.4883288,3,6740.120873,32.10896683,9.248465538,4,268.8618164
21563,166.3207703,40.78559875,28.95832443,8.816261292,5.073658466,1647.010531,1,7968.789393,26.17900085,8.79322052,4,48.8182869
21564,154.0366364,24.37187386,16.30484009,9.004971504,5.088240147,5756.019743,3,20154.2063,25.09391594,8.50806427,4,173.4910431
21565,72.65149689,22.03217888,14.74587727,5.244338989,3.128749371,7719.332151,3,37798.63248,14.90859699,5.369276047,4,217.1016083
21566,19.25534248,26.16655159,9.72355175,8.347434998,4.822776794,7314.085361,3,37519.47088,14.76094151,4.810301304,4,82.23483276
21567,82.86717224,35.37670898,23.20184326,8.510531425,4.882196903,8180.177812,3,36944.62071,9.574048996,4.766341209,4,92.72631073
21568,254.2823029,31.7324028,18.6819973,7.39527607,4.4028759,3628.040663,3,3453.711058,17.28512383,8.632774353,11,111.8014069
21569,139.4733276,27.90954781,16.03700256,8.979557037,5.798253536,1320.004442,3,7133.861941,24.58995628,10.94153595,4,133.0250702
21570,104.6228638,24.70420265,15.31503391,9.878332138,5.491541862,2931.555807,3,1681.525818,31.25036812,8.525515556,4,154.5366516
21571,211.9202271,23.53708267,14.14951801,10.05871582,5.948479176,1424.022506,3,894.2696228,29.52154922,9.502949715,4,127.9834976
21572,31.83182716,23.68066597,19.32939911,9.12521553,5.684588432,184.9248671,3,2092.047455,25.00337219,10.78552055,4,234.462326
21573,142.9994202,24.10095024,16.39788437,9.601739883,5.581234932,895.9105427,3,2842.021824,29.4469738,7.447439194,4,142.4409485
21574,192.1442566,25.05690765,14.95985985,10.38438225,5.572039127,2073.899552,3,4073.795953,31.44995117,10.43730354,4,272.6706848
21575,121.3460388,39.45648575,23.80410767,9.787543297,5.802887917,2229.473603,3,23578.37217,23.78306198,8.33883667,4,48.15097809
21576,108.9645004,26.17794609,14.79990292,7.529765606,4.128455639,2633.453722,3,23113.21938,23.73150063,5.776538372,4,136.8561096
21577,39.40283203,27.67030334,15.02298164,4.96606636,2.993428707,7170.837516,3,4024.484229,11.37476349,5.96907568,4,176.9325409
21578,84.25257111,31.89535141,25.01063538,6.087112427,3.97923708,12097.00107,3,2300.367241,16.51351547,7.243250847,10,307.0204163
21579,112.1468124,47.48039246,30.91176224,5.440946579,3.910160303,12728.39196,3,1727.500095,15.89251423,5.746476173,10,18.43495178
21580,20.87059021,25.91348267,20.38479614,4.635624409,2.862935781,13115.17418,3,1356.50297,11.64561939,4.189900398,10,17.22653961
21581,15.97993183,22.90570259,16.84252548,3.526048183,1.714295864,13245.73179,3,1262.043538,9.015063286,3.093738556,10,32.65800476
21582,263.4454651,24.05656242,20.76863098,7.543395042,4.409752846,1395.725804,3,879.7580716,30.88198853,7.979948997,10,45.85509872
21583,58.48097229,15.31997204,7.444334507,8.299310684,5.570774555,553.1262122,3,112.7114823,29.98442841,8.29637146,5,27.55281067
21584,90.35154724,23.1779232,17.76666451,9.194773674,5.431147575,53.82211094,3,691.9943913,24.99052238,15.14529324,4,191.264389
21585,187.5952911,21.83741188,13.00997639,7.365768433,4.760785103,3229.933037,3,1087.343368,34.97491074,7.929426193,4,252.2713623
21586,222.8025818,19.26234627,13.62648106,7.472443581,5.067238331,735.277692,3,5566.750333,28.55348969,6.604306221,4,137.8343811
21587,100.5415573,34.4001503,17.54026985,9.820785522,5.271751881,2965.079502,3,28541.40421,21.57337379,8.360972404,4,125.7269897
21588,10.76743698,45.81122971,14.08411407,8.904583931,3.810933352,4830.414538,3,30417.31105,16.4019413,4.036119938,4,225
21589,22.87728119,32.66212463,16.62871933,7.522043705,3.091681719,8469.71869,3,35491.51466,15.40932369,5.577321053,4,139.6354675
21590,21.32457924,18.73563385,12.98283291,3.412311077,1.874945879,13291.52459,3,1255.104754,10.06804943,4.09649086,10,37.76485443
21591,98.76286316,24.64541817,13.31004333,7.10448885,4.205867767,11941.96068,3,448.3482463,17.80051613,7.544700623,4,191.5466919
21592,9.808628082,37.28001022,17.08741188,4.720314503,1.805526018,2639.867719,3,2240.220288,9.557450294,2.80702281,5,220.5436401
21593,281.9573059,23.19646454,14.03480625,7.371605873,4.359250546,1867.446207,3,460.2974132,26.47855568,7.826062679,4,72.45674133
21594,162.7390137,23.19294739,17.41129303,8.542545319,5.993284702,283.4608384,3,2306.731628,33.81069946,8.884216309,4,245.9004669
21595,256.6062927,29.10873032,23.41110039,9.687106133,5.908416748,1315.379642,3,840.5688059,31.57724762,8.343481064,4,34.1590538
21596,130.9813385,24.84073067,16.90820313,11.42300797,7.313811779,338.7805975,3,5944.579439,32.68160629,11.35793114,4,95.04008484
21597,56.82302475,45.20295334,29.22954941,3.955413342,2.319720268,5278.997592,3,39173.7608,9.869842529,4.806186676,4,21.62457275
21598,33.52445984,25.56115532,14.9797821,4.347503185,2.254319429,8779.832126,3,37659.94925,10.11696911,3.730599165,4,204.8960266
21599,7.146133423,45.07032013,24.19577217,5.675078392,3.304254532,3715.932327,3,5085.68202,9.408646584,4.425668716,1,257.9052429
21600,16.20481873,43.78066635,22.89500237,6.532407761,3.935869455,3993.395735,3,4973.559149,10.06995869,5.924629688,1,39.31769943
21601,140.0201721,40.37601471,29.45598793,5.649630547,3.790494204,12934.73416,3,1682.360295,16.4507103,6.898770332,10,19.00581741
21602,51.27146149,33.82118988,28.29829597,5.150751591,2.996004105,13311.43269,3,1430.343664,16.20399284,5.421972752,10,21.70809174
21603,132.513382,48.80553436,28.17952347,4.683663845,2.733950138,13408.95256,3,1476.666145,11.90242958,5.995736122,10,334.9830933
21604,51.45461273,32.27498245,22.69700241,13.44174767,7.209028721,139.6649847,3,1470.278326,29.80794716,13.09525871,4,207.9848785
21605,11.5621109,41.82587051,17.79107475,4.250992775,2.36473608,1086.993742,3,8184.574485,7.179739475,2.946262836,4,125.1730881
21606,102.7499084,28.2593956,15.50692558,7.804510117,4.244450569,9212.420291,3,35111.88914,20.51211357,6.337622166,4,133.1523895
21607,58.29367065,51.73529434,28.05293465,5.975505352,3.581663132,6533.109153,3,39046.72182,12.25498199,6.499073029,4,275.6549683
21608,3.340658426,69.96923828,15.27612591,2.707807064,1.273661971,13929.11104,3,809.225013,5.568499565,1.717732668,4,40.93494797
21609,52.65158844,57.60168457,28.51642609,4.531225204,2.665877342,13713.87898,3,1122.665203,12.27992916,6.930741787,4,332.2414551
21610,83.92326355,59.87526703,25.47181511,6.333787441,3.719154358,13766.49558,3,1137.25484,13.70608044,6.905138969,4,36.32682419
21611,103.4402313,55.32401276,28.59047127,5.882375717,3.404563189,13870.27316,3,1242.017167,15.01362324,6.083792686,4,20.92449951
21612,2.668540239,74.13376617,7.545765877,2.846969366,1.409353256,14526.56574,3,460.1481571,3.903821945,2.487971783,4,274.3987122
21613,161.3642731,24.65947342,14.08483982,9.266579628,5.295560837,963.9728599,3,437.3406998,35.4896431,10.55639172,5,79.54837036
21614,250.3326263,30.30967903,24.06375694,10.18660259,6.762351036,891.4184905,3,136.7824365,31.60940361,9.452616692,5,32.47119141
21615,110.6470108,36.58408356,24.24540901,9.683567047,5.582876205,785.2438227,3,241.3157728,25.80179405,9.406242371,5,285.4731445
21616,21.31709671,67.48991394,20.10976601,15.55733681,7.344233513,209.9441598,8,699.7937718,21.50203896,9.534097672,4,11.00354004
21617,86.84741211,41.0936203,28.15531349,12.9724865,7.696215153,318.3409433,3,946.839426,32.4946022,10.90652943,4,306.75
21618,47.88809204,22.29650688,23.11296844,9.712303162,5.823809147,343.2587562,3,1239.078188,27.92238617,10.17751503,4,29.26799393
21619,79.81689453,28.8751545,16.48108864,6.637237549,4.277609348,810.7473372,3,8560.195304,14.56065845,7.983211994,4,145.6196594
21620,183.2787781,22.23895645,14.31830597,6.802296162,3.943682671,5561.099972,3,11198.97381,23.25927544,6.053554535,4,227.353302
21621,53.42577744,14.25928497,9.916422844,8.277919769,6.637168884,909.7883952,3,3738.890872,34.58007431,7.686656475,5,187.0868988
21622,191.2138214,38.17150879,23.58548546,10.01558399,5.001519203,825.9246671,3,582.2939735,26.5389843,8.310943604,5,293.154541
21623,157.6488495,33.57214355,20.59047127,13.82422733,8.080140114,101.9476187,3,2640.538086,32.49185562,12.35929966,4,83.31654358
21624,193.2685547,25.15028381,16.01880264,10.86688328,6.85748148,779.0999501,3,3133.5544,33.49744034,10.72298717,4,241.313858
21625,105.6182022,36.85116577,24.31071281,12.44692802,9.894651413,83.55694385,3,4868.760386,26.37546158,16.18790627,4,79.80557251
21626,33.06228638,42.53594971,20.64485931,6.167760372,3.059903145,672.0217905,3,7945.095454,10.4535017,5.034643173,4,88.72696686
21627,85.23106384,25.68221664,16.98586655,10.89360619,5.798957348,708.3343897,3,7686.30344,29.62322998,10.54140186,4,199.2171021
21628,178.7967682,24.20868683,14.73957443,10.18429375,6.239070892,2569.672916,3,8367.123898,32.34643936,9.531748772,4,216.9727631
21629,147.3697968,29.2176342,17.03829765,9.191999435,4.786988735,2960.386623,3,22788.4647,22.88420296,7.13872242,4,104.3935928
21630,67.16873932,23.85889626,16.89574623,11.7355032,6.798783302,2074.197337,3,23605.26228,30.83944702,8.111171722,4,167.2756348
21631,172.4212494,32.72029877,18.8796196,12.90996456,7.252479076,3490.373729,3,29086.74219,26.34249496,11.20630455,4,150.5467377
21632,195.1936493,26.82300568,16.34965706,8.227544785,4.947620392,4147.041701,3,29727.50811,22.76136971,7.368162155,4,268.4915161
21633,19.71656799,31.66867065,12.03559399,3.71146822,1.892514348,5546.53862,3,39294.74935,9.067807198,2.304252863,4,43.09296417
21634,57.60382462,34.62200928,23.73179626,3.289642572,1.946338654,6032.068128,3,39828.71218,7.210448265,3.081650257,4,57.52880859
21635,79.27053833,60.64973831,26.30859947,5.340754986,3.11029458,13942.21426,3,1038.292415,12.92277145,6.943302155,4,27.3498764
21636,224.3428345,22.89285469,14.76714611,6.899367809,3.853025913,1354.884884,3,3443.46579,25.17962646,10.45049286,5,232.2369232
21637,42.79925919,40.15878296,17.86930084,5.588130951,3.170883417,2160.295713,3,2769.267553,9.564658165,5.405140877,5,221.9872131
21638,68.79599762,42.19963837,19.80862236,10.96509743,7.902425766,1050.9941,3,6195.523263,18.94187927,11.02683353,4,144.1717987
21639,99.74317169,34.13548279,19.3741169,9.236888885,5.214726448,1459.552528,3,6490.83772,21.16711044,8.714063644,4,263.1149902
21640,87.73033905,26.88045311,16.76511002,9.242415428,7.432781696,1995.415933,3,7856.583022,25.15247917,8.220853806,4,85.60129547
21641,71.36119843,22.7192173,12.8229475,4.146314621,2.576632738,6931.843177,3,39252.19056,10.55853748,4.700397015,4,157.3431702
21642,40.20087814,26.79660416,17.85935974,3.081129313,2.031903505,6592.922008,3,39868.09018,7.750315666,4.258703709,4,178.958374
21643,30.8930912,24.63248444,11.76216412,2.727304459,1.310195804,5822.847551,3,39713.36431,6.360005379,2.165323257,4,71.56504822
21644,6.937391758,53.35512161,18.4791069,3.49202323,1.900755644,2061.087096,3,5851.727848,5.058797359,2.600111723,1,60.4384079
21645,15.77828121,35.04880524,18.51763725,4.526929855,2.868305445,3681.717117,3,5353.944311,7.907801628,4.408595562,1,215.8376465
21646,92.20904541,30.09793854,19.55193329,5.920367241,3.105905056,8865.943864,3,3277.73091,16.20810318,4.752662659,10,296.135376
21647,168.4385681,40.20591354,28.24434662,6.223298073,3.798635244,9252.596346,3,3709.920819,16.5387764,6.576225281,10,48.31777954
21648,9.890213966,59.03514862,17.1467247,7.946068287,3.155243397,9068.305462,3,3188.673636,11.70989704,4.891598701,10,293.3535767
21649,136.0454407,22.38766861,19.03285027,9.779784203,6.153616905,551.7172992,3,1067.871088,33.96004868,9.617586136,4,37.87498474
21650,171.755188,22.16294479,13.82706738,10.50614262,5.665338516,207.6128799,3,1794.776734,31.86384773,9.570014954,4,222.5559387
21651,94.64559937,30.40512466,18.18853188,6.286959171,4.577610016,8091.772232,3,38373.88619,14.80739021,9.340665817,4,99.6375351
21652,96.61374664,26.05598259,16.45111084,5.189230442,4.046215057,7732.012802,3,38656.91697,12.89102459,8.520287514,4,188.9726257
21653,43.91178131,51.19404984,27.5255909,4.414715767,2.383525133,14343.32851,3,601.2381,9.074826241,4.258270264,4,322.125
21654,145.5757904,34.87332535,20.86977959,10.43471909,5.19526577,2972.805008,3,690.7259798,26.68147659,10.23339844,4,297.2474976
21655,199.9679871,24.04990578,15.55580711,10.24549389,6.170731544,1274.842117,3,6916.794809,32.47944641,8.96722126,4,152.8402863
21656,127.281311,31.69896126,17.32279778,9.706037521,5.635017872,5233.871854,3,11027.7498,28.21901512,8.502366066,4,303.747467
21657,14.9238863,30.30936623,20.68475533,6.01012373,3.572492838,3979.804211,3,5223.033784,10.52276421,5.395332336,1,113.7157898
21658,142.2788696,36.7427597,26.64688301,7.710329056,4.533443928,5143.711528,3,10591.0427,21.20996284,6.943500042,4,293.7495117
21659,64.36201477,19.04445457,14.52872276,5.986629963,3.808622122,9760.18166,3,16479.05955,16.41082954,6.428048134,4,176.6335449
21660,154.59552,23.29122734,14.62972546,8.75593853,5.167399406,3982.393745,3,21777.06533,26.39608002,8.058348656,4,143.4269714
21661,58.24829102,29.3406868,19.38572884,11.28853798,7.718597412,132.2052295,3,25430.22127,33.81880951,7.614233971,4,82.6473999
21662,144.1809235,22.92155266,15.57870007,7.492966175,4.635134697,6803.930065,3,32267.99047,24.85604858,8.506149292,4,300.0049133
21663,53.62143707,37.09604645,20.09664536,3.87385726,2.511533022,6253.512072,3,4366.909212,10.07371616,4.830631733,4,262.7503052
21664,188.6740875,48.42912674,30.53731537,10.37443256,6.472187042,1042.342742,3,336.3822663,29.47407532,9.442990303,5,34.26110458
21665,106.316185,40.59549332,17.44839096,12.73877621,7.101929665,1359.571507,3,6827.877454,25.40333748,9.926580429,4,130.0302582
21666,199.3426819,23.92157364,13.53641701,8.346219063,4.790502071,840.6270954,3,6810.087664,27.08568382,7.933157921,4,228.2519531
21667,94.39300537,36.0750618,27.56162834,6.516396523,3.951243162,12553.7459,3,1970.977584,18.06247711,4.899310589,10,20.15760803
21668,101.3390503,43.52787018,23.80430984,7.560516834,4.949232101,2603.379349,3,2140.608903,16.4786911,9.39960289,5,66.80140686
21669,281.8180542,39.23269653,28.2094593,8.482397079,5.274608135,2032.718307,1,1419.456855,26.41209984,9.952017784,10,19.29004669
21670,72.48989105,30.26119804,20.90133858,11.59202766,5.862464905,331.9571672,3,6927.382958,27.26706314,10.94736004,4,157.7509766
21671,56.16823578,36.01639938,25.62715721,12.04510117,7.26912117,29.98664738,2,6907.273118,28.17713547,10.48995113,4,320.4584961
21672,116.4457245,22.43084145,14.23318577,7.438386917,4.494950294,6665.822224,3,11976.53652,23.47651863,5.931698322,4,190.3468475
21673,164.4270782,18.96990013,12.74805069,6.287086964,3.893303633,3177.901916,3,966.5530135,33.59141159,6.733586311,4,243.6085205
21674,248.9963226,23.05811882,13.85951519,7.527544498,4.360888481,1722.501684,3,524.075791,27.73120499,8.270807266,4,63.43494797
21675,242.3188782,26.60310364,16.13693619,11.06416607,6.387112617,1256.620512,3,3308.241453,20.58837318,1.685628891,4,185.8608704
21676,81.99391937,28.03177643,18.44151688,10.73726845,5.792215824,1213.942564,3,24372.70939,26.99419212,9.104670525,4,172.2348328
21677,87.44154358,31.39522362,18.81871414,9.447992325,5.522566319,269.6602358,3,25236.55342,24.47503662,8.498900414,4,97.09909058
21678,86.7175827,28.99917412,19.0740757,8.088644028,5.073672771,9237.905984,3,35323.35869,19.40963936,6.922395706,4,238.2405243
21679,80.16108704,36.22694016,17.72575188,8.081483841,3.987910509,1704.09324,3,3092.474922,17.85701942,8.609127045,5,271.7623901
21680,115.1599503,27.82079697,15.81429768,9.469808578,5.432126045,1398.903382,3,7410.975602,26.05202675,10.3915453,4,210.1326294
21681,91.09957886,29.47003746,16.38930893,7.309447289,4.681367874,1147.690201,3,7777.893686,20.25024605,7.555153847,4,119.2488251
21682,77.12445831,27.80265427,16.26669884,7.192147732,4.22373724,8031.045445,3,37385.69289,18.42274475,6.665678978,4,126.704895
21683,60.27531815,24.42562485,14.14885426,6.161349297,3.319794655,8100.988844,3,37106.81323,15.90828705,5.362234116,4,174.8055725
21684,154.8562622,23.46346474,15.71556377,9.898700714,5.911736488,755.7247126,3,4688.581168,30.80904579,9.655688286,4,203.9624939
21685,141.5384521,31.20096588,19.30094147,11.7116518,6.374610424,695.4504791,3,26227.79914,29.3169651,10.1986475,4,215.0549774
21686,240.7132721,24.84777641,16.31496811,9.139217377,5.56608057,1754.398869,3,186.8466991,13.33482933,5.066733837,4,156.8014069
21687,78.45565033,24.86824608,16.58010483,9.263835907,5.853937149,283.0082104,3,25802.04559,26.99105453,8.023010254,4,219.9235535
21688,124.9011002,29.02731705,15.00489235,8.514580727,4.939105988,9742.170491,3,923.7458907,21.14413834,9.859274864,4,152.4186096
21689,37.59933853,19.99307823,9.433747292,6.625095367,3.239339828,719.7565066,3,4006.045191,26.18997765,4.763113499,5,220.8301086
21690,14.53455067,31.8759346,18.52136612,4.408370972,2.642894745,310.3156083,5,5403.590089,7.539796829,4.904221535,4,202.7509766
21691,28.18099403,28.7178421,18.13578606,6.618713379,3.047314644,464.2308733,3,8002.561558,12.8761282,4.802533627,4,137.294281
21692,21.82548714,36.72887421,22.39519501,11.37256336,5.806247234,122.1257743,3,7478.660104,16.75899696,10.90126801,4,212.2756348
21693,117.0566864,24.02798653,15.67604446,8.204107285,5.048096657,11317.84821,3,563.6781351,21.2517128,8.556607246,4,200.4803467
21694,85.45765686,26.15440559,17.85256767,8.99704361,5.295306206,9203.876549,3,35528.04402,23.69351196,7.550139904,4,119.1569214
21695,118.1945267,29.26782227,17.83132362,7.917576313,5.073181152,8982.646818,3,35996.941,19.40926552,7.964298248,4,257.4711914
21696,26.70611763,31.58366203,15.7041254,2.60245657,1.440035343,6981.198547,3,38927.23611,5.026139259,2.127712011,4,65.79678345
21697,133.1638794,15.52758884,8.112133026,7.963021755,5.585683346,277.1495876,3,4371.85509,36.08447266,7.15058279,10,216.4481812
21698,91.49394989,27.1990509,20.15638924,12.54582405,8.998976707,60.06399559,3,4610.612397,37.25841141,10.62440681,10,226.997879
21699,117.1867447,15.56320858,10.05930614,6.689390659,4.070466042,325.4666364,3,4381.977978,34.91710281,6.639354706,5,224.3814392
21700,54.81137848,35.7934494,21.51201439,9.826872826,5.226438999,281.8353494,3,5122.596009,20.03709984,10.71428204,4,200.9048767
21701,43.01960373,41.51682281,25.11232948,14.43449116,6.488648891,198.8127612,2,7875.781488,27.81804848,12.9802599,4,323.6589355
21702,11.27028084,44.29276657,14.15468025,7.187115192,4.450199127,71.78193364,3,7301.595561,12.76214695,5.680986404,4,154.5621185
21703,189.7272644,31.01210594,18.04615211,10.36867142,5.843342304,2909.763183,3,1176.711956,29.94704628,8.814700127,4,280.7655945
21704,142.7229462,42.69631577,30.24032784,8.592855453,5.32378006,2473.748402,3,23032.31916,24.23286438,8.96777153,4,312.2736816
21705,74.17771149,23.56691933,14.90357399,3.960642099,2.73088026,6656.872161,3,39939.77219,9.010073662,4.733882904,4,181.2730408
21706,36.68933105,24.67964172,14.47506428,3.583405256,2.506162167,1515.389634,3,6388.738961,6.656952858,2.287321806,1,45
21707,2.557969809,58.73445511,17.11811447,2.128751278,0.80145812,12791.06194,3,95.98393974,2.491134167,1.348709345,4,93.36646271
21708,148.9807281,27.29168701,14.62122059,7.353066921,4.1587677,9441.471824,3,1092.765469,23.90733719,9.229193687,10,212.8729095
21709,234.3824158,50.69786072,29.66072845,10.72409153,5.678059578,922.7810234,3,3952.874154,29.02853012,10.67682362,4,34.39228058
21710,37.91724396,35.26979446,31.70667839,8.887499809,5.879514694,44.76181922,3,4794.557543,22.0644455,13.51043797,4,20.48438263
21711,274.2965088,27.36720085,17.25502777,10.25160503,5.639600754,2210.308227,3,1438.017963,26.51602364,7.195188999,4,197.7232361
21712,168.699234,29.87532425,18.3157959,9.837003708,5.263637066,1566.967444,3,4678.25133,30.40050697,9.02026844,4,83.90553284
21713,34.8943367,52.04610062,25.72250557,8.087547302,4.571160316,2197.069011,3,23415.28652,17.07074165,6.052072048,4,38.80577087
21714,28.38828659,37.49822235,17.21072197,5.99450922,3.148978472,2099.677197,3,2777.226063,10.13714409,4.255747318,5,260.689209
21715,304.1488953,24.42885399,13.47211933,7.990776062,4.71547842,950.543416,3,3860.685087,28.61920166,9.546211243,5,237.7224426
21716,201.3634338,29.17320061,17.07596779,8.809370041,5.41975975,1270.172535,3,3595.809839,23.18550491,10.69600391,5,262.3039551
21717,37.56914902,38.85322952,25.86641502,3.931452751,2.817073345,1966.513187,1,1502.398627,27.57928467,2.799702644,5,38.36748505
21718,94.95344543,37.62290573,27.85052872,7.467634201,4.274686337,2424.127501,3,1959.423794,20.01082611,7.626472473,5,27.34349632
21719,177.6517944,22.76667595,18.22184944,8.038541794,4.890815258,633.072651,3,4113.05261,30.5222187,7.242165089,4,53.84988785
21720,52.03594971,25.83526039,14.71373749,7.318459988,3.700157881,7198.115497,3,18854.47913,23.077425,6.510900497,4,132.1844482
21721,112.2517929,36.98491669,25.93484116,9.052911758,5.576843739,7278.196544,3,18655.79192,23.5327282,7.326123238,4,28.46516037
21722,129.0604401,46.47395706,28.95053101,8.504846573,4.771649837,3066.236449,3,22464.3506,20.61970139,8.332911491,4,307.0083008
21723,79.90942383,28.30845451,21.02769852,8.405815125,5.522793293,8089.857653,3,37516.38464,14.04709244,5.482738972,4,121.4295654
21724,13.48415089,36.58753967,21.72961807,4.975366116,2.444842339,5935.928598,3,4597.332499,10.25736046,3.834383965,4,299.676239
21725,34.6678009,26.44672966,14.46467876,4.635387421,2.632685423,6370.480411,3,4532.449958,11.4414463,4.889398575,4,200.3764343
21726,174.3374023,23.30244255,16.58334351,6.522661686,4.235007286,12752.58294,3,2557.13363,17.18498611,7.387948513,10,91.73570251
21727,4.018859386,53.67258072,17.55323982,2.391940832,1.317791224,12860.01591,3,11.81879525,3.634883165,1.993180871,4,101.3099365
21728,120.9639282,47.52416229,28.01975822,4.803665638,2.743263245,13720.27426,3,1026.611657,10.75989532,4.211986065,4,33.69006729
21729,149.6549988,26.96921539,16.85822296,9.800802231,6.051414967,1562.477138,3,2958.056034,30.82029915,8.398824692,4,161.8278809
21730,21.80246544,39.83935928,16.68340302,12.8418045,6.148392677,6917.434046,3,19080.12591,19.00867653,7.777276993,4,83.91192627
21731,40.28497696,33.77412033,19.95521545,4.701599121,2.739809513,9157.194846,3,37837.54164,10.70978832,4.184042454,4,267.8789063
21732,8.249682426,32.95571899,14.03602219,4.284214497,3.051554441,2075.606881,3,6150.269191,6.027043343,3.486485958,1,90
21733,5.688107491,29.55313683,14.97321987,2.835151672,1.337230444,1914.550042,3,6264.026028,5.112772942,1.929230332,1,75.96376038
21734,151.8491821,42.51081848,30.57394218,9.875991821,5.72287941,345.539739,3,4582.723185,28.05182266,9.204843521,4,21.5464592
21735,6.003956795,35.40917587,13.51294041,4.373063087,1.224092484,307.414139,5,5274.311875,6.200769901,2.503376007,4,242.7688293
21736,197.9586182,29.84681511,24.79985237,9.779726028,6.268447399,454.1513053,3,4636.086183,28.62503052,9.009492874,4,29.85659027
21737,283.9501038,26.7952137,16.86503029,9.649547577,5.651539326,2109.713914,3,1363.323901,19.62599564,11.32357502,4,199.2306824
21738,128.862442,23.21938896,18.48030663,11.47558784,8.646056175,202.3810162,3,6158.760096,34.97986984,10.74056339,4,266.8451538
21739,83.67253876,24.99956894,17.10752296,7.636017323,5.07730341,6499.038698,3,19397.67815,22.75339127,7.52875185,4,239.4762878
21740,144.0295715,31.15488434,16.06763649,8.837648392,5.009223461,5534.818907,3,20284.26982,24.89292526,7.695056438,4,267.6311646
21741,94.09919739,23.90887642,15.8304081,8.506210327,4.563009262,2957.763965,3,22709.26249,23.45096207,7.100780964,4,135.6661987
21742,99.87224579,30.89216805,17.87849998,6.725478649,3.382421732,2394.473684,3,1928.774139,16.60677147,7.221134663,10,50.19442749
21743,116.6952209,21.84471512,16.55363846,7.294742107,4.32438755,341.2336739,3,5604.24657,28.37094116,7.604764462,4,84.01184845
21744,58.86023331,23.70746613,15.02604771,3.581644773,1.995393276,1428.509588,3,6698.456478,10.07182503,3.696726561,1,55.61965561
21745,137.3726501,38.31272507,29.01486588,6.536874294,4.002114296,13368.91642,3,2311.537591,17.32152367,8.345914841,10,305.8376465
21746,153.4721832,28.41957855,13.03558445,8.306433678,4.279508114,9312.564343,3,1141.395609,23.05415916,8.400345802,10,187.1250153
21747,166.4612122,32.85198593,24.21773529,9.34348774,5.458155632,1169.339757,3,4780.385301,31.25385475,8.803999901,4,33.79405212
21748,49.25179672,28.8368721,18.86306,6.832660675,4.281276226,9215.818004,3,38305.56338,15.0613718,6.921079636,4,260.5376587
21749,8.537036896,59.67461777,19.90706825,4.709056854,1.886153102,13763.15681,3,544.1746992,6.886952877,3.219589233,4,49.08561707
21750,80.29592133,26.89650726,16.41888428,8.962023735,5.713731289,208.3762867,2,7067.808142,27.52228928,9.683503151,4,291.0979614
21751,133.7822266,37.1857605,25.78903389,12.34994793,7.937791824,283.3212,2,6474.943638,34.08832932,10.62561703,4,33.48336029
21752,68.67546082,39.4683609,21.37738419,11.03771973,6.990499496,452.5994954,3,5575.120655,30.59292412,9.317412376,4,30.23430634
21753,113.9004669,23.31342697,14.25714874,8.082761765,5.209636211,7024.993411,3,18835.41773,28.28504944,7.308866501,4,73.58503723
21754,46.52613831,38.59863281,20.55982971,11.50606537,5.453866482,429.1485751,3,25083.78214,21.88594437,11.17679596,4,159.2216644
21755,130.1716461,44.62368011,28.26830292,10.66257954,6.277181625,815.8280765,3,24712.12852,28.06404114,8.580594063,4,45
21756,143.5503998,24.27713585,13.53553772,8.706913948,4.993678093,11055.07982,3,250.0435976,26.45248985,8.890582085,4,185.1944275
21757,47.24874878,52.43320084,19.47633362,7.090566158,4.346896648,7272.059813,3,1601.353574,9.913146019,6.295130253,10,158.8212738
21758,75.86027527,36.84461975,27.1867485,15.4752779,7.818098068,74.90848304,2,7608.868906,33.58263016,13.9531002,4,27.7569313
21759,160.4453583,33.05369568,18.79981422,12.68182659,6.755316257,674.0442127,2,7073.182581,33.26041412,10.37412071,4,291.5158386
21760,136.2302704,20.3700161,14.87816238,8.270817757,5.070699692,556.6643606,3,5155.408159,27.99343681,8.787712097,4,211.6512756
21761,135.7372589,22.93797493,14.7805891,6.879418373,4.310471535,7137.119031,3,12336.6085,21.48168564,6.541162968,4,212.589325
21762,99.39896393,37.77505112,27.0813179,9.640746117,5.66486311,1489.982322,3,24038.13713,25.61470222,7.855946541,4,29.96218491
21763,111.8939514,25.76071548,14.90495777,5.11593914,3.566722393,7618.87397,3,4402.608929,13.88959122,8.52709198,4,260.8736877
21764,96.19584656,28.18078613,18.11023712,8.304956436,4.767823219,2462.236498,3,28064.30991,23.14203453,8.823678017,4,205.9635162
21765,58.82630157,30.18318558,19.71427536,9.454983711,5.840961456,8986.89781,3,34297.49245,22.45700264,8.099731445,4,109.0577087
21766,47.71909714,22.35704041,15.01337147,7.539993286,4.594727993,9301.559891,3,34579.84249,22.25027657,5.689370632,4,241.0888672
21767,14.60521793,45.58039093,25.32649231,3.364160538,2.080249548,13264.72543,3,344.0069334,7.463857174,2.728045702,4,23.75625992
21768,38.82543564,43.17617416,28.72457504,4.932432652,2.815559864,13638.59473,3,647.2821834,12.10665226,4.573606491,4,23.96248627
21769,200.1451111,31.52841187,20.50886536,12.28320694,7.505897045,1473.312389,3,7504.694653,35.15219879,10.36827087,4,244.0026245
21770,246.1030426,20.33967781,12.49571419,9.323676109,5.555600166,1283.868215,3,3399.218684,22.4458,7.84759,4,188.15625
21771,126.0398788,40.44620895,27.96378136,7.713081837,4.287744999,7705.62409,3,18186.87988,22.10494423,7.289567471,4,55.61965561
21772,136.4627991,44.38131714,28.47136879,9.389717102,5.10444355,1504.503334,3,24013.61696,23.99572754,7.490133762,4,25.80770111
21773,18.09657288,32.5188179,14.29790783,2.690527201,1.662715316,7319.903862,3,4139.615708,5.132145882,1.814082265,4,266.6335449
21774,113.700531,32.19836044,23.87051201,7.858418465,5.804430008,194.0840774,2,8342.876612,21.59366417,12.59448624,4,293.1986084
21775,99.04833221,35.41711044,20.86627579,8.031953812,4.3839674,10242.26448,3,38181.03218,18.91477776,7.86331749,4,74.15171814
21776,31.4424324,36.3361702,22.46741867,9.057789803,6.005230904,199.2476572,3,4866.761991,22.19797707,6.25420475,10,43.63684464
21777,266.0643311,23.02517319,14.61487675,7.716591358,4.406407833,1045.964458,3,4547.360917,35.2134819,6.12752533,10,34.91887665
21778,82.92289734,24.38969612,19.30400658,10.11136055,7.579877377,71.5442661,3,4652.318511,34.49946213,8.464255333,10,231.7524414
21779,109.3157501,27.48982239,17.35347939,9.039289474,5.569198132,836.0843508,3,16.88852625,27.28381729,10.29138851,5,54.46232224
21780,104.6380234,50.33900833,28.79078102,8.872466087,4.684048176,1326.655998,3,364.8068988,27.6314373,7.276527882,10,33.53046799
21781,55.75962448,25.17274666,15.60516262,6.195224762,4.165881157,677.4812737,3,5832.832669,14.44230175,8.736264229,4,214.9920197
21782,216.3508759,27.0765667,15.95026207,8.949150085,5.328920364,583.3466528,3,1320.521227,27.95109367,8.610192299,4,80.85720825
21783,110.4995575,22.24845123,19.12555122,5.5589571,3.055184126,12507.01932,3,2269.797543,18.2761116,4.382752895,10,30.67728043
21784,101.5926208,41.43008423,24.30653954,13.98983574,7.698153973,577.8615031,3,1024.582011,32.77886963,11.53010941,4,300.3236084
21785,110.7798538,24.71434784,14.24073505,8.021059036,4.582777023,5435.38819,3,20237.42974,22.77113152,7.44178009,4,169.2490234
21786,86.48106384,25.06678391,15.77778816,6.536681652,3.842386007,5051.25995,3,20563.49048,20.30123138,5.798585892,4,256.0910645
21787,40.77074432,29.8482933,18.39968109,5.36318922,3.202178478,2204.096753,3,23366.91678,13.35712147,3.688846827,4,46.3212738
21788,34.77075195,38.88188171,20.08410835,14.74220276,9.055877686,8259.026862,3,37878.68135,13.02928734,0.235424519,4,142.2019958
21789,107.9967651,19.09659958,13.9605751,8.226960182,5.025448322,1295.321838,3,447.3312417,34.05683517,6.61848259,10,97.16044617
21790,219.7326355,47.04418945,29.64484024,11.78906631,6.662829876,808.0552125,2,6371.710106,34.75762177,10.43423176,4,330.4713135
21791,110.9468384,22.17806816,15.74051857,7.127318859,3.673798084,7988.870616,3,17992.05734,24.14445305,8.457510948,4,50.2751236
21792,44.42156219,23.03758812,13.30531025,3.220483303,1.862975001,6747.191743,3,40271.98621,9.200856209,3.814048529,4,212.8523865
21793,140.4640808,45.68739319,24.87193489,9.106215477,5.211984634,9145.999305,3,38866.83579,18.90802383,9.032828331,4,249.6235657
21794,45.35097122,28.42473602,17.54644394,6.024651527,3.640816689,5844.714751,3,2361.717227,14.36672497,5.837519646,10,208.9091797
21795,196.5098877,27.23188591,16.36273193,10.814188,6.710614204,1790.905628,3,3828.472954,31.45735741,9.333862305,4,262.7875977
21796,186.8800659,30.70654297,15.86760235,7.644269943,4.343184471,1222.922676,3,4823.373733,29.14495659,7.452032089,4,89.32931519
21797,177.3226166,28.35274124,17.5933857,6.81186676,4.721802235,8643.490972,3,40655.67647,16.60499001,7.620800018,4,113.6726074
21798,7.911492348,20.248909,4.938447952,2.760328531,1.421441197,6566.962263,3,40389.13342,9.625825882,1.863055587,4,116.5650482
21799,65.23774719,29.33644104,18.02235603,6.525907993,3.716225863,10835.98969,3,39409.49207,15.29822636,6.656447411,4,229.5439606
21800,52.42463303,49.69296646,24.9355793,17.48521614,9.964785576,8356.49206,3,38039.49876,24.72856522,15.16610146,4,53.97262573
21801,122.6384964,39.82442093,29.47615623,5.489566326,3.039704084,12409.24977,3,2594.899578,15.96714211,4.373389244,10,26.93952942
21802,77.26946259,25.07447815,15.86752892,4.38500309,2.929489851,7044.942982,3,40507.91928,11.0687294,6.312098026,4,89.20289612
21803,6.488040924,41.06898499,23.99377823,3.898190498,1.774618387,4472.470258,3,3115.35437,8.028579712,2.208231688,11,132.5104523
21804,44.45488358,20.04491043,11.24708557,6.5449543,2.578883648,642.6021741,3,4864.549016,30.35580063,3.070409298,10,77.95742798
21805,163.1828156,31.91241074,20.29887199,10.50318146,6.545481682,1647.874149,1,2487.799617,33.32437134,7.319691658,4,271.0230103
21806,74.82518005,25.18885803,16.73455238,6.959071159,4.525919914,9649.007855,3,14581.75032,19.8094902,8.613143921,4,234.8908386
21807,97.7719574,27.0071373,17.6984024,4.797626972,3.000739574,8768.312875,3,40842.77379,13.24173069,6.428570271,4,245.1157684
21808,103.6814957,55.18375778,26.25446701,10.48502827,5.864227295,8387.920061,3,38654.7281,23.29744339,8.428242683,4,331.1721497
21809,32.82764053,18.62506485,10.92091846,4.10070467,1.847665548,1121.841389,3,6791.949187,8.228280067,1.397307277,1,50.19442749
21810,148.1931305,23.01657295,14.21659088,8.392958641,5.265058041,10849.38288,3,37.85596283,24.08662415,9.598152161,4,168.1113434
21811,43.26152802,28.6505661,22.38268471,7.225751877,3.705147266,2544.546086,1,2080.928746,20.09244156,4.731429577,5,37.59052277
21812,172.6890717,26.80693626,22.75279617,7.741706371,4.666455269,1488.640126,3,77.08721375,29.43469048,7.592085838,5,305.8376465
21813,155.9315186,25.2773304,17.81384659,10.58201313,6.742711067,727.0809829,3,809.0874935,33.91373825,8.98830986,4,75.77403259
21814,49.39021301,47.28486633,28.00209427,9.48342514,6.504773617,54.14059796,2,5564.525285,21.61467934,11.34008026,4,14.93141937
21815,126.4925842,24.97760963,15.32013893,9.568136215,5.492933273,988.8905798,3,6852.793294,27.98961449,8.572845459,4,282.038147
21816,162.0897827,34.26127625,19.07748985,9.132641792,5.022464275,4178.943648,3,21493.85251,25.38236237,9.463205338,4,48.73789215
21817,35.6540947,42.30719376,26.89795876,6.710903645,3.526016712,3306.636528,3,22255.73989,16.19327545,5.318469048,4,25.8663559
21818,160.7975769,21.87862015,15.40068436,11.34081078,6.549540043,10287.24577,3,334.0688322,30.20282745,11.4472847,4,180.8069305
21819,136.5177307,45.37845612,27.64898109,12.3457489,6.71143961,734.1785578,3,7370.769419,34.15565109,9.323610306,4,38.94520569
21820,179.0305328,20.48666,15.6913805,9.432701111,6.123977661,414.1122478,3,6040.449021,33.50592422,9.780755997,4,252.1496887
21821,297.8727722,18.02248764,12.46420479,7.744361877,5.145552158,542.7747444,3,4328.696778,32.58610535,7.567777634,10,240.9453888
21822,244.0269318,45.64532089,30.3463726,12.83364868,7.233577728,557.2817419,2,5910.032964,35.16740036,11.2651329,4,335.2225647
21823,180.5323486,27.86711121,17.58314896,9.640664101,5.736833096,1697.532331,3,2112.560808,16.70764542,6.039048672,4,198.4349518
21824,198.4519348,27.25058937,15.88619041,9.445031166,5.496676922,3229.30924,3,8575.274567,28.24637222,8.499556541,4,144.6197205
21825,109.2006683,23.4705658,14.26994801,7.406825542,4.166006565,7742.600994,3,12784.3533,21.19026184,6.740271568,4,166.0362854
21826,136.9973145,28.44795418,15.85258961,9.401783943,5.679634571,5987.852062,3,31565.9799,27.58501625,7.900156498,4,242.4879913
21827,121.2835159,29.76656914,16.10379982,9.907511711,5.606478214,4719.128042,3,30215.51875,27.1608696,8.079376221,4,155.3616028
21828,52.66428757,26.13365364,18.3999691,5.907505989,3.001885414,8535.43463,3,36853.8526,17.56810379,5.447314739,4,95.61906433
21829,101.5726318,21.87521935,14.55025387,7.937199116,4.411506653,9106.268709,3,1093.216259,25.01702499,8.738023758,10,210.8632355
21830,77.39550781,26.79761505,22.61190224,9.360987663,5.500217438,236.6906985,3,4952.488135,35.06272125,8.771073341,10,44.73957062
21831,101.4654694,29.47003174,16.67627716,7.701735497,4.093535423,9587.340385,3,35884.84372,20.2682724,6.687499523,4,138.0963135
21832,355.2836609,40.92215729,29.75079918,9.378551483,5.834821701,2709.959279,1,3401.884318,30.34505844,9.047244072,10,317.0731812
21833,28.602705,46.31829453,19.80298615,5.815588474,3.261059761,2202.832328,3,2786.97416,8.978603363,4.825446606,5,251.5650482
21834,87.44332886,28.99622917,17.13558769,11.83272076,6.110342026,15.79605714,3,5110.431538,26.67186546,9.011929512,4,45
21835,132.1684723,25.79882431,16.32369614,10.36216259,6.401478291,60.58918035,3,4975.337333,27.62246132,8.967410088,4,51.58716583
21836,92.92861176,34.0615387,18.26423454,5.729879856,3.778265476,843.1531289,3,5822.505126,13.02433681,8.082844734,4,231.4108429
21837,56.38968277,24.69459152,14.67606449,4.340123177,2.6595366,7265.305881,3,39011.31671,12.20095634,5.587976933,4,122.4711914
21838,31.9271965,37.89845657,20.67872429,3.195006609,1.937175751,7484.20365,3,39424.53137,5.885129929,2.750241756,4,54.6640625
21839,325.6441956,35.84567261,26.87975883,8.810968399,5.199808121,1642.045135,1,3822.970561,30.69747543,8.192652702,10,36.35719681
21840,148.3708801,29.79302025,19.34135818,6.778210163,3.979733706,1806.025981,3,3138.898591,17.25182915,10.00460625,5,225
21841,254.3473663,21.80722427,14.98200035,7.835290432,5.213210583,628.2435569,3,5063.664919,29.57206726,8.232531548,4,79.65131378
21842,175.0780792,26.59545898,16.37475586,9.374829292,5.104214191,2529.413678,1,8045.421251,36.15026093,8.672296524,4,257.4711914
21843,89.09657288,22.99707222,11.04046535,5.943006039,3.512256384,7384.516604,3,12527.74016,18.72503662,4.863348484,4,259.5933228
21844,143.3274078,23.67628288,16.83865929,7.150418282,4.707562447,4127.491574,3,21427.8096,22.95723724,8.73986721,4,61.02586746
21845,136.8707886,29.76253319,15.53547859,9.44745636,5.997393608,5273.900107,3,30665.86779,27.45045471,9.146704674,4,274.9697266
21846,111.5017319,25.81435966,17.34039307,7.3606987,3.879563093,8047.435435,3,33421.54187,21.62217522,7.348261356,4,67.93209839
21847,22.11918449,28.52735329,16.34155273,3.396512032,2.037591934,6693.18813,3,39701.32743,6.662546158,2.973005056,4,191.3099365
21848,98.19267273,31.19143867,19.35668564,7.313149452,5.728981495,8352.88841,3,40872.87728,16.47462273,9.448181152,4,108.78862
21849,92.42641449,38.16389847,28.0821991,4.897488594,2.828529358,13890.92459,3,1346.020682,13.80483055,3.940108776,4,30.7467308
21850,27.08703041,55.01059341,21.6993351,7.270899296,4.752854347,5819.337234,3,2026.472824,10.42686272,6.294433594,10,247.3145752
21851,183.2445374,27.73185158,18.7890358,7.581829071,4.328384876,2309.883074,3,1807.27299,21.69586945,8.277407646,10,57.45824814
21852,49.69049072,35.7447052,17.25305367,4.739103794,3.50314784,568.176911,3,7117.928403,8.495275497,6.708548069,4,172.3772583
21853,209.3796234,32.73347092,20.25541115,11.63125515,6.112129688,2413.486902,1,7889.323733,35.39224243,9.205450058,4,326.2322998
21854,114.6588211,25.94304276,15.34719563,6.839344501,3.808706522,8263.532976,3,33485.03451,18.70572472,6.458992958,4,59.03624344
21855,15.93174648,30.87957382,19.48133087,3.645475864,1.970905662,7237.223498,3,39453.1836,6.826604366,2.737568617,4,56.30993271
21856,53.24086761,45.41719818,26.39766693,4.707961559,2.765366554,8099.452403,3,38793.8407,9.332644463,4.573902607,4,292.557251
21857,166.0611572,18.75234032,13.29500866,6.437100887,3.665048599,1848.616991,3,1092.31985,31.72569847,6.948316574,10,100.4167633
21858,19.58055496,35.51140213,19.75410652,5.601091862,3.800165653,534.4486896,3,5510.251754,9.164902687,6.010637283,4,236.0409393
21859,107.8027496,23.4865036,14.23659992,6.548417091,3.621697426,7240.524266,3,32387.10253,19.6980896,6.054113388,4,248.9624939
21860,48.73347855,22.44913864,10.9294405,3.055421352,1.711270928,7148.042985,3,40141.3143,9.000556946,3.117020845,4,238.0223999
21861,45.62881088,34.30035782,17.73084641,6.87497139,3.718019009,7162.360443,3,1790.599732,12.53306389,5.417397499,10,150.0962524
21862,229.2908783,22.24165916,13.46669674,8.594869614,4.542822361,2010.782413,3,1217.06716,29.65626717,7.821662903,10,47.15702057
21863,195.8627319,34.61578369,19.35881996,10.49320126,6.072752953,2683.998069,1,8234.640637,32.77316666,8.556603432,4,315.9093628
21864,91.03077698,27.90675163,12.2153883,7.032940388,4.252379894,6811.220012,3,12051.91563,21.34373856,6.139863491,4,248.9624939
21865,83.27992249,28.95189285,17.52868462,5.302072048,3.635171652,10300.58836,3,15837.69994,11.77580261,6.725961208,4,75.96376038
21866,157.7114868,27.63121223,16.56903267,9.924477577,6.00409174,1462.164435,3,27011.42327,29.14146233,8.657495499,4,272.7927246
21867,69.05918121,26.20345879,17.24864388,5.169714928,3.08763814,7517.077458,3,39209.41256,14.97599792,4.427580833,4,107.15242
21868,66.98711395,31.00544167,16.08802414,7.281496048,3.873006344,9150.42302,3,39090.50155,17.21195602,6.282095909,4,144.246109
21869,108.5023422,33.90565109,24.21224785,7.005867004,4.336511135,7569.454775,3,4832.008365,17.67696953,6.716954708,4,317.2025757
21870,126.47966,28.48780441,19.13459969,5.02548027,2.784629822,13020.18539,3,518.6344205,11.56396675,4.47964859,4,54.78240585
21871,19.79257584,15.93695545,9.445223808,8.910879135,3.527137995,1507.725398,3,3443.699433,22.8288002,5.142790318,5,213.9119873
21872,127.4406052,30.40959358,16.85865021,9.115750313,4.952588558,1744.279517,3,23767.34087,25.39162254,6.64386034,4,61.12757492
21873,88.67953491,36.00210953,24.55134583,11.96454144,7.418278694,87.13343089,3,25449.27878,27.41567802,10.85509777,4,40.55261612
21874,120.5463104,27.00981712,15.96577263,8.659109116,5.005272388,550.4567758,3,26140.2997,24.62848091,10.24677944,4,236.3099365
21875,126.3023758,24.35385323,16.08483315,7.9406991,4.653275013,6856.488682,3,32093.0845,22.21280289,8.141448975,4,186.1972046
21876,17.01901054,25.94314575,16.14896011,3.773422718,2.160409689,7386.852645,3,39569.7102,10.12227917,2.891658068,4,225.7160492
21877,104.6091614,32.31113052,19.49141502,8.842041969,4.978399754,9471.078959,3,38534.75537,20.96155548,7.907914639,4,78.61565399
21878,69.03367615,28.03447342,17.57393646,5.624434471,3.38135767,645.0674596,3,6439.117421,14.09850502,5.249847889,1,264.5874634
21879,188.8742828,30.39458466,19.73706436,8.183631897,5.091457844,8773.064954,3,820.8470627,21.2030983,9.683727264,4,186.4347382
21880,117.026886,24.85207939,15.60524464,8.315386772,4.958069324,8181.790451,3,971.3988331,24.02894211,8.62444973,4,206.9880371
21881,54.21707153,40.33239746,22.39832687,13.66452122,7.968046188,258.2165513,3,2286.620538,26.44786644,14.22550869,4,121.1303101
21882,111.0634842,28.27656937,20.38287735,11.09044361,6.986724854,425.3185949,3,2369.059097,30.22129059,10.11937523,4,246.7139282
21883,274.15625,35.17945099,22.63129234,11.58409977,6.674547672,872.5186333,3,6281.51559,34.38766479,10.51747131,4,92.56376648
21884,114.9357986,24.96695518,15.0710659,8.225563049,4.868227005,5974.012512,3,31275.58086,24.37950134,7.077784061,4,188.3929138
21885,86.6230545,38.758461,23.11130714,8.210582733,4.741372585,8672.071333,3,38602.64119,20.08849907,8.423047066,4,58.73626709
21886,52.98715973,20.34950638,7.445299149,9.386061668,4.303960323,1233.936423,3,3736.748289,24.69604301,10.59852123,5,211.6477661
21887,213.290329,24.08426476,15.02536011,9.060194969,5.183582783,1344.212467,3,3160.407062,32.8152771,9.240050316,4,247.8077393
21888,181.6819458,22.82266617,16.43187714,8.03364563,4.734461308,8097.191543,3,17591.05974,21.62169456,7.889406681,4,202.0192871
21889,8.980472565,59.10190964,24.49830246,4.553833961,1.699421048,13921.14528,3,1073.654848,9.112380981,2.246214867,4,45
21890,168.5198822,32.09860229,18.79017258,11.69447041,6.362535,771.9573447,3,6549.98539,37.41117859,10.166749,4,84.80557251
21891,125.5668411,28.88096428,18.10688782,9.970606804,6.393421173,247.9517915,3,25322.90905,27.58587265,11.88389969,4,70.62199402
21892,71.05349731,27.65689468,18.32428741,5.875042915,3.891271114,1244.232732,3,7044.878453,13.94991207,7.253273487,1,90
21893,186.536377,28.25242996,18.49568558,5.488805771,3.204711914,13544.8375,3,1308.472517,16.21266365,5.997926235,4,68.02548981
21894,69.6584549,36.59744263,25.36587715,14.25970459,7.217478275,242.5206918,2,5091.309133,32.25874329,11.82383251,4,25.82099152
21895,56.51333237,32.42033386,18.72035408,7.425669193,3.717250586,243.3796304,3,4952.098244,20.57752037,10.68327141,4,106.6600342
21896,201.0453644,23.92405701,13.93027401,8.699852943,5.348882675,3719.388011,3,8964.936306,27.78770638,8.638585091,4,250.3295288
21897,117.1428299,19.538311,17.78642654,6.73156786,4.351351738,11487.57251,3,3229.787575,24.18561172,8.543302536,10,270
21898,188.5386963,42.49565887,26.3231926,7.580583096,4.289112091,13095.25803,3,1162.882632,18.02078629,6.920159817,4,38.29016495
21899,100.2529144,29.18651581,16.22029495,8.046760559,4.684863091,5323.423288,3,10571.91713,22.55507851,6.902210236,4,169.5836792
21900,104.4216385,25.51140213,14.10230064,6.173565865,4.226981163,8090.258861,3,13082.53282,19.10042,6.191581726,4,240.3332825
21901,78.47986603,22.6812439,14.89269924,7.354404449,4.252265453,9031.967506,3,14003.52033,20.61271858,8.181798935,4,148.5854797
21902,101.5356369,24.53624153,17.55669022,7.387307644,4.908637524,8313.596228,3,13201.53846,19.44358444,9.009438515,4,175.4046783
21903,52.27568817,27.99608994,18.12792778,9.648760796,5.23626709,9476.133529,3,34610.12587,21.66072845,8.031445503,4,193.0319672
21904,94.75553894,19.13613701,11.42286968,7.953171253,4.302162647,11310.41506,3,341.8364718,27.01701736,6.388349533,4,224.1448975
21905,35.27941132,28.58363342,13.96605206,5.37331152,2.961329222,11905.35479,3,233.3763454,13.69873714,4.347718716,4,62.44718933
21906,10.72190189,50.17126846,19.83342171,5.958887577,3.10478282,2366.464955,3,2412.196515,7.793492794,3.758037329,5,94.97903442
21907,17.65924263,51.80913925,23.68176651,7.215934277,3.385011673,2591.785243,3,2119.963987,10.40612221,4.436644554,10,37.00829315
21908,58.39277649,37.63884354,26.52083397,10.24429798,4.34343338,1396.419685,3,324.3201239,28.28895378,8.058348656,10,32.24108124
21909,242.1936798,23.33124733,17.01639175,9.500601768,6.125460148,1570.758597,3,33.19732123,33.87585068,9.359138489,10,66.38282776
21910,43.35107422,25.38151169,24.31563568,10.50848484,6.742860794,855.508294,3,742.2331213,28.74129677,8.429489136,10,339.2744446
21911,73.4130249,16.19983482,9.664655685,4.338702679,2.573871136,8046.173957,3,33344.34424,19.94882011,3.985483408,4,112.2333069
21912,138.1647491,29.7385788,17.4164238,8.732492447,5.401600838,8943.208865,3,37616.01332,23.20456314,8.458101273,4,217.9987335
21913,119.9718018,42.88629532,30.95226097,4.799385071,2.994912863,10235.29906,3,3247.729696,15.09357071,5.185382366,10,324.4623108
21914,153.2689819,41.24663162,27.83932304,7.596356869,5.097734451,10574.87532,3,3840.535157,20.57932472,8.552315712,10,296.5650635
21915,122.2086334,17.65911674,13.8483448,8.493149757,5.655883312,9356.318825,3,450.1642914,24.48994255,8.927957535,4,193.7160645
21916,179.6497803,19.69739723,12.82278919,7.933811665,4.787987709,1947.740273,3,3770.112491,29.52308464,7.656012058,10,78.63954163
21917,214.5789337,35.39660645,27.41571808,8.640099525,5.241926193,2711.270609,1,1353.838622,25.17355919,9.067285538,10,171.6927795
21918,54.84063721,39.05783844,26.00923157,8.997428894,5.118944645,1707.467501,3,551.6683358,26.87912941,5.428214073,10,17.18735123
21919,248.5027161,31.41567802,17.50435066,9.262785912,5.455387592,1886.980995,3,375.572495,15.33858585,5.56896162,4,142.594635
21920,58.87911224,24.29224014,12.5278244,5.144822121,2.770224094,6534.690574,3,11739.69412,18.96957779,5.311192036,4,255.2762451
21921,179.4741974,26.14238548,18.56163216,8.394991875,5.406196594,8394.405111,3,17186.68975,28.40073586,9.075102806,4,57.65255737
21922,99.26322937,27.13833237,16.37248611,8.210957527,4.656026363,6245.670254,3,19405.5325,23.55880356,6.929391384,4,247.348114
21923,14.41299343,36.70972443,16.10514641,6.023548126,2.931617498,9005.596756,3,34211.67893,13.6669178,3.755863905,4,117.9300537
21924,51.31978989,22.62880707,10.70048523,6.740152359,4.195166588,6978.053984,3,4931.188077,14.28260612,6.278724194,4,303.0238647
21925,131.3347321,18.53943253,13.37487698,7.290691376,3.757381916,1994.72489,3,952.9943153,28.4946022,7.413453102,10,32.88278198
21926,4.802082539,42.44691849,21.41851616,2.583468914,1.150453329,250.5214077,3,7706.403955,4.014041424,1.698974133,4,106.3967438
21927,267.4458618,29.2223835,20.00577164,9.910217285,5.866782188,863.9354677,3,6016.030265,30.42378235,8.51198864,4,113.5863953
21928,88.89512634,27.37155914,16.24942589,5.830182552,5.115884304,10596.76229,3,15503.24813,13.81791592,10.28829288,4,79.99201965
21929,87.96995544,34.65083694,25.53517914,8.468463898,6.055057526,10244.54624,3,15759.40996,19.54500008,10.40781403,4,40.91438293
21930,106.59021,29.62428093,19.02600479,7.939080238,4.536121368,9609.26604,3,37013.54,20.93578148,7.172516823,4,90.93919373
21931,169.5128784,40.93595123,25.05576515,7.749111652,4.318734169,2456.379621,3,2026.196055,18.54564476,8.908769608,10,53.40994644
21932,206.2976532,33.48786163,22.53583145,11.10926151,5.759075642,1643.913678,3,99.31533244,30.35110474,8.324544907,10,90.65316772
21933,18.38636971,34.38734818,18.04197121,3.504933357,2.604257822,333.4844034,3,7402.150132,5.375243664,4.236415863,4,151.6992493
21934,166.5104675,26.28015709,15.90199947,8.256371498,4.924175739,7181.762299,3,18494.57507,27.39126205,8.277443886,4,90
21935,82.66066742,27.9111805,17.81991196,9.113729477,6.515757084,7872.02936,3,39091.73648,21.86264229,9.831459045,4,100.9788055
21936,49.76636887,35.45520401,23.36417389,10.55253792,5.486318588,443.7304949,2,4634.570246,23.99996948,12.82566643,4,291.7322998
21937,93.88915253,29.06157112,24.21541977,9.802021027,6.130501747,416.28749,3,4260.824001,28.46875,5.252907276,4,217.2104034
21938,37.47731018,29.13158417,17.12634277,3.674063683,1.917060614,7388.146912,3,40131.34021,9.121097565,3.178715229,4,288.4349365
21939,60.20144272,25.70241928,17.60960579,6.792804241,4.282460213,7846.109473,3,39517.10869,19.38252831,6.72902441,4,268.3153076
21940,207.6425629,29.06970596,23.62858009,10.22512627,6.411070347,571.2071006,3,1398.701199,32.80846786,10.45858574,4,39.23736572
21941,207.1608887,45.43759537,26.67792511,10.5710125,6.076546669,1768.071362,3,102.5359713,25.8021965,9.54241848,10,244.3397217
21942,28.77722359,31.25466156,16.60032845,8.697490692,3.976541996,6112.891168,3,11313.66875,20.31481171,7.393656731,4,149.1985474
21943,74.38137054,31.29940033,20.42879105,7.185587406,4.221012592,10745.8041,3,39921.61202,16.8093338,7.126875401,4,68.90061188
21944,78.69692993,26.55293465,16.52707863,4.802472115,3.532154799,6742.048247,3,5328.680707,12.79718208,8.586434364,4,264.0917664
21945,119.2422638,30.28838158,22.25777817,8.52512455,4.885457516,10302.02696,3,4011.097172,22.49723053,8.692388535,10,75.4826889
21946,122.3221054,30.87115479,15.2541523,7.260265827,4.797538757,871.3282534,3,6746.898541,16.69405556,10.10503769,4,195.5241089
21947,68.4598465,33.96099854,18.6278553,6.735883713,5.686856747,480.5612262,3,6037.639182,12.51435375,11.8750515,4,185.7106018
21948,274.3966064,48.08869171,29.48091507,12.86709023,6.77550745,767.1723764,1,5798.261345,18.8339138,5.531244278,4,59.93141937
21949,36.09066391,39.42159271,19.47644424,13.72174549,7.337756634,312.1108023,8,4695.988892,35.74930191,7.010010719,4,280.4161987
21950,35.47058105,33.01196671,13.60174751,4.662116051,2.515906096,6371.312481,3,11531.94404,12.87639523,3.115499735,4,245.7255554
21951,39.3780899,18.53740501,9.693448067,4.122930527,2.058319569,7330.018309,3,12422.02611,15.56554794,3.651938915,4,241.9223785
21952,111.3164673,26.45343971,15.08113289,6.837032318,3.867639065,9264.431493,3,36299.95159,19.7212925,6.299170017,4,221.5663757
21953,84.34564972,28.65631676,16.13182831,8.005728722,4.161448002,9558.857802,3,36356.63389,20.74936104,6.127893448,4,168.3778381
21954,202.5309601,29.67677307,23.62522888,8.747597694,5.338006973,768.4471431,3,4248.355202,27.06453705,9.532069206,4,41.82017136
21955,128.0789642,32.31812286,21.49030304,6.681036472,4.439511776,357.5466045,3,7707.344983,15.20166206,9.554665565,4,305.5376587
21956,255.5422516,26.26647949,16.80941391,8.260933876,5.274902344,2009.538638,3,23535.8552,23.62531471,7.769025803,4,141.9436646
21957,109.4747772,26.46619987,13.11962128,6.465745926,3.735613823,11867.12537,3,417.250943,17.06155586,6.623197079,4,64.98310852
21958,67.71767426,25.8496685,15.30953598,5.908904552,3.709292173,6719.717677,3,11800.09561,15.55291367,5.626820564,4,301.9480896
21959,81.03649902,30.98677635,16.80137253,7.177420139,4.131008625,9553.066028,3,36524.41532,18.10316849,5.772114754,4,241.9275055
21960,85.75176239,42.84415054,27.59866142,5.497824192,3.379968405,5782.257642,3,5852.661123,14.33007908,6.735273838,4,58.09189224
21961,88.01912689,22.77285957,13.87401104,7.383041859,4.542907715,9583.090168,3,494.1517028,24.30835342,6.734896183,4,230.0131073
21962,106.5213623,16.63714218,9.290852547,8.518935204,4.402022839,742.7902598,3,4207.904924,32.35139084,5.927642822,5,208.8986969
21963,36.86698532,19.23739243,6.864793301,8.902025223,4.29571867,1199.768229,3,3780.680253,24.45467949,8.812889099,5,200.7722473
21964,198.1617584,46.49721146,30.35531616,9.934544563,5.836486816,1511.291114,3,155.4895287,31.42291641,7.851712227,10,41.76029968
21965,53.02520752,24.93292236,15.79713535,4.352884769,2.752390862,7461.552973,3,40325.6437,10.89840603,4.606155396,4,212.4711914
21966,80.21785736,34.42668915,24.28302956,5.417039871,3.519405842,5114.96773,3,6031.558806,12.72359943,5.629030228,4,318.3664551
21967,24.66958237,59.9596138,20.86874008,8.856249809,4.533751011,1603.564733,3,76.3771283,21.59727478,5.050773144,10,24.59011841
21968,14.61810207,52.9647789,26.48465538,13.71018887,4.111369133,2546.888024,3,2071.108864,21.07952499,6.651319504,10,33.02386856
21969,181.9147034,28.28546524,18.05638313,7.950986862,4.506733894,2575.24945,3,1832.996433,22.73383713,9.820919037,10,54.18668365
21970,120.6189575,27.17352486,18.5201149,8.068958282,4.705247879,5807.356822,3,10884.97885,25.11080551,7.757854939,4,315.6245728
21971,49.41056061,32.33301926,17.40049934,5.969416618,3.366246223,8821.45399,3,39297.65376,12.46717453,6.5108428,4,161.5650482
21972,128.4134674,22.66086006,15.02289391,7.006879807,4.602794647,8206.787713,3,4993.477474,19.99744034,7.744124889,4,204.8636932
21973,258.1221008,17.04696655,9.578707695,7.585546494,4.659768105,916.6762425,3,4073.656437,32.24468994,7.044655323,5,217.4505768
21974,83.7487793,38.54899597,21.59014702,7.107129097,4.345748901,1837.972144,3,3053.610035,15.569664,9.816148758,5,266.423645
21975,29.57741547,34.36465836,19.73017693,11.11996555,5.764511585,9890.059699,3,344.1711599,26.56383133,6.414982319,4,107.2414551
21976,26.9198761,32.88728333,14.65179157,7.24746418,4.348878384,7644.838334,3,1114.266366,14.14273834,4.720906258,10,198.4349518
21977,122.6520538,20.32077599,12.77191162,7.21355772,4.086412907,2224.248296,3,979.9329949,26.4581852,6.655814648,10,35.97938156
21978,7.511194706,36.76913452,19.33448219,4.416255474,2.685844898,180.5079371,3,6326.734656,5.761151314,2.921670437,4,174.8055725
21979,22.58301353,21.14616203,14.40450382,8.060366631,4.217600822,2441.031295,3,27985.97849,22.76077461,6.628240585,4,207.9509583
21980,93.02552795,44.93437195,29.34009743,4.815170288,2.628898382,12844.40044,3,2210.986186,13.21320057,4.769211769,10,301.4295654
21981,12.9344902,66.52964783,23.47327232,7.023786545,2.403186321,14092.40184,3,1349.931265,11.27243423,4.14885664,4,17.6501236
21982,15.74176502,59.02310181,18.54030609,8.22642231,5.145035267,6470.24835,3,1722.829909,10.70193577,6.699400902,10,199.4889526
21983,135.602829,31.63858032,19.90028954,8.796438217,5.076681614,6825.048039,3,1196.290143,26.14001083,10.73613644,10,212.3806763
21984,17.38174248,43.00323486,24.78121567,10.09488106,5.009484291,1264.407095,3,3740.904842,15.04943275,7.421124935,4,39.47477722
21985,0.877058029,57.56466293,11.1960144,1.028369069,0.348392218,1854.816682,3,7076.955779,1.954261541,0.622352302,1,236.3099365
21986,6.923069,52.8576088,13.78308105,6.55665493,2.758862019,6856.289331,3,1511.102607,8.015313148,3.924195528,10,230.3558197
21987,93.38529205,26.2704258,17.58143616,8.0695858,4.82790184,9106.400412,3,34212.85082,24.60083389,8.678164482,4,57.22906494
21988,113.7288284,26.26018906,15.25673103,7.506039143,4.380128384,8505.782978,3,33604.44773,19.61084175,6.510215282,4,127.8749847
21989,92.26856232,22.95377731,14.18371773,5.579455853,3.297281027,7955.518413,3,39798.24076,15.72798443,5.539138794,4,195.1011047
21990,340.6038513,22.28818512,13.9859848,7.245098591,3.932446957,974.5677114,3,3891.28678,27.14167213,9.977890015,5,225.5310364
21991,7.076043606,58.66248703,17.48736572,5.651919365,2.794587374,2030.450145,3,2669.617943,8.616340637,4.011399746,5,241.6992493
21992,13.31570339,46.59460449,26.13570404,6.317223072,4.132890224,5305.11057,3,5809.081296,10.81670952,5.017836571,4,323.1300964
21993,144.6501617,19.88658524,14.54894257,7.59200716,5.394775391,8243.725335,3,449.9920943,25.36568451,9.35697937,4,206.1468506
21994,121.2508469,38.82421112,19.66100311,7.905080318,4.578078747,6297.896122,3,1240.277834,19.06688499,9.882876396,10,242.6280212
21995,119.1918182,23.15746307,13.56188393,7.426607609,4.015833855,1410.709323,3,3361.887642,23.53932762,7.689743519,5,234.605896
21996,240.3331451,29.66589165,17.69227028,10.67228603,6.552097797,1534.048805,1,6971.787723,34.21039581,9.355356216,4,297.1981201
21997,216.8284149,21.24269485,14.82882309,9.560697556,6.057637691,2181.151147,3,7379.646929,28.76947403,9.012074471,4,184.5570374
21998,103.5431595,27.22730637,18.55110931,7.946671963,4.769749165,9929.320405,3,14643.47351,20.65459633,9.968985558,4,244.6538239
21999,105.7792969,32.31319809,20.35545158,10.10117722,5.602308273,2167.887605,3,27768.65262,28.44954681,9.624662399,4,110.1943359
22000,78.02983856,31.58099174,20.54372025,9.234306335,6.464532375,2154.691646,3,27649.36465,27.90038681,8.596057892,4,120.9637604
22001,30.48307419,39.0838089,18.27873421,11.78416538,5.173904419,9799.716881,3,34827.5498,20.75413704,10.12972832,4,191.1074829
22002,142.8519592,35.44452667,21.7836132,8.767086029,4.972986698,6506.594608,3,1235.831466,21.49534035,11.96107006,10,186.5198059
22003,96.98408508,37.80707169,24.62546539,8.934997559,4.639963627,3044.595755,3,22463.10074,25.96690559,7.52065134,4,43.21009064
22004,32.12876892,39.97987747,19.62072182,13.31574726,7.55384922,2415.110948,3,27896.81214,26.51930046,9.704130173,4,246.336853
22005,26.61172295,34.26112366,17.45258141,10.26122189,4.254454136,9994.428805,3,34971.96984,20.70825195,9.614319801,4,202.2942352
22006,70.37747192,40.34657669,27.6572361,7.064083576,4.814455509,10499.23569,3,196.6328165,14.06061077,8.392677307,4,34.29802322
22007,85.35123444,19.46884346,16.38938522,8.317120552,6.993152142,90.75951615,3,4391.655049,32.53427887,6.306806564,10,221.2629852
22008,139.677887,32.47994995,21.10444069,7.166831493,4.190432549,8436.387444,3,33462.99748,18.09597397,6.58393383,4,62.28149796
22009,27.83422089,30.13947296,11.98843098,5.192266464,2.601621628,7849.056532,3,40395.60121,10.04132938,3.638003826,4,165.3791199
22010,76.89707947,49.44727707,29.18956375,11.24344444,7.285425186,11097.19719,3,530.7910291,21.50963593,13.23856068,4,336.8204956
22011,251.2715302,47.00908279,29.67024803,9.299974442,5.581001759,11081.7283,3,1325.952236,27.87442017,8.729549408,4,317.2905884
22012,164.592804,23.63268661,16.80391121,9.249116898,6.064424992,7770.4025,3,424.2349868,25.0751133,10.88653278,4,192.4051208
22013,128.085022,29.84930611,17.68863106,10.38454819,6.29136467,7272.691238,3,928.6243186,28.14233208,9.955535889,4,120.9637604
22014,3.609341145,36.78027344,9.5108881,3.051953793,2.53048563,280.6441563,6,6437.67089,3.44258523,1.156928062,4,149.0362396
22015,9.086769104,26.74942398,13.04821968,3.52122879,2.262120247,292.2447689,3,6724.958093,5.726377964,2.51224184,4,186.0186005
22016,111.5310822,24.71490479,15.15007305,6.995898724,4.421552658,5181.955845,3,20354.90162,22.57078743,6.982815742,4,251.5650482
22017,0.638876557,51.40507507,21.07509613,0.66258949,0.450501084,1831.908576,3,7216.98742,1.252984405,0.300467938,1,255.1275635
22018,280.2435608,20.52394676,13.75219917,8.482085228,5.258810043,749.9790741,3,4309.274422,34.14948273,7.972745419,10,60.57715988
22019,221.2667236,53.9428215,25.85877991,13.29192066,7.223013878,1001.579643,3,2782.960122,34.00924683,10.662323,4,304.6951599
22020,199.670517,30.68447304,18.69093513,9.043972969,5.282476902,1821.711322,3,3052.32032,23.06042099,10.02174091,4,220.2363586
22021,255.4910583,23.13592339,16.45966339,9.500657082,6.215278625,1693.642315,3,3552.586759,34.93504333,10.42292786,4,265.4546509
22022,48.13221741,30.96670723,16.89698982,4.566606522,2.307812691,8866.062392,3,39874.59802,9.650644302,4.28269434,4,110.1363068
22023,97.8502655,22.3460865,14.73992157,5.679881096,3.73252964,7073.733255,3,5473.252825,18.14448357,8.800492287,4,234.0193176
22024,112.8309708,26.68469238,22.59631729,5.619055271,3.430097818,12170.2004,3,2747.427439,16.53471375,4.400856018,10,38.15460968
22025,132.4231567,19.77389908,16.11375618,9.374623299,6.95149374,576.3320726,3,4081.318106,35.23383713,8.728204727,10,71.99583435
22026,335.2194824,22.53031921,14.18725395,9.268146515,5.405941486,951.7599863,3,3765.166123,28.75757408,8.805138588,5,196.901886
22027,31.58970261,65.69812012,22.3928566,8.6427145,6.266695023,7.134025658,3,6441.297282,13.38823891,11.33403969,4,15.05886841
22028,153.607193,27.6862812,17.80505371,7.606325626,4.627291203,9348.653303,3,16306.21609,18.67206001,8.955588341,4,191.3099365
22029,31.88595963,25.62461853,15.19289112,10.1635828,4.762766361,9723.181538,3,34696.11083,22.02626991,7.397424221,4,50.59182739
22030,108.6707535,28.34291077,18.30392838,7.978697777,4.540539742,9070.081988,3,38679.70673,22.61450958,8.444523811,4,79.99201965
22031,36.14992523,57.81124496,23.88758087,4.638273239,2.466216803,9529.953551,3,40211.82254,8.566315651,3.600688457,4,45
22032,119.9919434,36.85045624,27.94227028,9.128518105,5.953701973,4072.689355,3,21436.57786,26.66299629,9.516430855,4,54.70665359
22033,14.46468735,46.1484375,19.02845573,4.804136753,2.628190994,9349.462698,3,39644.58146,8.850402832,3.791112185,4,53.13010406
22034,72.71796417,49.30338287,27.59007645,6.739786625,3.595865726,9909.069817,3,39664.49464,14.57515049,5.622760296,4,314.1048279
22035,171.6776428,22.1097393,15.22845078,7.150714397,4.223717213,12305.0526,3,1004.662687,23.16873741,8.615560532,4,114.1332626
22036,179.5230255,38.92454147,25.40353203,6.801837921,4.247952938,898.5525888,3,7223.406484,16.76317787,10.20131874,4,286.6992493
22037,69.63180542,29.08486938,16.68610001,7.889168262,4.69791317,6127.99325,3,19441.29205,21.85404205,6.149933338,4,168.1113434
22038,115.0373688,30.90024567,19.80786705,8.622125626,5.179526806,5776.473345,3,19736.63289,23.9236393,7.833313942,4,302.5226135
22039,89.62783051,26.57301521,18.42144394,9.581479073,5.270564079,5145.423156,3,30383.03506,24.98730278,9.565192223,4,227.4796448
22040,78.17272949,28.64843369,17.90707588,8.141876221,4.54347229,268.0860106,3,6070.33246,20.40717316,9.14909935,1,220.3141022
22041,211.3261261,26.37629318,16.38960648,10.48042393,6.243529797,454.0653057,3,1349.005986,28.83243179,11.44428635,10,56.63363266
22042,216.1741943,24.25512505,16.60831451,8.922805786,5.453445435,735.7032983,3,2305.110287,31.43483162,9.765083313,4,237.4996338
22043,7.787893295,42.21656418,19.06125832,3.977499247,3.436289549,260.566639,3,5409.509727,5.167021275,4.611256599,4,205.0658569
22044,258.6646423,23.81984901,18.36668015,8.898282051,6.418359756,325.8409268,3,4545.136914,27.18209648,10.12439632,4,61.18920898
22045,103.5947037,50.77443695,27.41338158,10.38978195,6.238878727,229.8704494,3,6393.442725,18.9734478,9.739167213,4,52.69605255
22046,278.9078064,19.31381226,11.60114765,7.508686066,4.945819855,1511.407406,3,3593.715368,28.0709095,7.849543095,10,89.19306946
22047,251.5402679,49.40958023,27.97499084,9.964946747,5.727732658,1491.022825,3,4966.09782,27.60767555,7.935474396,4,312.5155334
22048,97.85583496,56.71560669,29.00432968,9.797735214,6.61124754,186.4673194,3,6116.034854,25.20205116,11.97323132,4,335.1999512
22049,24.03475761,43.86346817,23.16636467,9.607396126,6.526311874,167.8048495,3,6992.4589,14.94093132,10.03891945,4,315
22050,140.8007355,28.76225471,23.00982285,8.899184227,5.376262188,1165.808389,3,8141.744985,26.92296791,8.162049294,4,51.64588928
22051,82.21546173,25.74316216,19.99988556,7.016299248,4.133566856,8394.305606,3,13037.87534,17.49669838,6.565146923,4,325.7896118
22052,68.39136505,22.24957085,12.09167004,4.847947121,3.491389275,4809.169729,3,6290.622604,12.59945774,5.713109016,4,299.8381958
22053,171.7355499,17.36044502,11.1318655,4.153350353,2.679898739,8409.231491,3,5102.124981,14.77974892,3.932122707,4,256.4295654
22054,152.7717133,49.72158051,31.39089775,8.549434662,5.070575237,10402.54256,1,566.9531369,25.56005669,6.807617188,4,329.9950867
22055,111.6408081,17.72892952,9.56993103,6.155805588,3.486494064,2534.095698,3,1480.063205,22.27366829,5.999844551,10,34.68352509
22056,229.8714447,20.60479355,14.25619316,7.479952812,4.155227184,420.9072951,3,4446.437469,30.00767136,7.829324245,4,46.50743484
22057,100.0312881,53.22726059,26.35326767,8.717980385,4.657900333,355.7771907,3,4986.406944,27.79873276,6.59081316,4,315
22058,226.1481781,46.4553299,30.11588669,10.41025829,6.691059113,586.1119932,3,5226.404348,26.70400047,10.32660294,4,62.44718933
22059,124.8235016,26.58391953,16.8039856,8.496752739,5.301625729,3671.550928,3,29036.71033,23.22904587,9.43578434,4,200.4622803
22060,100.7815781,45.22340012,27.73761749,9.317774773,5.349383831,5264.922336,3,30336.44562,22.63463402,8.456983566,4,276.0958557
22061,32.53930664,31.38344193,19.0192852,4.986610889,3.027129173,9616.808317,3,39984.18177,11.41864395,4.181962013,4,60.75117493
22062,18.50645638,10.99094963,4.213132381,3.756524086,1.935793161,8896.775195,3,4732.289759,14.36417866,2.512017965,10,263.884491
22063,165.1531372,43.64068222,29.50523758,10.16651344,6.250851154,11714.20471,1,1094.485155,30.60395432,11.66921997,4,313.859375
22064,49.19432449,55.1294899,26.81895638,7.451461792,4.431893349,324.138543,3,6571.175167,14.19254875,6.352192879,4,29.29136276
22065,11.96364784,33.44084549,19.86784172,4.152535439,2.594448805,9205.981471,3,39755.2005,9.321034431,3.734245539,4,42.61421967
22066,38.77359009,34.97010803,21.90287781,3.660862207,2.405102491,9424.640939,3,40471.38935,7.287024021,3.116877079,4,45
22067,99.92262268,30.55513573,18.85273552,8.134812355,4.358524799,8515.529253,3,39282.01909,20.61745644,7.033186436,4,120.4269562
22068,79.47766113,23.8208313,7.753230572,7.800873756,7.11785984,110.2512612,3,4453.875015,32.83830261,5.878304958,10,188.0170898
22069,46.08061218,15.37672901,9.662549019,6.717160702,4.046415806,41.55708429,3,4307.560624,32.16065216,6.927469254,10,200.1748657
22070,294.107605,18.09277153,12.80079174,6.621884346,4.485486031,579.9580692,3,4377.564562,31.60889053,6.116114616,10,231.6388855
22071,102.5932236,24.34340096,16.03682709,7.697713375,5.125851154,6421.423134,3,31678.54603,23.74853516,7.107841969,4,261.3474731
22072,139.7346802,28.56643677,17.55598259,7.755924702,4.844184875,8990.323953,3,33914.43076,21.73738861,6.276708126,4,120.3215256
22073,33.05719376,32.73109818,20.66270065,10.15111637,6.327149868,9871.298704,3,34817.72222,21.09356499,7.872382641,4,68.4046936
22074,38.3901329,36.7323761,17.68873215,10.63169384,4.665951252,9976.731964,3,34874.0551,20.5263443,7.243458748,4,83.94172668
22075,163.6653442,24.72531128,15.37489796,5.597015381,3.42809701,8622.336013,3,41334.45728,15.5352354,6.554445744,4,228.1798248
22076,58.07062149,28.30062485,20.57252121,12.97716904,6.020068169,428.2279983,3,4028.776738,29.33816528,7.72241354,10,61.69924164
22077,51.64968872,28.41441536,22.81006813,10.11283207,8.455708504,112.9472465,3,4213.664826,31.56113434,10.2971735,10,197.8188782
22078,26.86845016,40.80183029,25.2735405,13.30439377,8.714176178,244.0731839,3,4176.025956,26.98456955,12.4968214,10,215.5376892
22079,294.5584412,51.25284576,29.85656548,8.945771217,5.035476208,1486.744023,3,6313.470066,14.01695633,5.856600285,4,42.27983475
22080,86.69216156,32.93576431,18.62559891,8.391695023,4.841281891,5164.623158,3,20345.86304,20.41303444,6.834929943,4,300.3236084
22081,30.6421566,34.13723755,23.36347389,9.673946381,6.503172398,10213.28001,3,35088.43154,21.52334023,11.37449074,4,245.3538971
22082,72.82453156,31.17700768,18.26994133,8.826895714,5.123374462,10094.46498,3,36033.04045,20.666008,9.287507057,4,159.84552
22083,41.073452,33.21998596,13.02930737,7.151502609,3.686376095,7553.726359,3,40578.78407,13.66150093,5.199189186,4,169.1596985
22084,250.6054535,27.40529442,15.38996792,8.917566299,6.389339447,761.4094033,3,4806.012827,28.34058189,7.886680603,4,104.3493347
22085,16.65395355,40.53046799,16.49585342,8.142712593,4.071045399,74.18386196,3,5539.73291,14.55869293,6.549764633,4,266.9992676
22086,164.00354,26.07901382,16.15698433,8.429156303,5.381216049,5930.936173,3,10346.35481,25.08870697,8.461381912,4,120.6772766
22087,72.38618469,31.70914459,18.42975044,9.436701775,4.836857796,6001.862148,3,31108.37935,23.85426712,7.861832142,4,230.5586853
22088,56.891819,27.62467003,18.10124016,9.597950935,5.80528307,8439.926843,3,39206.19411,23.44934654,7.817098141,4,219.0531311
22089,66.5621109,28.65172005,17.75316048,7.340835094,5.046966076,8144.989489,3,41022.13395,17.26582909,6.770735264,4,244.1620789
22090,31.02887726,22.62289047,11.63788033,3.907953262,2.345621109,4554.411501,3,6533.90115,10.37768173,4.213578224,4,283.886261
22091,76.58043671,23.96028519,16.80788231,6.825536728,4.257063866,5962.585725,3,6378.596514,19.66004181,6.91988802,4,70.51387024
22092,68.77105713,26.81649208,15.24830818,4.785784245,2.978132963,6877.663313,3,5755.559664,12.67704773,7.591973305,4,247.6198578
22093,116.3437271,23.99271965,19.38282585,7.291307449,5.005810738,8880.219666,1,171.5401539,24.13780022,9.358509064,4,34.69515228
22094,38.30942535,20.6587925,9.605010986,7.986110687,6.303106785,8757.9254,3,359.1262441,29.88936424,6.098405361,4,217.6139526
22095,91.3894577,21.70171356,8.36898613,7.799075127,3.407353401,887.7881373,3,3911.132815,35.2005043,5.471685886,10,72.40757751
22096,267.3851318,22.75192451,14.62045383,7.578890324,4.521431446,1600.77023,3,3389.372471,28.68013763,6.883424759,10,83.7409668
22097,209.3065033,33.83272552,22.66395569,9.51943779,6.140651703,1879.975746,3,7479.803833,20.10708618,5.601719856,4,288.4349365
22098,224.1569061,17.06537819,11.49513626,8.278460503,4.733081818,1312.563286,3,6591.117481,27.71119881,8.561089516,4,196.9575806
22099,39.16496277,36.40215683,25.9460907,9.925210953,6.187840462,9765.929597,3,39.99995483,18.0463562,11.43463707,4,31.80939102
22100,273.0077209,17.40651894,10.20088291,7.347452641,4.274786472,1319.796936,3,3475.268978,30.95158958,6.784920216,10,59.51105881
22101,22.88960838,39.23975372,17.46277618,10.04295826,4.967937469,1802.639909,3,2820.081776,20.16508675,8.365330696,5,206.5650482
22102,126.7741547,45.3094101,29.14748383,8.211941719,4.758365631,1017.417881,3,7051.532184,20.54133224,6.448439121,4,339.5716248
22103,268.2280579,39.82226944,24.59277916,9.02924633,5.235663891,1494.585994,3,6573.799264,16.37715912,6.383957863,4,303.9867554
22104,81.40279388,28.14782906,16.05030441,6.892731667,3.924117565,8102.62605,3,41350.7781,15.31451511,6.805868149,4,153.4349518
22105,37.9187088,19.69644547,16.36636543,5.247562885,3.699883699,5448.404376,3,6077.765977,16.09044456,3.045321226,4,327.8042603
22106,142.8625488,20.08282852,12.44588089,7.032419205,4.118766308,8328.580258,3,5570.337207,21.73939323,6.30872488,4,199.8406982
22107,139.9725037,27.78139496,15.73825932,9.321185112,5.393671989,4302.647575,3,9441.194287,26.77414513,8.314114571,4,162.4744263
22108,144.5687103,24.42247772,15.85297203,8.714365005,5.086527824,5444.007536,3,10426.33731,29.92293358,7.327942848,4,249.9271393
22109,64.62351227,32.32817841,19.99253082,10.36315918,6.837293148,10381.24746,3,35147.87764,25.07629395,9.81490612,4,241.6762695
22110,82.25123596,29.62452888,16.91842079,9.570650101,5.596007347,8676.354092,3,38808.96362,24.64245224,7.333286762,4,100.9946823
22111,74.15853119,26.86532021,14.50112724,5.461268425,2.932361603,8220.561944,3,39849.08531,15.92556286,5.018694878,4,231.7889709
22112,85.81175232,22.46759224,13.75615597,5.430911541,3.377919674,8755.794016,3,40015.38322,16.62736702,5.76941824,4,241.9908295
22113,67.38089752,22.61344147,12.72732162,7.09397316,4.238963604,8117.410064,3,41215.03026,21.2034893,5.5308671,4,98.39570618
22114,179.8612366,38.41820526,29.50078964,9.178143501,5.320963383,10155.83593,1,685.6400099,29.04595947,8.261392593,4,35.8821373
22115,109.3309479,32.66291809,25.24682045,8.298965454,5.169214725,9543.654726,3,256.1003149,24.30318832,11.2720499,4,29.90842819
22116,245.223999,21.79414558,16.09486961,9.833376884,6.290430546,1098.994949,3,3270.377039,33.32672119,9.064538002,10,72.87818909
22117,94.00957489,56.76732635,25.99224472,6.443115234,3.716447115,835.1748685,3,7598.806778,20.83047485,5.436927319,4,35.66379547
22118,37.25751495,32.4509964,18.76456451,8.655379295,4.915828228,2492.921306,3,27882.38962,18.49424362,8.972360611,4,168.1456299
22119,60.1305275,51.37459183,27.70370483,8.486310959,4.507820129,6023.602103,3,31021.04142,17.92398834,6.663286209,4,311.5482788
22120,116.390213,25.56383896,13.79726505,7.969930172,4.176294804,9125.159657,3,37917.2197,21.14427567,5.771353245,4,178.3310394
22121,95.9382019,38.55742645,25.40200043,9.283854485,4.702963352,8526.179908,3,39637.64519,22.40644836,8.599344254,4,42.39743805
22122,89.6650238,26.79281425,18.92409897,5.89665699,3.385619879,5019.864433,3,6600.061859,16.26387405,6.138316154,4,252.1981354
22123,162.030365,22.13004494,15.17924976,9.67220974,5.915590286,1523.533791,3,3013.905585,30.43492508,9.239045143,5,207.3203125
22124,32.16160965,16.94560051,11.26242828,4.626044273,2.480821371,2655.946926,1,1752.002238,21.39310455,4.09859705,10,36.08507156
22125,155.5611877,22.96011543,15.90829468,9.507369995,6.017660618,498.8736925,3,5826.145069,28.69655418,9.797737122,4,240.7511749
22126,167.8901672,29.86719704,17.0920887,9.924446106,5.450734615,4802.302029,3,9690.366067,30.83691597,7.448320866,4,279.5301208
22127,139.6862793,38.39478302,24.96466064,12.19606686,7.261193752,4083.390886,3,29237.79921,27.4656868,10.8542347,4,305.5376587
22128,115.7103348,25.00785255,19.49091721,5.536079407,3.530653,7299.891453,3,32231.57642,17.28679276,4.84795475,4,272.2905884
22129,18.53857231,22.71290398,13.81095314,3.738070726,2.064096928,7714.8161,3,32688.19518,15.50674152,2.973500729,4,294.04422
22130,152.3552399,26.39849281,17.98626328,6.544611454,3.906766891,10271.79322,3,654.9284239,27.89082527,5.603295326,4,63.43494797
22131,243.7811737,23.39514732,14.81771088,8.08187294,4.711771488,5490.053585,3,988.2267825,32.09429169,6.637194633,4,250.6315002
22132,62.91397858,28.29064178,17.09817696,5.767168045,3.501251698,9429.778306,3,40218.26345,13.70835114,5.863461971,4,225
22133,4.073764324,49.8514061,27.10117149,1.972024202,0.913161874,8970.508932,3,128.780655,5.572835445,1.278554916,4,29.05460358
22134,23.51982498,56.2871933,24.73595428,17.88277245,8.623979568,237.2043925,8,4059.117231,32.3842926,11.97395134,10,31.93248177
22135,224.4979095,24.12412262,16.30389595,7.496056557,4.716012478,1011.32577,3,4502.224965,29.35135078,6.613595009,4,104.1391068
22136,227.8522186,28.0578022,21.92425728,8.805230141,5.174455643,1195.011982,3,4227.724955,30.10047722,7.841990471,4,61.84381104
22137,189.3890228,27.58624077,18.1890583,7.961485863,4.754942417,6994.701608,3,11365.03283,22.06952667,7.95477438,4,255.2995605
22138,60.95301056,28.52915192,16.82860947,8.741368294,5.594956398,9967.166093,3,34749.31892,25.70702171,6.759469509,4,87.13759613
22139,301.8653259,22.78717804,14.29047871,9.583008766,5.77261734,3021.868259,3,2404.798354,34.80462265,8.254779816,10,173.1335754
22140,200.4662018,39.88533783,26.36100578,11.30612373,6.16353035,1171.806204,3,2936.667487,30.77664948,4.792199612,4,280.527771
22141,146.6597443,25.35261154,15.87088299,8.901495934,5.833324909,6483.404088,3,19023.45801,27.78763199,7.896385193,4,246.2864075
22142,36.93783188,42.3751564,23.39289284,3.545556784,2.229417562,9151.77959,3,40403.00288,5.981164932,3.238058567,4,45
22143,75.80052185,38.02033997,23.60042953,6.605762482,3.9406178,4783.870734,3,6906.80549,16.05282593,5.89725399,4,307.875
22144,113.3845673,16.17700386,8.846347809,6.130604744,3.239702463,1612.428832,3,3437.801565,26.00647926,4.716199875,10,73.18662262
22145,74.07859039,31.54893303,16.37950897,7.754653931,4.292056561,1973.917158,3,27302.96331,21.4032383,8.399273872,4,149.1911011
22146,77.17881775,23.51842117,17.50658226,7.90256691,5.725764751,2479.493307,3,27725.02703,24.21974182,7.602170944,4,216.8699036
22147,48.2645607,38.17555237,20.60396957,17.68548775,9.32621479,2521.933399,3,27834.33603,32.59066772,12.63402557,4,331.1721497
22148,71.63571167,33.31279755,17.92245293,6.556232929,3.705468893,10027.83546,3,40336.54121,14.90793419,6.286073685,4,102.6718445
22149,116.5142517,22.18066025,17.62608528,6.603224277,4.197079182,10876.2301,3,3672.484876,20.20175934,8.17427063,10,69.2844162
22150,163.6145782,23.24608231,17.48329735,8.033949852,5.315506935,10067.34293,3,938.5099444,26.71234131,9.224755287,4,83.50065613
22151,57.84700012,31.79902077,23.70382118,12.63532257,7.443873882,209.5077411,3,3955.103209,34.99338913,10.43717861,10,50.10578156
22152,207.8402557,33.03498459,27.24385452,11.27991581,7.917312145,1293.464021,1,2784.854983,37.47809982,10.10351944,10,305.1341858
22153,98.75901031,28.24401474,15.61327457,7.18575716,3.963160753,5242.443687,3,20271.574,21.63887596,7.477421761,4,165.6506653
22154,38.21111679,39.27117538,18.35320854,5.859908104,3.152251244,5828.518152,3,1344.639228,12.20144844,5.420883656,10,215.8127594
22155,118.6779633,26.62150192,16.31572151,10.19203377,6.614778519,7063.682456,3,18452.92037,28.79868507,8.792998314,4,98.13010406
22156,16.71814156,32.9864502,20.25162697,2.902200699,1.811451435,6450.81562,3,6109.780404,4.819731236,2.742964983,4,274.2421875
22157,18.42449188,28.29489899,12.31766891,3.799718857,2.170257092,6920.731902,3,5930.95679,9.480107307,4.286616802,4,212.0053864
22158,190.4043732,37.072258,27.26187897,8.249377251,4.583681107,11342.2469,3,1324.736729,31.09810638,7.723758221,4,52.52381897
22159,71.79875183,20.43226814,11.7358427,4.455836296,2.617290974,6945.24846,3,31935.49634,15.50441647,3.361192942,4,246.6711884
22160,94.78781891,22.86112785,17.52604866,7.904339314,5.763150215,10167.82709,3,4651.161569,20.55016327,9.932382584,10,78.32566833
22161,33.31303406,55.10347748,29.96315384,5.44080019,2.553601742,13711.00759,3,2194.408039,12.45686054,4.129018307,4,28.10704422
22162,182.4989929,19.97622871,12.55734921,6.728946209,4.028254032,652.9212719,3,4314.204002,27.19962502,7.60184145,4,49.94596481
22163,89.36371613,43.14124298,26.63984108,8.420092583,5.485490799,9653.520348,3,14289.21495,19.10427666,10.31665802,4,317.3859253
22164,74.13973236,30.25249863,19.17595291,10.21396542,5.742603779,10551.23114,3,35420.08331,26.37618828,9.145973206,4,141.170166
22165,59.9014473,31.41505432,19.88908386,10.49027157,6.147859097,10341.41016,3,35679.96496,25.32766342,9.171373367,4,287.5422668
22166,88.57080078,23.44538498,12.76481628,4.190678596,2.289784908,7887.821697,3,5332.892293,13.47285557,4.248839378,4,266.1203613
22167,127.057991,45.59682846,29.65581322,7.180690289,4.021986961,10637.04235,3,632.3326253,23.7949276,6.188599586,4,30.46554565
22168,51.692173,19.18331528,11.6118803,9.818109512,4.513296604,1903.423053,3,7199.242912,28.20724678,10.68924141,4,204.8482513
22169,87.85263062,23.76602173,15.18060493,6.553932667,3.703030586,9066.641448,3,13471.69223,19.5504837,5.910619259,4,165.113739
22170,108.7934036,24.2682476,15.28820419,6.479017735,4.414463043,5041.185761,3,20481.39256,21.61736679,5.977333069,4,245.462265
22171,305.419342,37.11923218,25.31859779,9.115098953,5.498163223,2145.281786,3,23420.19202,25.00830841,8.26504612,4,42.41204071
22172,86.38964844,30.24421501,20.31665993,12.7473917,6.962581158,29.20170006,3,25368.42256,26.64976883,13.90388966,4,88.87088013
22173,49.976017,28.25112534,17.54434395,5.601425171,3.543314457,404.6694036,3,25817.8126,14.76985741,7.076641083,4,260.1664429
22174,59.51607513,26.04782104,21.27640915,8.245031357,4.568538666,860.1739794,3,26183.23126,19.35632324,9.587741852,4,190.9185333
22175,149.5954742,31.38136292,24.38309288,7.442421913,5.087480068,8802.508495,3,33658.36638,20.96826553,6.48597002,4,60.4221611
22176,113.115593,25.79249382,13.76239109,5.617068291,3.551383257,7232.646856,3,5948.255216,17.66674995,8.641723633,4,278.5513611
22177,141.2236786,26.71461105,16.79221153,8.093260765,4.974397182,8217.924556,3,5352.412857,22.48121262,8.659243584,4,310.5094299
22178,140.4438019,19.4661274,19.15986443,6.6836133,4.7999053,10857.25007,3,4151.678283,26.19629478,8.838507652,10,272.1210938
22179,126.3573837,21.45611,13.2276926,6.823640823,3.85065794,9473.478107,3,13869.78564,20.00652504,5.353947639,4,183.6522217
22180,144.9008942,29.38553238,20.88386345,8.035729408,4.900333881,9672.000714,3,15958.80538,21.99514198,9.427599907,4,72.8972702
22181,126.9959869,29.14988708,15.48301888,8.8707304,4.805961609,4903.541854,3,20631.55882,24.8621006,6.876204967,4,205.6021881
22182,55.72254562,28.98898888,22.02256393,6.009627819,3.301353931,10096.80899,3,40230.02869,15.22527027,6.137101173,4,296.9958496
22183,38.46751785,31.78538322,17.29655838,5.066876888,2.986944914,9874.511541,3,40626.63634,10.83907604,5.450175762,4,96.77630615
22184,111.6984787,20.64149094,15.87888622,7.159672737,4.227838516,9875.771294,3,4697.953146,23.5721283,7.311086655,10,101.8643875
22185,224.6044464,15.59383106,9.937222481,6.566426277,4.016440392,2409.066738,3,2496.484179,34.79494476,5.170145988,10,140.8313751
22186,212.5862274,20.01483154,11.73910427,10.32898903,5.953164577,2049.781005,3,2716.398028,37.20851517,9.046318054,10,170.2900238
22187,107.2396851,17.61279678,15.43341923,7.879811287,5.987925529,161.3764046,3,4240.629535,33.25332642,7.846214771,10,233.1280212
22188,186.7411804,25.84486008,13.97052574,7.347560406,4.344141483,6128.797767,3,805.259511,26.73251915,9.56291008,4,239.845459
22189,218.4013672,24.30501556,15.45649624,10.66958904,6.202764511,5728.322922,3,935.5371828,34.67067719,8.745511055,10,156.8327942
22190,63.17334366,17.4192543,9.839725494,7.738601685,5.088708878,1341.9207,3,3299.239655,29.22024918,5.853210449,5,206.4577637
22191,205.2166748,29.6041069,16.37458038,11.0579567,6.251925945,2029.218751,3,2838.598643,23.4564743,8.397797585,4,165.4655457
22192,68.64499664,26.18811226,18.04031181,7.771706104,5.824058056,8917.219263,3,39299.54566,23.93819427,7.120298386,4,237.0305939
22193,143.7662201,30.47535896,23.03557014,9.808720589,5.918422699,785.4869776,3,3188.601324,31.35053062,8.917917252,10,57.99461746
22194,188.1888428,20.69652367,13.98246956,8.199879646,5.822103977,41.15198387,3,3914.417145,34.40456772,7.998677254,10,236.7881775
22195,133.0125275,36.41262817,27.30270386,9.679841995,5.29313755,951.7111278,3,4186.79862,25.90849495,9.978692055,4,32.69198608
22196,112.2215576,31.20044327,22.71889114,8.244818687,4.977622509,5400.85744,3,10264.84177,24.23476791,6.976856232,4,324.3982849
22197,12.93157387,46.52164078,31.07334137,3.642859697,2.108423948,13443.51821,3,2599.094209,9.344222069,2.454092979,4,18.43495178
22198,236.7020416,15.69067574,9.210587502,8.908639908,5.114973545,611.2005062,3,4008.96257,31.70662498,7.023534298,5,198.4349518
22199,93.11779785,23.84454346,15.88624191,7.257936001,3.982442141,8763.782459,3,39729.22735,19.93138695,6.461730003,4,166.8785858
22200,192.1546783,21.10804939,13.93861961,7.750529766,4.611569881,13837.23523,3,2222.92851,27.94425583,9.586668968,4,121.3099518
22201,146.534317,21.89948082,18.35479546,8.212803841,6.469898224,12137.44146,1,1606.744043,34.82920456,8.843446732,4,278.5836182
22202,139.1481628,24.17756271,19.49541473,7.316980362,3.823873281,12727.11937,3,1865.173595,24.06617928,8.291532516,4,70.46334839
22203,164.1147766,21.01068878,10.80002403,9.294858932,5.077347279,815.4341656,3,818.7290897,24.89653969,6.741322517,10,151.5348053
22204,172.6972809,39.35106659,27.35507965,9.144937515,5.171251297,897.2243282,3,5851.731215,15.73572826,10.13481808,4,45
22205,115.1267014,27.00922775,17.92162323,8.205330849,5.249629974,8571.465032,3,41866.62209,22.40339851,7.964709282,4,236.5346222
22206,84.19728088,31.32976532,17.27957153,7.191227436,4.167387962,10782.83946,3,40742.01146,16.49371719,6.197538376,4,152.9272461
22207,6.331578732,41.34924698,16.65607643,3.287023783,1.783045173,6324.771443,3,6330.475902,4.968451977,2.317929029,4,254.8070984
22208,58.21802139,30.338871,17.86009407,8.21873951,5.437889576,7230.867671,1,457.5974858,29.40607452,6.619632244,4,261.4509277
22209,246.4050293,25.09685516,15.00672722,10.53913784,6.282240391,5066.462792,3,1141.437344,34.18567276,8.611946106,10,152.6317902
22210,301.9602356,25.60062027,14.11778736,9.41861248,5.525732994,3540.145978,3,1818.587324,34.20225906,7.669983864,10,83.22872925
22211,96.59247589,19.39573479,13.2538166,6.388517857,4.641874313,9782.345073,3,14310.19441,22.5760994,7.297078133,4,241.504364
22212,151.4283447,23.40581131,14.04026031,6.902654648,3.940404654,10015.0557,3,15460.48249,19.06880188,6.628865242,4,165.6997223
22213,68.86309814,35.06892395,19.68806839,7.795681477,4.882757664,8376.002944,3,41639.41779,17.44469833,7.065073013,4,75.78507996
22214,93.89292145,31.36543083,18.70683098,9.300832748,5.180148125,8013.358376,3,42458.6955,22.72312927,7.903151989,4,74.21924591
22215,247.9226379,23.78891754,14.90162277,7.673018932,4.404490471,4818.381172,3,1135.399285,31.92781639,8.300431252,10,235.6196594
22216,109.3350296,22.93545151,17.46070099,7.410766125,5.112193584,2808.114238,3,27949.23949,20.99697876,9.586186409,4,210.5862732
22217,7.149375916,38.03323364,21.84347534,3.733259439,2.07877183,10039.1344,3,40530.9355,5.540483475,2.321871758,4,38.9909935
22218,75.36638641,29.41815567,23.74375534,5.701577187,3.298862457,5733.599457,3,7058.337441,17.83860016,6.201564789,4,58.13222504
22219,58.91436768,32.17573166,14.28246212,10.56651974,5.241944313,7437.215166,3,364.1129457,28.24280548,8.252038002,4,136.5481567
22220,152.5278931,23.21868706,15.15383148,8.577371597,5.910402298,6850.34248,3,458.6150821,30.21698761,8.442667961,4,215.3217468
22221,181.8337097,26.75498962,17.16195488,10.49073601,6.573421955,401.9407814,3,1026.723355,29.41053963,8.872409821,10,185.4205933
22222,117.1547852,28.18098259,18.20519066,11.70611858,7.170619965,97.85554695,3,1238.179031,30.20583916,12.35470295,10,143.7147369
22223,116.3304825,26.01973152,16.07582664,9.867794991,5.388984203,6745.69221,3,31596.582,25.6577301,8.440493584,4,199.4474792
22224,145.4252319,27.52424622,16.80383873,7.322853565,3.968176365,8002.156148,3,32448.02047,22.04659271,6.715266228,4,110.0560913
22225,77.00202942,26.67440224,16.5109539,3.958351135,2.757276297,6656.512815,3,6488.679176,10.68889523,6.774809361,4,259.6951599
22226,197.1255493,22.40921783,13.65221882,10.28001976,6.356719971,1006.571426,3,464.5688864,31.93744278,8.707913399,10,100.5277863
22227,156.4464722,43.08911133,23.17460823,10.93688679,6.148435116,1760.787939,3,2710.353602,27.42277145,8.866282463,4,287.5432739
22228,196.0818939,31.91894531,22.02349854,11.45708847,7.261359692,891.4020067,3,1640.765244,34.24059677,11.47109699,4,274.1080933
22229,237.3340149,20.35350227,13.90017414,8.237906456,4.702359676,1385.669243,3,2786.193285,29.06101227,6.856602669,4,253.458252
22230,9.10128212,61.85315704,19.70660973,11.23210716,5.918700218,2251.088169,3,989.4330201,13.35912895,7.708629131,10,76.16662598
22231,117.0324478,26.82035065,15.58181381,7.410170555,4.312682629,9234.520239,3,33994.47007,21.51276779,6.68576479,4,136.1843262
22232,141.1678925,30.31410217,23.21795654,8.575863838,6.303190231,9084.721037,3,33763.83362,24.10574913,8.407694817,4,46.75632477
22233,82.86459351,28.20406342,15.34114552,8.050317764,4.587922096,9313.771265,3,38050.70755,23.47226143,6.944015026,4,236.3628845
22234,38.86411285,44.86583328,25.67869568,4.047433376,2.423503399,9889.946768,3,41007.65905,7.93108654,4.493930817,4,59.93141937
22235,89.47621155,28.65710449,16.39242554,6.207643509,3.819582701,4414.257994,3,7592.545037,15.6557703,7.885545254,4,189.7824097
22236,129.1547546,21.57767487,17.3048687,9.775267601,5.629931927,1192.888777,3,6317.636951,28.5524559,7.730802059,4,195.0574341
22237,118.0394363,25.61476135,16.88038254,9.440335274,5.351963997,3779.085356,3,28749.79705,27.00458717,9.172444344,4,216.1581879
22238,154.5987091,23.65584755,16.31542206,9.499314308,5.950841904,4950.177815,3,29798.93272,27.50084305,8.512061119,4,192.1155396
22239,84.40631104,32.014431,18.82750702,8.429011345,5.105571747,8372.651428,3,40129.30697,16.42277908,8.777418137,4,95.17302704
22240,98.97792816,45.86782837,25.80899429,9.586194992,5.49301672,8261.659975,3,40406.07258,13.32039452,6.751204014,4,70.46548462
22241,116.1154785,19.91483116,14.72367287,6.924637318,4.366077423,8673.714002,3,5694.771902,20.90306664,6.735788822,10,184.1521301
22242,193.792923,17.40950012,11.36397362,8.66146183,5.219756603,1430.953226,3,3011.557489,35.13034058,6.939885616,5,211.2321167
22243,198.3953552,27.01324463,14.63935661,11.43799782,5.998537064,690.6198708,3,188.0806372,30.55363655,9.542298317,10,200.2655945
22244,107.6228714,31.1986618,18.48984337,9.249997139,5.403240681,5014.969059,3,20533.07073,23.00201225,7.326012135,4,284.3814087
22245,123.8633728,27.86087036,15.91010284,10.53129101,5.905189514,4512.683921,3,29384.32761,26.90792274,8.600625992,4,209.4758911
22246,38.88065338,28.53827095,19.9044838,4.941580772,3.032396793,3970.745982,3,7399.15385,11.36353874,5.070105553,4,283.5231628
22247,107.9687195,24.26243019,16.8239212,6.583620548,4.003429413,8600.916446,3,5647.483977,24.45986557,6.34736824,10,286.3138428
22248,275.0122681,22.76143837,13.20605659,7.374291897,4.192295074,1534.307018,3,2090.81701,20.25470924,9.247297287,10,222.6140594
22249,253.8913422,34.38681793,21.1805172,10.97267628,6.540566921,1952.508028,3,23338.8312,27.20661736,9.358063698,4,65.37643433
22250,18.62579155,27.30189705,18.68990135,5.419962883,4.133023739,1598.95946,3,26812.05894,10.29374695,4.358059883,4,218.3797302
22251,118.0369186,27.82830048,17.43761253,9.00643158,5.267680168,5944.651054,3,30663.04994,23.39478111,8.686905861,4,175.7108459
22252,41.58398819,31.41648865,21.22191048,11.90112305,7.77530098,10402.6483,3,35008.45542,30.45946312,7.286458015,4,218.0147705
22253,115.1470413,29.21675873,16.55198097,6.733210564,3.877635479,7666.344516,3,42043.61087,17.57109833,6.691987991,4,225
22254,8.138795853,50.19387817,27.53058052,3.286892891,1.507899046,10174.51705,3,40708.25131,8.174393654,1.830423951,4,42.61405563
22255,45.32528305,31.21232986,15.80606365,5.945847034,3.56956172,10199.96644,3,40977.64993,13.18794632,6.276319504,4,147.604599
22256,74.02409363,28.00827408,21.7240181,11.71027374,7.110796928,3438.452611,3,8311.140969,26.60851288,11.52851582,4,186.7477722
22257,58.81466293,20.89291191,17.5208683,10.53124619,6.823484421,3784.437538,3,8711.418525,30.36915588,8.100018501,4,166.0594177
22258,87.06141663,26.50803566,17.04182243,8.777137756,6.245493412,179.419662,3,25022.42251,24.86653328,8.845793724,4,115.056572
22259,188.4138489,27.2875824,15.65967369,8.376711845,5.113425255,1722.811448,3,23756.37305,23.55468369,7.481360435,4,150.2942047
22260,43.57740402,25.11723137,16.70153427,7.586415768,5.706484795,8438.607139,1,256.5750929,28.40306473,8.383680344,4,41.27326202
22261,223.9242096,23.60535049,14.50780106,8.341069221,4.931946754,3318.110374,3,22070.20735,26.69471741,6.827312469,4,155.9928589
22262,91.27168274,28.65345764,18.72304726,9.506508827,5.107320786,389.0153408,3,25459.68,23.61149216,8.57164669,4,280.6559448
22263,110.4990692,41.37837982,27.95450401,11.16983986,6.969122887,895.0545477,3,26009.4799,29.87328148,10.17481518,4,308.0189209
22264,203.0765839,15.30403042,8.848210335,7.48996067,4.340381622,1209.68589,3,3190.285791,34.67353058,6.18214941,5,210.4904022
22265,231.8120422,15.959795,8.707468033,8.504560471,5.470153809,911.6052003,3,3460.091414,33.90185928,6.814285755,5,207.8438568
22266,238.1115723,29.37973404,14.66513157,8.237283707,4.904690266,1036.458785,3,1327.550721,16.00074577,7.133312702,10,130.1918182
22267,98.59122467,37.68217087,13.37314987,14.63376904,7.287381172,2050.462272,3,3357.621505,29.79213142,12.95949554,4,284.8928223
22268,254.4077148,25.39656448,16.05212784,8.955681801,5.126098156,1791.312937,3,2940.191737,25.88345718,8.834663391,4,231.9024506
22269,102.5509796,25.93673325,15.72910309,5.615101337,3.699228287,8695.808754,3,42170.42617,11.95101833,6.662155151,4,215.5376892
22270,108.2945938,27.46709061,17.62918282,6.524198055,3.513905764,13088.48844,3,3093.735013,19.07810402,7.374361515,10,118.6560516
22271,105.2554092,55.52088928,26.13978958,12.75788498,7.143501759,1408.612599,3,26444.61867,31.06227493,9.152956009,4,64.87217712
22272,16.29157829,21.90607643,15.86984539,2.990432501,1.344945431,9706.851235,3,40824.30592,7.560017586,2.588927984,4,56.30993271
22273,61.03944016,42.88573074,26.33182716,9.023631096,6.707633018,8053.300839,3,142.0306995,19.672966,13.35667038,4,29.85875511
22274,103.9539566,23.19491386,12.56045818,8.004563332,4.19297123,4023.117044,3,1604.250655,26.28748703,7.757801533,10,157.5670166
22275,346.7906799,20.38822746,11.85701752,11.44064999,6.566280365,1201.597114,3,2890.677712,35.13111496,10.08868504,5,171.6686249
22276,112.3178406,36.53852081,25.53375816,11.82937527,6.605304241,1689.754358,3,26490.8151,26.86251068,9.979467392,4,52.22431564
22277,119.8120346,37.88774872,26.33070183,9.445935249,4.782967091,1958.632538,3,26758.25329,27.41300583,8.491612434,4,305.9806824
22278,136.8605194,42.25790024,27.87378311,11.29710293,6.322669029,2306.648498,3,27191.47884,27.30148888,8.092636108,4,309.0306091
22279,136.6417084,46.30784607,28.55486679,9.40141964,5.31208086,3431.519601,3,28072.99294,23.56796837,7.501612186,4,69.17438507
22280,352.0450439,20.66343689,13.84320068,9.836984634,6.042384148,1525.585753,3,2473.665896,32.78794861,10.96641731,5,198.0909424
22281,382.7605591,21.81584167,12.50293446,10.2952137,6.413020611,1627.061845,3,2237.422555,32.73643875,11.36805153,10,167.3944244
22282,148.1283417,39.11809158,29.03629303,9.857327461,5.467141628,4595.069448,3,9111.592204,27.86451912,8.165865898,4,36.85359192
22283,99.12051392,28.50251389,16.17033386,7.770533085,4.235063553,7209.507722,3,31995.99328,28.12635803,6.2492342,4,279.2025757
22284,60.79193497,32.46490097,18.38455772,15.08215332,8.943947792,10207.7915,3,34823.79221,37.79057693,10.92976379,4,111.3477631
22285,121.3693008,29.54058647,17.11435318,8.329191208,4.504367828,8956.479782,3,37991.11342,22.83019829,8.20920372,4,226.1965942
22286,35.18082047,26.36487389,18.3988781,3.778498888,2.103989601,9756.553534,3,40984.12983,8.216490746,3.964479208,4,61.35169601
22287,175.2113037,40.31557083,26.30137634,11.26368046,6.838605404,2319.136558,3,7108.798739,31.26673889,9.580183029,4,316.5985718
22288,91.88950348,26.49522591,17.2660675,9.334946632,6.309084415,3222.713469,3,8161.178705,28.72370148,10.02067757,4,220.3331451
22289,54.6773262,11.09887886,10.4733448,5.284668922,3.617890596,11904.11668,3,3633.498665,21.5094223,9.145542145,10,90.90937805
22290,85.01318359,25.06691742,20.63143349,10.08483887,6.468502522,11035.65253,8,4341.377997,26.62089348,8.520355225,10,92.68443298
22291,119.1985016,39.2240181,28.99465561,8.126143456,4.343894005,11220.9795,3,4331.174144,19.97005844,7.472973347,10,303.4537964
22292,72.61047363,32.14162445,22.12845039,6.725514889,5.966763496,7650.82685,3,98.91852851,17.69617081,13.34011459,4,66.03751373
22293,128.2871857,26.22169495,14.75637245,7.983500957,4.575473309,8415.115152,3,12713.64564,25.66088676,7.20736742,4,132.5345459
22294,222.8773956,42.66784286,26.53411865,8.409556389,4.679757118,13559.12661,3,2761.845666,29.26987648,6.867555618,4,34.04266357
22295,184.1284332,25.97313499,17.41792107,8.417936325,6.042742252,12244.71356,3,2249.979194,31.99343491,7.771277905,4,260.8376465
22296,233.2288361,20.1316185,12.27965069,8.979009628,5.283175945,1011.04284,3,468.5817391,32.28031158,8.032309532,10,125.2175903
22297,278.5238342,26.71537399,15.01778126,9.964297295,5.709550858,821.8434581,3,1148.969272,20.44112587,6.70055294,10,203.1985931
22298,95.87600708,36.00157166,26.06503868,9.057290077,4.634336948,2887.331402,3,27583.18713,23.84556961,7.72611618,4,309.8807373
22299,140.4358978,26.80379868,22.19754028,7.842403412,4.630859852,9087.421032,1,850.4083715,27.74230194,6.174402237,4,32.27564621
22300,178.3536682,18.2851963,10.02460861,8.665920258,4.737289429,648.9106543,3,3921.334924,32.77223969,6.547326088,5,209.3065796
22301,45.79833984,15.43013954,9.786505699,6.711320877,4.488281727,1098.883855,3,6289.867825,26.5187397,7.133229256,4,195.8323975
22302,124.8389511,20.42204857,12.28898239,5.960869312,3.578350306,9506.694633,3,16027.24965,20.61159325,5.323412895,4,155.2248535
22303,114.8626709,28.30620384,16.36407089,8.79113102,4.184612274,7098.708289,3,31801.96684,26.01406097,7.761932373,4,222.5371857
22304,25.72287369,53.50904083,23.11287308,5.11771822,2.632936478,3328.188824,3,8038.370976,8.281140327,4.013634205,4,270.9874573
22305,93.58639526,15.35466385,8.309851646,8.828185081,5.821855545,571.388775,3,3930.302122,32.35749054,6.461369991,5,192.8042603
22306,57.24689484,12.74533081,6.770847797,6.384310246,3.546576977,1045.277974,3,3479.096799,29.08810997,5.736638546,5,198.4787292
22307,78.10263062,28.12012291,15.81415462,6.973339558,3.76692915,9010.774253,3,37229.22733,17.74854279,5.090838909,4,77.74472809
22308,97.92989349,19.12299156,13.70627689,5.537051201,3.380508184,9003.832812,3,5471.881342,23.48761559,5.552687168,10,220.3331451
22309,158.8409119,29.85320091,26.26278114,8.55281353,5.102609634,13598.61832,1,2406.327912,29.21004105,8.588839531,4,325.4077148
22310,166.5455017,29.74533844,21.93692207,8.844291687,5.097975731,13540.00441,3,2597.69673,29.47984314,7.4660182,4,99.16234589
22311,74.65475464,40.25366592,25.00953102,11.58403015,7.099847794,3907.712543,1,8731.132673,35.45801926,9.209656715,4,312.2474976
22312,89.61469269,30.08733749,14.88908386,9.868169785,5.871984005,9818.140997,3,34396.21221,25.84214401,7.962193966,4,105.7705154
22313,17.30433655,45.12254715,21.64215279,12.49892998,6.621317863,10228.99808,3,35046.54335,20.61366844,9.99650383,4,186.5626984
22314,106.4907913,28.5274868,14.76532269,6.740972042,3.367833376,8487.240784,3,38352.14991,19.49997711,6.156229496,4,181.8476105
22315,5.797213554,28.4712677,14.0386982,3.844513893,1.575680017,9884.715691,3,40970.37971,6.575496674,1.99685967,4,35.53767776
22316,17.01551247,44.46295166,27.30098343,4.627620697,2.701600075,2847.913796,3,8162.396448,8.498840332,3.352432013,4,320.5722046
22317,9.107550621,22.96307564,12.29362392,2.457117558,1.825607181,7813.034801,3,97.09222256,5.993433952,1.352845669,4,60.61960602
22318,15.5620203,49.20751953,25.90991974,3.897181273,1.899923325,2643.378873,3,8001.013272,7.111733913,2.551693201,4,307.2720032
22319,123.790802,21.32953453,20.277668,6.261529446,4.403289318,11115.85549,3,5333.818764,22.0294838,9.479754448,10,281.4538879
22320,138.5093536,31.90613365,18.25166321,10.10020828,5.21060133,4112.784376,3,8692.496969,28.90001297,8.96172905,4,267.8559875
22321,65.26517487,31.15319443,18.57851791,15.16920185,7.628936291,10005.42097,3,35341.18914,32.4122467,11.59714127,4,217.8749847
22322,5.017972946,46.9687233,20.74616241,4.134939671,3.773560762,9453.475153,3,41246.49369,5.628272057,5.27061367,4,157.619873
22323,117.1688766,30.32381439,27.04115677,8.767035484,5.990484238,9629.651402,1,829.1461057,31.25029755,8.38067627,4,321.34021
22324,22.41867447,38.03621674,31.50482941,5.671065807,2.55540967,9544.433241,1,945.8783563,26.57337379,3.097747564,4,25.57068825
22325,184.3156891,28.84745026,24.49772835,8.711416245,5.625226021,8971.183855,1,1439.010838,29.89690781,7.767261982,4,317.7263184
22326,255.9239349,20.05328751,14.03121567,7.805596352,4.916993618,4042.979492,3,1296.545271,29.78865051,8.848299026,10,105.2270889
22327,94.56972504,45.74563599,29.04075432,9.668190956,4.915074825,2826.441103,3,7642.349342,24.22379303,8.729908943,4,28.07248688
22328,176.6961975,28.25640106,17.30788231,11.26406002,6.295847416,4874.239875,3,9496.572811,35.45449829,10.3590374,4,249.9180298
22329,21.75971603,39.58592987,15.09155273,6.292263985,3.093797922,6572.737013,3,31313.21169,16.52435112,4.214512348,4,248.0612793
22330,46.53635025,23.14822388,22.32906342,8.262999535,6.272265911,10197.81953,3,34899.21289,31.03292847,6.07204771,4,33.89842987
22331,95.65187836,20.79154968,14.73163223,6.000915527,3.451207399,7981.445848,3,6107.246624,21.53213692,8.525705338,4,294.2058716
22332,80.15511322,40.10939407,27.20145416,7.721309185,4.144169331,7522.750955,3,6417.477115,23.21722603,6.855774403,4,325.9272461
22333,109.1036301,46.96421432,26.58578873,8.612393379,5.060832977,9719.354878,3,4957.40547,20.24338913,7.653207779,10,70.27772522
22334,247.0038147,24.21473503,15.77806091,8.724726677,5.254745007,517.5515764,3,4806.8483,27.66778946,8.19018364,4,63.43494797
22335,25.58132172,32.3137207,18.31769562,11.92513561,7.624006748,433.8582966,3,5574.071517,19.63341141,11.96462154,4,220.8403625
22336,173.5145111,42.51295853,29.00668526,11.01370144,6.275945663,1057.968161,3,5963.781547,34.14036942,8.258253098,4,329.8700562
22337,198.4772034,27.82426262,18.3311367,9.121694565,5.367558002,3407.097679,3,21737.53329,27.50992584,8.515306473,4,51.03540039
22338,70.57327271,28.53778076,17.25988579,7.436626911,3.97083807,10479.4965,3,40726.18687,18.51203918,7.639484882,4,210.3791199
22339,211.7844238,38.34843826,25.14459801,10.86356258,5.858325005,1701.91541,3,2358.616562,25.10848045,8.427214622,4,268.0717773
22340,219.7658234,25.15394211,15.2063942,8.001639366,4.240483761,1682.614966,3,2562.024682,28.9708252,3.861277342,4,258.9760132
22341,39.96183395,44.04845428,22.18193436,12.95584869,7.238776207,440.0798091,3,5533.187882,28.08147049,11.60559845,4,329.9124451
22342,72.68064117,35.60241699,25.89920807,12.40377712,7.869131565,3416.868143,3,8195.103305,31.71913338,10.79275036,4,332.6973877
22343,157.2709656,24.91156006,16.34213448,9.374945641,5.185881615,6197.370539,3,19337.53293,27.24131012,8.249908447,4,167.7352295
22344,126.3444748,32.79242706,23.34906578,7.828469276,5.009281158,9691.515591,3,34150.6814,26.33549881,6.989729881,4,56.67304993
22345,132.2641144,21.42270851,12.70074081,7.240519524,4.349216461,8537.969398,3,32994.35655,21.48301506,7.425235271,4,196.1134186
22346,55.57867813,48.65193558,27.98831749,8.22653389,4.817743778,10535.98567,3,41310.43413,17.54675102,6.780927658,4,36.67910767
22347,52.64774704,26.58108139,15.16078377,7.460538864,3.886895895,6937.517154,3,6593.873939,16.77914047,6.895663261,4,183.189621
22348,12.67538643,41.37391281,10.32367516,6.255779743,3.264628649,7264.813497,3,6409.061248,9.106332779,3.156786919,4,243.4349518
22349,191.3512115,21.96785736,15.24206161,8.864060402,6.033070564,9611.021975,3,1692.871025,29.43255424,8.77688694,4,97.30916595
22350,208.8400116,21.47032356,15.17921162,7.645826817,5.036866665,326.6458835,3,4765.124684,27.92196083,8.702858925,4,92.12109375
22351,152.2065125,46.87353897,29.14731979,9.387859344,5.451729298,1648.987548,3,6372.834129,27.62467003,8.361195564,4,47.29061127
22352,103.8320618,29.50632668,22.76423454,6.127784252,4.037525177,9305.58818,3,14832.66972,16.37098694,5.996002197,4,73.07248688
22353,105.7304001,28.97337151,17.97896194,7.816131115,4.613211632,7254.386822,3,39522.39027,19.73680496,7.686206818,4,255.5102386
22354,147.3249512,29.47248459,16.47862053,10.16392612,5.404490948,8015.91517,3,12294.64427,29.38314629,9.637336731,4,206.8621216
22355,98.2505188,33.90698624,20.25598717,10.8778944,5.695156097,7025.79956,3,31651.09159,24.30736351,8.629421234,4,320.5722046
22356,114.3100281,32.13034439,21.44600677,9.116047859,5.516029358,9887.207234,3,34812.9602,26.73026657,7.4478755,4,61.69924164
22357,131.7749481,39.97238922,27.8013382,7.616091728,3.819365263,9269.456711,3,5682.151956,20.84130287,8.116760254,10,71.56504822
22358,112.9166565,27.13530159,22.05600739,8.223114967,5.365785599,9893.710389,3,5595.898495,23.04771805,9.503091812,10,273.3513794
22359,195.7432709,26.02714157,16.52652168,8.661686897,4.639889717,11010.57138,3,2030.074987,31.99350929,7.54876852,4,71.2479248
22360,133.4226685,27.97395515,16.12809563,10.09361553,4.879663944,6595.870495,3,386.2851879,32.55643463,7.454173088,4,154.9118958
22361,196.9105988,18.65223694,12.24685192,9.040312767,6.11417532,4931.319125,3,767.512777,32.54736328,7.980091095,4,173.8035889
22362,202.6923828,36.74573517,23.00926018,10.00595188,5.63686657,2073.860028,3,3027.042497,25.30561829,10.82574272,4,302.5452271
22363,233.0202179,22.43051147,12.24882412,7.954323292,4.731759071,842.0863456,3,4219.376742,28.99565506,8.138712883,4,136.789917
22364,103.6925507,40.54990005,26.42473984,9.805346489,5.537831306,3137.601705,3,7679.452746,25.36120224,8.643065453,4,58.66561127
22365,246.3502045,20.15143585,10.40083122,7.894405842,5.47487545,754.5742795,3,771.5853897,38.30625153,7.752240181,10,115.3715591
22366,127.7079239,32.63677597,18.65148926,8.031339645,5.210721493,7989.898209,3,42800.89574,13.26639938,7.715007782,4,100.4622498
22367,97.2871933,24.26901436,14.41987133,5.269335747,3.410861254,6779.501067,3,6934.935459,16.17657661,8.503053665,2,281.7934265
22368,247.032959,25.16930389,18.95978165,7.801547527,4.251731873,10921.297,3,2488.329075,27.98823166,8.119338036,4,64.44003296
22369,78.23992157,28.08537102,17.39911842,10.10409069,5.813684464,7061.101627,3,130.3869321,28.9727478,10.14103222,4,208.8723755
22370,200.1923828,23.15665436,11.02937698,7.843341351,4.350707531,4901.540969,3,654.5843607,33.00210571,6.730029583,4,218.9041443
22371,180.3103333,39.2019043,24.47094727,11.37080193,8.720704079,331.9190975,3,212.3388245,30.07879066,8.961107254,10,106.7416229
22372,230.8195496,35.8743248,23.87040901,8.151319504,4.796103477,1297.83749,3,4883.206741,23.37535095,5.531032085,4,47.64254379
22373,95.62999725,23.67679596,16.12446594,5.295372009,3.288464785,9393.225542,3,14074.70649,15.70206261,4.348332405,4,265.8553772
22374,61.75925064,36.77362061,21.197155,7.810493946,5.177134514,9778.975241,3,36306.06706,18.77911186,8.40639019,4,285.4221802
22375,77.45425415,27.90857124,16.41162872,7.142179489,3.873062849,8097.007608,3,38482.80019,20.43358612,7.627789497,4,237.5288086
22376,102.0631104,27.26541519,17.37859154,8.378558159,5.578367233,7212.525215,3,38751.68134,22.07886314,7.688436031,4,112.8905487
22377,199.4246521,26.9541111,20.09164047,8.552418709,5.794327736,8125.618311,1,752.9045312,28.38327599,11.06929874,4,71.09542847
22378,45.43193817,27.38550186,18.10626411,13.27267265,8.258867264,7202.484191,3,117.3980507,25.09005547,14.08422089,4,208.2186279
22379,148.2420197,22.0402298,16.2572422,10.1753006,6.885429859,2698.48137,3,1989.628003,36.53901291,8.552933693,10,134.4590607
22380,133.2972412,40.06650543,29.72888184,12.74431133,9.01394558,2138.668314,1,2129.769537,36.52941895,11.68276882,10,313.7859497
22381,145.3925171,25.45719337,18.15284157,12.14002991,8.660805702,468.1943691,3,5380.754727,35.24365234,10.6130724,4,271.8965149
22382,70.78632355,47.81312943,24.24556923,9.982988358,5.146881104,8587.324035,3,36802.64772,20.64927292,7.443863392,4,51.17017365
22383,73.93648529,31.87587929,16.97257996,8.638522148,4.543704987,8906.854787,3,36870.93218,21.22698593,6.486299992,4,137.8756104
22384,26.77649307,14.2554369,9.178705215,5.378566742,3.194658041,13543.5151,3,3087.923107,19.22936821,3.878229618,4,94.18491364
22385,38.84606934,26.0280323,11.96666813,6.060790539,2.830597639,9964.706525,3,15603.00046,18.73052788,4.430390835,4,148.8286438
22386,25.20337868,31.30789185,17.2767086,4.917843342,2.638709545,2763.832144,3,7994.627267,10.02243805,5.208590508,4,203.4985657
22387,68.55223083,26.97512817,19.99032021,10.78614712,7.308125973,9220.296648,3,5622.225796,26.14816093,8.793491364,10,86.63353729
22388,125.0109634,21.51416969,15.25301266,7.379127979,4.05895853,12895.74015,3,3356.70709,27.56217766,6.757265091,10,71.782547
22389,144.2689514,21.71019745,16.50740051,7.709564686,5.092241764,11850.4842,3,4888.766341,23.45557594,9.105128288,10,98.97262573
22390,124.3265915,29.43091202,19.5555687,10.43986607,6.761951447,7581.062006,1,455.291301,30.02730179,12.30693245,4,51.2706337
22391,145.3834839,15.15832233,9.043478012,8.566706657,5.079180717,216.9956321,3,4311.653972,30.88291168,7.436495781,5,205.8209839
22392,65.97530365,18.18246269,11.56287766,4.704370975,2.487119436,9338.229965,3,13668.73937,17.55603027,4.088287354,4,204.04422
22393,175.2180176,22.65039063,14.44643497,8.983674049,5.489840984,5338.226352,3,19820.50977,26.83863831,8.5048666,4,181.4783325
22394,65.3640976,31.5972023,20.65198135,4.480286121,2.692951918,9602.175476,3,41438.83131,9.538903236,4.245243549,4,58.73626709
22395,126.6817169,27.06755447,23.47519302,7.34409523,4.595038414,12098.74318,3,5061.6402,22.66230392,9.476839066,10,295.7099609
22396,182.1170044,17.13312721,9.710553169,8.251137733,4.891745567,197.361891,3,4151.366867,33.76041031,6.810171127,5,205.69133
22397,104.5835419,30.89004326,17.74807549,9.946518898,5.981217384,8998.2402,3,35740.79524,25.43659401,8.709605217,4,249.0797882
22398,94.12541199,22.07239914,15.42638683,6.490542412,4.008750916,8787.896451,3,5815.923457,20.16571236,7.592057228,10,233.4269714
22399,266.3082275,37.61240768,28.506464,8.584399223,5.430696487,10611.12412,3,2334.900684,27.06385994,8.504107475,4,264.5993042
22400,234.7812653,18.86811829,13.55012894,10.92473221,6.985676765,367.4300536,3,3754.153668,34.17941284,6.569210529,5,192.888031
22401,225.8400269,26.74688911,15.15009308,8.562598228,5.054089546,1090.072604,3,3925.951946,28.97106934,8.665159225,4,93.05287933
22402,100.8435059,27.76350403,16.88507652,10.00604057,5.70008564,5901.382618,3,19407.12785,30.75535202,7.840485573,4,289.1632385
22403,30.99004364,60.89947891,26.1304512,8.461191177,5.412328243,4339.253672,3,28983.49253,15.846982,6.233475208,4,339.929657
22404,79.75934601,25.57080269,14.56187725,6.250975609,3.849257469,6333.428441,3,30880.22134,22.5790081,7.666311264,4,262.352478
22405,121.0884933,24.58232689,15.52982998,7.807484627,4.396579742,7098.205526,3,31561.32823,22.69417572,7.289956093,4,223.9945984
22406,76.74009705,26.60500336,17.07206345,5.131572247,2.817018747,9610.265366,3,41616.75232,12.4265461,5.066701889,4,67.38013458
22407,67.8732605,30.81416321,17.39782524,5.664775372,3.317122936,9266.108712,3,41044.92653,15.85274792,7.667047977,4,231.1466217
22408,20.10276413,38.33992767,25.62431335,5.077554226,2.974911928,2349.430353,3,7755.666771,10.03866577,3.674417257,4,317.9356689
22409,7.368400574,40.47655869,13.71648979,2.030338526,1.237544894,6168.735508,3,7080.937305,5.521063805,1.485407352,2,296.633606
22410,167.4612579,26.77244568,15.41831303,16.33323479,8.974493027,1716.622354,3,2648.896664,39.76229477,12.87851715,10,174.9353027
22411,68.06047058,41.44695282,19.3637867,13.56086159,8.557286263,380.113606,3,3562.485354,30.73180771,13.99173832,10,169.8250275
22412,40.24861145,30.55937958,20.20114708,14.60231495,6.838037014,274.1620261,3,3718.053484,26.01819992,10.13741875,10,208.7206879
22413,94.90193176,25.43342018,12.99824905,8.728488922,3.973101854,1599.953898,3,3512.452793,26.35817719,6.668085098,4,150.0463867
22414,126.162117,25.87514114,14.51663589,8.161571503,4.471208572,7834.108779,3,12030.38256,27.60335159,8.298034668,4,134.4791412
22415,165.2363739,27.94361305,15.68184662,10.04474354,6.175711632,4959.2403,3,19960.57729,28.26934242,8.642728806,4,286.8867798
22416,146.5181732,29.67428398,17.5994606,9.147518158,5.645060539,820.3979297,3,25582.16411,24.25350571,8.31144619,4,251.5650482
22417,21.17757988,28.6307869,16.18490791,5.338221073,2.9160707,2229.789836,3,7572.704808,11.48403549,4.466991901,4,214.7772827
22418,25.91782951,31.14592743,16.04877472,3.744967222,2.204595089,3327.473801,3,8409.21743,8.603616714,4.407679558,4,196.7689209
22419,6.252790928,34.64852524,10.99503326,3.18499589,1.608195901,6332.831652,3,7009.993518,5.098522186,2.206192493,2,280.0079956
22420,93.59565735,21.08942413,13.81642818,6.171280384,3.509738445,7475.42156,3,6784.017902,18.15045929,6.423595428,4,187.3057556
22421,215.5356293,27.47461891,16.40996361,8.633489609,5.118955135,4333.299506,3,20102.76822,23.97792816,7.907960892,4,160.7869263
22422,115.9293747,37.20259476,25.35197449,7.851165771,4.712303162,4015.62642,3,28228.56553,20.06076622,7.288733482,4,54.35297775
22423,110.9002533,28.58324432,15.54352283,10.07040882,5.939277172,5140.226218,3,29917.42062,30.14035225,7.754662514,4,225
22424,124.9870834,31.0675354,16.95059586,10.71246529,6.358794212,5432.886452,3,30108.11542,25.43465614,9.675538063,4,213.4653778
22425,81.29586029,23.91908646,14.30577946,7.460761547,4.051858902,8453.019788,3,37973.77115,22.5029583,6.386942863,4,223.3421021
22426,88.92855835,33.63951111,21.83620453,6.048018932,3.872093201,4390.247811,3,7936.602024,15.4776125,7.603870392,4,276.34021
22427,236.0088196,32.41617584,26.59965515,8.532449722,5.147176266,2495.578482,1,1528.609755,32.02054596,6.632527351,10,302.7312012
22428,42.30422974,19.8128109,7.564655304,10.37524414,5.364719868,430.7201902,3,4050.266532,28.4783268,6.359992981,5,203.031189
22429,159.4718323,46.55770111,27.08852959,10.67147732,5.310303688,4101.398573,3,8543.286741,25.58107948,9.096167564,4,323.7533569
22430,116.7205887,33.93424988,20.85064507,9.230453491,4.953016758,3486.972895,3,8092.624778,26.77459717,8.916844368,4,284.0362549
22431,101.6356964,24.08603668,15.82025146,6.763636589,3.753891706,9093.107579,3,13782.51159,17.96015549,5.321016788,4,304.6017151
22432,106.432106,24.5460701,17.27581596,10.36503983,6.275847912,6661.707949,3,18767.3101,28.75960159,8.621148109,4,220.2547607
22433,66.59842682,30.9872303,17.04241371,7.190960407,4.468013287,275.3709524,3,24572.83925,18.4790287,6.141672611,4,94.22528839
22434,97.7858429,28.51713753,18.83317375,9.06037426,5.365063667,1094.555882,3,23814.22487,23.05957031,7.145420551,4,166.8274536
22435,65.64990997,48.67147827,28.78429031,7.316019058,3.936357498,4824.873407,3,29251.89987,16.82140732,7.016926289,4,50.01278687
22436,66.11356354,36.17815018,17.29816055,9.272986412,5.644487858,8251.49661,3,37509.46899,22.91480637,7.516679764,4,63.31199646
22437,114.69664,29.60478783,16.93053818,7.537306786,3.646122217,8471.756634,3,42006.86446,19.88780594,6.173107147,4,212.3462219
22438,76.44675446,22.35960579,18.91711426,5.136269569,3.135426521,5497.563532,3,7795.537488,17.17406464,6.381446838,4,59.03624344
22439,14.42442131,29.62841797,15.35794544,2.534759283,1.528081775,6203.44735,3,7173.551708,5.046313763,1.775908113,2,299.9067383
22440,15.02271938,76.03925323,7.314545631,8.17544651,3.762883186,573.6460672,3,3376.029839,15.4160614,5.359064102,10,337.3500366
22441,25.02170181,40.75468445,25.4000721,11.04469585,5.320579529,518.1976754,5,3459.165394,16.61031723,7.479956627,10,30.78414536
22442,165.6798859,18.67457962,9.639669418,7.700787544,4.419196606,573.6961228,3,3765.874214,31.38347816,5.104504108,5,214.315094
22443,133.1727905,27.11292458,16.67436028,9.854848862,6.206627369,7207.384683,3,18156.40652,29.61262894,7.800522327,4,61.12757492
22444,93.55110168,20.62934113,15.8737011,9.380931854,5.800927162,40.73309558,3,4214.888255,26.96649933,8.069741249,5,205.1278229
22445,37.90795517,30.64919662,13.48947906,7.483719826,3.531541348,7649.502918,3,11837.60614,18.54061127,5.934327602,4,216.3136444
22446,240.1031342,23.17716026,17.46440697,10.5050211,7.572048664,4651.270049,3,500.8781371,33.53964996,10.64012527,4,191.2331238
22447,209.8767548,43.86022186,29.93933105,10.13277435,6.718134403,3034.63074,1,1345.473493,33.4640274,9.683390617,10,300.6645508
22448,230.8455811,39.51459503,29.06971741,9.210307121,5.709462643,8326.486045,1,1435.181646,30.13757896,10.76644993,4,71.21569824
22449,140.5497742,21.74825668,16.07048416,9.943453789,6.704056263,6664.025849,3,16.96431302,30.85108948,8.492101669,4,191.3099365
22450,276.7954407,23.77388,17.45180702,8.995691299,5.22607851,1914.191527,3,2026.935858,32.94099426,8.701592445,10,46.80873871
22451,56.1498642,16.60518456,8.856539726,9.897992134,5.576999664,130.6130739,3,3925.097493,24.47757721,7.64470768,5,195.1739044
22452,74.58232117,32.31939316,25.37673569,10.32521534,6.228028297,668.007862,3,3404.388766,26.00579453,9.980561256,10,27.83182907
22453,17.48308182,38.44176102,19.85668945,9.161103249,4.481166363,364.7854297,3,3718.923501,14.79731655,6.326661587,10,209.5213623
22454,72.75845337,25.06573105,15.06186104,7.313027859,3.522617102,2089.477285,3,22819.19152,22.34253502,5.321836472,4,64.13605499
22455,131.4005127,33.75402832,25.62706184,9.929800987,6.080165386,1084.549,3,23610.74317,28.90201569,8.106902122,4,31.55138397
22456,35.43249512,40.86556244,22.58260345,7.714533806,4.647263527,10808.21469,3,41195.48701,14.05803394,7.070793152,4,39.10847473
22457,100.6311798,35.67677307,27.8989296,8.216460228,4.952064037,8441.617595,8,6235.712213,24.57633972,7.766545296,10,313.9769897
22458,212.060791,27.28036118,16.60454559,9.514451027,5.687930107,2035.184856,3,2062.410131,13.48899555,2.230807781,4,216.3615417
22459,131.6372223,25.66193581,13.35651493,7.607683659,3.938649654,1502.602451,3,3481.4842,22.68717384,7.657372952,4,109.0956726
22460,152.2961578,25.14088631,16.1688633,8.604068756,5.04245472,7626.579454,3,17548.71487,24.80551147,7.29914856,4,175.8818054
22461,28.1418972,42.53554916,23.18809319,6.770082474,3.773551702,10111.15594,3,41453.41955,13.46606541,5.586634636,4,308.7965698
22462,113.8148804,23.75419426,16.71004868,7.419021606,4.815743923,7804.855997,3,6678.943126,25.58194733,7.867069244,4,293.1345215
22463,186.0945435,18.17952538,10.46734524,7.85872364,4.692420483,3583.071383,3,1477.931527,32.46716309,6.226388454,10,137.7008667
22464,80.2822113,41.03858185,26.10231018,8.951446533,4.765835285,1810.255559,3,6676.986014,26.1771946,7.598995209,4,326.745636
22465,73.97475433,40.00439453,28.42475128,7.60431385,4.09572649,5393.361682,3,29690.13758,20.49156952,8.072862625,4,322.6960449
22466,10.02567673,42.71722794,16.99891472,5.256718636,3.432685375,5398.242993,3,29859.29603,9.916742325,3.407481194,4,226.6365814
22467,27.13698387,27.13253212,12.91930294,3.404841661,2.194347382,5809.611425,3,30260.20292,9.108989716,2.249894142,4,263.3674927
22468,61.60308838,60.890522,24.6132431,6.5527668,4.127679825,9390.664343,3,42212.66486,6.814763546,2.586637974,4,188.0077057
22469,180.2141724,36.7272644,28.50423241,9.776395798,5.673783779,1654.207811,1,2468.278762,19.55734062,7.86057806,10,302.9645386
22470,142.1275177,27.8204937,15.91372395,7.464120388,4.45708847,8610.778644,3,13277.77108,22.23477364,7.501427174,4,264.4724731
22471,107.5186157,30.08008194,17.17196465,6.753876686,4.076494217,4507.104695,3,8292.098154,17.76141548,8.282195091,4,217.6139526
22472,60.44433212,36.73468781,22.08541679,15.98470402,8.993514061,7298.894778,1,418.7573352,34.70239258,15.63917065,4,37.71715546
22473,252.1804199,31.61347198,19.10367584,8.973967552,5.835329056,3880.952777,3,20558.73626,22.42431068,7.955690384,4,216.1387634
22474,114.679245,41.75058365,28.21136093,6.993144989,3.276681185,4376.772506,3,28670.36657,19.51551819,6.105685711,4,317.5032349
22475,135.448761,24.06884956,14.24832439,8.402160645,5.228562832,9056.662259,3,33760.4527,23.82757187,8.751811981,4,183.770401
22476,86.02765656,32.87031937,18.51278877,7.799995899,4.640288353,6830.270684,3,42417.6333,17.60669708,7.302631378,4,213.2748871
22477,43.86707306,48.46346664,24.58230209,5.93324995,4.055868626,9709.125454,3,41971.82429,10.09199715,3.627295017,4,278.3304443
22478,99.32545471,27.97062111,18.85574722,3.751642942,2.377666473,6332.258305,3,7329.155567,10.47603989,8.424402237,4,260.8376465
22479,40.70293808,19.83088112,14.02516174,9.266430855,4.317896366,8468.827703,3,16903.28287,23.5397892,6.776804924,4,189.5301208
22480,189.7710571,30.17892647,17.45920944,8.566543579,4.933447838,3048.450857,3,21141.09496,22.7477951,8.192697525,4,247.6198578
22481,28.39603806,15.75011921,8.176178932,4.034071445,2.149540424,9269.534229,3,16238.31591,13.27830601,2.780381203,4,143.646225
22482,27.37924957,26.39551735,10.35085773,6.647994995,3.083471537,8900.229579,3,16541.51985,23.38494873,5.678028107,4,88.28791809
22483,39.34884262,39.49149704,15.36011791,11.1097765,6.761024952,8686.145526,3,16675.78702,26.0282135,8.543911934,4,96.46898651
22484,126.6942368,30.49307251,23.63641357,10.18636703,6.282596588,2343.486798,3,22417.24469,29.48182297,9.054570198,4,36.41637802
22485,57.26660156,34.34194183,17.32564735,8.178455353,4.459664345,6116.359731,3,30397.12907,17.11038971,6.712088585,4,279.4623413
22486,128.3269958,35.87420654,22.5116024,7.735093594,4.720833778,7032.597127,3,31274.4668,20.03992081,6.559935093,4,307.8303833
22487,219.9838257,34.72437286,27.35813713,9.294441223,5.51502037,8184.924479,1,941.2305148,30.04111481,9.695188522,4,52.43140793
22488,199.0693817,27.52720261,18.17527008,8.847475052,5.078860283,8468.601427,1,1364.403881,29.9141922,7.727115154,4,78.46000671
22489,253.7355347,34.3774147,26.20465088,11.60809326,7.459179878,7329.499457,1,768.1938618,38.36235809,11.85751915,4,26.26010132
22490,174.6195374,21.01991272,13.99527645,9.369605064,6.574770927,5978.257301,3,230.8058655,33.3019371,8.263558388,4,191.7872009
22491,184.5278931,25.31206131,18.24277878,10.37369633,6.961355209,3989.084365,3,876.3758432,29.22633171,11.43142891,4,96.92721558
22492,40.53030777,20.48560905,17.26737595,10.57436562,3.677315474,3300.053858,3,1446.967023,26.76394463,8.623171806,10,133.0585175
22493,209.2275085,26.5038147,15.93993187,9.621739388,6.013370991,2146.655174,3,2478.091397,27.45220566,10.08478546,4,227.812439
22494,33.87502289,17.49153137,6.18224287,7.645368099,4.151978493,1175.780335,3,3785.5679,20.96922684,4.626460552,4,137.7702179
22495,145.6369781,22.06798172,13.50880432,7.287090778,4.676136971,6938.024426,3,11329.49847,22.97826385,6.843330383,4,153.4349518
22496,119.3853226,27.74746513,17.86574173,9.501955032,6.173130989,6860.495991,3,18216.35501,26.57779121,9.325349808,4,85.23635864
22497,76.76849365,31.74818802,17.41477776,9.816391945,5.261398315,6367.533387,3,18665.24734,23.84135246,10.04422474,4,225
22498,94.94486237,26.31146622,15.42957878,8.114553452,4.576904774,7094.479357,3,38031.74219,23.74664307,7.909935474,4,252.2995758
22499,60.80330276,27.23319626,18.67922592,5.990384579,3.328847647,9272.247206,3,42088.36174,16.10911369,6.475859165,4,52.99170685
22500,54.80009079,34.55041885,19.30097961,6.167936802,3.205435276,10324.36906,3,41727.70592,14.45518684,4.908272266,4,106.7940369
22501,79.81024933,15.83662128,10.51693153,5.961892605,2.946022511,3633.538479,3,1204.021619,24.59293938,4.714738846,10,96.52501678
22502,151.6357422,28.7003746,20.803545,11.03930092,7.2807827,3509.906645,1,987.4402485,35.31600952,12.67450809,4,293.1986084
22503,158.2203674,22.40218163,13.42826176,6.644563675,3.761815071,1298.031694,3,3490.826816,20.23768234,7.331329823,4,84.80557251
22504,236.7683868,26.46100426,17.52617455,10.13238144,6.784736156,636.6338819,3,5347.722906,33.039711,11.25526237,4,263.0115051
22505,54.84189224,28.72262573,15.05120659,6.923927307,3.703451633,8723.06037,3,16592.29397,22.850214,5.606080055,4,132.2011871
22506,138.6925201,28.69904518,17.1563797,9.145256996,5.71249342,735.6567093,3,25177.67796,25.1098938,9.747188568,4,279.7540283
22507,95.62908173,28.59833908,17.38441849,7.924349308,4.886097908,202.5803029,3,24212.92368,21.75476265,8.424323082,4,110.95578
22508,131.5469666,27.06586456,16.40249062,9.293246269,5.435920238,1453.380908,3,25770.44682,23.67227936,7.767827988,4,186.9442749
22509,119.0761566,26.98032379,18.50074387,8.21726799,5.320847988,9233.691801,3,35041.60651,27.15389633,7.714340687,4,91.52780151
22510,47.19766617,53.34490204,27.31110191,5.273940086,3.332522631,975.5799304,3,6289.774005,10.30816269,4.213556767,1,318.6914063
22511,75.06561279,48.77928543,27.74481964,9.643136024,6.219419003,2597.165848,3,1823.184941,33.42966461,9.008948326,10,21.39588165
22512,207.1519318,25.38139153,23.71737289,8.490082741,5.238080025,2783.460182,1,1434.108158,32.58319855,7.272376537,10,328.1906128
22513,214.5296783,25.68052483,16.09198761,12.73861122,8.714560509,533.1933514,3,943.3732102,36.65817261,7.080735207,10,102.8671036
22514,104.266861,32.31545258,18.02074432,13.31975079,7.786499977,187.9203069,3,4592.014419,27.6158905,11.85224819,4,89.58036041
22515,96.29706573,24.68078995,16.02993965,12.56315994,7.670206547,7898.832604,3,12410.87414,33.48262405,9.752471924,4,162.84758
22516,52.16935349,31.04553795,21.5611496,9.921912193,6.155748844,7511.741428,3,42904.86757,23.89560127,8.436099052,4,122.0053864
22517,71.82315063,30.53431511,16.49486732,7.738682747,4.644889832,7560.039706,3,42885.01819,21.25889969,6.35639286,4,272.8912659
22518,92.5138855,25.92852402,13.82652664,6.658317566,4.07723093,8193.23096,3,42298.89964,18.20135307,5.718859196,4,270
22519,129.0068054,25.87385368,14.19348049,7.739720821,4.39687252,8677.531092,3,13531.95938,22.42023659,7.826085091,4,213.6900635
22520,117.5216293,29.98084641,17.42375183,8.400787354,5.533303261,7446.492353,3,37366.35465,21.71306419,7.333641052,4,104.5344543
22521,218.0268555,29.09552383,20.49800301,9.35174942,5.889696121,13242.26272,3,2880.558677,34.41749573,8.767175674,4,68.06152344
22522,152.6489105,28.06585884,20.86293602,8.528002739,5.358708858,12568.71635,3,5038.068605,23.28033829,10.28866482,10,98.44752502
22523,134.3385162,31.81729507,18.4015274,12.8830452,7.467757225,107.1129887,3,267.6876292,22.4458,7.84759,4,195.8387299
22524,101.8159637,23.97721863,15.43139458,8.470438004,5.885265827,670.0135895,3,4140.142424,27.38862419,6.697250843,4,129.7376099
22525,122.4746246,18.08397293,8.45102787,7.273797512,3.956882715,275.0280657,3,4032.435116,31.60756493,5.283076763,5,221.7636414
22526,108.3577042,40.7084465,23.54589081,11.34244728,5.967632771,2702.892827,3,27311.47302,23.30484772,8.660574913,4,70.58851624
22527,109.0152512,30.60643196,23.03508377,7.179230213,4.813296795,5518.342426,3,29466.6982,21.30545235,8.914104462,4,302.4259338
22528,120.0594559,31.26887131,17.90041733,8.957835197,5.073507309,8237.272639,3,35871.36267,24.37835312,8.303581238,4,206.5650482
22529,128.5847931,23.53919029,13.34914112,7.188267231,4.442970276,7154.477269,3,11570.19674,23.47323227,6.716097355,4,189.9506226
22530,138.0615997,28.79722214,17.11825562,8.655511856,5.263898849,1815.973597,3,26078.38494,24.20190239,7.395878792,4,258.0238647
22531,98.01681519,29.23011208,15.39484406,8.39512825,4.258943558,2627.592457,3,26865.92791,22.20274544,7.282346249,4,176.7268524
22532,104.0912704,25.16991806,15.62038422,8.214308739,4.807973862,7602.020553,3,42916.11181,23.68233871,7.779646873,4,193.9405823
22533,122.2506256,24.0062542,19.76941681,7.456773281,4.89538908,10207.53177,3,5965.126774,21.22220421,10.46833992,10,88.55587769
22534,125.1279831,33.42200089,17.57514572,8.703117371,4.738059521,7907.835696,3,36466.28218,22.16417313,7.41190815,4,137.6079407
22535,164.511322,25.58366776,16.82937241,8.714587212,5.139806747,11904.06282,3,2505.183465,29.59524727,7.724888325,4,231.7889709
22536,219.5321045,24.69768333,21.99505615,7.199307919,4.431679726,2580.512591,3,1542.104749,33.76898956,6.276519775,10,44.06081009
22537,39.50851822,25.4777813,10.50218773,6.153308392,3.3960495,1653.22714,3,3304.698931,24.70311928,4.065105915,4,139.243927
22538,111.8228836,37.48861694,25.13712692,9.055743217,5.749399185,8704.924483,3,16429.96683,29.95941162,8.05002594,4,25.75047302
22539,71.73625183,31.01699448,20.55545807,8.368100166,4.990512848,12694.03138,3,3058.010575,25.58043289,8.543549538,4,266.0817566
22540,158.0866852,32.19785309,21.31460381,8.624272346,4.535682678,11939.05024,3,2686.312488,29.10404205,7.312185287,4,312.9545898
22541,98.14135742,38.71989441,24.5491581,9.058675766,5.754572392,702.6965451,3,3576.236122,21.60186386,8.800515175,10,31.10881042
22542,96.88845825,29.18064499,21.79540062,10.23764801,5.648661613,2045.586218,3,6640.929162,29.7141571,8.189063072,4,319.6859131
22543,114.3601837,27.72654152,18.93681526,7.079393864,4.364050388,9437.791421,3,15742.17972,24.71204567,8.48251152,4,63.43494797
22544,121.5734634,46.191082,28.3742981,8.002185822,4.93573761,9149.243943,3,15906.84924,23.01208687,8.778141975,4,45
22545,34.58202362,50.58111954,26.35319138,5.336394787,3.098947525,1367.872641,3,6584.188072,10.43106651,4.550728321,4,28.4956398
22546,34.21514893,30.86168289,21.47871399,3.646194696,2.260122061,3390.656028,3,8705.138028,9.394911766,5.394269943,4,251.5650482
22547,203.736969,45.1634407,25.08610153,13.47486591,7.683859348,6764.226949,1,531.143522,35.18707275,14.65103817,4,31.72515106
22548,207.7123108,45.01291275,27.8600769,14.35202312,8.112090111,6816.018812,1,917.7851808,40.04872894,12.91888142,4,322.3057556
22549,61.64605331,31.33461571,22.92397308,12.49166107,7.434278011,6211.73821,1,306.1940703,32.18841171,13.56307507,4,33.77767944
22550,8.605763435,40.92115784,21.59788513,14.21587181,6.117771626,6051.153607,3,143.4555034,18.37988472,9.044598579,4,190.7843018
22551,182.9605408,26.52913666,16.79356766,9.651849747,5.34303236,2703.865554,3,6919.58863,28.90037537,8.919598579,4,167.3717804
22552,181.8298645,23.723032,14.5510273,9.167470932,5.340466976,2041.533111,3,6306.374551,27.0960083,8.478051186,4,180
22553,92.19935608,26.87328529,14.91767502,9.480290413,5.020713806,7824.669703,3,12533.81525,28.25840187,8.856815338,4,315.157135
22554,120.9110184,30.53121376,23.03841019,7.435702801,4.570878506,8368.99109,3,13439.5347,21.77614594,7.90129137,4,307.8109131
22555,96.3548584,22.22580719,14.05311966,4.62915659,3.15773201,7342.378532,3,7069.725765,18.08761406,8.714422226,2,277.7180786
22556,76.80039215,26.85997581,15.9948616,11.42841434,7.102959633,4757.408025,3,8853.500165,23.66077423,10.51432991,4,259.8244934
22557,167.3358765,27.08534813,15.5353899,10.77539444,6.386924744,7327.709512,3,12159.16668,32.51467133,10.27412701,4,273.8572998
22558,22.07088852,43.75373459,25.91313744,5.683366776,3.708416224,2948.207403,3,8260.453897,9.46832943,6.134121895,4,50.23711777
22559,34.38641357,30.08804131,16.57262421,3.969498634,2.192677259,6355.646157,3,7497.60289,8.724897385,4.852589607,2,242.9924316
22560,123.7913132,22.95815468,15.85898018,11.28474045,8.161446571,5626.796195,3,79.61637927,33.70768356,9.71269989,4,194.9717865
22561,85.00283813,24.43835258,12.38688946,6.256085396,3.817971468,1081.411806,3,3723.744463,22.60826111,6.017985821,4,111.5697937
22562,176.7757721,25.71922112,15.15544796,8.78041172,5.204715252,3822.446466,3,8045.385154,24.62569046,8.891469002,4,226.0050812
22563,34.60101318,30.13427734,24.60439873,4.779619217,2.760029793,5576.627381,3,7990.914517,14.1664896,6.588212013,4,53.91492844
22564,17.06554794,36.97842789,20.66354561,4.921016216,2.166321754,5853.505675,3,7844.797149,8.716627121,4.230204582,4,275.7684631
22565,9.671703339,23.28208923,7.889608383,2.823578835,1.251555562,7014.774258,3,7249.22708,8.03934288,1.984212637,2,259.2868652
22566,275.6772156,22.30958176,14.30438614,9.664540291,6.217047691,109.5643234,3,2018.478616,16.68298531,2.987203121,10,192.4693909
22567,149.2068329,29.68347168,18.00106812,10.15154362,6.255009651,1284.277456,3,23073.34082,27.72546768,8.1121521,4,161.9017487
22568,140.0666809,28.03805542,16.30743408,7.49019289,4.869660854,821.793474,3,23574.6238,22.79020882,6.121060848,4,143.457962
22569,37.1174736,49.66604233,27.92375565,7.998877048,4.618753433,5807.451874,3,30069.3518,19.21130371,8.035238266,4,27.55281067
22570,142.6328278,52.5118103,29.86893845,8.108622551,5.005007744,6714.295618,3,30666.30139,21.9467907,7.025760651,4,231.4629974
22571,118.7824173,25.12169075,17.18548584,5.94963789,3.576984167,7106.078714,3,31115.63223,20.11139679,5.719354153,4,281.7250977
22572,21.37623405,47.32958603,21.9430542,5.24554491,2.606458902,6149.896818,3,7717.848041,8.922886848,3.555252552,4,316.6846924
22573,320.8452454,34.02266693,27.30280113,11.01928997,6.99023962,6341.413356,1,767.9455345,38.70359802,9.879243851,4,25.05924988
22574,77.10292053,25.55486679,19.29368973,6.629326344,4.51611948,680.0421549,3,4083.595635,24.14936829,6.392782688,4,92.54670715
22575,22.98187828,38.68697739,17.76223183,9.46523571,4.340940475,166.4280194,3,4521.598063,22.04645348,7.208242893,4,157.1515808
22576,108.6206741,24.40913582,14.96340275,7.626871586,4.382873535,7109.093953,3,11728.78658,24.70352554,7.364758015,4,143.9726257
22577,162.5860291,25.83141327,17.72600937,10.29178333,6.10615921,1973.111578,3,22413.14833,30.72384262,9.021784782,4,181.1447754
22578,16.09071159,74.52353668,11.9543066,4.80550909,3.304267645,9519.703357,3,41995.21587,5.645032883,1.020673871,4,336.1787109
22579,54.06250381,40.48706818,26.1939621,5.170715809,3.198578358,1637.252731,3,6720.355837,10.07113075,4.256111622,4,36.18658829
22580,96.35460663,30.01840591,19.53810883,6.970732212,4.371301651,6850.45409,3,7484.671658,18.62652016,7.545215607,2,311.0548096
22581,17.65633202,25.11715317,17.63883591,3.305785656,1.981188774,6708.875654,3,7458.95009,6.525006771,2.082697868,2,246.8753815
22582,106.828392,20.32120323,13.96229172,6.875071526,4.081366062,8259.971849,8,6652.811596,25.15210915,6.343200207,4,204.9861145
22583,128.8816376,21.51057053,16.66894913,6.775372505,4.496366978,7079.528401,3,7502.000146,18.56048965,8.682905197,2,190.4598999
22584,196.154541,22.81289482,11.95636082,10.31105995,5.371157169,4910.116334,3,476.4372621,38.21694946,8.789427757,4,174.5272827
22585,93.52334595,38.25598907,27.07211685,7.589315414,4.322866917,5896.729341,3,29839.37872,21.08750153,7.547373772,4,47.21024323
22586,94.85993195,39.12183762,26.4222908,7.98336935,4.757894993,6181.507762,3,30090.92098,22.06838417,8.069727898,4,317.2905884
22587,87.29825592,30.49480629,16.76785851,7.770424366,4.380791664,7643.711474,3,42955.49793,20.59186363,6.049806595,4,228.4556122
22588,114.9091797,23.489151,17.35988235,6.8250947,4.109691143,9213.622035,3,6030.664791,21.51724052,8.14304924,10,68.98880005
22589,137.5457611,28.07385254,18.39726257,12.4509964,7.838095188,13153.23686,3,3355.12211,34.24905396,12.3009634,4,71.83404541
22590,173.173172,21.73057175,14.49839497,6.449104309,3.548243761,12078.94419,3,2899.528195,31.69977188,5.201803684,4,258.3317261
22591,56.78598404,14.244874,12.39526081,14.46022415,12.44280529,5393.750347,3,41.39400589,40.74219131,9.691010475,4,194.4440308
22592,96.26283264,35.38762283,25.81374931,7.700447083,4.853288651,5076.397271,3,29025.9121,21.4196682,8.149716377,4,53.57638168
22593,89.05910492,36.80751801,17.37843513,8.472299576,4.570005894,7332.117306,3,43363.78206,7.02016449,0.59819293,4,205.0084686
22594,83.80831146,25.37924004,14.00063801,3.745404005,2.113912821,6264.119698,3,7960.366755,11.79163074,6.033115864,2,258.4006958
22595,217.2822418,26.54458237,15.60908794,9.090964317,5.267898083,12255.73829,3,3115.099816,31.11139107,7.929582596,4,300.4703979
22596,227.2651367,22.97052193,15.66572189,7.599256992,4.706787109,965.3840589,3,5525.658621,33.6855011,7.869019985,4,237.1248474
22597,71.59908295,21.91162682,13.05261517,7.605546951,4.252138615,330.3059145,3,4318.626585,27.51259995,5.200370312,4,58.54125977
22598,102.7826157,30.32694054,22.40977097,14.43163013,8.574803352,178.4154297,3,4650.758245,33.51866913,13.13601208,4,268.7540588
22599,106.1810837,28.74201775,18.54353905,6.777319431,3.950271368,7491.85994,3,32011.9274,21.12500572,5.98630619,4,71.56504822
22600,109.0322876,28.13757896,15.93148613,6.770727634,4.116305351,8093.960186,3,32546.90524,19.49353409,6.036730766,4,65.79660797
22601,26.05064011,61.0062561,23.32540321,5.35858202,2.990998507,2720.919037,3,8038.982213,9.606435776,4.493591309,4,293.6293945
22602,54.07534027,32.92178345,25.82742882,8.06806469,5.418934345,5363.126766,3,8630.189094,19.2581749,9.187977791,4,49.76364136
22603,84.38021851,35.61099243,21.58901978,9.977045059,5.51130724,13082.45584,3,3474.941728,26.05552101,9.001244545,4,80.86560059
22604,101.7600937,28.67689133,13.53461647,7.485931873,4.054353714,2989.190363,3,27159.10581,21.87304306,5.754104614,4,263.0430298
22605,94.50319672,30.51258278,23.90681839,8.844074249,5.25532198,8347.442724,3,33349.80826,26.65490341,8.179815292,4,32.00538254
22606,57.21337509,34.22352982,18.60578156,7.741588593,4.274366856,6150.321321,3,42539.02917,16.19830704,5.414184093,4,175.0302582
22607,26.59853554,31.68185234,17.99925423,3.192822218,1.903802037,5682.257673,3,8399.173627,5.90936327,2.209528208,4,278.1300964
22608,144.1660614,26.63978767,17.52490425,6.714638233,3.926403761,1069.746785,3,3453.793466,21.02948761,10.83294964,4,68.14770508
22609,96.24052429,33.01475143,23.22622299,7.807823658,3.98462677,7587.550279,3,32553.71483,23.22432709,6.439088345,4,57.92599869
22610,52.72845459,32.85250854,23.31936073,4.788851261,2.842051744,1274.985737,3,6511.454193,11.88550091,4.298888206,4,50.57546234
22611,245.044632,45.30732346,30.01114082,9.582217216,5.728451252,10955.30675,3,2328.491695,33.00268555,8.788920403,4,329.0775757
22612,27.22869682,45.44314575,24.29016495,15.09117413,8.290881157,5548.175069,1,131.2455385,22.46282768,11.07613754,4,25.82099152
22613,57.93998718,38.53570557,19.77255249,8.511786461,4.327654839,6477.607801,3,40535.73066,16.2967205,6.172905445,4,147.1260986
22614,93.54164124,41.61322403,21.19921684,6.044023991,3.71428895,4213.997446,3,8737.073342,12.95599079,6.416522503,4,296.5650635
22615,374.0227966,42.9771347,30.34628487,11.60198021,7.452025414,6194.682344,1,974.8129253,39.27402878,8.299901009,4,329.7709961
22616,92.92237091,31.91844177,26.09329796,10.56221104,7.363461018,5495.609134,1,231.1225741,36.16100311,10.51681423,4,25.30137634
22617,400.3416748,40.85957336,27.79373169,11.30277348,6.712164402,6328.992847,3,1316.511519,34.77275848,9.503269196,4,15.74703979
22618,108.5391388,31.4577446,16.4343853,7.888813496,4.194268703,7839.086359,3,41600.86344,19.57317162,6.159052849,4,131.6335449
22619,55.57158279,33.14151001,18.505867,8.819019318,4.967526436,6850.563807,3,43247.59369,19.2105217,6.636482239,4,132.1087952
22620,211.5168457,31.80234146,18.3285923,15.20998192,8.879634857,7154.087066,3,975.0866362,39.12288666,12.54219913,4,114.8877563
22621,112.1572723,24.79247093,15.96412277,8.43441391,4.966630459,245.5997581,3,4291.771794,28.90087318,7.507115841,4,93.40644073
22622,73.11791229,30.66261101,16.22925758,7.2738204,3.39627862,7000.953797,3,43436.25546,10.76211262,8.946134567,4,252.224823
22623,126.4454575,21.03129578,16.1060009,7.915644169,6.770720005,12706.05272,1,3373.183499,35.02766037,6.990392208,4,277.5683899
22624,215.9562836,21.56204987,15.50872517,7.719055653,5.140110016,3751.483622,3,432.4166178,34.06894684,11.36825848,4,268.908783
22625,178.8421021,29.44861221,17.23261452,6.764074802,4.786946774,1032.382037,3,3590.939137,18.85512352,10.96041012,4,116.3092728
22626,183.5439148,36.80489731,23.94989777,11.0908556,6.108181477,916.7048108,3,5325.115855,32.83250809,9.56367588,4,293.0244751
22627,182.3466034,31.42238808,14.5684166,8.501565933,5.207808971,5496.606637,3,19201.91475,21.17292595,8.579388618,4,225
22628,36.44497681,36.14336395,23.92520332,5.258473873,3.085597038,1323.35155,3,6367.996678,13.60594845,4.620093346,4,39.61068726
22629,231.0662842,29.59093666,23.54063034,11.24152374,7.149657726,6273.683777,1,952.8622157,40.07225418,8.538786888,4,26.56505203
22630,101.0744553,23.89705276,18.58428955,9.70587635,6.735675812,4272.041708,3,442.190546,31.82779884,9.32530117,4,135
22631,56.85146713,49.2244072,27.00609589,11.49286556,5.900709629,4287.149078,1,269.5308872,27.80841064,10.86258984,4,326.6194458
22632,155.598999,23.88531303,13.95957756,8.312633514,4.992379189,5088.642586,3,19436.69666,25.52073097,7.188233852,4,196.0294189
22633,24.83171082,44.92247391,18.37420082,9.332612038,4.967031479,6405.850274,3,18333.8505,16.79811668,7.37530899,4,129.5596619
22634,16.12622833,21.3685627,15.57482433,3.768392324,2.275724649,2466.73366,3,7784.291094,10.45207119,3.054416656,4,275.2133179
22635,33.84619904,46.27944946,25.46639442,6.625790119,3.84116888,2840.196404,3,8205.408205,13.10864925,5.6212883,4,51.09810257
22636,4.911128998,55.67581177,17.31031609,2.763711214,1.090814352,3254.970525,3,8590.138554,3.601535797,1.85869956,4,266.5786133
22637,174.2759247,33.7926712,22.445364,8.799611092,5.142670155,8862.618587,3,2155.129234,24.42333221,10.25098419,4,118.8865814
22638,76.27225494,26.82587433,18.34329033,9.901960373,5.655501842,2010.534137,3,2633.752341,21.23846054,8.956297874,4,255.8958435
22639,146.623291,24.8640213,14.75172615,8.667500496,5.532948494,8006.863408,3,13681.35286,26.45088005,9.287670135,4,204.5196533
22640,179.9345551,22.2944088,14.61240005,9.743261337,6.481118202,7401.168228,3,12568.61083,32.26942062,9.241351128,4,180.3696442
22641,197.3843842,25.64735603,15.71063232,7.562441349,4.667312145,7765.327473,3,17100.80351,24.28769493,8.33760643,4,55.61965561
22642,111.0837479,23.40278816,17.17799759,8.920964241,5.316243172,9096.582082,3,34564.5437,24.69341087,9.525005341,4,175.8848877
22643,46.58643341,39.45240784,26.18775177,5.868436337,3.425019979,2089.995489,3,7445.319782,12.50773811,5.658774376,4,289.5952148
22644,2.516266346,63.03792953,16.55143738,2.208605528,1.294650912,2169.171563,3,7487.260673,3.123404741,1.904793382,4,18.43495178
22645,163.4416656,27.28201103,23.54766083,7.836078644,4.795589924,12761.53088,3,5300.689617,24.23007584,10.19123459,10,293.4267578
22646,191.8194275,25.53429794,18.13969994,10.05552006,7.619696617,13688.86876,3,4407.107511,34.03419876,10.44013596,4,77.00538635
22647,45.5031929,24.76015282,16.90203476,9.741476059,5.049078941,4804.208103,3,8824.643497,26.10435677,8.267299652,4,259.2156982
22648,110.8999863,36.86922073,25.61481667,8.385592461,4.885592461,8553.893822,3,34448.37609,23.01647758,7.457503796,4,39.11892319
22649,103.5983582,29.38382721,16.35537148,9.375305176,5.082981586,8065.256736,3,33345.9772,26.2022953,8.068720818,4,104.0116653
22650,5.931083679,43.53348541,21.00425529,2.361781597,1.935577154,3257.077663,3,8646.111437,3.170540571,1.47642529,4,225
22651,222.7062225,22.62252235,15.24511814,7.743010521,5.233490467,12617.27123,3,3818.793216,27.75060272,7.970849991,4,266.2464905
22652,84.24064636,26.06688118,17.26202774,9.802453041,6.142510891,4579.177023,3,8552.903677,21.97348785,9.959629059,4,265.711792
22653,93.45624542,24.76177597,20.04693031,10.4335947,6.085889339,758.8325225,3,24906.54275,28.39025497,8.552699089,4,184.2006226
22654,63.2880249,38.67369461,23.36185646,7.345933437,4.488721848,6166.487947,3,40330.81809,15.52379417,7.117897034,4,95.50203705
22655,47.64055252,41.45298767,25.24729538,5.001701355,2.876425266,1647.557569,3,6950.550274,9.79487896,4.70252943,4,47.20585632
22656,156.0972748,32.05188751,14.50612831,15.6084156,8.18984127,7833.614461,3,1510.39604,39.44095993,16.68248558,4,152.7756958
22657,152.257019,29.5545063,16.64746666,10.87846851,5.993797779,1543.631162,3,2270.598076,24.9048481,11.84290695,4,256.05896
22658,118.3864441,19.87154007,11.9961462,6.648891926,4.055089951,6531.847664,3,10718.38311,20.56974983,6.35904789,4,218.6598053
22659,66.45246887,28.01277161,16.10763931,6.017000675,3.758262634,587.2990561,3,5728.50936,14.22639751,7.727110863,1,254.6007996
22660,48.73701096,31.22449493,22.91445923,15.42400932,10.38254738,4505.345037,3,216.738828,31.87910271,15.05160809,4,152.3685608
22661,157.9819946,24.01641655,13.40503788,5.320474148,3.291182041,9044.129355,3,15564.29795,15.55108166,6.544772625,4,148.7069702
22662,50.49056625,28.61201286,19.50300407,9.317500114,5.096765518,340.8679885,3,24495.28688,22.98470688,10.4333725,4,233.2072144
22663,32.28381729,31.43304062,17.17716026,7.284915924,3.832730293,6497.76078,3,41337.52472,15.64235306,6.476457119,4,167.0925903
22664,100.0879974,27.90949059,16.91048622,7.582816601,4.371140957,4504.14204,3,9052.418834,19.88952065,7.75724268,4,221.6335449
22665,152.18927,24.93509865,15.62190723,9.26164341,6.074067116,3813.590029,3,7876.927901,26.94506836,9.247346878,4,260.8821411
22666,254.5744476,28.29989243,16.37057114,9.718503952,6.175910473,3510.2436,3,7463.174781,26.14711571,10.30071831,4,257.8523865
22667,101.5910263,32.8443718,16.61571884,7.329951286,3.898287773,6901.899288,3,42148.55314,18.32734108,7.701290131,4,170.6633301
22668,112.0587463,32.07290649,18.74355507,8.107234001,4.94424057,6813.042803,3,7899.368153,18.08751106,7.778735161,2,304.8244934
22669,85.69101715,29.94476509,22.00537872,8.564235687,5.37976265,8260.588677,3,6956.811652,21.04007721,9.278471947,4,222.5804901
22670,90.01978302,54.32636261,30.40654564,10.0126276,6.707794189,4724.372068,1,81.5928218,28.42778206,9.734243393,4,336.2096558
22671,117.2558746,25.40201569,14.39789486,6.909970284,4.027197361,3291.700159,3,27335.74096,21.38528252,6.101219654,4,240.7086334
22672,46.53103638,30.70492172,18.20267487,10.44894409,5.889496326,8107.188324,3,35228.03412,22.12579346,8.317579269,4,45
22673,238.4027405,30.37521553,22.00038719,9.829548836,5.742320061,11330.12612,8,4089.25311,26.98277283,7.909490108,4,33.25962067
22674,140.6709442,36.86863327,26.15782547,10.66571236,6.74087286,5171.504989,1,185.0996751,34.4781456,9.335327148,4,27.31970787
22675,97.81069946,46.43670273,29.90040016,8.042657852,4.987594128,3227.582919,1,971.2410069,32.40359116,5.765012741,4,344.2913513
22676,132.2621918,34.37364197,19.70766258,11.75676346,6.932933331,1867.874814,3,25959.03092,27.8203373,8.941275597,4,210.2149811
22677,106.8067856,25.1775589,15.28822803,7.688220501,4.272865772,7602.945303,3,36656.22717,24.97556305,6.399202347,4,215.2382202
22678,52.50969315,33.83451843,23.92729187,5.11507225,3.239883661,1355.980896,3,6647.765605,11.44849014,4.761589527,4,71.56504822
22679,58.69159317,36.95664978,23.69814682,5.336117744,3.614648104,1767.563028,3,7018.821004,11.16548061,6.312318802,4,55.50898743
22680,243.2334137,23.18961906,16.43749428,8.32040596,4.739019394,11036.56939,3,3141.932837,30.37090683,7.544336796,4,93.62469482
22681,218.7446289,39.47439957,24.65259552,10.02173328,6.22659111,5983.343715,1,876.1346743,40.52738953,6.344153881,4,36.94480133
22682,162.3157806,23.12902832,14.27352333,7.071499348,4.284548759,4685.184214,3,8829.139035,17.81563568,8.632926941,4,171.6206055
22683,114.5739746,22.2871933,14.2114563,7.635442257,4.740183353,5694.82291,3,18871.85205,22.92978668,8.852865219,4,214.7633209
22684,100.4593811,35.74100494,18.98409081,10.96970558,6.195444107,668.8551514,3,23578.92603,26.9015522,8.186868668,4,67.05289459
22685,66.61374664,32.18175888,21.29673767,10.13918495,6.339006901,475.726836,3,23676.93461,23.64593124,8.289916992,4,140.0463562
22686,18.86481285,31.97216225,16.72680283,5.416140079,3.38594079,6280.520307,3,41591.33566,5.747998714,1.365390182,4,225
22687,246.2919312,36.65614319,27.65320778,9.446976662,5.444797516,10814.3111,8,3752.914509,27.89119339,7.804634571,4,316.3721313
22688,217.837738,38.39957809,24.30105209,11.34536934,8.187846184,10745.95215,8,3964.28293,29.27523613,8.598896027,4,27.97363853
22689,153.821991,25.0753727,15.333498,5.384534359,3.420844316,8659.044364,3,15287.79149,16.28316116,6.566907406,4,66.13305664
22690,29.78198242,24.01735115,11.62677383,8.296715736,4.701697826,6376.532662,3,10853.22567,28.39532471,5.769173145,4,226.7489471
22691,2.058695316,43.02981567,13.900383,1.243755698,0.532485545,3319.822573,3,8750.841154,2.09728694,0.659264922,4,225
22692,7.185053825,40.79833984,24.15846634,2.675702095,1.588318586,3375.283592,3,8827.303069,4.988241196,2.811817646,4,302.9429016
22693,322.4769287,35.27790451,21.60494423,12.94421673,8.0108881,5252.425137,1,818.7219019,28.66337204,4.993861675,4,30.74996567
22694,152.6260071,22.25794029,18.800951,9.98062706,6.484358788,1101.685968,3,5204.047295,29.19651413,8.840477943,4,190.967865
22695,119.6842804,26.83304787,15.84850693,7.653779984,4.633592129,5805.959378,3,10599.91981,22.8773365,8.654436111,4,152.5255737
22696,105.9252243,27.80333328,16.35738373,6.912988186,4.167555809,5450.887705,3,10049.51583,16.82250404,6.469806194,4,217.5974121
22697,85.93209076,33.40875244,28.00613785,10.42850399,6.514348507,695.3560776,3,24746.83089,32.62199402,7.949782372,4,334.6871338
22698,115.6358871,28.33126259,15.11999607,8.013152122,4.92871666,4127.550795,3,28010.1937,22.23849487,7.259068966,4,210.1154327
22699,22.12665367,34.18249893,21.93569565,6.860142708,3.106541872,6213.841453,3,41110.91785,22.4458,7.84759,4,73.60079956
22700,4.106979847,66.27846527,17.79192162,1.648806214,0.950287282,3174.825486,3,8628.904806,2.483712435,1.232957006,4,292.5
22701,154.7846222,22.69498253,14.72523022,8.876672745,5.494525909,504.9048179,3,4771.847305,32.19574738,7.901189327,4,231.1929016
22702,88.30422211,37.40569687,22.70012093,10.61437225,5.646543503,3508.081884,3,7525.558497,26.63057327,10.43217373,4,307.4761963
22703,21.19079399,24.150774,16.76266479,6.604121685,3.814986944,5950.490607,3,10011.06869,15.72222042,5.291036606,4,202.2855835
22704,173.1481934,31.49689293,17.17675209,7.130458832,4.160116196,8313.195638,3,16323.18031,21.27059364,5.631847382,4,98.13010406
22705,14.1189537,39.26639175,19.37141037,5.074326515,3.225546598,143.5225273,3,24277.99413,9.406000137,4.732291222,4,66.80140686
22706,41.49912643,28.89753532,16.47954941,9.580104828,4.673755169,2136.168181,3,26159.94656,25.14373398,8.039019585,4,181.0050964
22707,96.2569046,45.0018959,20.80929565,11.24624634,5.764369011,3054.73936,3,27023.73675,21.0596962,8.529596329,4,302.9995117
22708,203.0152435,35.16358948,25.17858124,14.87376976,8.33976078,7690.864488,1,1861.976746,46.20516586,13.72338581,4,37.35148621
22709,177.238327,39.98641205,34.46422958,8.301116943,6.304915428,5058.727078,1,501.2055705,30.30655098,1.992452383,4,25.67681885
22710,280.5242004,36.22575378,28.48821259,10.4076004,5.854553223,4589.465648,1,350.9901863,25.64340019,10.18466377,4,48.62952042
22711,359.181488,43.00342941,28.66773415,11.51560402,6.6832757,5418.442097,1,1148.277021,28.39831543,6.697238445,4,280.5973511
22712,160.2323456,28.42210197,16.03355026,9.348561287,5.674379826,5059.905159,3,9406.011812,24.85800362,9.505789757,4,93.12213135
22713,248.3567047,29.66368675,23.03468323,8.656052589,5.547127724,10332.0036,8,3669.271428,26.63239098,9.803584099,4,281.1920471
22714,492.6001282,47.0189476,28.43728256,12.78151321,7.597880363,6089.19474,1,1372.140412,37.30825424,5.854830742,4,20.128685
22715,208.4018555,21.38619041,12.42551708,8.847201347,5.10090971,1240.139832,3,2227.336838,23.11651802,6.097774982,4,196.3581848
22716,181.1869659,28.99390221,18.37448502,8.294384956,5.761990547,737.6681626,3,3596.688611,24.86785316,10.94560814,4,104.1279144
22717,95.3817215,58.82646561,25.63862038,13.23719215,7.116928577,590.6330073,3,23487.23358,31.81918907,9.876773834,4,59.13319016
22718,155.5954742,31.55967331,18.31433296,9.835758209,5.634241581,274.1126557,3,23652.7825,28.27676392,9.582922935,4,83.23382568
22719,114.459343,39.39442825,26.84142685,6.896518707,4.100866318,7581.664296,3,32659.69985,18.87598801,6.088297367,4,308.0887756
22720,82.69464111,27.74067879,18.3092041,8.01203537,4.183276653,7540.645472,3,36071.06769,19.92504883,8.398198128,4,193.0432434
22721,92.78435516,45.92472839,27.61239433,5.861102581,3.582473993,3843.218536,3,9464.60857,14.39058876,7.883695126,4,275.3609619
22722,61.24695206,38.3945961,23.01881981,5.527033329,3.208603859,3007.927228,3,8588.545101,11.78097153,6.14688158,4,291.5712891
22723,44.18162918,34.94407654,18.0312748,3.936840296,2.328825474,5981.570338,3,8180.646243,6.815764904,2.938926697,2,304.6951599
22724,148.6973572,31.24356079,17.55441284,10.13408947,5.690816879,749.5604486,3,24620.30355,27.39106369,8.894094467,4,255.7670593
22725,170.6726074,41.17792511,27.93617249,8.651137352,4.978412151,7535.218343,3,34483.02529,23.89946175,7.60730648,4,333.711731
22726,139.4281616,31.16862106,17.03372192,10.69127846,7.170838833,5940.772732,3,10891.87979,25.99023438,11.82009792,4,265.319397
22727,123.9293594,33.12546539,18.21688843,10.67129517,5.920975685,1352.4577,3,22936.92368,32.33417892,8.477976799,4,88.22119904
22728,127.6078186,34.27725601,23.94851303,9.972184181,6.026743889,1826.830498,3,22351.94828,28.42982292,8.607995987,4,63.20706177
22729,110.8270035,49.80231857,29.80574989,11.60524464,6.918088436,1406.750583,3,25387.79611,31.3997097,8.895896912,4,315
22730,108.0010147,50.6407814,29.15000725,10.43629456,6.41050148,2455.843911,3,26300.45482,25.80372047,9.404476166,4,31.86597824
22731,76.93915558,40.710289,15.28245258,8.183301926,4.297259808,2398.303787,3,26383.22847,22.23456955,6.541956902,4,286.3138428
22732,77.16043091,31.99448204,20.89285469,10.57394505,6.282308102,2611.61172,3,26542.63091,26.36935806,8.905988693,4,221.9552155
22733,182.4010162,26.54687881,17.01937294,7.060089588,4.42620182,7506.897987,3,33817.09001,24.08320618,8.681336403,4,101.5921783
22734,190.6198273,38.47899246,26.45059204,9.184775352,5.676200867,8858.151807,1,2307.131346,29.59251785,9.028096199,4,37.42401505
22735,193.7816162,47.64535522,28.35992622,13.67736626,6.964604855,7977.680457,1,1928.591503,36.15054703,11.05812645,4,322.6762085
22736,177.4185181,32.5986824,20.09702682,9.151184082,5.606082916,6644.089864,3,17900.90825,22.92267036,9.033572197,4,55.59033203
22737,133.2194061,25.36762619,14.46060467,7.332704067,4.221442223,7976.674003,3,16638.63367,21.16839409,5.940220356,4,160.7693176
22738,84.07176208,30.23130417,18.11385155,11.69417667,6.776870251,4564.983805,3,8213.826428,24.65240288,12.85681629,4,135
22739,80.97928619,32.75356674,20.16517639,5.75482893,4.221533775,432.0997975,3,5555.098602,14.53506947,9.963615417,1,228.0940552
22740,156.5852814,25.98924255,18.71300507,10.33931351,5.614006042,7223.380799,1,1524.527789,36.49570084,7.967903614,4,254.2752533
22741,222.5881195,30.05833435,18.66906929,9.183889389,5.155593395,3329.485045,3,7110.657448,22.36577606,8.344180107,4,286.4247742
22742,18.98644638,23.23484993,13.3118124,9.713108063,3.781413317,7743.750762,3,13635.58177,19.34516144,6.985716343,4,311.3322144
22743,39.67240906,32.87953568,19.27460098,5.495519638,3.0384202,2552.759067,3,8018.727796,12.32346153,5.099692345,4,89.57244873
22744,50.63901901,41.342659,25.13724136,5.808559418,3.435031414,2532.934049,3,8095.798427,12.55779648,5.679861069,4,52.11705017
22745,171.8909607,25.29683113,19.79090309,8.358546257,5.212562084,8683.184483,8,2704.490145,31.12763405,7.045350075,4,316.4501953
22746,131.434082,33.28143692,23.27079201,10.02200508,5.440446854,7367.937578,3,13214.44302,30.86184692,7.971842766,4,319.2678833
22747,50.48675919,35.03060913,24.82709312,7.381626606,4.247083664,7919.330675,3,14021.56252,16.69154167,6.852144241,4,306.8699036
22748,104.6100388,28.58296013,16.08798027,9.089858055,5.329639435,5785.269999,3,29786.15392,27.5849781,7.839478016,4,161.7828979
22749,92.57180023,35.48676682,20.68803596,6.145279884,4.474475861,437.7442341,3,5753.954958,15.47293949,9.465536118,4,198.227356
22750,158.0853729,25.48039436,16.86605835,10.1691246,5.870736599,7324.718524,3,13622.7958,31.56888771,8.654560089,4,151.2638092
22751,130.5764618,40.99085999,29.1505394,7.734264851,4.832745552,7254.015862,3,32120.10682,21.35011292,7.381111622,4,55.18821716
22752,15.3849535,40.18941879,22.41681671,7.184753895,4.643857956,6921.542754,3,36497.00043,12.43129921,5.771493435,4,159.7751465
22753,367.8829956,30.45689392,20.84871483,11.49167252,6.717410088,6188.827623,3,1346.17531,38.30818939,5.015848637,4,66.69536591
22754,123.5262527,21.04519081,15.4583931,9.245162964,5.678501129,6810.761552,3,11879.15906,30.2063427,7.86787653,4,176.1859283
22755,76.18916321,30.75118637,18.49443817,8.01756382,4.757514,6185.443672,3,39515.50346,19.02783775,6.300830364,4,196.9882813
22756,84.11464691,26.4493084,18.74001122,9.822078705,5.880158901,6850.419793,3,36962.07075,25.11507416,9.971162796,4,185.2648926
22757,59.17972946,28.44087982,20.90090942,10.20757008,6.933894157,5803.329851,3,38386.77966,23.60603523,7.617740154,4,72.2691803
22758,53.57506561,50.14633179,14.33325195,13.27815151,5.492984772,7279.411269,3,12811.78719,22.97122955,7.534835339,4,263.4373169
22759,165.3213348,43.37410355,21.50479126,12.86859989,6.650613785,6964.198859,3,12617.85444,32.83563995,9.530508995,4,304.2176819
22760,189.0330811,34.67903519,20.56282425,11.68109608,6.79934597,558.8696361,3,4125.530221,33.01006317,11.03428364,4,275.3229675
22761,37.157444,31.17139053,16.56359291,9.19329071,5.162602425,2095.781313,3,6035.529669,24.0030098,5.710004807,4,310.9990234
22762,158.9056854,24.26606178,12.29053783,7.138930798,4.135363579,3532.703211,3,7362.438243,21.6967907,7.1046772,4,237.3599243
22763,123.7157898,29.77167892,13.30895329,7.884852886,4.1057024,5861.699698,3,30126.55619,28.65233421,7.154017925,4,244.6120911
22764,108.8949203,37.22012329,26.3356266,7.471150875,4.077914715,7086.634552,3,32703.51318,21.40899277,6.422320366,4,34.69515228
22765,84.09653473,33.30007553,26.97027588,8.916715622,4.983530045,8222.989248,3,33793.08192,24.10958099,6.905644417,4,335.2451172
22766,82.33320618,30.59518242,20.15320396,6.101474762,3.619071007,7310.811023,3,33016.50896,20.20051003,5.429573059,4,42.79740143
22767,90.38591003,47.33817673,30.01728439,9.75599575,6.186909199,7804.1801,8,7332.031395,24.92010117,11.48803329,4,32.55000305
22768,133.4629974,25.37164497,18.74962234,7.624376297,4.712256432,7742.155187,3,8301.67353,21.82056236,8.82370472,4,152.5712585
22769,91.91930389,25.27402306,16.69511986,7.127810955,4.803168297,7229.831354,3,32624.38356,20.54817963,6.735170364,4,74.28330994
22770,188.1320953,26.00978851,14.35045815,7.942124844,4.292925358,12428.61485,3,4094.46129,29.20594025,6.203154087,4,233.1300964
22771,163.6277466,24.75601768,14.68043709,9.09103775,5.467178345,1278.916824,3,2356.960895,25.16926003,11.33807182,4,232.0389862
22772,127.870636,23.76651955,12.93365765,9.871412277,5.861485958,867.4721415,3,3080.452409,27.55412865,10.5521698,4,171.552475
22773,137.6606445,25.37256622,16.73158073,8.749045372,5.816674709,288.7399266,3,3609.411818,29.85728073,9.477897644,4,113.0144653
22774,99.99422455,31.45564461,17.27829933,8.302402496,4.24903059,3856.298215,3,27603.88917,20.14548492,7.840133667,4,254.2752533
22775,189.8274689,31.24645042,18.56079674,7.807425499,4.376749992,5338.075817,3,30971.79613,18.52116203,7.110168457,4,233.4889374
22776,101.7025528,36.57429886,23.19487572,8.234064102,4.374643803,7254.637505,3,35688.09688,21.59504128,8.084107399,4,39.49452209
22777,70.43467712,27.15803909,16.52796173,4.926492214,3.036448479,5982.706141,3,8629.549796,12.56096458,6.913360119,4,233.5307617
22778,111.4454117,29.86172104,16.09664726,8.820086479,5.124204636,5139.600693,3,19276.67725,26.01932716,6.973498821,4,231.1466217
22779,119.5428848,31.01535988,21.84745598,8.792750359,4.762469292,4291.604221,3,28080.05786,21.89878082,7.662617207,4,327.0305786
22780,122.3091125,30.53483391,17.17397881,8.725331306,4.926036358,4757.262126,3,28601.86034,23.87150574,7.199711323,4,135.9997253
22781,53.28293991,47.39914322,27.68337631,9.519416809,6.223667145,6462.168556,3,36848.37877,7.132126808,3.279159546,4,36.36153412
22782,133.0330505,26.31273651,15.06652641,6.703065872,3.827307701,6699.212978,3,17720.06922,19.53990555,6.599090576,4,126.6341095
22783,57.67411804,29.14981842,18.93806839,9.982393265,5.631159782,5162.544464,3,19029.43881,21.28238106,10.29803944,4,208.3792419
22784,179.6551056,30.54780388,18.06782532,8.376450539,4.595685482,5194.880056,3,30731.49588,22.62381554,6.327908516,4,154.7222748
22785,166.321579,25.47554779,15.98364258,8.950640678,5.079748631,5954.652682,3,30438.23854,25.6258812,7.720081806,4,191.593338
22786,126.8840714,22.61145782,14.49835491,6.759716034,4.140833855,6919.148159,8,8089.227263,23.55915833,7.831293583,2,232.829071
22787,194.4675293,45.75400543,28.76153755,12.33368587,7.850250721,1488.501375,3,5146.867083,34.73005676,10.72114086,4,317.7449341
22788,176.8370056,30.30333138,16.47388077,7.744182587,4.817183971,3543.849489,3,7168.628194,19.15217781,7.095407009,4,243.0711212
22789,155.3582001,19.86837769,16.03557587,7.640063763,5.207117081,6990.560794,3,8408.726787,25.5189991,6.999743462,4,169.4792175
22790,23.94892502,29.7862606,27.14685631,8.955464363,4.314305782,7633.173033,3,13721.27757,23.25025177,7.281814575,4,345.1413879
22791,175.973938,25.41799355,15.94826126,6.534729004,3.830302,6022.563343,3,31827.75497,17.4296875,6.839347839,4,223.0250702
22792,81.18414307,42.44594193,26.3752079,7.450778484,4.120342255,7412.187342,3,33299.53639,19.49674034,6.764985561,4,292.4562073
22793,91.09105682,28.71462059,17.59480476,9.386573792,5.336997032,6413.508096,3,11810.12985,26.07343102,6.77960825,4,302.2880249
22794,124.796524,43.91358566,27.71858215,11.2468586,6.270234108,6472.192654,3,12354.352,28.31889153,8.832921982,4,304.9992676
22795,70.27178192,54.49969864,26.38459396,7.910319328,4.298557281,6349.961802,3,36161.29925,8.233744621,2.74356842,4,67.04324341
22796,159.8606567,32.30035019,21.55091095,7.763504028,4.620412827,5846.80854,3,18266.40806,21.88819504,8.478460312,4,52.2531929
22797,141.6664276,27.51047134,16.00965309,9.360466003,5.511870384,1283.450545,3,22576.06089,25.26673889,8.220553398,4,190.9228058
22798,111.821785,31.21026421,15.82324219,9.716720581,4.971429825,4925.063234,3,28924.5725,26.66031456,7.030014038,4,213.8402252
22799,165.3842773,33.71378326,17.10379601,13.30614185,7.139594078,7660.80396,3,14079.59149,29.98294258,11.21875572,4,250.5413818
22800,254.2102661,42.35250473,29.17265701,9.326213837,5.638885498,11253.18975,8,3612.135739,30.96526146,8.656891823,4,38.93774414
22801,78.77928925,31.82673645,20.17177773,6.191421986,4.275074959,464.2704843,3,5716.301365,14.87721157,8.773777962,4,239.2591858
22802,107.8722992,20.09239769,13.56803226,8.145394325,5.441708565,1906.012131,3,25675.1682,27.56897926,8.058387756,4,209.1984558
22803,49.85030746,41.27461243,29.07100105,6.384264469,3.513539553,5302.31993,3,9204.404074,15.6331377,6.03026104,4,32.36663818
22804,159.8771973,29.90750694,19.01988792,11.44196606,6.424098969,6807.265806,3,12619.63659,36.79940414,10.20631504,4,237.4837952
22805,181.4442139,38.79441071,26.87161446,10.89291,6.208947659,13184.3804,3,5382.597453,32.15727615,9.560037613,10,54.70818329
22806,252.9929657,56.88380432,28.52802467,11.00798798,6.47407341,5562.8451,1,1007.306073,22.4458,7.84759,4,120.9059753
22807,25.93330956,28.65136147,17.16807175,4.389317036,3.571753502,4326.345498,3,8018.289548,12.05170441,2.994966507,4,113.1985931
22808,162.3029327,30.01078796,21.438591,10.5380249,6.773962021,1723.814551,3,22105.35119,27.5749836,8.986459732,4,76.09731293
22809,95.73934937,28.82881165,16.67458725,8.881660461,5.662808895,2739.332888,3,20991.21323,22.12080002,8.997056961,4,280.0079956
22810,162.9729004,24.03619766,15.96360588,8.968417168,5.783638954,13231.21234,3,5177.827509,32.33740616,7.540771484,10,103.8514175
22811,200.3387909,21.54534149,12.94496822,7.544122219,4.348726273,12596.96127,3,4326.910947,30.66997337,6.503229141,4,290.3485718
22812,75.8554306,25.26555252,14.65794849,7.770212173,5.645902157,1189.78555,3,2727.149267,26.96658325,7.101336956,4,110.1600494
22813,107.2069931,30.12215614,16.99258041,8.751803398,5.317275524,5868.355363,3,10939.86716,20.8260231,9.644673347,4,189.953537
22814,48.99207306,32.95187378,18.09416771,12.38296318,6.068582058,6828.53356,3,35965.65727,22.4458,7.84759,4,114.1486053
22815,64.8068924,21.28544617,16.70751953,8.459780693,4.509492397,13312.38535,3,4652.189235,24.44314957,9.245160103,4,249.9536438
22816,52.9434166,25.15117264,15.80234146,8.371357918,4.783363342,7158.569047,3,17208.04607,22.75600624,7.464251995,4,138.2605591
22817,147.6392822,47.07555771,28.04911232,8.577795982,4.947908401,6611.752873,3,17529.84309,22.64937401,7.936995029,4,29.15691757
22818,213.6242218,29.13300323,17.20498085,8.0533638,4.750972748,3513.308819,3,20738.11717,21.86988258,7.970945835,4,147.4649353
22819,167.0037384,27.89922333,15.10163593,7.893799305,4.658698082,12427.5414,3,4710.954309,16.02133751,7.004190445,4,199.0934906
22820,171.3370209,28.68608665,16.29397011,9.107636452,5.104685783,7609.278058,3,16441.04886,25.84160423,8.806538582,4,69.32557678
22821,190.8130188,46.66028976,28.97431564,10.00207138,5.784217358,7269.926876,3,16654.18765,27.86614609,9.537456512,4,327.6726074
22822,30.03600883,26.97383308,18.21339417,3.670699835,1.888889194,1206.331966,3,3459.121824,5.739582539,2.057572842,4,41.11741638
22823,134.6947174,26.50400162,14.19592285,8.956267357,4.969362736,6668.17752,3,13019.38753,26.52694321,6.892329693,4,172.1745911
22824,31.46805191,36.12080002,15.92666245,5.979037285,2.545691252,7230.976642,3,17070.59142,14.27060223,3.438721895,4,42.29603577
22825,78.68332672,30.87561226,23.05255318,8.239319801,3.93348217,13715.45847,3,5081.505638,27.42973328,10.67906666,4,43.12098694
22826,217.4949036,26.10361099,20.10652351,10.21345139,6.763520241,9231.362225,3,2910.154615,34.16956711,9.668102264,4,95.31454468
22827,63.35426331,30.89518738,17.33468056,8.250751495,5.031662464,4190.301457,3,8191.206742,18.01621437,8.595080376,4,75.06858063
22828,41.85915756,37.82568359,18.51091385,9.996620178,5.032008171,7704.273248,3,16653.62082,24.15523338,8.541323662,4,140.1613159
22829,35.17699051,24.76608467,17.39840889,6.608619213,2.89754343,7575.910106,3,16701.67857,18.46400261,5.545343399,4,40.68397141
22830,30.83119202,30.51350021,14.777071,10.49301624,2.576470852,4466.213532,3,28161.8013,29.48241043,6.99700737,4,202.3286591
22831,39.91811371,58.08520508,25.86956406,6.42881155,2.92993927,1513.44442,3,6742.837035,12.33174801,4.511828899,4,323.2278748
22832,86.01509094,33.92385483,18.26543617,7.328393936,4.647928715,654.9154745,3,5948.917548,15.96834087,8.475307465,4,237.4894104
22833,109.0190353,29.19820404,19.14890671,7.266688347,4.07977581,6544.961955,3,8497.853322,18.53829002,7.182692528,2,300.8688965
22834,9.393596649,18.6613903,13.29716206,4.465639591,1.911763906,4345.61757,3,8430.243449,9.633383751,3.02806139,4,106.6585236
22835,145.1066284,26.26230812,16.51302528,8.958893776,5.13346529,7678.886932,3,14237.95184,29.13768196,7.582351208,4,199.9490204
22836,68.35408783,26.11254883,15.50595093,6.344125748,4.736158371,4264.577482,3,19721.57114,16.25972176,9.193306923,4,194.7435608
22837,36.94559097,54.7077713,25.63689995,5.065544605,2.814229012,2520.251854,3,8032.588063,12.29706287,5.19880867,4,294.5604248
22838,69.54133606,28.90446472,17.65079689,6.423216343,4.046062946,1033.301759,3,6547.52431,16.32863426,6.90246439,4,140.1944275
22839,26.39411545,37.27303314,30.01404381,6.112849712,3.150727272,13562.54212,3,5046.055491,16.90888405,4.278986931,4,20.46227264
22840,230.2112274,19.94991302,13.11690044,7.46544075,4.188361168,12884.59489,3,4643.438948,29.92808533,8.347622871,4,247.7509766
22841,121.1096802,25.4335537,17.22296143,8.303571701,5.683619022,494.2591077,3,2577.193506,25.58594704,9.410347939,4,100.5775757
22842,162.9608765,31.90976906,18.54894257,11.27871799,6.607792377,5577.211347,3,10876.26549,28.74022293,9.724673271,4,301.8835449
22843,146.9122925,22.08116913,13.26074886,5.574846268,3.245028973,8494.564751,3,15501.736,16.96274948,4.917207241,4,114.4439545
22844,149.1244965,47.43563461,27.70905113,10.68811893,6.321493626,3077.091587,3,6549.500806,28.33570099,10.39840412,4,310.9430542
22845,10.07456779,29.54712677,9.756606102,3.796294212,1.966678858,4388.279676,3,8533.406283,6.837411404,2.02853632,4,124.7752228
22846,135.9035797,26.46691513,15.84989643,8.719839096,5.265874386,6088.38393,3,11815.34464,27.69645691,8.416005135,4,276.3417358
22847,65.47772217,31.18934059,19.54034615,6.59668541,4.261785507,1211.058705,3,6810.846723,15.94085503,6.112313271,4,286.9274902
22848,73.32936859,25.82637787,13.48260689,4.390048504,2.50303483,4133.013922,3,8889.933641,10.43440056,3.617395401,4,146.3099365
22849,104.984787,20.36589432,15.59050179,4.931565285,3.063681126,1346.302691,3,3282.197789,9.120674133,5.0143466,4,45
22850,158.3069611,28.77181625,17.09930611,8.490240097,4.955869198,3712.650422,3,27891.55667,25.83201408,5.879062176,4,222.6283569
22851,116.5600052,28.32592773,16.93594742,10.01890945,5.493287086,5021.659094,3,29260.75369,27.9851017,7.502697468,4,154.8315735
22852,90.27636719,27.78336334,18.03227234,8.915746689,5.082629204,4661.821264,3,9701.633599,23.82448387,8.045919418,4,215.0929565
22853,46.62776947,28.56759453,23.23831177,5.736430168,2.909629107,5422.367986,3,9393.844799,15.62934971,5.365401745,4,36.81713867
22854,210.5238495,24.36945343,15.47885418,9.27126503,5.412169933,2599.75758,3,6401.389222,29.25915718,8.020936012,4,157.2958984
22855,152.1083679,26.23920441,15.42547226,6.988132,3.74697876,3707.295049,3,8316.437584,19.3910408,5.615408897,4,167.9373169
22856,160.5233765,45.6654892,29.60693169,9.439857483,5.758176804,8108.556065,3,15894.10329,25.9292202,9.971859932,4,57.05078506
22857,156.0047455,29.66859627,16.52508545,8.746037483,5.055186749,3679.762159,3,27470.87084,25.84512711,7.653661728,4,160.8663635
22858,68.68068695,31.31737709,23.9661541,5.462446213,3.379351377,5822.836275,3,9179.692822,14.41157436,5.964176655,4,247.8336487
22859,110.9619217,24.39870453,13.81782722,9.23229599,4.960678577,7565.524003,3,14246.85411,27.69480705,7.622305393,4,271.5693359
22860,72.03733826,49.14621735,29.32909203,9.348262787,4.860324383,3503.676433,3,27223.32166,20.63053131,8.154966354,4,45
22861,148.9201202,26.71806335,15.17275429,7.857907295,4.624311447,5803.399801,3,30570.98728,26.22329712,7.217062473,4,252.4960022
22862,155.1254272,36.44075775,19.17891502,12.28650665,6.796885967,1395.169685,3,22226.80484,23.62580109,9.249330521,2,177.5804901
22863,141.3625183,24.76659203,14.99986172,7.923519135,4.276319504,2592.546095,3,26282.04026,22.88916969,6.981146812,4,219.3693237
22864,179.106308,40.47637939,29.21436119,8.775841713,5.286107063,12366.33568,8,6655.508915,20.08986282,5.912794113,4,29.5778389
22865,26.78134155,33.40716553,15.23670197,6.542980671,3.942550898,668.308404,3,3002.680119,14.10379601,4.141461372,4,114.2277451
22866,63.56716919,35.90574265,21.2704792,6.271347046,3.563097239,8071.807159,3,15052.00521,12.8624239,4.935865879,4,69.73297882
22867,36.53875732,26.52471924,15.11461353,6.132446766,3.806555033,297.6364017,3,3152.417617,17.82422256,5.972383976,4,113.6820831
22868,25.71702003,25.33740807,10.17077827,5.572335243,3.735388756,8057.155433,3,16200.4602,16.3997097,4.189855099,4,46.24536514
22869,174.8243103,33.44399643,23.5596981,9.203899384,5.080007553,13417.97474,3,5823.696117,12.95074368,7.80532074,4,51.66500854
22870,179.6324921,19.77748108,15.48364544,7.630322933,4.668315411,13131.66135,3,5095.542352,29.28814507,7.382681847,4,255.0271301
22871,100.0751648,21.28651047,17.17793846,6.214851856,4.257269382,8136.250599,3,15545.22221,23.60779953,7.160673141,4,52.68623734
22872,28.76023865,26.11313438,14.78623199,5.050050259,3.172704697,4626.237284,3,19375.81788,9.799892426,5.268036366,4,190.191925
22873,115.9016953,32.26977921,20.5524025,7.902072906,4.554522991,5092.458856,3,29965.80112,21.10274506,7.005713463,4,272.4194946
22874,65.60587311,25.07733917,16.51540565,5.784360886,3.439019918,10052.46383,3,7128.642075,13.77768421,5.438049793,10,76.26373291
22875,67.93274689,30.33999443,16.15807152,6.628414154,4.282457352,2634.952292,3,8246.367266,16.13423157,6.755645752,4,176.4236755
22876,138.4045868,27.44520378,18.24908638,8.442318916,5.161248207,630.3934927,3,1863.679862,27.65597916,8.39662075,4,239.6524353
22877,168.7497711,30.20397758,18.84737206,11.59358025,6.432357788,1326.786613,3,4391.233295,30.37042809,9.762184143,4,254.1480713
22878,154.4541016,23.61471748,12.83141708,6.022488117,4.093576908,5479.593558,3,18473.84908,22.04342079,6.210635662,4,74.66671753
22879,76.56501007,29.68935013,15.68679619,6.743742466,4.058677197,5850.200003,3,9386.342305,18.75491142,7.523886681,4,138.7517242
22880,143.1706696,27.71518707,19.87185669,9.419944763,5.371162891,12068.52989,3,6662.308104,24.71724319,7.767845154,10,99.33087158
22881,311.1645813,39.63861084,25.60209846,11.8070879,7.227835655,5662.189435,1,990.4660667,22.4458,7.84759,4,62.0442009
22882,261.441864,26.5206852,17.95591927,9.670397758,5.954476833,1607.589968,3,4875.324683,27.96500969,9.702477455,4,155.8366699
22883,17.53572273,25.23039436,13.18925858,3.890845299,2.013379574,1026.271168,3,3672.803751,8.947224617,2.950957537,4,38.98139954
22884,40.13345337,31.82382584,18.42297935,5.420342922,2.914993525,1910.853065,3,7525.454722,14.57838821,4.419898033,4,103.2405167
22885,94.75837708,28.92663193,17.63124084,10.22911263,5.265185356,6370.947418,3,12771.54631,27.45928383,8.349596977,4,79.38034058
22886,87.52664185,41.12898636,24.04490852,7.694765568,4.236224174,4493.247903,3,9974.341142,22.35542488,6.30905962,4,303.8869629
22887,74.30539703,33.29203033,20.14034081,8.456057549,4.880777836,4336.702724,3,10507.09915,18.60673523,7.748055458,4,99.4994812
22888,25.14561081,39.43593979,19.73872757,11.60754395,5.961080551,40.58500918,3,3323.404073,23.36136055,6.64266634,4,275.0858459
22889,208.9178467,28.07249832,16.75941277,10.24440479,5.905776501,5756.61864,3,12314.13037,25.88560867,8.317315102,4,187.4958496
22890,29.16201973,21.45271683,14.63384914,6.018294811,2.86928916,4982.423982,3,18957.43524,16.1914711,3.926605701,4,78.48247528
22891,40.11027908,28.18828964,17.49302101,7.262141705,3.088962793,2186.810428,3,7804.099185,16.69591713,6.072394848,4,204.4439545
22892,190.9824524,28.5743103,17.23428726,10.29850769,6.45080328,1453.311102,3,4228.257986,31.9136219,9.045046806,4,155.8726959
22893,139.5304565,23.38947296,14.486619,7.611235142,4.60217905,7303.159561,3,14488.36964,19.33696175,7.411938667,4,194.2265625
22894,229.4034729,26.35875511,15.52516365,9.107527733,5.695108414,1579.2028,3,5172.942987,30.16413689,8.586293221,4,239.2067719
22895,41.0733757,31.74080849,22.03098297,6.625130177,3.673929453,4778.324977,3,19070.851,16.12016487,8.343276024,4,43.54978561
22896,144.8497162,22.54548645,12.72009373,6.663399696,3.603005886,5626.886092,3,18157.39555,24.72800636,6.137242317,4,96.3401947
22897,124.4960938,21.54318428,16.08415031,6.36272192,3.771926641,2409.194071,3,2267.057776,10.33144855,5.855202675,4,91.43209839
22898,114.9096756,22.97214317,13.14472008,5.586515903,4.63609314,2731.519117,3,8313.281174,16.80051804,8.852223396,4,235.0079803
22899,100.9079437,24.5329895,17.31022835,8.217545509,4.602220058,3527.339699,3,9389.341152,24.64138222,9.515416145,4,130.7747192
22900,128.3751373,29.41121674,17.84634972,9.990306854,5.897143841,368.4746031,3,3058.926579,28.09111786,10.61626911,4,273.4682312
22901,157.7799225,51.41139603,27.83453941,10.60327339,6.352780342,5857.347459,3,11641.29056,28.4241066,8.341339111,4,320.6317749
22902,33.91178513,26.53683472,11.48943424,7.973575115,3.234160423,1663.86941,3,25372.65329,19.95221329,7.674819946,4,217.3210449
22903,105.8966599,28.1341629,18.09384537,8.972957611,5.016522408,1039.686607,3,24735.02632,23.04871559,8.20238781,4,193.4814606
22904,92.17401886,28.47421265,20.64241409,7.455574036,4.759377956,3306.508018,3,9313.854344,23.14807892,8.323292732,4,285.1240234
22905,156.6252136,26.51762962,18.53663063,8.43445015,5.483048439,7754.206912,3,9185.306086,21.07705307,8.2022295,10,266.0813293
22906,138.8183441,31.95304108,16.76102066,10.80027485,5.091569901,625.2575096,3,3819.659379,28.43372726,8.848417282,4,241.5348358
22907,121.2372131,35.00635147,20.98447037,11.27098942,7.015503883,904.8338409,2,3936.897594,32.27574539,8.725579262,4,300.1993408
22908,10.44941711,39.68819046,17.4650898,2.778126717,1.503883004,4620.90289,3,9749.15636,7.179482937,2.030489445,4,216.0273743
22909,159.4656677,23.89224243,13.84662914,8.099054337,4.402826786,7108.595524,3,13898.11678,27.58065796,6.978017807,4,237.7799835
22910,96.12064362,31.75410271,17.72836685,8.575425148,4.715221882,3134.533029,3,20702.9593,20.62282372,7.935894012,4,159.9337769
22911,96.30143738,30.40525055,16.68967819,9.363196373,5.979487896,205.7549643,3,23475.65392,25.27498627,8.652967453,2,125.537674
22912,72.41246033,27.31350136,20.80772591,7.611182213,4.285936356,4014.793275,3,10102.85844,22.78430939,8.823231697,4,244.8721771
22913,74.43313599,43.5483284,27.56725311,7.550048351,4.459933281,10292.54086,3,7348.229553,16.54199982,6.854465961,10,316.9749146
22914,108.3138504,40.90808487,27.75969887,12.60507774,7.718784332,1293.939742,3,24826.9106,29.31510925,9.529722214,4,320.5124817
22915,36.36495972,35.63014984,21.15699959,4.696615219,2.642459393,10248.85431,3,7210.683576,10.39628696,3.241150856,10,27.8972702
22916,227.2007904,29.13020325,16.49818993,9.886220932,5.80100441,2934.86963,3,6940.484588,30.56412888,8.989123344,4,257.0706787
22917,126.389595,27.80362511,19.80629539,9.779597282,5.611726761,2495.643395,3,26084.31678,27.33163071,7.955170155,4,323.4269714
22918,117.3021011,27.03584099,15.89029598,7.349442959,4.803142071,2734.525025,3,8609.330455,20.04067993,10.59996414,4,190.8137054
22919,31.68879128,31.61573792,18.97754669,11.52294159,6.161015511,4531.855997,3,9615.181995,19.54113579,9.747737885,4,114.4439545
22920,72.59241486,30.69170189,20.1836853,10.69598103,6.914209366,281.7163647,3,23810.4227,24.5519371,11.9341898,2,302.7352295
22921,72.6835022,32.3599205,19.64949799,6.407652378,4.119372845,169.2850252,3,5639.267185,15.69742298,8.938134193,4,240.5241089
22922,115.5229568,31.35210609,19.15216255,8.56122303,4.751242161,4958.492042,3,18647.30544,22.83640289,6.815126896,4,80.31121063
22923,91.96727753,42.24010086,30.65448189,7.285329342,4.409763336,2559.865695,3,2262.340379,15.49383926,7.755250454,4,48.81407547
22924,4.350428581,39.64272308,18.81752777,2.845926285,1.535580039,1073.077182,3,3844.264989,3.768170834,1.840996981,4,66.80140686
22925,170.3188934,28.40091324,18.22034073,7.818133354,4.371439934,7766.316076,3,8974.450814,21.87391472,7.794621468,4,150.1858368
22926,47.95872116,32.66854858,15.85665226,5.076086521,2.621481895,4301.054602,3,8906.025785,9.353340149,3.829632044,4,114.4439545
22927,57.75503159,28.51371384,16.22881889,7.980695248,4.342975616,6643.722787,3,13302.48726,27.30996895,5.340804577,4,131.4604492
22928,50.73630524,30.87842369,22.68285942,8.637545586,4.29264307,4426.709192,3,19284.90356,19.40492821,8.158305168,4,46.40122604
22929,162.5456238,29.70417595,17.69407654,9.32957077,5.105481625,3187.839132,3,27099.83009,28.47265244,9.542011261,4,170.9590759
22930,43.55732346,40.91313553,25.89081383,4.915066719,3.282487631,1354.701843,3,3725.974518,9.749041557,5.888475895,4,41.53177261
22931,88.13509369,30.76990891,15.96748066,7.871173859,4.475043297,4693.067041,3,10274.38695,21.05701828,6.813331127,4,230.9061432
22932,126.6474838,24.68985558,14.67782593,5.978139877,3.753994465,7663.426941,3,8767.298492,22.70952606,6.528364182,4,229.5139923
22933,127.9271088,28.93865204,22.65616035,8.465266228,4.99424839,7770.557963,8,8386.28374,24.07320023,8.47593689,4,271.5174866
22934,216.9905548,24.88207626,14.46739292,8.492062569,5.148581505,5119.157212,3,10515.43855,25.7199955,8.412752151,4,236.4695282
22935,190.4944458,28.89009094,16.33117104,8.703778267,5.416153431,5259.202685,3,11922.42622,25.44816589,7.768350124,4,116.2544556
22936,203.7471771,25.94791222,15.29041576,8.393876076,4.955485344,4948.139362,3,11527.92879,23.87842941,8.644587517,4,194.3493347
22937,122.5228729,31.05066681,16.71887589,7.52284956,4.600747108,2857.668832,3,26847.02744,29.90762329,9.793151855,4,159.5671692
22938,141.0249786,29.61721039,17.80043793,8.500171661,5.202494621,2207.617727,3,25303.62621,30.30106926,9.021208763,4,182.5542908
22939,143.0035095,29.60221672,16.74675369,7.946287155,4.706598759,4290.059267,3,29347.80517,13.98426628,2.4055233,4,245.5560455
22940,56.30179977,30.74333954,17.73930359,6.760859966,3.640100479,3702.444976,3,19986.50339,16.95870399,7.807370186,4,222.0624084
22941,37.41384125,26.70024109,14.8177681,6.005313396,3.69020462,4273.656453,3,9366.16013,13.28002357,6.728434086,4,97.75193787
22942,91.57073212,49.44258118,28.49063873,12.13814259,6.443661213,5215.044522,3,18435.78934,26.42953682,10.24853325,4,324.9213867
22943,105.7807388,30.43945122,16.73831558,8.044583321,4.554505348,3830.683686,3,28516.3747,22.25850105,3.3436656,4,173.1572266
22944,93.20803833,28.17211533,17.13770103,7.21511364,3.763028622,4137.219767,3,19426.837,21.37781143,8.246735573,4,55.44017029
22945,1.267032623,66.97628021,13.33878708,1.28079772,0.522133112,61.60300457,3,5298.444199,2.365906,0.893725753,4,86.09990692
22946,37.467556,32.75704193,17.3553791,4.358511448,2.44203186,3979.152255,3,8814.383439,9.44924736,3.493036747,4,111.3706207
22947,27.07122612,27.19389343,21.32548523,6.980201244,3.989442348,4322.05348,3,9510.452798,16.01545143,6.896258354,4,103.5704346
22948,113.538559,26.07436752,15.75294781,8.146277428,4.587866783,5960.244514,3,12741.92836,25.21331596,7.199242115,4,135
22949,134.0781555,26.85102844,16.81479073,6.767608643,4.053152561,6436.026689,3,17267.63616,23.88720512,6.120975494,4,118.5017395
22950,74.30079651,30.22826576,17.80533981,8.220750809,4.610193253,5149.568141,3,10194.77394,21.74367332,7.70982933,4,154.9831085
22951,162.309967,26.94390488,13.84900665,8.379060745,5.418247223,5038.460928,3,10821.86177,25.27446365,7.33237648,4,267.8694763
22952,80.14578247,25.25636673,16.79224205,7.223261833,4.341221333,3732.224452,3,8973.071934,17.36887741,6.898444176,4,174.4006653
22953,151.9669189,36.10194778,23.21167374,10.72807503,6.248993397,4642.307649,3,10326.1451,25.78645134,8.688199043,4,319.4555969
22954,134.4904785,31.55725479,20.45273018,11.81851959,6.162238598,1194.600039,3,24609.78907,26.54681969,8.781346321,2,197.1461487
22955,38.42695999,29.61337662,19.05429649,6.421662331,3.596426249,1984.171335,3,7567.348281,15.21929359,5.776557922,4,91.92839813
22956,118.1436615,25.70544624,16.19677925,9.028755188,5.468470097,8345.093455,8,8776.176314,22.42033005,6.382911682,10,141.4108429
22957,32.96326828,33.35623169,17.43519402,6.368665695,3.58961463,4133.462825,3,9383.315367,14.69762611,4.938179016,4,122.1957321
22958,20.18227196,16.76448441,12.65877533,5.342251301,2.039516211,4252.718656,3,9463.484679,15.11715508,4.596271038,4,108.8860855
22959,119.016098,25.15619469,16.95911598,8.014502525,4.344151974,6917.627365,3,8740.860078,24.83691597,8.111745834,4,279.3147583
22960,105.3342896,28.5942173,17.63088989,12.28023529,7.407915115,4329.309549,3,9670.831763,30.94939804,10.98373508,4,269.1815491
22961,141.4070435,27.85745049,17.30827904,8.033069611,4.523678303,3319.10391,3,8060.863619,26.4563961,8.258512497,4,77.15457153
22962,28.59992409,34.28253174,19.72023392,8.83129406,5.529025078,265.1733975,3,23146.13641,16.08069038,9.968647003,2,127.7444687
22963,66.54641724,29.81721115,17.1030159,6.930579185,3.835678339,1160.344968,3,6723.110465,16.66538239,6.828038216,4,137.9609375
22964,68.55579376,26.81910706,15.45405006,6.321267128,3.446372032,6130.242359,3,9219.822813,20.03249931,7.339568138,4,212.8084564
22965,56.86336136,23.51600266,15.36379719,6.991632462,4.574662209,10910.88588,3,7112.867632,11.77194309,0,10,57.33908844
22966,153.8607178,28.36961174,16.12802887,8.212467194,5.053088665,2634.34997,3,7608.922029,25.38798714,9.835549355,4,97.22346497
22967,39.360672,32.9446106,18.06616783,7.357021809,4.332167149,7.800401412,3,23384.04036,16.14467812,8.238851547,2,246.6620026
22968,143.6647644,23.90577316,14.85675907,6.333047867,3.731148958,7061.231482,3,16471.15499,19.82017899,5.662908554,4,133.4306488
22969,100.7273178,60.29450607,25.51984596,9.830397606,5.002593517,4807.412489,3,18696.43224,21.94208336,7.748524189,4,334.9830933
22970,43.27257538,19.97245598,15.45790958,3.647619247,2.23086381,1327.932099,3,3812.586994,13.18133163,4.492647648,4,43.60281754
22971,72.22928619,31.78738022,19.61724281,6.992546558,3.972630978,6439.995719,3,9490.779937,19.77656937,6.690336227,4,238.6005402
22972,183.5322418,30.75332832,15.93967438,7.952788353,4.283211231,4633.452947,3,11177.71675,20.98542023,6.202971458,4,135.6816711
22973,136.6556091,29.55107117,18.60094643,7.997475624,5.20213604,1581.170044,3,21943.61065,23.20129967,7.446197033,2,61.69924164
22974,21.27768326,32.12702179,17.09964561,5.88038969,2.706978083,5947.828026,3,9659.054391,15.6438036,6.397102356,4,250.847641
22975,124.859169,25.82259178,14.35238552,8.259936333,5.465584278,6380.813095,3,13322.90524,24.25885201,8.233448982,4,233.1300964
22976,163.6950989,25.192276,17.57885551,9.88304615,6.554680347,1363.088578,3,21888.46116,32.04562378,9.308570862,2,182.5016785
22977,162.0188751,28.15871811,15.27490425,8.815079689,5.467394352,4025.485537,3,10509.11975,26.15245056,7.261017799,4,115.9125671
22978,188.0455017,24.65156174,15.90013504,8.391517639,5.481237888,6846.535097,3,14523.64194,23.96477127,8.0408144,4,200.9100952
22979,42.32904053,19.51317215,15.44775105,8.337480545,3.791730404,2317.888682,3,21128.01442,27.2826767,5.443799973,2,151.6309509
22980,65.17517853,34.7517128,28.38959122,8.212944984,4.835479736,3746.229507,3,9792.427912,23.19751549,8.738316536,4,32.47119141
22981,48.17907333,32.0784111,20.67553139,9.95767498,5.722503185,5520.694265,3,10128.87724,21.43535995,8.935913086,4,301.2005005
22982,90.03400421,25.59259796,16.93334961,8.29039669,5.44235754,5827.603342,3,17630.29418,24.76512718,8.709350586,4,73.7430191
22983,94.54637909,21.55807114,15.63761139,6.368887424,4.02491045,2161.478034,3,3004.77959,17.58938026,8.657058716,4,127.5394287
22984,120.0884476,32.26533508,21.07013702,8.179714203,4.220674992,6314.914647,3,17267.25043,24.7286911,8.412618637,4,72.48678589
22985,118.6800613,27.83150101,16.1709156,9.9859972,5.772651672,3056.931431,3,20328.54762,25.96782875,9.885836601,2,252.0720825
22986,53.26243591,17.85576439,11.73673725,7.922729969,4.705201149,2356.58406,3,21051.2767,27.29436874,6.086764812,2,149.7914734
22987,17.11905289,48.39958954,23.3224659,5.617517471,4.80146265,131.0427893,3,5420.977467,8.655053139,8.48341465,4,220.8403625
22988,133.3513641,26.52870178,18.15265274,8.519780159,5.342254639,8866.314448,8,8411.964081,22.89048004,5.133277893,10,208.5707092
22989,98.96408844,32.98969269,26.00531387,4.825590611,2.49145484,9930.50313,3,7453.362777,10.62724686,3.376630068,10,26.56505203
22990,119.356102,31.13115311,16.39333153,7.556953907,4.353540421,3920.818843,3,19447.4367,22.45198441,7.619656563,4,78.34070587
22991,85.24389648,30.50215149,19.03453827,9.412820816,6.885402679,457.7837673,3,1669.941301,22.55978966,8.917066574,4,254.5752869
22992,214.7526398,29.21104813,14.97155857,11.20405102,5.56738472,2388.636215,3,6722.816544,29.86129379,8.566086769,4,202.1332397
22993,169.7552948,24.69227409,14.94071293,9.037480354,5.656904697,2872.606209,3,7808.84612,25.32289886,9.392982483,4,162.8245239
22994,102.2813873,23.47333336,16.27368736,6.767019749,4.025064945,3015.471242,3,9108.118143,22.84346962,8.601872444,4,227.3537292
22995,114.7087555,31.79294777,22.67281532,9.279833794,5.38260603,1290.379719,3,24597.0718,24.45494843,3.659474134,2,327.8937378
22996,131.2324066,29.89552498,17.36247253,8.80909729,5.819693565,2035.801017,3,25750.93071,34.54071808,5.858459473,4,204.6344604
22997,156.3981476,25.60375595,16.75314522,9.4856987,5.91184473,4084.997109,3,9902.906675,30.46596718,8.363511086,4,255.9979858
22998,180.5084991,30.56560898,22.0761013,10.49409866,5.974222183,6418.225976,3,14426.4537,30.33146095,9.434287071,4,309.4400635
22999,42.47448349,36.97693634,27.58572006,11.29104424,5.480211258,5452.870565,3,17961.2437,22.04924583,9.164791107,4,294.5504456
23000,53.48061752,28.89865112,16.59240913,5.842244148,3.264306784,3328.321927,3,9505.691565,15.96079159,6.351797104,4,146.6114807
23001,89.28456879,29.51583481,17.33979416,6.163580418,3.454249382,2454.792401,3,8233.202048,16.12869072,8.090208054,4,202.1309204
23002,57.4632988,31.39783478,20.38402939,6.210702419,3.647536993,1090.348052,3,6853.676101,14.01908684,6.620752811,4,305.073761
23003,64.97268677,51.90104675,27.21934319,9.980205536,5.784554005,6109.354507,3,9800.825529,23.99817848,8.06838131,4,327.042572
23004,136.770752,39.15586853,25.40570068,12.25251865,7.043525696,3523.853081,3,9046.922264,31.89409256,9.889799118,4,318.3664551
23005,101.3116684,36.21390915,18.86544228,8.782485962,4.934070587,1447.76957,3,21715.79897,25.07999611,8.344257355,2,98.86462402
23006,143.4885254,31.65718269,18.86638832,8.731334686,4.606150627,2310.471815,3,20876.41016,28.31604195,6.852679253,2,156.7034607
23007,10.80123425,46.06446838,18.9263649,4.248355865,2.848055363,82.12607964,3,5492.226876,5.910207748,5.31624651,4,186.6325073
23008,96.32951355,28.24324417,16.53358459,7.269724369,4.130759716,572.5870409,3,22641.38997,24.25350761,6.403000355,2,96.49394226
23009,4.945517063,54.67458725,26.27080917,2.074410439,1.724314213,1553.6157,3,3839.547006,3.101727486,2.63305378,4,68.19859314
23010,34.47742081,40.23099899,21.37589455,6.639514923,3.666556358,2335.640987,3,8350.849528,14.10456657,7.126648426,4,315.784668
23011,60.58052444,60.86194611,24.56251526,6.154907703,4.037897587,1711.507668,3,7653.513382,13.89711666,6.164007187,4,304.0459595
23012,143.7655182,29.29945374,16.09914398,9.409934044,5.55670929,2982.668126,3,8175.09666,32.3838501,7.01844883,4,129.9202881
23013,65.26896667,34.77573395,23.59996605,6.567013264,3.579288721,2046.047235,3,8166.476456,16.4679203,5.987461567,4,273.8140869
23014,170.0686951,32.64350128,22.19595528,9.978532791,6.013946056,1913.108673,3,6447.610462,29.4133625,9.412154198,4,271.2445679
23015,73.93212128,37.45517349,22.29427719,6.207203388,4.71924448,208.7643791,3,5808.98925,15.45973587,9.791187286,4,229.7857971
23016,58.33890915,27.6849556,16.45732307,5.669598579,3.473179102,3489.420241,3,9679.043171,16.66962051,5.586797714,4,253.6776733
23017,108.8206329,30.75732994,17.28344536,11.57051182,6.210603714,3069.75769,3,8481.230864,32.74576187,9.918605804,4,271.7361755
23018,172.0756073,30.15351295,17.24054909,8.112388611,4.961451054,4919.190205,3,18248.11954,22.21537018,7.685233116,4,123.7446289
23019,92.0290451,38.68241501,22.733181,10.11373329,5.764975548,5744.183915,3,10178.79581,22.4589386,8.488639832,4,214.3341064
23020,192.9492645,28.70517159,15.509305,10.47752476,6.210702419,1410.505332,3,6729.693826,30.47318649,9.045212746,4,244.5582581
23021,8.110524178,38.16527939,14.7866993,3.386720419,1.29188168,5042.427955,3,10573.33463,7.338067532,3.218600512,4,252.6427002
23022,109.6385117,30.37693787,18.78224945,7.332497597,4.103032589,6345.232785,3,16871.35645,20.34352493,6.482760429,4,92.21688843
23023,107.7567139,50.73264313,26.77599335,8.965216637,5.115506172,6014.920284,3,17111.76749,22.54633331,7.903643131,4,323.5882568
23024,123.3171463,29.85735703,20.5054512,6.091928482,3.884076595,7169.284122,3,16181.56311,17.37410545,5.435359001,4,62.81888962
23025,25.60548592,37.91341019,21.35007095,9.91910553,5.247494221,4759.761482,3,10754.88793,17.91555214,9.169150352,4,147.9946136
23026,39.42751694,38.30753708,21.46307564,6.951368332,3.990482092,4969.567455,3,10792.29872,3.484098911,0.563022077,4,298.3007507
23027,74.58309174,35.82754898,23.12555504,8.226221085,4.857317448,5425.605114,3,10451.91053,24.67539597,9.266751289,4,324.6733398
23028,57.47921753,44.31243896,26.20458603,7.428297997,4.169412613,2617.68107,3,8759.97612,15.724576,6.300890446,4,199.2503357
23029,19.88410378,27.97366905,19.95049477,9.544622421,5.182248592,4562.496945,3,10750.79569,25.4709549,5.208762646,4,170.9428711
23030,91.14836121,22.09052086,11.35063648,6.121100426,3.675085306,6681.88395,3,14092.78232,19.48469543,4.820306301,4,214.2104034
23031,87.98509216,33.58889389,19.01817322,7.775390625,5.252545357,2953.689502,3,20030.49982,2.944232464,1.314493537,2,21.72592163
23032,97.71096802,29.46302795,17.50257492,9.885484695,5.722250462,2618.49117,3,20504.58052,33.78585052,7.616141796,2,168.3406982
23033,68.39754486,29.86805534,21.04086113,11.23260021,6.884765148,394.5367362,3,1787.237102,21.86647797,10.74743938,4,181.4943237
23034,155.0000916,33.95768738,16.39660835,10.80413151,6.050727844,2428.370213,3,7713.922561,33.63798523,7.948312283,4,119.845932
23035,45.66229248,31.03804207,18.43971443,8.047707558,3.931585789,5886.136304,3,12969.48472,16.76969147,6.582069874,4,216.2538452
23036,115.1917038,44.07668304,30.5707016,5.434188843,3.720330954,2457.194939,3,3013.706203,16.37999153,7.858656406,4,324.2110291
23037,47.15864563,36.29353333,29.41801834,5.146568298,2.991295815,1678.830264,3,3858.555162,13.56940651,5.07962513,4,31.32869339
23038,56.9412384,23.08143997,17.2828064,7.108864784,4.693113804,3765.850686,3,9961.458826,22.15561676,6.636842728,4,183.5989075
23039,177.6543427,43.38990021,28.86710167,10.48592949,6.227421284,282.2651407,3,1353.061641,27.19050026,9.659924507,4,35.61448288
23040,16.76041985,39.92868042,21.88666725,4.950132847,3.451668024,4348.734311,3,10538.39766,18.28203201,6.216400623,4,206.0901184
23041,55.4285965,36.57672501,21.68419075,12.42912579,7.047492027,5127.798053,3,12117.32389,25.85212135,9.982919693,4,149.8918762
23042,151.8172913,28.69151115,17.87880516,7.694268703,4.510182858,5551.552242,3,31280.43401,23.4280262,6.880827904,4,151.460022
23043,102.3871841,22.41425896,17.9839592,6.650240898,3.956950665,3151.968753,3,1958.651444,2.4563241,1.219944239,4,119.8283768
23044,138.380661,28.70830727,18.34771156,10.13876247,6.342508793,1193.17243,3,5184.990987,28.51599884,9.210173607,4,156.1247253
23045,113.8352661,32.61801529,19.87894058,11.39541245,6.13278532,4989.898591,3,12163.75288,30.20212173,9.764211655,4,303.3312378
23046,106.6810226,33.50600433,27.39126015,10.05155087,5.849234104,5572.173835,3,12911.75861,25.49966431,7.826691151,4,336.7380371
23047,78.98976898,32.20378494,16.54946327,9.020421982,4.645746708,2010.189715,3,21077.53615,23.61242676,6.196806908,2,207.3475342
23048,41.64817429,23.42167282,21.4978714,4.227349758,2.330807447,1611.571501,3,3967.084961,14.0686245,5.041013718,4,38.22812653
23049,115.0689087,28.6727562,19.75100708,11.00064373,6.324587822,461.9871603,3,3045.687261,28.6655426,11.15123177,4,177.4614563
23050,79.98039246,35.07269669,17.47615814,14.12239742,7.456528664,2704.067212,1,8146.897657,32.62916946,10.54137135,4,278.0864868
23051,152.4838715,25.92936134,15.7476902,8.413844109,5.117174149,6363.61256,3,15242.69755,26.19656563,7.642491817,4,161.258667
23052,129.547348,31.37262535,17.84210587,8.0924263,5.188457966,7398.681841,3,8867.420596,20.20376205,7.698394299,4,162.9971466
23053,139.2536926,24.89933205,14.05097675,9.618479729,5.059874058,6213.551107,3,15542.78934,30.38056183,7.113861561,4,205.2531738
23054,92.5266037,19.49764442,14.71233273,9.151100159,5.697198391,519.4918667,3,3948.473386,29.84694672,7.929278374,4,197.3783722
23055,167.2044525,47.94554901,29.52207947,9.685164452,5.815470219,325.9099254,3,2690.708704,25.41596985,8.954510689,4,266.423645
23056,181.4672852,25.75582695,16.10526848,9.121299744,5.527902603,3131.558044,3,8770.936148,30.41349792,7.643940926,4,245.5049744
23057,50.60456467,33.06637573,21.58254814,7.150157928,5.379353046,173.6184932,3,5731.239455,16.26132584,10.49749947,4,229.8666992
23058,171.0715332,25.91657829,14.94381714,8.414984703,4.591462135,6025.032161,3,15790.7897,25.30270004,6.821109295,4,147.2661133
23059,159.4210205,27.02217865,14.98114109,9.873191833,6.138451099,5995.4782,3,16129.19844,26.24756432,7.42368269,4,180.4814758
23060,53.80187988,42.67046356,26.40825272,8.349946976,4.285038471,1789.047128,3,7856.860668,16.63560677,6.523247242,4,30.96375656
23061,174.4301758,26.64752579,16.59825325,8.607892036,4.98979044,5087.748226,3,13404.37008,22.82707977,7.900557995,4,177.8389282
23062,79.22260284,19.57626343,12.71779156,3.962683916,2.581678867,1557.138841,3,4052.47718,13.42755508,6.339355946,4,39.38498688
23063,68.72486115,30.45934486,19.01520157,9.19047451,4.798613071,897.2640601,3,6918.943432,18.33514023,7.420217991,4,186.6882477
23064,10.95303726,46.80892563,26.07665253,9.183106422,4.017495632,235.5419391,3,3713.265692,11.66678715,5.490602493,4,40.90921021
23065,160.0651855,54.86268234,28.5768795,10.91652298,6.388875484,3639.834436,3,9524.927562,29.33646965,10.03299713,4,334.6538086
23066,64.342659,29.51285934,17.8345871,10.14036274,6.052518368,252.1120112,3,4213.485531,20.48475456,10.30740929,4,238.5704346
23067,13.90477562,37.1223793,18.23682976,3.960922241,3.226548433,3369.119816,3,9564.086178,15.21239662,6.358616829,4,186.0440979
23068,126.6535721,40.2527771,25.68135262,9.694036484,5.326156139,256.9161825,3,3455.674202,23.83067131,9.558034897,4,48.31093979
23069,176.1604156,30.33937073,17.09068489,12.37189198,6.82419157,3119.685189,3,9756.811803,35.33423996,9.946322441,4,199.1183624
23070,36.36690903,34.96577072,23.52532768,9.378325462,6.15991497,2258.853683,3,8409.411608,7.340520859,0,4,114.7751389
23071,96.78752899,34.84725189,21.29692078,11.79584599,6.459168911,912.0050061,2,5090.461456,29.85912323,9.163851738,4,292.6983643
23072,160.4738922,27.95438766,18.55473709,9.349193573,6.10910511,1640.369931,3,7164.061224,28.32133484,8.124554634,4,120.1834183
23073,221.3585358,29.19389343,18.70116425,10.29284668,6.267841339,2010.084211,3,7728.633405,31.78860664,8.841664314,4,258.4882202
23074,7.659127235,37.90449524,21.93223953,3.211723328,1.426119924,3123.233024,3,2126.187488,6.4669981,2.240492821,4,313.4100952
23075,116.5422745,27.73166466,21.46837807,5.283198833,3.085524797,1716.972002,3,3870.138762,16.62355042,7.48308754,4,42.5203476
23076,165.3358154,25.67088127,15.00278664,8.924695969,5.186279297,1250.431755,3,6321.303326,28.38023186,8.361560822,4,144.7824097
23077,127.5405045,26.8039875,15.84455776,10.50594234,6.609405041,989.2911182,3,5356.039749,30.29885101,8.29494381,4,184.3987122
23078,161.298233,28.85837746,20.185606,8.563433647,5.644086361,4663.016676,3,13484.20429,25.69921494,8.755296707,4,256.6730347
23079,141.8686676,25.36779976,16.73777771,4.710941792,2.785734892,3247.529194,3,2334.473064,13.62142086,5.027618408,4,322.6668091
23080,58.99154282,32.04470444,18.11439323,11.65598583,5.775390148,4399.236676,3,11427.63736,25.15707016,9.396323204,4,165.068573
23081,135.1452637,29.25410461,14.77743244,6.997475624,3.728602886,5877.230381,3,15073.0407,26.38242531,6.834838867,4,135.6902771
23082,57.33086777,32.71841431,25.67384148,5.289486885,3.449269772,3496.222459,3,1831.106659,19.12093544,6.480381012,4,314.3259583
23083,150.9160309,43.94141769,26.00129128,9.648088455,5.654937267,4307.43195,3,18753.35783,15.90256119,4.592434406,4,45.81829071
23084,5.237294674,38.74221802,22.0857296,2.423082352,1.17145288,1009.083011,3,4566.917936,4.054577351,1.507333755,4,45
23085,2.303195238,57.55618286,18.82803535,1.806431055,1.11014998,51.43696279,3,5496.014013,2.484255314,1.391048312,4,135
23086,29.05374527,35.41805649,16.63450241,7.096318722,5.826732635,243.5237586,3,5792.998644,15.40319538,10.94885445,4,206.258667
23087,131.7001801,32.26877594,25.39256859,10.87485695,6.574882984,4286.126504,3,11469.33508,30.52889442,8.121841431,4,319.8135376
23088,8.072558403,52.20493317,27.01381111,3.357732773,1.828086853,1029.993108,3,4532.764766,5.476813793,2.339017153,4,54.88358307
23089,164.2337799,31.32195091,18.06232452,10.938097,6.621171951,2687.940165,3,9286.691186,34.20583344,8.514633179,4,119.7448807
23090,183.1375275,38.4141655,23.34900284,12.79920483,6.883832932,2858.145807,1,8568.614786,36.81804657,9.770314217,4,326.44104
23091,120.5243683,28.69439125,16.38763237,7.532151222,4.431650639,4670.461033,3,12626.37365,21.71448135,5.875191689,4,214.1769257
23092,148.5266724,20.89690781,17.04328728,5.819841862,3.473246574,2566.678307,3,2992.149778,14.53786945,6.915492535,4,82.74680328
23093,14.17171383,28.13298035,20.06744385,4.681381226,2.747949123,3053.896256,3,2250.303036,9.718839645,3.30602169,4,325.0079956
23094,22.66402054,38.35936356,23.83627129,3.355898857,2.138534069,1117.523388,3,4433.196088,5.015040874,2.311906338,4,48.6305542
23095,145.4697876,31.24976349,17.46404076,11.12664127,6.330801964,4243.333599,3,10900.60001,26.84588432,8.623376846,4,205.5104523
23096,41.24024582,32.05981827,19.02285385,10.18985748,5.140091896,159.5337867,3,4283.557465,20.91409492,7.9754529,4,213.1544495
23097,228.4319,49.3860817,29.31340218,9.540802956,5.326017857,1132.471694,3,3108.377707,26.33166695,8.430810928,4,40.82776642
23098,42.55868149,30.41438866,21.01799965,12.16570377,6.670564651,155.8130685,3,3981.698776,26.09132004,10.17592525,4,15.4885025
23099,105.9560394,35.6065979,16.19312096,14.19399166,6.738830566,868.9606205,2,5474.164829,30.80047035,10.71425438,4,269.3179321
23100,33.11675262,39.45399475,22.11377907,12.01051235,6.34400034,3807.208167,3,10850.88769,20.94639587,8.472641945,4,163.0724792
23101,58.28585815,30.80915451,22.92302322,4.771001816,3.190102339,1086.381171,3,4441.350151,5.419167995,2.396387577,4,70.2011261
23102,94.47459412,33.86418533,23.67881012,12.98433685,8.509140015,3801.362109,3,10933.35513,36.88407516,9.851511955,4,326.4824219
23103,82.99939728,27.61445045,22.8062191,5.164334774,3.325215578,4054.758364,3,1382.123983,20.33194542,7.952146053,4,282.7617188
23104,112.7989883,38.12861252,27.99993324,6.19261837,3.459116936,3640.049392,3,1961.438045,16.01336479,4.574683189,4,24.14638138
23105,82.43724823,26.98240662,20.1400547,12.25872231,7.998539448,465.8730863,3,4747.120564,32.94873428,11.38007545,4,212.1957397
23106,121.6750107,24.4589119,18.67982864,10.73750496,6.517399311,418.4255274,3,5680.299233,29.74817657,11.16303158,4,190.1755066
23107,37.2794838,34.52070999,23.673172,11.51604843,7.34622097,69.57599802,3,4119.580494,21.35541153,9.641255379,4,38.15071106
23108,127.1257706,32.34132004,16.64260483,11.03141785,6.478786469,3248.51822,3,10163.37939,33.06414413,8.139832497,4,141.7400513
23109,27.68140984,40.96947098,25.27480125,5.937580585,3.537372828,2412.044603,3,3195.69179,23.18265152,4.061369896,4,20.7387085
23110,121.3236389,22.29950714,13.97262669,6.931166172,4.068819046,5658.003108,3,14860.51292,23.30402946,8.193206787,4,124.8244934
23111,143.7560425,37.38132477,23.29837799,11.87359238,7.349702835,3332.708986,3,10542.14764,27.29484558,11.04980659,4,257.5856934
23112,104.5168762,40.0766449,26.57568359,9.815907478,5.851677418,303.441689,3,3984.462178,26.13336945,10.40108871,4,52.03794098
23113,42.50358582,35.52217102,21.11624527,11.56911659,7.126513004,403.1250975,3,4796.08831,27.83133888,11.941926,4,225.5161591
23114,100.4466858,17.12577629,11.72016811,5.595658779,3.587088823,3057.246213,3,2521.300971,20.37096214,5.046622276,4,283.9569092
23115,105.8164673,28.03040886,16.03641701,8.547219276,4.785208225,4327.897791,3,12066.37035,18.31279182,6.231935024,4,172.7261963
23116,136.744751,47.84026718,30.8836937,6.435618401,4.082167625,2358.862606,3,3159.134848,2.963563204,0.989207566,4,64.98310852
23117,26.45628166,35.43523407,19.4255352,11.59978294,6.242696762,205.4433228,2,4613.254774,19.11576843,8.697422028,4,54.01932144
23118,113.1264191,24.91476822,17.47070503,10.7899456,5.918145657,451.936925,3,5238.646305,31.89600563,10.54695034,4,197.3789215
23119,236.7220306,32.20077896,20.60894775,8.51654911,4.485657215,1117.803438,3,2878.670389,27.03633308,7.673135757,4,52.03794098
23120,223.3641663,28.15534592,17.90079308,8.936020851,5.227624416,1701.48786,3,2688.110296,27.89884377,8.413129807,4,105.7511749
23121,182.7134705,27.53129005,16.25338745,9.761802673,5.315812111,1405.279175,3,7920.265089,34.04681778,10.62431717,4,184.5480347
23122,174.1545105,25.99125481,16.24822617,8.852149963,4.777031898,1468.434983,3,574.9301868,21.87721443,6.206722736,4,235.0079803
23123,164.4298859,26.06731796,21.84893417,7.958476067,4.588995934,1025.578688,3,1425.874021,29.00367355,7.019811153,4,31.70537567
23124,195.5402832,43.36910248,29.30789375,9.505336761,5.703240871,1629.206644,3,2996.031924,30.49319649,7.977143288,4,322.5614319
23125,124.7907944,40.42700577,27.57538414,9.134766579,5.311899185,132.9765857,3,4612.680066,24.91066551,8.38092041,4,35.53767776
23126,175.3783569,30.27365494,16.32551003,11.16158962,6.476569176,1494.434125,3,8329.098545,39.77788925,8.438638687,4,214.602417
23127,107.3046265,24.75588036,16.65598106,9.477426529,5.879265785,701.1619097,3,6359.777764,29.40228271,10.00245953,4,206.4368744
23128,142.8039551,40.81392288,25.60114479,10.1240797,6.069518089,1817.654556,3,297.4004286,12.37329578,0,4,254.5387878
23129,150.1368408,34.95083618,24.38638878,9.858157158,5.922796726,1400.979301,3,4437.255455,21.98434067,10.26311874,4,272.489563
23130,168.4704437,31.39161491,18.75505638,10.03082752,6.169438839,1701.230636,3,8849.404926,36.46357727,11.6015501,4,149.1368256
23131,203.892395,40.22518158,27.5437088,9.002477646,5.13254261,1272.473987,3,1857.651992,27.17530251,8.762537003,4,309.2321167
23132,67.28443909,41.41796112,27.76725769,8.62609005,5.120019913,103.339417,3,5422.942131,16.42223358,8.728123665,4,46.78990936
23133,93.1816864,25.01745605,20.17220116,4.739615917,3.077982426,3421.993424,3,2178.928529,15.87609577,3.522772312,4,312.1375732
23134,155.3201141,41.85297012,27.68281364,7.948790073,4.756824017,266.3791845,3,5460.561259,10.59157658,4.753019333,4,37.23483276
23135,134.9441681,26.26046181,15.86395073,8.117376328,4.396565914,2222.707838,3,938.9603217,20.81064606,5.536327362,4,233.1300964
23136,163.7888489,23.88956642,14.64687252,7.452932835,4.634552002,1391.466531,3,3907.383792,23.48714066,5.892508984,4,75.25643921
23137,79.80467987,30.22820282,18.52822876,9.666552544,4.788791656,2337.936117,3,1037.844214,22.54105377,8.553287506,4,318.162384
23138,120.3158417,31.78761482,15.48942184,7.695451736,4.259492397,2484.71408,3,1050.578892,25.69552231,7.997110367,4,236.9875183
23139,122.0354538,25.41459656,22.01913261,8.113010406,5.226234436,2828.347022,1,793.811417,21.40414047,5.772938728,4,283.4633789
